	3392212467
	3392212468
	3392212469
	3392212470
	3392212471
	3392212472
	3392212473
	3392212474
	3392212475
	3392212476
	3392212477
	3392212478
	3392212479
	3392212480
	3392212481
	3392212482
	3392212483
	3392212484
	3392212485
	3392212486
	3392212487
	3392212488
	3392212489
	3392212490
	3392212491
	3392212492
	3392212493
	3392212494
	3392212495
	3392212496
	3392212497
	3392212498
	3392212499
	3392212500
	3392212501
	3392212502
	3392212503
	3392212504
	3392212505
	3392212506
	3392212507
	3392212508
	3392212509
	3392212510
	3392212511
	3392212512
	3392212513
	3392212514
	3392212515
	3392212516
	3392212517
	3392212518
	3392212519
	3392212520
	3392212521
	3392212522
	3392212523
	3392212524
	3392212525
	3392212526
	3392212527
	3392212528
	3392212529
	3392212530
	3392212531
	3392212532
	3392212533
	3392212534
	3392212535
	3392212536
	3392212537
	3392212538
	3392212539
	3392212540
	3392212541
	3392212542
	3392212543
	3392212544
	3392212545
	3392212546
	3392212547
	3392212548
	3392212549
	3392212550
	3392212551
	3392212552
	3392212553
	3392212554
	3392212555
	3392212556
	3392212557
	3392212558
	3392212559
	3392212560
	3392212561
	3392212562
	3392212563
	3392212564
	3392212565
	3392212566
	3392212567
	3392212568
	3392212569
	3392212570
	3392212571
	3392212572
	3392212573
	3392212574
	3392212575
	3392212576
	3392212577
	3392212578
	3392212579
	3392212580
	3392212581
	3392212582
	3392212583
	3392212584
	3392212585
	3392212586
	3392212587
	3392212588
	3392212589
	3392212590
	3392212591
	3392212592
	3392212593
	3392212594
	3392212595
	3392212596
	3392212597
	3392212598
	3392212599
	3392212600
	3392212601
	3392212602
	3392212603
	3392212604
	3392212605
	3392212606
	3392212607
	3392212608
	3392212609
	3392212610
	3392212611
	3392212612
	3392212613
	3392212614
	3392212615
	3392212616
	3392212617
	3392212618
	3392212619
	3392212620
	3392212621
	3392212622
	3392212623
	3392212624
	3392212625
	3392212626
	3392212627
	3392212628
	3392212629
	3392212630
	3392212631
	3392212632
	3392212633
	3392212634
	3392212635
	3392212636
	3392212637
	3392212638
	3392212639
	3392212640
	3392212641
	3392212642
	3392212643
	3392212644
	3392212645
	3392212646
	3392212647
	3392212648
	3392212649
	3392212650
	3392212651
	3392212652
	3392212653
	3392212654
	3392212655
	3392212656
	3392212657
	3392212658
	3392212659
	3392212660
	3392212661
	3392212662
	3392212663
	3392212664
	3392212665
	3392212666
	3392212667
	3392212668
	3392212669
	3392212670
	3392212671
	3392212672
	3392212673
	3392212674
	3392212675
	3392212676
	3392212677
	3392212678
	3392212679
	3392212680
	3392212681
	3392212682
	3392212683
	3392212684
	3392212685
	3392212686
	3392212687
	3392212688
	3392212689
	3392212690
	3392212691
	3392212692
	3392212693
	3392212694
	3392212695
	3392212696
	3392212697
	3392212698
	3392212699
	3392212700
	3392212701
	3392212702
	3392212703
	3392212704
	3392212705
	3392212706
	3392212707
	3392212708
	3392212709
	3392212710
	3392212711
	3392212712
	3392212713
	3392212714
	3392212715
	3392212716
	3392212717
	3392212718
	3392212719
	3392212720
	3392212721
	3392212722
	3392212723
	3392212724
	3392212725
	3392212726
	3392212727
	3392212728
	3392212729
	3392212730
	3392212731
	3392212732
	3392212733
	3392212734
	3392212735
	3392212736
	3392212737
	3392212738
	3392212739
	3392212740
	3392212741
	3392212742
	3392212743
	3392212744
	3392212745
	3392212746
	3392212747
	3392212748
	3392212749
	3392212750
	3392212751
	3392212752
	3392212753
	3392212754
	3392212755
	3392212756
	3392212757
	3392212758
	3392212759
	3392212760
	3392212761
	3392212762
	3392212763
	3392212764
	3392212765
	3392212766
	3392212767
	3392212768
	3392212769
	3392212770
	3392212771
	3392212772
	3392212773
	3392212774
	3392212775
	3392212776
	3392212777
	3392212778
	3392212779
	3392212780
	3392212781
	3392212782
	3392212783
	3392212784
	3392212785
	3392212786
	3392212787
	3392212788
	3392212789
	3392212790
	3392212791
	3392212792
	3392212793
	3392212794
	3392212795
	3392212796
	3392212797
	3392212798
	3392212799
	3392212800
	3392212801
	3392212802
	3392212803
	3392212804
	3392212805
	3392212806
	3392212807
	3392212808
	3392212809
	3392212810
	3392212811
	3392212812
	3392212813
	3392212814
	3392212815
	3392212816
	3392212817
	3392212818
	3392212819
	3392212820
	3392212821
	3392212822
	3392212823
	3392212824
	3392212825
	3392212826
	3392212827
	3392212828
	3392212829
	3392212830
	3392212831
	3392212832
	3392212833
	3392212834
	3392212835
	3392212836
	3392212837
	3392212838
	3392212839
	3392212840
	3392212841
	3392212842
	3392212843
	3392212844
	3392212845
	3392212846
	3392212847
	3392212848
	3392212849
	3392212850
	3392212851
	3392212852
	3392212853
	3392212854
	3392212855
	3392212856
	3392212857
	3392212858
	3392212859
	3392212860
	3392212861
	3392212862
	3392212863
	3392212864
	3392212865
	3392212866
	3392212867
	3392212868
	3392212869
	3392212870
	3392212871
	3392212872
	3392212873
	3392212874
	3392212875
	3392212876
	3392212877
	3392212878
	3392212879
	3392212880
	3392212881
	3392212882
	3392212883
	3392212884
	3392212885
	3392212886
	3392212887
	3392212888
	3392212889
	3392212890
	3392212891
	3392212892
	3392212893
	3392212894
	3392212895
	3392212896
	3392212897
	3392212898
	3392212899
	3392212900
	3392212901
	3392212902
	3392212903
	3392212904
	3392212905
	3392212906
	3392212907
	3392212908
	3392212909
	3392212910
	3392212911
	3392212912
	3392212913
	3392212914
	3392212915
	3392212916
	3392212917
	3392212918
	3392212919
	3392212920
	3392212921
	3392212922
	3392212923
	3392212924
	3392212925
	3392212926
	3392212927
	3392212928
	3392212929
	3392212930
	3392212931
	3392212932
	3392212933
	3392212934
	3392212935
	3392212936
	3392212937
	3392212938
	3392212939
	3392212940
	3392212941
	3392212942
	3392212943
	3392212944
	3392212945
	3392212946
	3392212947
	3392212948
	3392212949
	3392212950
	3392212951
	3392212952
	3392212953
	3392212954
	3392212955
	3392212956
	3392212957
	3392212958
	3392212959
	3392212960
	3392212961
	3392212962
	3392212963
	3392212964
	3392212965
	3392212966
	3392212967
	3392212968
	3392212969
	3392212970
	3392212971
	3392212972
	3392212973
	3392212974
	3392212975
	3392212976
	3392212977
	3392212978
	3392212979
	3392212980
	3392212981
	3392212982
	3392212983
	3392212984
	3392212985
	3392212986
	3392212987
	3392212988
	3392212989
	3392212990
	3392212991
	3392212992
	3392212993
	3392212994
	3392212995
	3392212996
	3392212997
	3392212998
	3392212999
	3392213000
	3392213001
	3392213002
	3392213003
	3392213004
	3392213005
	3392213006
	3392213007
	3392213008
	3392213009
	3392213010
	3392213011
	3392213012
	3392213013
	3392213014
	3392213015
	3392213016
	3392213017
	3392213018
	3392213019
	3392213020
	3392213021
	3392213022
	3392213023
	3392213024
	3392213025
	3392213026
	3392213027
	3392213028
	3392213029
	3392213030
	3392213031
	3392213032
	3392213033
	3392213034
	3392213035
	3392213036
	3392213037
	3392213038
	3392213039
	3392213040
	3392213041
	3392213042
	3392213043
	3392213044
	3392213045
	3392213046
	3392213047
	3392213048
	3392213049
	3392213050
	3392213051
	3392213052
	3392213053
	3392213054
	3392213055
	3392213056
	3392213057
	3392213058
	3392213059
	3392213060
	3392213061
	3392213062
	3392213063
	3392213064
	3392213065
	3392213066
	3392213067
	3392213068
	3392213069
	3392213070
	3392213071
	3392213072
	3392213073
	3392213074
	3392213075
	3392213076
	3392213077
	3392213078
	3392213079
	3392213080
	3392213081
	3392213082
	3392213083
	3392213084
	3392213085
	3392213086
	3392213087
	3392213088
	3392213089
	3392213090
	3392213091
	3392213092
	3392213093
	3392213094
	3392213095
	3392213096
	3392213097
	3392213098
	3392213099
	3392213100
	3392213101
	3392213102
	3392213103
	3392213104
	3392213105
	3392213106
	3392213107
	3392213108
	3392213109
	3392213110
	3392213111
	3392213112
	3392213113
	3392213114
	3392213115
	3392213116
	3392213117
	3392213118
	3392213119
	3392213120
	3392213121
	3392213122
	3392213123
	3392213124
	3392213125
	3392213126
	3392213127
	3392213128
	3392213129
	3392213130
	3392213131
	3392213132
	3392213133
	3392213134
	3392213135
	3392213136
	3392213137
	3392213138
	3392213139
	3392213140
	3392213141
	3392213142
	3392213143
	3392213144
	3392213145
	3392213146
	3392213147
	3392213148
	3392213149
	3392213150
	3392213151
	3392213152
	3392213153
	3392213154
	3392213155
	3392213156
	3392213157
	3392213158
	3392213159
	3392213160
	3392213161
	3392213162
	3392213163
	3392213164
	3392213165
	3392213166
	3392213167
	3392213168
	3392213169
	3392213170
	3392213171
	3392213172
	3392213173
	3392213174
	3392213175
	3392213176
	3392213177
	3392213178
	3392213179
	3392213180
	3392213181
	3392213182
	3392213183
	3392213184
	3392213185
	3392213186
	3392213187
	3392213188
	3392213189
	3392213190
	3392213191
	3392213192
	3392213193
	3392213194
	3392213195
	3392213196
	3392213197
	3392213198
	3392213199
	3392213200
	3392213201
	3392213202
	3392213203
	3392213204
	3392213205
	3392213206
	3392213207
	3392213208
	3392213209
	3392213210
	3392213211
	3392213212
	3392213213
	3392213214
	3392213215
	3392213216
	3392213217
	3392213218
	3392213219
	3392213220
	3392213221
	3392213222
	3392213223
	3392213224
	3392213225
	3392213226
	3392213227
	3392213228
	3392213229
	3392213230
	3392213231
	3392213232
	3392213233
	3392213234
	3392213235
	3392213236
	3392213237
	3392213238
	3392213239
	3392213240
	3392213241
	3392213242
	3392213243
	3392213244
	3392213245
	3392213246
	3392213247
	3392213248
	3392213249
	3392213250
	3392213251
	3392213252
	3392213253
	3392213254
	3392213255
	3392213256
	3392213257
	3392213258
	3392213259
	3392213260
	3392213261
	3392213262
	3392213263
	3392213264
	3392213265
	3392213266
	3392213267
	3392213268
	3392213269
	3392213270
	3392213271
	3392213272
	3392213273
	3392213274
	3392213275
	3392213276
	3392213277
	3392213278
	3392213279
	3392213280
	3392213281
	3392213282
	3392213283
	3392213284
	3392213285
	3392213286
	3392213287
	3392213288
	3392213289
	3392213290
	3392213291
	3392213292
	3392213293
	3392213294
	3392213295
	3392213296
	3392213297
	3392213298
	3392213299
	3392213300
	3392213301
	3392213302
	3392213303
	3392213304
	3392213305
	3392213306
	3392213307
	3392213308
	3392213309
	3392213310
	3392213311
	3392213312
	3392213313
	3392213314
	3392213315
	3392213316
	3392213317
	3392213318
	3392213319
	3392213320
	3392213321
	3392213322
	3392213323
	3392213324
	3392213325
	3392213326
	3392213327
	3392213328
	3392213329
	3392213330
	3392213331
	3392213332
	3392213333
	3392213334
	3392213335
	3392213336
	3392213337
	3392213338
	3392213339
	3392213340
	3392213341
	3392213342
	3392213343
	3392213344
	3392213345
	3392213346
	3392213347
	3392213348
	3392213349
	3392213350
	3392213351
	3392213352
	3392213353
	3392213354
	3392213355
	3392213356
	3392213357
	3392213358
	3392213359
	3392213360
	3392213361
	3392213362
	3392213363
	3392213364
	3392213365
	3392213366
	3392213367
	3392213368
	3392213369
	3392213370
	3392213371
	3392213372
	3392213373
	3392213374
	3392213375
	3392213376
	3392213377
	3392213378
	3392213379
	3392213380
	3392213381
	3392213382
	3392213383
	3392213384
	3392213385
	3392213386
	3392213387
	3392213388
	3392213389
	3392213390
	3392213391
	3392213392
	3392213393
	3392213394
	3392213395
	3392213396
	3392213397
	3392213398
	3392213399
	3392213400
	3392213401
	3392213402
	3392213403
	3392213404
	3392213405
	3392213406
	3392213407
	3392213408
	3392213409
	3392213410
	3392213411
	3392213412
	3392213413
	3392213414
	3392213415
	3392213416
	3392213417
	3392213418
	3392213419
	3392213420
	3392213421
	3392213422
	3392213423
	3392213424
	3392213425
	3392213426
	3392213427
	3392213428
	3392213429
	3392213430
	3392213431
	3392213432
	3392213433
	3392213434
	3392213435
	3392213436
	3392213437
	3392213438
	3392213439
	3392213440
	3392213441
	3392213442
	3392213443
	3392213444
	3392213445
	3392213446
	3392213447
	3392213448
	3392213449
	3392213450
	3392213451
	3392213452
	3392213453
	3392213454
	3392213455
	3392213456
	3392213457
	3392213458
	3392213459
	3392213460
	3392213461
	3392213462
	3392213463
	3392213464
	3392213465
	3392213466
	3392213467
	3392213468
	3392213469
	3392213470
	3392213471
	3392213472
	3392213473
	3392213474
	3392213475
	3392213476
	3392213477
	3392213478
	3392213479
	3392213480
	3392213481
	3392213482
	3392213483
	3392213484
	3392213485
	3392213486
	3392213487
	3392213488
	3392213489
	3392213490
	3392213491
	3392213492
	3392213493
	3392213494
	3392213495
	3392213496
	3392213497
	3392213498
	3392213499
	3392213500
	3392213501
	3392213502
	3392213503
	3392213504
	3392213505
	3392213506
	3392213507
	3392213508
	3392213509
	3392213510
	3392213511
	3392213512
	3392213513
	3392213514
	3392213515
	3392213516
	3392213517
	3392213518
	3392213519
	3392213520
	3392213521
	3392213522
	3392213523
	3392213524
	3392213525
	3392213526
	3392213527
	3392213528
	3392213529
	3392213530
	3392213531
	3392213532
	3392213533
	3392213534
	3392213535
	3392213536
	3392213537
	3392213538
	3392213539
	3392213540
	3392213541
	3392213542
	3392213543
	3392213544
	3392213545
	3392213546
	3392213547
	3392213548
	3392213549
	3392213550
	3392213551
	3392213552
	3392213553
	3392213554
	3392213555
	3392213556
	3392213557
	3392213558
	3392213559
	3392213560
	3392213561
	3392213562
	3392213563
	3392213564
	3392213565
	3392213566
	3392213567
	3392213568
	3392213569
	3392213570
	3392213571
	3392213572
	3392213573
	3392213574
	3392213575
	3392213576
	3392213577
	3392213578
	3392213579
	3392213580
	3392213581
	3392213582
	3392213583
	3392213584
	3392213585
	3392213586
	3392213587
	3392213588
	3392213589
	3392213590
	3392213591
	3392213592
	3392213593
	3392213594
	3392213595
	3392213596
	3392213597
	3392213598
	3392213599
	3392213600
	3392213601
	3392213602
	3392213603
	3392213604
	3392213605
	3392213606
	3392213607
	3392213608
	3392213609
	3392213610
	3392213611
	3392213612
	3392213613
	3392213614
	3392213615
	3392213616
	3392213617
	3392213618
	3392213619
	3392213620
	3392213621
	3392213622
	3392213623
	3392213624
	3392213625
	3392213626
	3392213627
	3392213628
	3392213629
	3392213630
	3392213631
	3392213632
	3392213633
	3392213634
	3392213635
	3392213636
	3392213637
	3392213638
	3392213639
	3392213640
	3392213641
	3392213642
	3392213643
	3392213644
	3392213645
	3392213646
	3392213647
	3392213648
	3392213649
	3392213650
	3392213651
	3392213652
	3392213653
	3392213654
	3392213655
	3392213656
	3392213657
	3392213658
	3392213659
	3392213660
	3392213661
	3392213662
	3392213663
	3392213664
	3392213665
	3392213666
	3392213667
	3392213668
	3392213669
	3392213670
	3392213671
	3392213672
	3392213673
	3392213674
	3392213675
	3392213676
	3392213677
	3392213678
	3392213679
	3392213680
	3392213681
	3392213682
	3392213683
	3392213684
	3392213685
	3392213686
	3392213687
	3392213688
	3392213689
	3392213690
	3392213691
	3392213692
	3392213693
	3392213694
	3392213695
	3392213696
	3392213697
	3392213698
	3392213699
	3392213700
	3392213701
	3392213702
	3392213703
	3392213704
	3392213705
	3392213706
	3392213707
	3392213708
	3392213709
	3392213710
	3392213711
	3392213712
	3392213713
	3392213714
	3392213715
	3392213716
	3392213717
	3392213718
	3392213719
	3392213720
	3392213721
	3392213722
	3392213723
	3392213724
	3392213725
	3392213726
	3392213727
	3392213728
	3392213729
	3392213730
	3392213731
	3392213732
	3392213733
	3392213734
	3392213735
	3392213736
	3392213737
	3392213738
	3392213739
	3392213740
	3392213741
	3392213742
	3392213743
	3392213744
	3392213745
	3392213746
	3392213747
	3392213748
	3392213749
	3392213750
	3392213751
	3392213752
	3392213753
	3392213754
	3392213755
	3392213756
	3392213757
	3392213758
	3392213759
	3392213760
	3392213761
	3392213762
	3392213763
	3392213764
	3392213765
	3392213766
	3392213767
	3392213768
	3392213769
	3392213770
	3392213771
	3392213772
	3392213773
	3392213774
	3392213775
	3392213776
	3392213777
	3392213778
	3392213779
	3392213780
	3392213781
	3392213782
	3392213783
	3392213784
	3392213785
	3392213786
	3392213787
	3392213788
	3392213789
	3392213790
	3392213791
	3392213792
	3392213793
	3392213794
	3392213795
	3392213796
	3392213797
	3392213798
	3392213799
	3392213800
	3392213801
	3392213802
	3392213803
	3392213804
	3392213805
	3392213806
	3392213807
	3392213808
	3392213809
	3392213810
	3392213811
	3392213812
	3392213813
	3392213814
	3392213815
	3392213816
	3392213817
	3392213818
	3392213819
	3392213820
	3392213821
	3392213822
	3392213823
	3392213824
	3392213825
	3392213826
	3392213827
	3392213828
	3392213829
	3392213830
	3392213831
	3392213832
	3392213833
	3392213834
	3392213835
	3392213836
	3392213837
	3392213838
	3392213839
	3392213840
	3392213841
	3392213842
	3392213843
	3392213844
	3392213845
	3392213846
	3392213847
	3392213848
	3392213849
	3392213850
	3392213851
	3392213852
	3392213853
	3392213854
	3392213855
	3392213856
	3392213857
	3392213858
	3392213859
	3392213860
	3392213861
	3392213862
	3392213863
	3392213864
	3392213865
	3392213866
	3392213867
	3392213868
	3392213869
	3392213870
	3392213871
	3392213872
	3392213873
	3392213874
	3392213875
	3392213876
	3392213877
	3392213878
	3392213879
	3392213880
	3392213881
	3392213882
	3392213883
	3392213884
	3392213885
	3392213886
	3392213887
	3392213888
	3392213889
	3392213890
	3392213891
	3392213892
	3392213893
	3392213894
	3392213895
	3392213896
	3392213897
	3392213898
	3392213899
	3392213900
	3392213901
	3392213902
	3392213903
	3392213904
	3392213905
	3392213906
	3392213907
	3392213908
	3392213909
	3392213910
	3392213911
	3392213912
	3392213913
	3392213914
	3392213915
	3392213916
	3392213917
	3392213918
	3392213919
	3392213920
	3392213921
	3392213922
	3392213923
	3392213924
	3392213925
	3392213926
	3392213927
	3392213928
	3392213929
	3392213930
	3392213931
	3392213932
	3392213933
	3392213934
	3392213935
	3392213936
	3392213937
	3392213938
	3392213939
	3392213940
	3392213941
	3392213942
	3392213943
	3392213944
	3392213945
	3392213946
	3392213947
	3392213948
	3392213949
	3392213950
	3392213951
	3392213952
	3392213953
	3392213954
	3392213955
	3392213956
	3392213957
	3392213958
	3392213959
	3392213960
	3392213961
	3392213962
	3392213963
	3392213964
	3392213965
	3392213966
	3392213967
	3392213968
	3392213969
	3392213970
	3392213971
	3392213972
	3392213973
	3392213974
	3392213975
	3392213976
	3392213977
	3392213978
	3392213979
	3392213980
	3392213981
	3392213982
	3392213983
	3392213984
	3392213985
	3392213986
	3392213987
	3392213988
	3392213989
	3392213990
	3392213991
	3392213992
	3392213993
	3392213994
	3392213995
	3392213996
	3392213997
	3392213998
	3392213999
	3392214000
	3392214001
	3392214002
	3392214003
	3392214004
	3392214005
	3392214006
	3392214007
	3392214008
	3392214009
	3392214010
	3392214011
	3392214012
	3392214013
	3392214014
	3392214015
	3392214016
	3392214017
	3392214018
	3392214019
	3392214020
	3392214021
	3392214022
	3392214023
	3392214024
	3392214025
	3392214026
	3392214027
	3392214028
	3392214029
	3392214030
	3392214031
	3392214032
	3392214033
	3392214034
	3392214035
	3392214036
	3392214037
	3392214038
	3392214039
	3392214040
	3392214041
	3392214042
	3392214043
	3392214044
	3392214045
	3392214046
	3392214047
	3392214048
	3392214049
	3392214050
	3392214051
	3392214052
	3392214053
	3392214054
	3392214055
	3392214056
	3392214057
	3392214058
	3392214059
	3392214060
	3392214061
	3392214062
	3392214063
	3392214064
	3392214065
	3392214066
	3392214067
	3392214068
	3392214069
	3392214070
	3392214071
	3392214072
	3392214073
	3392214074
	3392214075
	3392214076
	3392214077
	3392214078
	3392214079
	3392214080
	3392214081
	3392214082
	3392214083
	3392214084
	3392214085
	3392214086
	3392214087
	3392214088
	3392214089
	3392214090
	3392214091
	3392214092
	3392214093
	3392214094
	3392214095
	3392214096
	3392214097
	3392214098
	3392214099
	3392214100
	3392214101
	3392214102
	3392214103
	3392214104
	3392214105
	3392214106
	3392214107
	3392214108
	3392214109
	3392214110
	3392214111
	3392214112
	3392214113
	3392214114
	3392214115
	3392214116
	3392214117
	3392214118
	3392214119
	3392214120
	3392214121
	3392214122
	3392214123
	3392214124
	3392214125
	3392214126
	3392214127
	3392214128
	3392214129
	3392214130
	3392214131
	3392214132
	3392214133
	3392214134
	3392214135
	3392214136
	3392214137
	3392214138
	3392214139
	3392214140
	3392214141
	3392214142
	3392214143
	3392214144
	3392214145
	3392214146
	3392214147
	3392214148
	3392214149
	3392214150
	3392214151
	3392214152
	3392214153
	3392214154
	3392214155
	3392214156
	3392214157
	3392214158
	3392214159
	3392214160
	3392214161
	3392214162
	3392214163
	3392214164
	3392214165
	3392214166
	3392214167
	3392214168
	3392214169
	3392214170
	3392214171
	3392214172
	3392214173
	3392214174
	3392214175
	3392214176
	3392214177
	3392214178
	3392214179
	3392214180
	3392214181
	3392214182
	3392214183
	3392214184
	3392214185
	3392214186
	3392214187
	3392214188
	3392214189
	3392214190
	3392214191
	3392214192
	3392214193
	3392214194
	3392214195
	3392214196
	3392214197
	3392214198
	3392214199
	3392214200
	3392214201
	3392214202
	3392214203
	3392214204
	3392214205
	3392214206
	3392214207
	3392214208
	3392214209
	3392214210
	3392214211
	3392214212
	3392214213
	3392214214
	3392214215
	3392214216
	3392214217
	3392214218
	3392214219
	3392214220
	3392214221
	3392214222
	3392214223
	3392214224
	3392214225
	3392214226
	3392214227
	3392214228
	3392214229
	3392214230
	3392214231
	3392214232
	3392214233
	3392214234
	3392214235
	3392214236
	3392214237
	3392214238
	3392214239
	3392214240
	3392214241
	3392214242
	3392214243
	3392214244
	3392214245
	3392214246
	3392214247
	3392214248
	3392214249
	3392214250
	3392214251
	3392214252
	3392214253
	3392214254
	3392214255
	3392214256
	3392214257
	3392214258
	3392214259
	3392214260
	3392214261
	3392214262
	3392214263
	3392214264
	3392214265
	3392214266
	3392214267
	3392214268
	3392214269
	3392214270
	3392214271
	3392214272
	3392214273
	3392214274
	3392214275
	3392214276
	3392214277
	3392214278
	3392214279
	3392214280
	3392214281
	3392214282
	3392214283
	3392214284
	3392214285
	3392214286
	3392214287
	3392214288
	3392214289
	3392214290
	3392214291
	3392214292
	3392214293
	3392214294
	3392214295
	3392214296
	3392214297
	3392214298
	3392214299
	3392214300
	3392214301
	3392214302
	3392214303
	3392214304
	3392214305
	3392214306
	3392214307
	3392214308
	3392214309
	3392214310
	3392214311
	3392214312
	3392214313
	3392214314
	3392214315
	3392214316
	3392214317
	3392214318
	3392214319
	3392214320
	3392214321
	3392214322
	3392214323
	3392214324
	3392214325
	3392214326
	3392214327
	3392214328
	3392214329
	3392214330
	3392214331
	3392214332
	3392214333
	3392214334
	3392214335
	3392214336
	3392214337
	3392214338
	3392214339
	3392214340
	3392214341
	3392214342
	3392214343
	3392214344
	3392214345
	3392214346
	3392214347
	3392214348
	3392214349
	3392214350
	3392214351
	3392214352
	3392214353
	3392214354
	3392214355
	3392214356
	3392214357
	3392214358
	3392214359
	3392214360
	3392214361
	3392214362
	3392214363
	3392214364
	3392214365
	3392214366
	3392214367
	3392214368
	3392214369
	3392214370
	3392214371
	3392214372
	3392214373
	3392214374
	3392214375
	3392214376
	3392214377
	3392214378
	3392214379
	3392214380
	3392214381
	3392214382
	3392214383
	3392214384
	3392214385
	3392214386
	3392214387
	3392214388
	3392214389
	3392214390
	3392214391
	3392214392
	3392214393
	3392214394
	3392214395
	3392214396
	3392214397
	3392214398
	3392214399
	3392214400
	3392214401
	3392214402
	3392214403
	3392214404
	3392214405
	3392214406
	3392214407
	3392214408
	3392214409
	3392214410
	3392214411
	3392214412
	3392214413
	3392214414
	3392214415
	3392214416
	3392214417
	3392214418
	3392214419
	3392214420
	3392214421
	3392214422
	3392214423
	3392214424
	3392214425
	3392214426
	3392214427
	3392214428
	3392214429
	3392214430
	3392214431
	3392214432
	3392214433
	3392214434
	3392214435
	3392214436
	3392214437
	3392214438
	3392214439
	3392214440
	3392214441
	3392214442
	3392214443
	3392214444
	3392214445
	3392214446
	3392214447
	3392214448
	3392214449
	3392214450
	3392214451
	3392214452
	3392214453
	3392214454
	3392214455
	3392214456
	3392214457
	3392214458
	3392214459
	3392214460
	3392214461
	3392214462
	3392214463
	3392214464
	3392214465
	3392214466
	3392214467
	3392214468
	3392214469
	3392214470
	3392214471
	3392214472
	3392214473
	3392214474
	3392214475
	3392214476
	3392214477
	3392214478
	3392214479
	3392214480
	3392214481
	3392214482
	3392214483
	3392214484
	3392214485
	3392214486
	3392214487
	3392214488
	3392214489
	3392214490
	3392214491
	3392214492
	3392214493
	3392214494
	3392214495
	3392214496
	3392214497
	3392214498
	3392214499
	3392214500
	3392214501
	3392214502
	3392214503
	3392214504
	3392214505
	3392214506
	3392214507
	3392214508
	3392214509
	3392214510
	3392214511
	3392214512
	3392214513
	3392214514
	3392214515
	3392214516
	3392214517
	3392214518
	3392214519
	3392214520
	3392214521
	3392214522
	3392214523
	3392214524
	3392214525
	3392214526
	3392214527
	3392214528
	3392214529
	3392214530
	3392214531
	3392214532
	3392214533
	3392214534
	3392214535
	3392214536
	3392214537
	3392214538
	3392214539
	3392214540
	3392214541
	3392214542
	3392214543
	3392214544
	3392214545
	3392214546
	3392214547
	3392214548
	3392214549
	3392214550
	3392214551
	3392214552
	3392214553
	3392214554
	3392214555
	3392214556
	3392214557
	3392214558
	3392214559
	3392214560
	3392214561
	3392214562
	3392214563
	3392214564
	3392214565
	3392214566
	3392214567
	3392214568
	3392214569
	3392214570
	3392214571
	3392214572
	3392214573
	3392214574
	3392214575
	3392214576
	3392214577
	3392214578
	3392214579
	3392214580
	3392214581
	3392214582
	3392214583
	3392214584
	3392214585
	3392214586
	3392214587
	3392214588
	3392214589
	3392214590
	3392214591
	3392214592
	3392214593
	3392214594
	3392214595
	3392214596
	3392214597
	3392214598
	3392214599
	3392214600
	3392214601
	3392214602
	3392214603
	3392214604
	3392214605
	3392214606
	3392214607
	3392214608
	3392214609
	3392214610
	3392214611
	3392214612
	3392214613
	3392214614
	3392214615
	3392214616
	3392214617
	3392214618
	3392214619
	3392214620
	3392214621
	3392214622
	3392214623
	3392214624
	3392214625
	3392214626
	3392214627
	3392214628
	3392214629
	3392214630
	3392214631
	3392214632
	3392214633
	3392214634
	3392214635
	3392214636
	3392214637
	3392214638
	3392214639
	3392214640
	3392214641
	3392214642
	3392214643
	3392214644
	3392214645
	3392214646
	3392214647
	3392214648
	3392214649
	3392214650
	3392214651
	3392214652
	3392214653
	3392214654
	3392214655
	3392214656
	3392214657
	3392214658
	3392214659
	3392214660
	3392214661
	3392214662
	3392214663
	3392214664
	3392214665
	3392214666
	3392214667
	3392214668
	3392214669
	3392214670
	3392214671
	3392214672
	3392214673
	3392214674
	3392214675
	3392214676
	3392214677
	3392214678
	3392214679
	3392214680
	3392214681
	3392214682
	3392214683
	3392214684
	3392214685
	3392214686
	3392214687
	3392214688
	3392214689
	3392214690
	3392214691
	3392214692
	3392214693
	3392214694
	3392214695
	3392214696
	3392214697
	3392214698
	3392214699
	3392214700
	3392214701
	3392214702
	3392214703
	3392214704
	3392214705
	3392214706
	3392214707
	3392214708
	3392214709
	3392214710
	3392214711
	3392214712
	3392214713
	3392214714
	3392214715
	3392214716
	3392214717
	3392214718
	3392214719
	3392214720
	3392214721
	3392214722
	3392214723
	3392214724
	3392214725
	3392214726
	3392214727
	3392214728
	3392214729
	3392214730
	3392214731
	3392214732
	3392214733
	3392214734
	3392214735
	3392214736
	3392214737
	3392214738
	3392214739
	3392214740
	3392214741
	3392214742
	3392214743
	3392214744
	3392214745
	3392214746
	3392214747
	3392214748
	3392214749
	3392214750
	3392214751
	3392214752
	3392214753
	3392214754
	3392214755
	3392214756
	3392214757
	3392214758
	3392214759
	3392214760
	3392214761
	3392214762
	3392214763
	3392214764
	3392214765
	3392214766
	3392214767
	3392214768
	3392214769
	3392214770
	3392214771
	3392214772
	3392214773
	3392214774
	3392214775
	3392214776
	3392214777
	3392214778
	3392214779
	3392214780
	3392214781
	3392214782
	3392214783
	3392214784
	3392214785
	3392214786
	3392214787
	3392214788
	3392214789
	3392214790
	3392214791
	3392214792
	3392214793
	3392214794
	3392214795
	3392214796
	3392214797
	3392214798
	3392214799
	3392214800
	3392214801
	3392214802
	3392214803
	3392214804
	3392214805
	3392214806
	3392214807
	3392214808
	3392214809
	3392214810
	3392214811
	3392214812
	3392214813
	3392214814
	3392214815
	3392214816
	3392214817
	3392214818
	3392214819
	3392214820
	3392214821
	3392214822
	3392214823
	3392214824
	3392214825
	3392214826
	3392214827
	3392214828
	3392214829
	3392214830
	3392214831
	3392214832
	3392214833
	3392214834
	3392214835
	3392214836
	3392214837
	3392214838
	3392214839
	3392214840
	3392214841
	3392214842
	3392214843
	3392214844
	3392214845
	3392214846
	3392214847
	3392214848
	3392214849
	3392214850
	3392214851
	3392214852
	3392214853
	3392214854
	3392214855
	3392214856
	3392214857
	3392214858
	3392214859
	3392214860
	3392214861
	3392214862
	3392214863
	3392214864
	3392214865
	3392214866
	3392214867
	3392214868
	3392214869
	3392214870
	3392214871
	3392214872
	3392214873
	3392214874
	3392214875
	3392214876
	3392214877
	3392214878
	3392214879
	3392214880
	3392214881
	3392214882
	3392214883
	3392214884
	3392214885
	3392214886
	3392214887
	3392214888
	3392214889
	3392214890
	3392214891
	3392214892
	3392214893
	3392214894
	3392214895
	3392214896
	3392214897
	3392214898
	3392214899
	3392214900
	3392214901
	3392214902
	3392214903
	3392214904
	3392214905
	3392214906
	3392214907
	3392214908
	3392214909
	3392214910
	3392214911
	3392214912
	3392214913
	3392214914
	3392214915
	3392214916
	3392214917
	3392214918
	3392214919
	3392214920
	3392214921
	3392214922
	3392214923
	3392214924
	3392214925
	3392214926
	3392214927
	3392214928
	3392214929
	3392214930
	3392214931
	3392214932
	3392214933
	3392214934
	3392214935
	3392214936
	3392214937
	3392214938
	3392214939
	3392214940
	3392214941
	3392214942
	3392214943
	3392214944
	3392214945
	3392214946
	3392214947
	3392214948
	3392214949
	3392214950
	3392214951
	3392214952
	3392214953
	3392214954
	3392214955
	3392214956
	3392214957
	3392214958
	3392214959
	3392214960
	3392214961
	3392214962
	3392214963
	3392214964
	3392214965
	3392214966
	3392214967
	3392214968
	3392214969
	3392214970
	3392214971
	3392214972
	3392214973
	3392214974
	3392214975
	3392214976
	3392214977
	3392214978
	3392214979
	3392214980
	3392214981
	3392214982
	3392214983
	3392214984
	3392214985
	3392214986
	3392214987
	3392214988
	3392214989
	3392214990
	3392214991
	3392214992
	3392214993
	3392214994
	3392214995
	3392214996
	3392214997
	3392214998
	3392214999
	3392215000
	3392215001
	3392215002
	3392215003
	3392215004
	3392215005
	3392215006
	3392215007
	3392215008
	3392215009
	3392215010
	3392215011
	3392215012
	3392215013
	3392215014
	3392215015
	3392215016
	3392215017
	3392215018
	3392215019
	3392215020
	3392215021
	3392215022
	3392215023
	3392215024
	3392215025
	3392215026
	3392215027
	3392215028
	3392215029
	3392215030
	3392215031
	3392215032
	3392215033
	3392215034
	3392215035
	3392215036
	3392215037
	3392215038
	3392215039
	3392215040
	3392215041
	3392215042
	3392215043
	3392215044
	3392215045
	3392215046
	3392215047
	3392215048
	3392215049
	3392215050
	3392215051
	3392215052
	3392215053
	3392215054
	3392215055
	3392215056
	3392215057
	3392215058
	3392215059
	3392215060
	3392215061
	3392215062
	3392215063
	3392215064
	3392215065
	3392215066
	3392215067
	3392215068
	3392215069
	3392215070
	3392215071
	3392215072
	3392215073
	3392215074
	3392215075
	3392215076
	3392215077
	3392215078
	3392215079
	3392215080
	3392215081
	3392215082
	3392215083
	3392215084
	3392215085
	3392215086
	3392215087
	3392215088
	3392215089
	3392215090
	3392215091
	3392215092
	3392215093
	3392215094
	3392215095
	3392215096
	3392215097
	3392215098
	3392215099
	3392215100
	3392215101
	3392215102
	3392215103
	3392215104
	3392215105
	3392215106
	3392215107
	3392215108
	3392215109
	3392215110
	3392215111
	3392215112
	3392215113
	3392215114
	3392215115
	3392215116
	3392215117
	3392215118
	3392215119
	3392215120
	3392215121
	3392215122
	3392215123
	3392215124
	3392215125
	3392215126
	3392215127
	3392215128
	3392215129
	3392215130
	3392215131
	3392215132
	3392215133
	3392215134
	3392215135
	3392215136
	3392215137
	3392215138
	3392215139
	3392215140
	3392215141
	3392215142
	3392215143
	3392215144
	3392215145
	3392215146
	3392215147
	3392215148
	3392215149
	3392215150
	3392215151
	3392215152
	3392215153
	3392215154
	3392215155
	3392215156
	3392215157
	3392215158
	3392215159
	3392215160
	3392215161
	3392215162
	3392215163
	3392215164
	3392215165
	3392215166
	3392215167
	3392215168
	3392215169
	3392215170
	3392215171
	3392215172
	3392215173
	3392215174
	3392215175
	3392215176
	3392215177
	3392215178
	3392215179
	3392215180
	3392215181
	3392215182
	3392215183
	3392215184
	3392215185
	3392215186
	3392215187
	3392215188
	3392215189
	3392215190
	3392215191
	3392215192
	3392215193
	3392215194
	3392215195
	3392215196
	3392215197
	3392215198
	3392215199
	3392215200
	3392215201
	3392215202
	3392215203
	3392215204
	3392215205
	3392215206
	3392215207
	3392215208
	3392215209
	3392215210
	3392215211
	3392215212
	3392215213
	3392215214
	3392215215
	3392215216
	3392215217
	3392215218
	3392215219
	3392215220
	3392215221
	3392215222
	3392215223
	3392215224
	3392215225
	3392215226
	3392215227
	3392215228
	3392215229
	3392215230
	3392215231
	3392215232
	3392215233
	3392215234
	3392215235
	3392215236
	3392215237
	3392215238
	3392215239
	3392215240
	3392215241
	3392215242
	3392215243
	3392215244
	3392215245
	3392215246
	3392215247
	3392215248
	3392215249
	3392215250
	3392215251
	3392215252
	3392215253
	3392215254
	3392215255
	3392215256
	3392215257
	3392215258
	3392215259
	3392215260
	3392215261
	3392215262
	3392215263
	3392215264
	3392215265
	3392215266
	3392215267
	3392215268
	3392215269
	3392215270
	3392215271
	3392215272
	3392215273
	3392215274
	3392215275
	3392215276
	3392215277
	3392215278
	3392215279
	3392215280
	3392215281
	3392215282
	3392215283
	3392215284
	3392215285
	3392215286
	3392215287
	3392215288
	3392215289
	3392215290
	3392215291
	3392215292
	3392215293
	3392215294
	3392215295
	3392215296
	3392215297
	3392215298
	3392215299
	3392215300
	3392215301
	3392215302
	3392215303
	3392215304
	3392215305
	3392215306
	3392215307
	3392215308
	3392215309
	3392215310
	3392215311
	3392215312
	3392215313
	3392215314
	3392215315
	3392215316
	3392215317
	3392215318
	3392215319
	3392215320
	3392215321
	3392215322
	3392215323
	3392215324
	3392215325
	3392215326
	3392215327
	3392215328
	3392215329
	3392215330
	3392215331
	3392215332
	3392215333
	3392215334
	3392215335
	3392215336
	3392215337
	3392215338
	3392215339
	3392215340
	3392215341
	3392215342
	3392215343
	3392215344
	3392215345
	3392215346
	3392215347
	3392215348
	3392215349
	3392215350
	3392215351
	3392215352
	3392215353
	3392215354
	3392215355
	3392215356
	3392215357
	3392215358
	3392215359
	3392215360
	3392215361
	3392215362
	3392215363
	3392215364
	3392215365
	3392215366
	3392215367
	3392215368
	3392215369
	3392215370
	3392215371
	3392215372
	3392215373
	3392215374
	3392215375
	3392215376
	3392215377
	3392215378
	3392215379
	3392215380
	3392215381
	3392215382
	3392215383
	3392215384
	3392215385
	3392215386
	3392215387
	3392215388
	3392215389
	3392215390
	3392215391
	3392215392
	3392215393
	3392215394
	3392215395
	3392215396
	3392215397
	3392215398
	3392215399
	3392215400
	3392215401
	3392215402
	3392215403
	3392215404
	3392215405
	3392215406
	3392215407
	3392215408
	3392215409
	3392215410
	3392215411
	3392215412
	3392215413
	3392215414
	3392215415
	3392215416
	3392215417
	3392215418
	3392215419
	3392215420
	3392215421
	3392215422
	3392215423
	3392215424
	3392215425
	3392215426
	3392215427
	3392215428
	3392215429
	3392215430
	3392215431
	3392215432
	3392215433
	3392215434
	3392215435
	3392215436
	3392215437
	3392215438
	3392215439
	3392215440
	3392215441
	3392215442
	3392215443
	3392215444
	3392215445
	3392215446
	3392215447
	3392215448
	3392215449
	3392215450
	3392215451
	3392215452
	3392215453
	3392215454
	3392215455
	3392215456
	3392215457
	3392215458
	3392215459
	3392215460
	3392215461
	3392215462
	3392215463
	3392215464
	3392215465
	3392215466
	3392215467
	3392215468
	3392215469
	3392215470
	3392215471
	3392215472
	3392215473
	3392215474
	3392215475
	3392215476
	3392215477
	3392215478
	3392215479
	3392215480
	3392215481
	3392215482
	3392215483
	3392215484
	3392215485
	3392215486
	3392215487
	3392215488
	3392215489
	3392215490
	3392215491
	3392215492
	3392215493
	3392215494
	3392215495
	3392215496
	3392215497
	3392215498
	3392215499
	3392215500
	3392215501
	3392215502
	3392215503
	3392215504
	3392215505
	3392215506
	3392215507
	3392215508
	3392215509
	3392215510
	3392215511
	3392215512
	3392215513
	3392215514
	3392215515
	3392215516
	3392215517
	3392215518
	3392215519
	3392215520
	3392215521
	3392215522
	3392215523
	3392215524
	3392215525
	3392215526
	3392215527
	3392215528
	3392215529
	3392215530
	3392215531
	3392215532
	3392215533
	3392215534
	3392215535
	3392215536
	3392215537
	3392215538
	3392215539
	3392215540
	3392215541
	3392215542
	3392215543
	3392215544
	3392215545
	3392215546
	3392215547
	3392215548
	3392215549
	3392215550
	3392215551
	3392215552
	3392215553
	3392215554
	3392215555
	3392215556
	3392215557
	3392215558
	3392215559
	3392215560
	3392215561
	3392215562
	3392215563
	3392215564
	3392215565
	3392215566
	3392215567
	3392215568
	3392215569
	3392215570
	3392215571
	3392215572
	3392215573
	3392215574
	3392215575
	3392215576
	3392215577
	3392215578
	3392215579
	3392215580
	3392215581
	3392215582
	3392215583
	3392215584
	3392215585
	3392215586
	3392215587
	3392215588
	3392215589
	3392215590
	3392215591
	3392215592
	3392215593
	3392215594
	3392215595
	3392215596
	3392215597
	3392215598
	3392215599
	3392215600
	3392215601
	3392215602
	3392215603
	3392215604
	3392215605
	3392215606
	3392215607
	3392215608
	3392215609
	3392215610
	3392215611
	3392215612
	3392215613
	3392215614
	3392215615
	3392215616
	3392215617
	3392215618
	3392215619
	3392215620
	3392215621
	3392215622
	3392215623
	3392215624
	3392215625
	3392215626
	3392215627
	3392215628
	3392215629
	3392215630
	3392215631
	3392215632
	3392215633
	3392215634
	3392215635
	3392215636
	3392215637
	3392215638
	3392215639
	3392215640
	3392215641
	3392215642
	3392215643
	3392215644
	3392215645
	3392215646
	3392215647
	3392215648
	3392215649
	3392215650
	3392215651
	3392215652
	3392215653
	3392215654
	3392215655
	3392215656
	3392215657
	3392215658
	3392215659
	3392215660
	3392215661
	3392215662
	3392215663
	3392215664
	3392215665
	3392215666
	3392215667
	3392215668
	3392215669
	3392215670
	3392215671
	3392215672
	3392215673
	3392215674
	3392215675
	3392215676
	3392215677
	3392215678
	3392215679
	3392215680
	3392215681
	3392215682
	3392215683
	3392215684
	3392215685
	3392215686
	3392215687
	3392215688
	3392215689
	3392215690
	3392215691
	3392215692
	3392215693
	3392215694
	3392215695
	3392215696
	3392215697
	3392215698
	3392215699
	3392215700
	3392215701
	3392215702
	3392215703
	3392215704
	3392215705
	3392215706
	3392215707
	3392215708
	3392215709
	3392215710
	3392215711
	3392215712
	3392215713
	3392215714
	3392215715
	3392215716
	3392215717
	3392215718
	3392215719
	3392215720
	3392215721
	3392215722
	3392215723
	3392215724
	3392215725
	3392215726
	3392215727
	3392215728
	3392215729
	3392215730
	3392215731
	3392215732
	3392215733
	3392215734
	3392215735
	3392215736
	3392215737
	3392215738
	3392215739
	3392215740
	3392215741
	3392215742
	3392215743
	3392215744
	3392215745
	3392215746
	3392215747
	3392215748
	3392215749
	3392215750
	3392215751
	3392215752
	3392215753
	3392215754
	3392215755
	3392215756
	3392215757
	3392215758
	3392215759
	3392215760
	3392215761
	3392215762
	3392215763
	3392215764
	3392215765
	3392215766
	3392215767
	3392215768
	3392215769
	3392215770
	3392215771
	3392215772
	3392215773
	3392215774
	3392215775
	3392215776
	3392215777
	3392215778
	3392215779
	3392215780
	3392215781
	3392215782
	3392215783
	3392215784
	3392215785
	3392215786
	3392215787
	3392215788
	3392215789
	3392215790
	3392215791
	3392215792
	3392215793
	3392215794
	3392215795
	3392215796
	3392215797
	3392215798
	3392215799
	3392215800
	3392215801
	3392215802
	3392215803
	3392215804
	3392215805
	3392215806
	3392215807
	3392215808
	3392215809
	3392215810
	3392215811
	3392215812
	3392215813
	3392215814
	3392215815
	3392215816
	3392215817
	3392215818
	3392215819
	3392215820
	3392215821
	3392215822
	3392215823
	3392215824
	3392215825
	3392215826
	3392215827
	3392215828
	3392215829
	3392215830
	3392215831
	3392215832
	3392215833
	3392215834
	3392215835
	3392215836
	3392215837
	3392215838
	3392215839
	3392215840
	3392215841
	3392215842
	3392215843
	3392215844
	3392215845
	3392215846
	3392215847
	3392215848
	3392215849
	3392215850
	3392215851
	3392215852
	3392215853
	3392215854
	3392215855
	3392215856
	3392215857
	3392215858
	3392215859
	3392215860
	3392215861
	3392215862
	3392215863
	3392215864
	3392215865
	3392215866
	3392215867
	3392215868
	3392215869
	3392215870
	3392215871
	3392215872
	3392215873
	3392215874
	3392215875
	3392215876
	3392215877
	3392215878
	3392215879
	3392215880
	3392215881
	3392215882
	3392215883
	3392215884
	3392215885
	3392215886
	3392215887
	3392215888
	3392215889
	3392215890
	3392215891
	3392215892
	3392215893
	3392215894
	3392215895
	3392215896
	3392215897
	3392215898
	3392215899
	3392215900
	3392215901
	3392215902
	3392215903
	3392215904
	3392215905
	3392215906
	3392215907
	3392215908
	3392215909
	3392215910
	3392215911
	3392215912
	3392215913
	3392215914
	3392215915
	3392215916
	3392215917
	3392215918
	3392215919
	3392215920
	3392215921
	3392215922
	3392215923
	3392215924
	3392215925
	3392215926
	3392215927
	3392215928
	3392215929
	3392215930
	3392215931
	3392215932
	3392215933
	3392215934
	3392215935
	3392215936
	3392215937
	3392215938
	3392215939
	3392215940
	3392215941
	3392215942
	3392215943
	3392215944
	3392215945
	3392215946
	3392215947
	3392215948
	3392215949
	3392215950
	3392215951
	3392215952
	3392215953
	3392215954
	3392215955
	3392215956
	3392215957
	3392215958
	3392215959
	3392215960
	3392215961
	3392215962
	3392215963
	3392215964
	3392215965
	3392215966
	3392215967
	3392215968
	3392215969
	3392215970
	3392215971
	3392215972
	3392215973
	3392215974
	3392215975
	3392215976
	3392215977
	3392215978
	3392215979
	3392215980
	3392215981
	3392215982
	3392215983
	3392215984
	3392215985
	3392215986
	3392215987
	3392215988
	3392215989
	3392215990
	3392215991
	3392215992
	3392215993
	3392215994
	3392215995
	3392215996
	3392215997
	3392215998
	3392215999
	3392216000
	3392216001
	3392216002
	3392216003
	3392216004
	3392216005
	3392216006
	3392216007
	3392216008
	3392216009
	3392216010
	3392216011
	3392216012
	3392216013
	3392216014
	3392216015
	3392216016
	3392216017
	3392216018
	3392216019
	3392216020
	3392216021
	3392216022
	3392216023
	3392216024
	3392216025
	3392216026
	3392216027
	3392216028
	3392216029
	3392216030
	3392216031
	3392216032
	3392216033
	3392216034
	3392216035
	3392216036
	3392216037
	3392216038
	3392216039
	3392216040
	3392216041
	3392216042
	3392216043
	3392216044
	3392216045
	3392216046
	3392216047
	3392216048
	3392216049
	3392216050
	3392216051
	3392216052
	3392216053
	3392216054
	3392216055
	3392216056
	3392216057
	3392216058
	3392216059
	3392216060
	3392216061
	3392216062
	3392216063
	3392216064
	3392216065
	3392216066
