	3426633919
	3426633920
	3426633921
	3426633922
	3426633923
	3426633924
	3426633925
	3426633926
	3426633927
	3426633928
	3426633929
	3426633930
	3426633931
	3426633932
	3426633933
	3426633934
	3426633935
	3426633936
	3426633937
	3426633938
	3426633939
	3426633940
	3426633941
	3426633942
	3426633943
	3426633944
	3426633945
	3426633946
	3426633947
	3426633948
	3426633949
	3426633950
	3426633951
	3426633952
	3426633953
	3426633954
	3426633955
	3426633956
	3426633957
	3426633958
	3426633959
	3426633960
	3426633961
	3426633962
	3426633963
	3426633964
	3426633965
	3426633966
	3426633967
	3426633968
	3426633969
	3426633970
	3426633971
	3426633972
	3426633973
	3426633974
	3426633975
	3426633976
	3426633977
	3426633978
	3426633979
	3426633980
	3426633981
	3426633982
	3426633983
	3426633984
	3426633985
	3426633986
	3426633987
	3426633988
	3426633989
	3426633990
	3426633991
	3426633992
	3426633993
	3426633994
	3426633995
	3426633996
	3426633997
	3426633998
	3426633999
	3426634000
	3426634001
	3426634002
	3426634003
	3426634004
	3426634005
	3426634006
	3426634007
	3426634008
	3426634009
	3426634010
	3426634011
	3426634012
	3426634013
	3426634014
	3426634015
	3426634016
	3426634017
	3426634018
	3426634019
	3426634020
	3426634021
	3426634022
	3426634023
	3426634024
	3426634025
	3426634026
	3426634027
	3426634028
	3426634029
	3426634030
	3426634031
	3426634032
	3426634033
	3426634034
	3426634035
	3426634036
	3426634037
	3426634038
	3426634039
	3426634040
	3426634041
	3426634042
	3426634043
	3426634044
	3426634045
	3426634046
	3426634047
	3426634048
	3426634049
	3426634050
	3426634051
	3426634052
	3426634053
	3426634054
	3426634055
	3426634056
	3426634057
	3426634058
	3426634059
	3426634060
	3426634061
	3426634062
	3426634063
	3426634064
	3426634065
	3426634066
	3426634067
	3426634068
	3426634069
	3426634070
	3426634071
	3426634072
	3426634073
	3426634074
	3426634075
	3426634076
	3426634077
	3426634078
	3426634079
	3426634080
	3426634081
	3426634082
	3426634083
	3426634084
	3426634085
	3426634086
	3426634087
	3426634088
	3426634089
	3426634090
	3426634091
	3426634092
	3426634093
	3426634094
	3426634095
	3426634096
	3426634097
	3426634098
	3426634099
	3426634100
	3426634101
	3426634102
	3426634103
	3426634104
	3426634105
	3426634106
	3426634107
	3426634108
	3426634109
	3426634110
	3426634111
	3426634112
	3426634113
	3426634114
	3426634115
	3426634116
	3426634117
	3426634118
	3426634119
	3426634120
	3426634121
	3426634122
	3426634123
	3426634124
	3426634125
	3426634126
	3426634127
	3426634128
	3426634129
	3426634130
	3426634131
	3426634132
	3426634133
	3426634134
	3426634135
	3426634136
	3426634137
	3426634138
	3426634139
	3426634140
	3426634141
	3426634142
	3426634143
	3426634144
	3426634145
	3426634146
	3426634147
	3426634148
	3426634149
	3426634150
	3426634151
	3426634152
	3426634153
	3426634154
	3426634155
	3426634156
	3426634157
	3426634158
	3426634159
	3426634160
	3426634161
	3426634162
	3426634163
	3426634164
	3426634165
	3426634166
	3426634167
	3426634168
	3426634169
	3426634170
	3426634171
	3426634172
	3426634173
	3426634174
	3426634175
	3426634176
	3426634177
	3426634178
	3426634179
	3426634180
	3426634181
	3426634182
	3426634183
	3426634184
	3426634185
	3426634186
	3426634187
	3426634188
	3426634189
	3426634190
	3426634191
	3426634192
	3426634193
	3426634194
	3426634195
	3426634196
	3426634197
	3426634198
	3426634199
	3426634200
	3426634201
	3426634202
	3426634203
	3426634204
	3426634205
	3426634206
	3426634207
	3426634208
	3426634209
	3426634210
	3426634211
	3426634212
	3426634213
	3426634214
	3426634215
	3426634216
	3426634217
	3426634218
	3426634219
	3426634220
	3426634221
	3426634222
	3426634223
	3426634224
	3426634225
	3426634226
	3426634227
	3426634228
	3426634229
	3426634230
	3426634231
	3426634232
	3426634233
	3426634234
	3426634235
	3426634236
	3426634237
	3426634238
	3426634239
	3426634240
	3426634241
	3426634242
	3426634243
	3426634244
	3426634245
	3426634246
	3426634247
	3426634248
	3426634249
	3426634250
	3426634251
	3426634252
	3426634253
	3426634254
	3426634255
	3426634256
	3426634257
	3426634258
	3426634259
	3426634260
	3426634261
	3426634262
	3426634263
	3426634264
	3426634265
	3426634266
	3426634267
	3426634268
	3426634269
	3426634270
	3426634271
	3426634272
	3426634273
	3426634274
	3426634275
	3426634276
	3426634277
	3426634278
	3426634279
	3426634280
	3426634281
	3426634282
	3426634283
	3426634284
	3426634285
	3426634286
	3426634287
	3426634288
	3426634289
	3426634290
	3426634291
	3426634292
	3426634293
	3426634294
	3426634295
	3426634296
	3426634297
	3426634298
	3426634299
	3426634300
	3426634301
	3426634302
	3426634303
	3426634304
	3426634305
	3426634306
	3426634307
	3426634308
	3426634309
	3426634310
	3426634311
	3426634312
	3426634313
	3426634314
	3426634315
	3426634316
	3426634317
	3426634318
	3426634319
	3426634320
	3426634321
	3426634322
	3426634323
	3426634324
	3426634325
	3426634326
	3426634327
	3426634328
	3426634329
	3426634330
	3426634331
	3426634332
	3426634333
	3426634334
	3426634335
	3426634336
	3426634337
	3426634338
	3426634339
	3426634340
	3426634341
	3426634342
	3426634343
	3426634344
	3426634345
	3426634346
	3426634347
	3426634348
	3426634349
	3426634350
	3426634351
	3426634352
	3426634353
	3426634354
	3426634355
	3426634356
	3426634357
	3426634358
	3426634359
	3426634360
	3426634361
	3426634362
	3426634363
	3426634364
	3426634365
	3426634366
	3426634367
	3426634368
	3426634369
	3426634370
	3426634371
	3426634372
	3426634373
	3426634374
	3426634375
	3426634376
	3426634377
	3426634378
	3426634379
	3426634380
	3426634381
	3426634382
	3426634383
	3426634384
	3426634385
	3426634386
	3426634387
	3426634388
	3426634389
	3426634390
	3426634391
	3426634392
	3426634393
	3426634394
	3426634395
	3426634396
	3426634397
	3426634398
	3426634399
	3426634400
	3426634401
	3426634402
	3426634403
	3426634404
	3426634405
	3426634406
	3426634407
	3426634408
	3426634409
	3426634410
	3426634411
	3426634412
	3426634413
	3426634414
	3426634415
	3426634416
	3426634417
	3426634418
	3426634419
	3426634420
	3426634421
	3426634422
	3426634423
	3426634424
	3426634425
	3426634426
	3426634427
	3426634428
	3426634429
	3426634430
	3426634431
	3426634432
	3426634433
	3426634434
	3426634435
	3426634436
	3426634437
	3426634438
	3426634439
	3426634440
	3426634441
	3426634442
	3426634443
	3426634444
	3426634445
	3426634446
	3426634447
	3426634448
	3426634449
	3426634450
	3426634451
	3426634452
	3426634453
	3426634454
	3426634455
	3426634456
	3426634457
	3426634458
	3426634459
	3426634460
	3426634461
	3426634462
	3426634463
	3426634464
	3426634465
	3426634466
	3426634467
	3426634468
	3426634469
	3426634470
	3426634471
	3426634472
	3426634473
	3426634474
	3426634475
	3426634476
	3426634477
	3426634478
	3426634479
	3426634480
	3426634481
	3426634482
	3426634483
	3426634484
	3426634485
	3426634486
	3426634487
	3426634488
	3426634489
	3426634490
	3426634491
	3426634492
	3426634493
	3426634494
	3426634495
	3426634496
	3426634497
	3426634498
	3426634499
	3426634500
	3426634501
	3426634502
	3426634503
	3426634504
	3426634505
	3426634506
	3426634507
	3426634508
	3426634509
	3426634510
	3426634511
	3426634512
	3426634513
	3426634514
	3426634515
	3426634516
	3426634517
	3426634518
	3426634519
	3426634520
	3426634521
	3426634522
	3426634523
	3426634524
	3426634525
	3426634526
	3426634527
	3426634528
	3426634529
	3426634530
	3426634531
	3426634532
	3426634533
	3426634534
	3426634535
	3426634536
	3426634537
	3426634538
	3426634539
	3426634540
	3426634541
	3426634542
	3426634543
	3426634544
	3426634545
	3426634546
	3426634547
	3426634548
	3426634549
	3426634550
	3426634551
	3426634552
	3426634553
	3426634554
	3426634555
	3426634556
	3426634557
	3426634558
	3426634559
	3426634560
	3426634561
	3426634562
	3426634563
	3426634564
	3426634565
	3426634566
	3426634567
	3426634568
	3426634569
	3426634570
	3426634571
	3426634572
	3426634573
	3426634574
	3426634575
	3426634576
	3426634577
	3426634578
	3426634579
	3426634580
	3426634581
	3426634582
	3426634583
	3426634584
	3426634585
	3426634586
	3426634587
	3426634588
	3426634589
	3426634590
	3426634591
	3426634592
	3426634593
	3426634594
	3426634595
	3426634596
	3426634597
	3426634598
	3426634599
	3426634600
	3426634601
	3426634602
	3426634603
	3426634604
	3426634605
	3426634606
	3426634607
	3426634608
	3426634609
	3426634610
	3426634611
	3426634612
	3426634613
	3426634614
	3426634615
	3426634616
	3426634617
	3426634618
	3426634619
	3426634620
	3426634621
	3426634622
	3426634623
	3426634624
	3426634625
	3426634626
	3426634627
	3426634628
	3426634629
	3426634630
	3426634631
	3426634632
	3426634633
	3426634634
	3426634635
	3426634636
	3426634637
	3426634638
	3426634639
	3426634640
	3426634641
	3426634642
	3426634643
	3426634644
	3426634645
	3426634646
	3426634647
	3426634648
	3426634649
	3426634650
	3426634651
	3426634652
	3426634653
	3426634654
	3426634655
	3426634656
	3426634657
	3426634658
	3426634659
	3426634660
	3426634661
	3426634662
	3426634663
	3426634664
	3426634665
	3426634666
	3426634667
	3426634668
	3426634669
	3426634670
	3426634671
	3426634672
	3426634673
	3426634674
	3426634675
	3426634676
	3426634677
	3426634678
	3426634679
	3426634680
	3426634681
	3426634682
	3426634683
	3426634684
	3426634685
	3426634686
	3426634687
	3426634688
	3426634689
	3426634690
	3426634691
	3426634692
	3426634693
	3426634694
	3426634695
	3426634696
	3426634697
	3426634698
	3426634699
	3426634700
	3426634701
	3426634702
	3426634703
	3426634704
	3426634705
	3426634706
	3426634707
	3426634708
	3426634709
	3426634710
	3426634711
	3426634712
	3426634713
	3426634714
	3426634715
	3426634716
	3426634717
	3426634718
	3426634719
	3426634720
	3426634721
	3426634722
	3426634723
	3426634724
	3426634725
	3426634726
	3426634727
	3426634728
	3426634729
	3426634730
	3426634731
	3426634732
	3426634733
	3426634734
	3426634735
	3426634736
	3426634737
	3426634738
	3426634739
	3426634740
	3426634741
	3426634742
	3426634743
	3426634744
	3426634745
	3426634746
	3426634747
	3426634748
	3426634749
	3426634750
	3426634751
	3426634752
	3426634753
	3426634754
	3426634755
	3426634756
	3426634757
	3426634758
	3426634759
	3426634760
	3426634761
	3426634762
	3426634763
	3426634764
	3426634765
	3426634766
	3426634767
	3426634768
	3426634769
	3426634770
	3426634771
	3426634772
	3426634773
	3426634774
	3426634775
	3426634776
	3426634777
	3426634778
	3426634779
	3426634780
	3426634781
	3426634782
	3426634783
	3426634784
	3426634785
	3426634786
	3426634787
	3426634788
	3426634789
	3426634790
	3426634791
	3426634792
	3426634793
	3426634794
	3426634795
	3426634796
	3426634797
	3426634798
	3426634799
	3426634800
	3426634801
	3426634802
	3426634803
	3426634804
	3426634805
	3426634806
	3426634807
	3426634808
	3426634809
	3426634810
	3426634811
	3426634812
	3426634813
	3426634814
	3426634815
	3426634816
	3426634817
	3426634818
	3426634819
	3426634820
	3426634821
	3426634822
	3426634823
	3426634824
	3426634825
	3426634826
	3426634827
	3426634828
	3426634829
	3426634830
	3426634831
	3426634832
	3426634833
	3426634834
	3426634835
	3426634836
	3426634837
	3426634838
	3426634839
	3426634840
	3426634841
	3426634842
	3426634843
	3426634844
	3426634845
	3426634846
	3426634847
	3426634848
	3426634849
	3426634850
	3426634851
	3426634852
	3426634853
	3426634854
	3426634855
	3426634856
	3426634857
	3426634858
	3426634859
	3426634860
	3426634861
	3426634862
	3426634863
	3426634864
	3426634865
	3426634866
	3426634867
	3426634868
	3426634869
	3426634870
	3426634871
	3426634872
	3426634873
	3426634874
	3426634875
	3426634876
	3426634877
	3426634878
	3426634879
	3426634880
	3426634881
	3426634882
	3426634883
	3426634884
	3426634885
	3426634886
	3426634887
	3426634888
	3426634889
	3426634890
	3426634891
	3426634892
	3426634893
	3426634894
	3426634895
	3426634896
	3426634897
	3426634898
	3426634899
	3426634900
	3426634901
	3426634902
	3426634903
	3426634904
	3426634905
	3426634906
	3426634907
	3426634908
	3426634909
	3426634910
	3426634911
	3426634912
	3426634913
	3426634914
	3426634915
	3426634916
	3426634917
	3426634918
	3426634919
	3426634920
	3426634921
	3426634922
	3426634923
	3426634924
	3426634925
	3426634926
	3426634927
	3426634928
	3426634929
	3426634930
	3426634931
	3426634932
	3426634933
	3426634934
	3426634935
	3426634936
	3426634937
	3426634938
	3426634939
	3426634940
	3426634941
	3426634942
	3426634943
	3426634944
	3426634945
	3426634946
	3426634947
	3426634948
	3426634949
	3426634950
	3426634951
	3426634952
	3426634953
	3426634954
	3426634955
	3426634956
	3426634957
	3426634958
	3426634959
	3426634960
	3426634961
	3426634962
	3426634963
	3426634964
	3426634965
	3426634966
	3426634967
	3426634968
	3426634969
	3426634970
	3426634971
	3426634972
	3426634973
	3426634974
	3426634975
	3426634976
	3426634977
	3426634978
	3426634979
	3426634980
	3426634981
	3426634982
	3426634983
	3426634984
	3426634985
	3426634986
	3426634987
	3426634988
	3426634989
	3426634990
	3426634991
	3426634992
	3426634993
	3426634994
	3426634995
	3426634996
	3426634997
	3426634998
	3426634999
	3426635000
	3426635001
	3426635002
	3426635003
	3426635004
	3426635005
	3426635006
	3426635007
	3426635008
	3426635009
	3426635010
	3426635011
	3426635012
	3426635013
	3426635014
	3426635015
	3426635016
	3426635017
	3426635018
	3426635019
	3426635020
	3426635021
	3426635022
	3426635023
	3426635024
	3426635025
	3426635026
	3426635027
	3426635028
	3426635029
	3426635030
	3426635031
	3426635032
	3426635033
	3426635034
	3426635035
	3426635036
	3426635037
	3426635038
	3426635039
	3426635040
	3426635041
	3426635042
	3426635043
	3426635044
	3426635045
	3426635046
	3426635047
	3426635048
	3426635049
	3426635050
	3426635051
	3426635052
	3426635053
	3426635054
	3426635055
	3426635056
	3426635057
	3426635058
	3426635059
	3426635060
	3426635061
	3426635062
	3426635063
	3426635064
	3426635065
	3426635066
	3426635067
	3426635068
	3426635069
	3426635070
	3426635071
	3426635072
	3426635073
	3426635074
	3426635075
	3426635076
	3426635077
	3426635078
	3426635079
	3426635080
	3426635081
	3426635082
	3426635083
	3426635084
	3426635085
	3426635086
	3426635087
	3426635088
	3426635089
	3426635090
	3426635091
	3426635092
	3426635093
	3426635094
	3426635095
	3426635096
	3426635097
	3426635098
	3426635099
	3426635100
	3426635101
	3426635102
	3426635103
	3426635104
	3426635105
	3426635106
	3426635107
	3426635108
	3426635109
	3426635110
	3426635111
	3426635112
	3426635113
	3426635114
	3426635115
	3426635116
	3426635117
	3426635118
	3426635119
	3426635120
	3426635121
	3426635122
	3426635123
	3426635124
	3426635125
	3426635126
	3426635127
	3426635128
	3426635129
	3426635130
	3426635131
	3426635132
	3426635133
	3426635134
	3426635135
	3426635136
	3426635137
	3426635138
	3426635139
	3426635140
	3426635141
	3426635142
	3426635143
	3426635144
	3426635145
	3426635146
	3426635147
	3426635148
	3426635149
	3426635150
	3426635151
	3426635152
	3426635153
	3426635154
	3426635155
	3426635156
	3426635157
	3426635158
	3426635159
	3426635160
	3426635161
	3426635162
	3426635163
	3426635164
	3426635165
	3426635166
	3426635167
	3426635168
	3426635169
	3426635170
	3426635171
	3426635172
	3426635173
	3426635174
	3426635175
	3426635176
	3426635177
	3426635178
	3426635179
	3426635180
	3426635181
	3426635182
	3426635183
	3426635184
	3426635185
	3426635186
	3426635187
	3426635188
	3426635189
	3426635190
	3426635191
	3426635192
	3426635193
	3426635194
	3426635195
	3426635196
	3426635197
	3426635198
	3426635199
	3426635200
	3426635201
	3426635202
	3426635203
	3426635204
	3426635205
	3426635206
	3426635207
	3426635208
	3426635209
	3426635210
	3426635211
	3426635212
	3426635213
	3426635214
	3426635215
	3426635216
	3426635217
	3426635218
	3426635219
	3426635220
	3426635221
	3426635222
	3426635223
	3426635224
	3426635225
	3426635226
	3426635227
	3426635228
	3426635229
	3426635230
	3426635231
	3426635232
	3426635233
	3426635234
	3426635235
	3426635236
	3426635237
	3426635238
	3426635239
	3426635240
	3426635241
	3426635242
	3426635243
	3426635244
	3426635245
	3426635246
	3426635247
	3426635248
	3426635249
	3426635250
	3426635251
	3426635252
	3426635253
	3426635254
	3426635255
	3426635256
	3426635257
	3426635258
	3426635259
	3426635260
	3426635261
	3426635262
	3426635263
	3426635264
	3426635265
	3426635266
	3426635267
	3426635268
	3426635269
	3426635270
	3426635271
	3426635272
	3426635273
	3426635274
	3426635275
	3426635276
	3426635277
	3426635278
	3426635279
	3426635280
	3426635281
	3426635282
	3426635283
	3426635284
	3426635285
	3426635286
	3426635287
	3426635288
	3426635289
	3426635290
	3426635291
	3426635292
	3426635293
	3426635294
	3426635295
	3426635296
	3426635297
	3426635298
	3426635299
	3426635300
	3426635301
	3426635302
	3426635303
	3426635304
	3426635305
	3426635306
	3426635307
	3426635308
	3426635309
	3426635310
	3426635311
	3426635312
	3426635313
	3426635314
	3426635315
	3426635316
	3426635317
	3426635318
	3426635319
	3426635320
	3426635321
	3426635322
	3426635323
	3426635324
	3426635325
	3426635326
	3426635327
	3426635328
	3426635329
	3426635330
	3426635331
	3426635332
	3426635333
	3426635334
	3426635335
	3426635336
	3426635337
	3426635338
	3426635339
	3426635340
	3426635341
	3426635342
	3426635343
	3426635344
	3426635345
	3426635346
	3426635347
	3426635348
	3426635349
	3426635350
	3426635351
	3426635352
	3426635353
	3426635354
	3426635355
	3426635356
	3426635357
	3426635358
	3426635359
	3426635360
	3426635361
	3426635362
	3426635363
	3426635364
	3426635365
	3426635366
	3426635367
	3426635368
	3426635369
	3426635370
	3426635371
	3426635372
	3426635373
	3426635374
	3426635375
	3426635376
	3426635377
	3426635378
	3426635379
	3426635380
	3426635381
	3426635382
	3426635383
	3426635384
	3426635385
	3426635386
	3426635387
	3426635388
	3426635389
	3426635390
	3426635391
	3426635392
	3426635393
	3426635394
	3426635395
	3426635396
	3426635397
	3426635398
	3426635399
	3426635400
	3426635401
	3426635402
	3426635403
	3426635404
	3426635405
	3426635406
	3426635407
	3426635408
	3426635409
	3426635410
	3426635411
	3426635412
	3426635413
	3426635414
	3426635415
	3426635416
	3426635417
	3426635418
	3426635419
	3426635420
	3426635421
	3426635422
	3426635423
	3426635424
	3426635425
	3426635426
	3426635427
	3426635428
	3426635429
	3426635430
	3426635431
	3426635432
	3426635433
	3426635434
	3426635435
	3426635436
	3426635437
	3426635438
	3426635439
	3426635440
	3426635441
	3426635442
	3426635443
	3426635444
	3426635445
	3426635446
	3426635447
	3426635448
	3426635449
	3426635450
	3426635451
	3426635452
	3426635453
	3426635454
	3426635455
	3426635456
	3426635457
	3426635458
	3426635459
	3426635460
	3426635461
	3426635462
	3426635463
	3426635464
	3426635465
	3426635466
	3426635467
	3426635468
	3426635469
	3426635470
	3426635471
	3426635472
	3426635473
	3426635474
	3426635475
	3426635476
	3426635477
	3426635478
	3426635479
	3426635480
	3426635481
	3426635482
	3426635483
	3426635484
	3426635485
	3426635486
	3426635487
	3426635488
	3426635489
	3426635490
	3426635491
	3426635492
	3426635493
	3426635494
	3426635495
	3426635496
	3426635497
	3426635498
	3426635499
	3426635500
	3426635501
	3426635502
	3426635503
	3426635504
	3426635505
	3426635506
	3426635507
	3426635508
	3426635509
	3426635510
	3426635511
	3426635512
	3426635513
	3426635514
	3426635515
	3426635516
	3426635517
	3426635518
	3426635519
	3426635520
	3426635521
	3426635522
	3426635523
	3426635524
	3426635525
	3426635526
	3426635527
	3426635528
	3426635529
	3426635530
	3426635531
	3426635532
	3426635533
	3426635534
	3426635535
	3426635536
	3426635537
	3426635538
	3426635539
	3426635540
	3426635541
	3426635542
	3426635543
	3426635544
	3426635545
	3426635546
	3426635547
	3426635548
	3426635549
	3426635550
	3426635551
	3426635552
	3426635553
	3426635554
	3426635555
	3426635556
	3426635557
	3426635558
	3426635559
	3426635560
	3426635561
	3426635562
	3426635563
	3426635564
	3426635565
	3426635566
	3426635567
	3426635568
	3426635569
	3426635570
	3426635571
	3426635572
	3426635573
	3426635574
	3426635575
	3426635576
	3426635577
	3426635578
	3426635579
	3426635580
	3426635581
	3426635582
	3426635583
	3426635584
	3426635585
	3426635586
	3426635587
	3426635588
	3426635589
	3426635590
	3426635591
	3426635592
	3426635593
	3426635594
	3426635595
	3426635596
	3426635597
	3426635598
	3426635599
	3426635600
	3426635601
	3426635602
	3426635603
	3426635604
	3426635605
	3426635606
	3426635607
	3426635608
	3426635609
	3426635610
	3426635611
	3426635612
	3426635613
	3426635614
	3426635615
	3426635616
	3426635617
	3426635618
	3426635619
	3426635620
	3426635621
	3426635622
	3426635623
	3426635624
	3426635625
	3426635626
	3426635627
	3426635628
	3426635629
	3426635630
	3426635631
	3426635632
	3426635633
	3426635634
	3426635635
	3426635636
	3426635637
	3426635638
	3426635639
	3426635640
	3426635641
	3426635642
	3426635643
	3426635644
	3426635645
	3426635646
	3426635647
	3426635648
	3426635649
	3426635650
	3426635651
	3426635652
	3426635653
	3426635654
	3426635655
	3426635656
	3426635657
	3426635658
	3426635659
	3426635660
	3426635661
	3426635662
	3426635663
	3426635664
	3426635665
	3426635666
	3426635667
	3426635668
	3426635669
	3426635670
	3426635671
	3426635672
	3426635673
	3426635674
	3426635675
	3426635676
	3426635677
	3426635678
	3426635679
	3426635680
	3426635681
	3426635682
	3426635683
	3426635684
	3426635685
	3426635686
	3426635687
	3426635688
	3426635689
	3426635690
	3426635691
	3426635692
	3426635693
	3426635694
	3426635695
	3426635696
	3426635697
	3426635698
	3426635699
	3426635700
	3426635701
	3426635702
	3426635703
	3426635704
	3426635705
	3426635706
	3426635707
	3426635708
	3426635709
	3426635710
	3426635711
	3426635712
	3426635713
	3426635714
	3426635715
	3426635716
	3426635717
	3426635718
	3426635719
	3426635720
	3426635721
	3426635722
	3426635723
	3426635724
	3426635725
	3426635726
	3426635727
	3426635728
	3426635729
	3426635730
	3426635731
	3426635732
	3426635733
	3426635734
	3426635735
	3426635736
	3426635737
	3426635738
	3426635739
	3426635740
	3426635741
	3426635742
	3426635743
	3426635744
	3426635745
	3426635746
	3426635747
	3426635748
	3426635749
	3426635750
	3426635751
	3426635752
	3426635753
	3426635754
	3426635755
	3426635756
	3426635757
	3426635758
	3426635759
	3426635760
	3426635761
	3426635762
	3426635763
	3426635764
	3426635765
	3426635766
	3426635767
	3426635768
	3426635769
	3426635770
	3426635771
	3426635772
	3426635773
	3426635774
	3426635775
	3426635776
	3426635777
	3426635778
	3426635779
	3426635780
	3426635781
	3426635782
	3426635783
	3426635784
	3426635785
	3426635786
	3426635787
	3426635788
	3426635789
	3426635790
	3426635791
	3426635792
	3426635793
	3426635794
	3426635795
	3426635796
	3426635797
	3426635798
	3426635799
	3426635800
	3426635801
	3426635802
	3426635803
	3426635804
	3426635805
	3426635806
	3426635807
	3426635808
	3426635809
	3426635810
	3426635811
	3426635812
	3426635813
	3426635814
	3426635815
	3426635816
	3426635817
	3426635818
	3426635819
	3426635820
	3426635821
	3426635822
	3426635823
	3426635824
	3426635825
	3426635826
	3426635827
	3426635828
	3426635829
	3426635830
	3426635831
	3426635832
	3426635833
	3426635834
	3426635835
	3426635836
	3426635837
	3426635838
	3426635839
	3426635840
	3426635841
	3426635842
	3426635843
	3426635844
	3426635845
	3426635846
	3426635847
	3426635848
	3426635849
	3426635850
	3426635851
	3426635852
	3426635853
	3426635854
	3426635855
	3426635856
	3426635857
	3426635858
	3426635859
	3426635860
	3426635861
	3426635862
	3426635863
	3426635864
	3426635865
	3426635866
	3426635867
	3426635868
	3426635869
	3426635870
	3426635871
	3426635872
	3426635873
	3426635874
	3426635875
	3426635876
	3426635877
	3426635878
	3426635879
	3426635880
	3426635881
	3426635882
	3426635883
	3426635884
	3426635885
	3426635886
	3426635887
	3426635888
	3426635889
	3426635890
	3426635891
	3426635892
	3426635893
	3426635894
	3426635895
	3426635896
	3426635897
	3426635898
	3426635899
	3426635900
	3426635901
	3426635902
	3426635903
	3426635904
	3426635905
	3426635906
	3426635907
	3426635908
	3426635909
	3426635910
	3426635911
	3426635912
	3426635913
	3426635914
	3426635915
	3426635916
	3426635917
	3426635918
	3426635919
	3426635920
	3426635921
	3426635922
	3426635923
	3426635924
	3426635925
	3426635926
	3426635927
	3426635928
	3426635929
	3426635930
	3426635931
	3426635932
	3426635933
	3426635934
	3426635935
	3426635936
	3426635937
	3426635938
	3426635939
	3426635940
	3426635941
	3426635942
	3426635943
	3426635944
	3426635945
	3426635946
	3426635947
	3426635948
	3426635949
	3426635950
	3426635951
	3426635952
	3426635953
	3426635954
	3426635955
	3426635956
	3426635957
	3426635958
	3426635959
	3426635960
	3426635961
	3426635962
	3426635963
	3426635964
	3426635965
	3426635966
	3426635967
	3426635968
	3426635969
	3426635970
	3426635971
	3426635972
	3426635973
	3426635974
	3426635975
	3426635976
	3426635977
	3426635978
	3426635979
	3426635980
	3426635981
	3426635982
	3426635983
	3426635984
	3426635985
	3426635986
	3426635987
	3426635988
	3426635989
	3426635990
	3426635991
	3426635992
	3426635993
	3426635994
	3426635995
	3426635996
	3426635997
	3426635998
	3426635999
	3426636000
	3426636001
	3426636002
	3426636003
	3426636004
	3426636005
	3426636006
	3426636007
	3426636008
	3426636009
	3426636010
	3426636011
	3426636012
	3426636013
	3426636014
	3426636015
	3426636016
	3426636017
	3426636018
	3426636019
	3426636020
	3426636021
	3426636022
	3426636023
	3426636024
	3426636025
	3426636026
	3426636027
	3426636028
	3426636029
	3426636030
	3426636031
	3426636032
	3426636033
	3426636034
	3426636035
	3426636036
	3426636037
	3426636038
	3426636039
	3426636040
	3426636041
	3426636042
	3426636043
	3426636044
	3426636045
	3426636046
	3426636047
	3426636048
	3426636049
	3426636050
	3426636051
	3426636052
	3426636053
	3426636054
	3426636055
	3426636056
	3426636057
	3426636058
	3426636059
	3426636060
	3426636061
	3426636062
	3426636063
	3426636064
	3426636065
	3426636066
	3426636067
	3426636068
	3426636069
	3426636070
	3426636071
	3426636072
	3426636073
	3426636074
	3426636075
	3426636076
	3426636077
	3426636078
	3426636079
	3426636080
	3426636081
	3426636082
	3426636083
	3426636084
	3426636085
	3426636086
	3426636087
	3426636088
	3426636089
	3426636090
	3426636091
	3426636092
	3426636093
	3426636094
	3426636095
	3426636096
	3426636097
	3426636098
	3426636099
	3426636100
	3426636101
	3426636102
	3426636103
	3426636104
	3426636105
	3426636106
	3426636107
	3426636108
	3426636109
	3426636110
	3426636111
	3426636112
	3426636113
	3426636114
	3426636115
	3426636116
	3426636117
	3426636118
	3426636119
	3426636120
	3426636121
	3426636122
	3426636123
	3426636124
	3426636125
	3426636126
	3426636127
	3426636128
	3426636129
	3426636130
	3426636131
	3426636132
	3426636133
	3426636134
	3426636135
	3426636136
	3426636137
	3426636138
	3426636139
	3426636140
	3426636141
	3426636142
	3426636143
	3426636144
	3426636145
	3426636146
	3426636147
	3426636148
	3426636149
	3426636150
	3426636151
	3426636152
	3426636153
	3426636154
	3426636155
	3426636156
	3426636157
	3426636158
	3426636159
	3426636160
	3426636161
	3426636162
	3426636163
	3426636164
	3426636165
	3426636166
	3426636167
	3426636168
	3426636169
	3426636170
	3426636171
	3426636172
	3426636173
	3426636174
	3426636175
	3426636176
	3426636177
	3426636178
	3426636179
	3426636180
	3426636181
	3426636182
	3426636183
	3426636184
	3426636185
	3426636186
	3426636187
	3426636188
	3426636189
	3426636190
	3426636191
	3426636192
	3426636193
	3426636194
	3426636195
	3426636196
	3426636197
	3426636198
	3426636199
	3426636200
	3426636201
	3426636202
	3426636203
	3426636204
	3426636205
	3426636206
	3426636207
	3426636208
	3426636209
	3426636210
	3426636211
	3426636212
	3426636213
	3426636214
	3426636215
	3426636216
	3426636217
	3426636218
	3426636219
	3426636220
	3426636221
	3426636222
	3426636223
	3426636224
	3426636225
	3426636226
	3426636227
	3426636228
	3426636229
	3426636230
	3426636231
	3426636232
	3426636233
	3426636234
	3426636235
	3426636236
	3426636237
	3426636238
	3426636239
	3426636240
	3426636241
	3426636242
	3426636243
	3426636244
	3426636245
	3426636246
	3426636247
	3426636248
	3426636249
	3426636250
	3426636251
	3426636252
	3426636253
	3426636254
	3426636255
	3426636256
	3426636257
	3426636258
	3426636259
	3426636260
	3426636261
	3426636262
	3426636263
	3426636264
	3426636265
	3426636266
	3426636267
	3426636268
	3426636269
	3426636270
	3426636271
	3426636272
	3426636273
	3426636274
	3426636275
	3426636276
	3426636277
	3426636278
	3426636279
	3426636280
	3426636281
	3426636282
	3426636283
	3426636284
	3426636285
	3426636286
	3426636287
	3426636288
	3426636289
	3426636290
	3426636291
	3426636292
	3426636293
	3426636294
	3426636295
	3426636296
	3426636297
	3426636298
	3426636299
	3426636300
	3426636301
	3426636302
	3426636303
	3426636304
	3426636305
	3426636306
	3426636307
	3426636308
	3426636309
	3426636310
	3426636311
	3426636312
	3426636313
	3426636314
	3426636315
	3426636316
	3426636317
	3426636318
	3426636319
	3426636320
	3426636321
	3426636322
	3426636323
	3426636324
	3426636325
	3426636326
	3426636327
	3426636328
	3426636329
	3426636330
	3426636331
	3426636332
	3426636333
	3426636334
	3426636335
	3426636336
	3426636337
	3426636338
	3426636339
	3426636340
	3426636341
	3426636342
	3426636343
	3426636344
	3426636345
	3426636346
	3426636347
	3426636348
	3426636349
	3426636350
	3426636351
	3426636352
	3426636353
	3426636354
	3426636355
	3426636356
	3426636357
	3426636358
	3426636359
	3426636360
	3426636361
	3426636362
	3426636363
	3426636364
	3426636365
	3426636366
	3426636367
	3426636368
	3426636369
	3426636370
	3426636371
	3426636372
	3426636373
	3426636374
	3426636375
	3426636376
	3426636377
	3426636378
	3426636379
	3426636380
	3426636381
	3426636382
	3426636383
	3426636384
	3426636385
	3426636386
	3426636387
	3426636388
	3426636389
	3426636390
	3426636391
	3426636392
	3426636393
	3426636394
	3426636395
	3426636396
	3426636397
	3426636398
	3426636399
	3426636400
	3426636401
	3426636402
	3426636403
	3426636404
	3426636405
	3426636406
	3426636407
	3426636408
	3426636409
	3426636410
	3426636411
	3426636412
	3426636413
	3426636414
	3426636415
	3426636416
	3426636417
	3426636418
	3426636419
	3426636420
	3426636421
	3426636422
	3426636423
	3426636424
	3426636425
	3426636426
	3426636427
	3426636428
	3426636429
	3426636430
	3426636431
	3426636432
	3426636433
	3426636434
	3426636435
	3426636436
	3426636437
	3426636438
	3426636439
	3426636440
	3426636441
	3426636442
	3426636443
	3426636444
	3426636445
	3426636446
	3426636447
	3426636448
	3426636449
	3426636450
	3426636451
	3426636452
	3426636453
	3426636454
	3426636455
	3426636456
	3426636457
	3426636458
	3426636459
	3426636460
	3426636461
	3426636462
	3426636463
	3426636464
	3426636465
	3426636466
	3426636467
	3426636468
	3426636469
	3426636470
	3426636471
	3426636472
	3426636473
	3426636474
	3426636475
	3426636476
	3426636477
	3426636478
	3426636479
	3426636480
	3426636481
	3426636482
	3426636483
	3426636484
	3426636485
	3426636486
	3426636487
	3426636488
	3426636489
	3426636490
	3426636491
	3426636492
	3426636493
	3426636494
	3426636495
	3426636496
	3426636497
	3426636498
	3426636499
	3426636500
	3426636501
	3426636502
	3426636503
	3426636504
	3426636505
	3426636506
	3426636507
	3426636508
	3426636509
	3426636510
	3426636511
	3426636512
	3426636513
	3426636514
	3426636515
	3426636516
	3426636517
	3426636518
	3426636519
	3426636520
	3426636521
	3426636522
	3426636523
	3426636524
	3426636525
	3426636526
	3426636527
	3426636528
	3426636529
	3426636530
	3426636531
	3426636532
	3426636533
	3426636534
	3426636535
	3426636536
	3426636537
	3426636538
	3426636539
	3426636540
	3426636541
	3426636542
	3426636543
	3426636544
	3426636545
	3426636546
	3426636547
	3426636548
	3426636549
	3426636550
	3426636551
	3426636552
	3426636553
	3426636554
	3426636555
	3426636556
	3426636557
	3426636558
	3426636559
	3426636560
	3426636561
	3426636562
	3426636563
	3426636564
	3426636565
	3426636566
	3426636567
	3426636568
	3426636569
	3426636570
	3426636571
	3426636572
	3426636573
	3426636574
	3426636575
	3426636576
	3426636577
	3426636578
	3426636579
	3426636580
	3426636581
	3426636582
	3426636583
	3426636584
	3426636585
	3426636586
	3426636587
	3426636588
	3426636589
	3426636590
	3426636591
	3426636592
	3426636593
	3426636594
	3426636595
	3426636596
	3426636597
	3426636598
	3426636599
	3426636600
	3426636601
	3426636602
	3426636603
	3426636604
	3426636605
	3426636606
	3426636607
	3426636608
	3426636609
	3426636610
	3426636611
	3426636612
	3426636613
	3426636614
	3426636615
	3426636616
	3426636617
	3426636618
	3426636619
	3426636620
	3426636621
	3426636622
	3426636623
	3426636624
	3426636625
	3426636626
	3426636627
	3426636628
	3426636629
	3426636630
	3426636631
	3426636632
	3426636633
	3426636634
	3426636635
	3426636636
	3426636637
	3426636638
	3426636639
	3426636640
	3426636641
	3426636642
	3426636643
	3426636644
	3426636645
	3426636646
	3426636647
	3426636648
	3426636649
	3426636650
	3426636651
	3426636652
	3426636653
	3426636654
	3426636655
	3426636656
	3426636657
	3426636658
	3426636659
	3426636660
	3426636661
	3426636662
	3426636663
	3426636664
	3426636665
	3426636666
	3426636667
	3426636668
	3426636669
	3426636670
	3426636671
	3426636672
	3426636673
	3426636674
	3426636675
	3426636676
	3426636677
	3426636678
	3426636679
	3426636680
	3426636681
	3426636682
	3426636683
	3426636684
	3426636685
	3426636686
	3426636687
	3426636688
	3426636689
	3426636690
	3426636691
	3426636692
	3426636693
	3426636694
	3426636695
	3426636696
	3426636697
	3426636698
	3426636699
	3426636700
	3426636701
	3426636702
	3426636703
	3426636704
	3426636705
	3426636706
	3426636707
	3426636708
	3426636709
	3426636710
	3426636711
	3426636712
	3426636713
	3426636714
	3426636715
	3426636716
	3426636717
	3426636718
	3426636719
	3426636720
	3426636721
	3426636722
	3426636723
	3426636724
	3426636725
	3426636726
	3426636727
	3426636728
	3426636729
	3426636730
	3426636731
	3426636732
	3426636733
	3426636734
	3426636735
	3426636736
	3426636737
	3426636738
	3426636739
	3426636740
	3426636741
	3426636742
	3426636743
	3426636744
	3426636745
	3426636746
	3426636747
	3426636748
	3426636749
	3426636750
	3426636751
	3426636752
	3426636753
	3426636754
	3426636755
	3426636756
	3426636757
	3426636758
	3426636759
	3426636760
	3426636761
	3426636762
	3426636763
	3426636764
	3426636765
	3426636766
	3426636767
	3426636768
	3426636769
	3426636770
	3426636771
	3426636772
	3426636773
	3426636774
	3426636775
	3426636776
	3426636777
	3426636778
	3426636779
	3426636780
	3426636781
	3426636782
	3426636783
	3426636784
	3426636785
	3426636786
	3426636787
	3426636788
	3426636789
	3426636790
	3426636791
	3426636792
	3426636793
	3426636794
	3426636795
	3426636796
	3426636797
	3426636798
	3426636799
	3426636800
	3426636801
	3426636802
	3426636803
	3426636804
	3426636805
	3426636806
	3426636807
	3426636808
	3426636809
	3426636810
	3426636811
	3426636812
	3426636813
	3426636814
	3426636815
	3426636816
	3426636817
	3426636818
	3426636819
	3426636820
	3426636821
	3426636822
	3426636823
	3426636824
	3426636825
	3426636826
	3426636827
	3426636828
	3426636829
	3426636830
	3426636831
	3426636832
	3426636833
	3426636834
	3426636835
	3426636836
	3426636837
	3426636838
	3426636839
	3426636840
	3426636841
	3426636842
	3426636843
	3426636844
	3426636845
	3426636846
	3426636847
	3426636848
	3426636849
	3426636850
	3426636851
	3426636852
	3426636853
	3426636854
	3426636855
	3426636856
	3426636857
	3426636858
	3426636859
	3426636860
	3426636861
	3426636862
	3426636863
	3426636864
	3426636865
	3426636866
	3426636867
	3426636868
	3426636869
	3426636870
	3426636871
	3426636872
	3426636873
	3426636874
	3426636875
	3426636876
	3426636877
	3426636878
	3426636879
	3426636880
	3426636881
	3426636882
	3426636883
	3426636884
	3426636885
	3426636886
	3426636887
	3426636888
	3426636889
	3426636890
	3426636891
	3426636892
	3426636893
	3426636894
	3426636895
	3426636896
	3426636897
	3426636898
	3426636899
	3426636900
	3426636901
	3426636902
	3426636903
	3426636904
	3426636905
	3426636906
	3426636907
	3426636908
	3426636909
	3426636910
	3426636911
	3426636912
	3426636913
	3426636914
	3426636915
	3426636916
	3426636917
	3426636918
	3426636919
	3426636920
	3426636921
	3426636922
	3426636923
	3426636924
	3426636925
	3426636926
	3426636927
	3426636928
	3426636929
	3426636930
	3426636931
	3426636932
	3426636933
	3426636934
	3426636935
	3426636936
	3426636937
	3426636938
	3426636939
	3426636940
	3426636941
	3426636942
	3426636943
	3426636944
	3426636945
	3426636946
	3426636947
	3426636948
	3426636949
	3426636950
	3426636951
	3426636952
	3426636953
	3426636954
	3426636955
	3426636956
	3426636957
	3426636958
	3426636959
	3426636960
	3426636961
	3426636962
	3426636963
	3426636964
	3426636965
	3426636966
	3426636967
	3426636968
	3426636969
	3426636970
	3426636971
	3426636972
	3426636973
	3426636974
	3426636975
	3426636976
	3426636977
	3426636978
	3426636979
	3426636980
	3426636981
	3426636982
	3426636983
	3426636984
	3426636985
	3426636986
	3426636987
	3426636988
	3426636989
	3426636990
	3426636991
	3426636992
	3426636993
	3426636994
	3426636995
	3426636996
	3426636997
	3426636998
	3426636999
	3426637000
	3426637001
	3426637002
	3426637003
	3426637004
	3426637005
	3426637006
	3426637007
	3426637008
	3426637009
	3426637010
	3426637011
	3426637012
	3426637013
	3426637014
	3426637015
	3426637016
	3426637017
	3426637018
	3426637019
	3426637020
	3426637021
	3426637022
	3426637023
	3426637024
	3426637025
	3426637026
	3426637027
	3426637028
	3426637029
	3426637030
	3426637031
	3426637032
	3426637033
	3426637034
	3426637035
	3426637036
	3426637037
	3426637038
	3426637039
	3426637040
	3426637041
	3426637042
	3426637043
	3426637044
	3426637045
	3426637046
	3426637047
	3426637048
	3426637049
	3426637050
	3426637051
	3426637052
	3426637053
	3426637054
	3426637055
	3426637056
	3426637057
	3426637058
	3426637059
	3426637060
	3426637061
	3426637062
	3426637063
	3426637064
	3426637065
	3426637066
	3426637067
	3426637068
	3426637069
	3426637070
	3426637071
	3426637072
	3426637073
	3426637074
	3426637075
	3426637076
	3426637077
	3426637078
	3426637079
	3426637080
	3426637081
	3426637082
	3426637083
	3426637084
	3426637085
	3426637086
	3426637087
	3426637088
	3426637089
	3426637090
	3426637091
	3426637092
	3426637093
	3426637094
	3426637095
	3426637096
	3426637097
	3426637098
	3426637099
	3426637100
	3426637101
	3426637102
	3426637103
	3426637104
	3426637105
	3426637106
	3426637107
	3426637108
	3426637109
	3426637110
	3426637111
	3426637112
	3426637113
	3426637114
	3426637115
	3426637116
	3426637117
	3426637118
	3426637119
	3426637120
	3426637121
	3426637122
	3426637123
	3426637124
	3426637125
	3426637126
	3426637127
	3426637128
	3426637129
	3426637130
	3426637131
	3426637132
	3426637133
	3426637134
	3426637135
	3426637136
	3426637137
	3426637138
	3426637139
	3426637140
	3426637141
	3426637142
	3426637143
	3426637144
	3426637145
	3426637146
	3426637147
	3426637148
	3426637149
	3426637150
	3426637151
	3426637152
	3426637153
	3426637154
	3426637155
	3426637156
	3426637157
	3426637158
	3426637159
	3426637160
	3426637161
	3426637162
	3426637163
	3426637164
	3426637165
	3426637166
	3426637167
	3426637168
	3426637169
	3426637170
	3426637171
	3426637172
	3426637173
	3426637174
	3426637175
	3426637176
	3426637177
	3426637178
	3426637179
	3426637180
	3426637181
	3426637182
	3426637183
	3426637184
	3426637185
	3426637186
	3426637187
	3426637188
	3426637189
	3426637190
	3426637191
	3426637192
	3426637193
	3426637194
	3426637195
	3426637196
	3426637197
	3426637198
	3426637199
	3426637200
	3426637201
	3426637202
	3426637203
	3426637204
	3426637205
	3426637206
	3426637207
	3426637208
	3426637209
	3426637210
	3426637211
	3426637212
	3426637213
	3426637214
	3426637215
	3426637216
	3426637217
	3426637218
	3426637219
	3426637220
	3426637221
	3426637222
	3426637223
	3426637224
	3426637225
	3426637226
	3426637227
	3426637228
	3426637229
	3426637230
	3426637231
	3426637232
	3426637233
	3426637234
	3426637235
	3426637236
	3426637237
	3426637238
	3426637239
	3426637240
	3426637241
	3426637242
	3426637243
	3426637244
	3426637245
	3426637246
	3426637247
	3426637248
	3426637249
	3426637250
	3426637251
	3426637252
	3426637253
	3426637254
	3426637255
	3426637256
	3426637257
	3426637258
	3426637259
	3426637260
	3426637261
	3426637262
	3426637263
	3426637264
	3426637265
	3426637266
	3426637267
	3426637268
	3426637269
	3426637270
	3426637271
	3426637272
	3426637273
	3426637274
	3426637275
	3426637276
	3426637277
	3426637278
	3426637279
	3426637280
	3426637281
	3426637282
	3426637283
	3426637284
	3426637285
	3426637286
	3426637287
	3426637288
	3426637289
	3426637290
	3426637291
	3426637292
	3426637293
	3426637294
	3426637295
	3426637296
	3426637297
	3426637298
	3426637299
	3426637300
	3426637301
	3426637302
	3426637303
	3426637304
	3426637305
	3426637306
	3426637307
	3426637308
	3426637309
	3426637310
	3426637311
	3426637312
	3426637313
	3426637314
	3426637315
	3426637316
	3426637317
	3426637318
	3426637319
	3426637320
	3426637321
	3426637322
	3426637323
	3426637324
	3426637325
	3426637326
	3426637327
	3426637328
	3426637329
	3426637330
	3426637331
	3426637332
	3426637333
	3426637334
	3426637335
	3426637336
	3426637337
	3426637338
	3426637339
	3426637340
	3426637341
	3426637342
	3426637343
	3426637344
	3426637345
	3426637346
	3426637347
	3426637348
	3426637349
	3426637350
	3426637351
	3426637352
	3426637353
	3426637354
	3426637355
	3426637356
	3426637357
	3426637358
	3426637359
	3426637360
	3426637361
	3426637362
	3426637363
	3426637364
	3426637365
	3426637366
	3426637367
	3426637368
	3426637369
	3426637370
	3426637371
	3426637372
	3426637373
	3426637374
	3426637375
	3426637376
	3426637377
	3426637378
	3426637379
	3426637380
	3426637381
	3426637382
	3426637383
	3426637384
	3426637385
	3426637386
	3426637387
	3426637388
	3426637389
	3426637390
	3426637391
	3426637392
	3426637393
	3426637394
	3426637395
	3426637396
	3426637397
	3426637398
	3426637399
	3426637400
	3426637401
	3426637402
	3426637403
	3426637404
	3426637405
	3426637406
	3426637407
	3426637408
	3426637409
	3426637410
	3426637411
	3426637412
	3426637413
	3426637414
	3426637415
	3426637416
	3426637417
	3426637418
	3426637419
	3426637420
	3426637421
	3426637422
	3426637423
	3426637424
	3426637425
	3426637426
	3426637427
	3426637428
	3426637429
	3426637430
	3426637431
	3426637432
	3426637433
	3426637434
	3426637435
	3426637436
	3426637437
	3426637438
	3426637439
	3426637440
	3426637441
	3426637442
	3426637443
	3426637444
	3426637445
	3426637446
	3426637447
	3426637448
	3426637449
	3426637450
	3426637451
	3426637452
	3426637453
	3426637454
	3426637455
	3426637456
	3426637457
	3426637458
	3426637459
	3426637460
	3426637461
	3426637462
	3426637463
	3426637464
	3426637465
	3426637466
	3426637467
	3426637468
	3426637469
	3426637470
	3426637471
	3426637472
	3426637473
	3426637474
	3426637475
	3426637476
	3426637477
	3426637478
	3426637479
	3426637480
	3426637481
	3426637482
	3426637483
	3426637484
	3426637485
	3426637486
	3426637487
	3426637488
	3426637489
	3426637490
	3426637491
	3426637492
	3426637493
	3426637494
	3426637495
	3426637496
	3426637497
	3426637498
	3426637499
	3426637500
	3426637501
	3426637502
	3426637503
	3426637504
	3426637505
	3426637506
	3426637507
	3426637508
	3426637509
	3426637510
	3426637511
	3426637512
	3426637513
	3426637514
	3426637515
	3426637516
	3426637517
	3426637518
