	3426576319
	3426576320
	3426576321
	3426576322
	3426576323
	3426576324
	3426576325
	3426576326
	3426576327
	3426576328
	3426576329
	3426576330
	3426576331
	3426576332
	3426576333
	3426576334
	3426576335
	3426576336
	3426576337
	3426576338
	3426576339
	3426576340
	3426576341
	3426576342
	3426576343
	3426576344
	3426576345
	3426576346
	3426576347
	3426576348
	3426576349
	3426576350
	3426576351
	3426576352
	3426576353
	3426576354
	3426576355
	3426576356
	3426576357
	3426576358
	3426576359
	3426576360
	3426576361
	3426576362
	3426576363
	3426576364
	3426576365
	3426576366
	3426576367
	3426576368
	3426576369
	3426576370
	3426576371
	3426576372
	3426576373
	3426576374
	3426576375
	3426576376
	3426576377
	3426576378
	3426576379
	3426576380
	3426576381
	3426576382
	3426576383
	3426576384
	3426576385
	3426576386
	3426576387
	3426576388
	3426576389
	3426576390
	3426576391
	3426576392
	3426576393
	3426576394
	3426576395
	3426576396
	3426576397
	3426576398
	3426576399
	3426576400
	3426576401
	3426576402
	3426576403
	3426576404
	3426576405
	3426576406
	3426576407
	3426576408
	3426576409
	3426576410
	3426576411
	3426576412
	3426576413
	3426576414
	3426576415
	3426576416
	3426576417
	3426576418
	3426576419
	3426576420
	3426576421
	3426576422
	3426576423
	3426576424
	3426576425
	3426576426
	3426576427
	3426576428
	3426576429
	3426576430
	3426576431
	3426576432
	3426576433
	3426576434
	3426576435
	3426576436
	3426576437
	3426576438
	3426576439
	3426576440
	3426576441
	3426576442
	3426576443
	3426576444
	3426576445
	3426576446
	3426576447
	3426576448
	3426576449
	3426576450
	3426576451
	3426576452
	3426576453
	3426576454
	3426576455
	3426576456
	3426576457
	3426576458
	3426576459
	3426576460
	3426576461
	3426576462
	3426576463
	3426576464
	3426576465
	3426576466
	3426576467
	3426576468
	3426576469
	3426576470
	3426576471
	3426576472
	3426576473
	3426576474
	3426576475
	3426576476
	3426576477
	3426576478
	3426576479
	3426576480
	3426576481
	3426576482
	3426576483
	3426576484
	3426576485
	3426576486
	3426576487
	3426576488
	3426576489
	3426576490
	3426576491
	3426576492
	3426576493
	3426576494
	3426576495
	3426576496
	3426576497
	3426576498
	3426576499
	3426576500
	3426576501
	3426576502
	3426576503
	3426576504
	3426576505
	3426576506
	3426576507
	3426576508
	3426576509
	3426576510
	3426576511
	3426576512
	3426576513
	3426576514
	3426576515
	3426576516
	3426576517
	3426576518
	3426576519
	3426576520
	3426576521
	3426576522
	3426576523
	3426576524
	3426576525
	3426576526
	3426576527
	3426576528
	3426576529
	3426576530
	3426576531
	3426576532
	3426576533
	3426576534
	3426576535
	3426576536
	3426576537
	3426576538
	3426576539
	3426576540
	3426576541
	3426576542
	3426576543
	3426576544
	3426576545
	3426576546
	3426576547
	3426576548
	3426576549
	3426576550
	3426576551
	3426576552
	3426576553
	3426576554
	3426576555
	3426576556
	3426576557
	3426576558
	3426576559
	3426576560
	3426576561
	3426576562
	3426576563
	3426576564
	3426576565
	3426576566
	3426576567
	3426576568
	3426576569
	3426576570
	3426576571
	3426576572
	3426576573
	3426576574
	3426576575
	3426576576
	3426576577
	3426576578
	3426576579
	3426576580
	3426576581
	3426576582
	3426576583
	3426576584
	3426576585
	3426576586
	3426576587
	3426576588
	3426576589
	3426576590
	3426576591
	3426576592
	3426576593
	3426576594
	3426576595
	3426576596
	3426576597
	3426576598
	3426576599
	3426576600
	3426576601
	3426576602
	3426576603
	3426576604
	3426576605
	3426576606
	3426576607
	3426576608
	3426576609
	3426576610
	3426576611
	3426576612
	3426576613
	3426576614
	3426576615
	3426576616
	3426576617
	3426576618
	3426576619
	3426576620
	3426576621
	3426576622
	3426576623
	3426576624
	3426576625
	3426576626
	3426576627
	3426576628
	3426576629
	3426576630
	3426576631
	3426576632
	3426576633
	3426576634
	3426576635
	3426576636
	3426576637
	3426576638
	3426576639
	3426576640
	3426576641
	3426576642
	3426576643
	3426576644
	3426576645
	3426576646
	3426576647
	3426576648
	3426576649
	3426576650
	3426576651
	3426576652
	3426576653
	3426576654
	3426576655
	3426576656
	3426576657
	3426576658
	3426576659
	3426576660
	3426576661
	3426576662
	3426576663
	3426576664
	3426576665
	3426576666
	3426576667
	3426576668
	3426576669
	3426576670
	3426576671
	3426576672
	3426576673
	3426576674
	3426576675
	3426576676
	3426576677
	3426576678
	3426576679
	3426576680
	3426576681
	3426576682
	3426576683
	3426576684
	3426576685
	3426576686
	3426576687
	3426576688
	3426576689
	3426576690
	3426576691
	3426576692
	3426576693
	3426576694
	3426576695
	3426576696
	3426576697
	3426576698
	3426576699
	3426576700
	3426576701
	3426576702
	3426576703
	3426576704
	3426576705
	3426576706
	3426576707
	3426576708
	3426576709
	3426576710
	3426576711
	3426576712
	3426576713
	3426576714
	3426576715
	3426576716
	3426576717
	3426576718
	3426576719
	3426576720
	3426576721
	3426576722
	3426576723
	3426576724
	3426576725
	3426576726
	3426576727
	3426576728
	3426576729
	3426576730
	3426576731
	3426576732
	3426576733
	3426576734
	3426576735
	3426576736
	3426576737
	3426576738
	3426576739
	3426576740
	3426576741
	3426576742
	3426576743
	3426576744
	3426576745
	3426576746
	3426576747
	3426576748
	3426576749
	3426576750
	3426576751
	3426576752
	3426576753
	3426576754
	3426576755
	3426576756
	3426576757
	3426576758
	3426576759
	3426576760
	3426576761
	3426576762
	3426576763
	3426576764
	3426576765
	3426576766
	3426576767
	3426576768
	3426576769
	3426576770
	3426576771
	3426576772
	3426576773
	3426576774
	3426576775
	3426576776
	3426576777
	3426576778
	3426576779
	3426576780
	3426576781
	3426576782
	3426576783
	3426576784
	3426576785
	3426576786
	3426576787
	3426576788
	3426576789
	3426576790
	3426576791
	3426576792
	3426576793
	3426576794
	3426576795
	3426576796
	3426576797
	3426576798
	3426576799
	3426576800
	3426576801
	3426576802
	3426576803
	3426576804
	3426576805
	3426576806
	3426576807
	3426576808
	3426576809
	3426576810
	3426576811
	3426576812
	3426576813
	3426576814
	3426576815
	3426576816
	3426576817
	3426576818
	3426576819
	3426576820
	3426576821
	3426576822
	3426576823
	3426576824
	3426576825
	3426576826
	3426576827
	3426576828
	3426576829
	3426576830
	3426576831
	3426576832
	3426576833
	3426576834
	3426576835
	3426576836
	3426576837
	3426576838
	3426576839
	3426576840
	3426576841
	3426576842
	3426576843
	3426576844
	3426576845
	3426576846
	3426576847
	3426576848
	3426576849
	3426576850
	3426576851
	3426576852
	3426576853
	3426576854
	3426576855
	3426576856
	3426576857
	3426576858
	3426576859
	3426576860
	3426576861
	3426576862
	3426576863
	3426576864
	3426576865
	3426576866
	3426576867
	3426576868
	3426576869
	3426576870
	3426576871
	3426576872
	3426576873
	3426576874
	3426576875
	3426576876
	3426576877
	3426576878
	3426576879
	3426576880
	3426576881
	3426576882
	3426576883
	3426576884
	3426576885
	3426576886
	3426576887
	3426576888
	3426576889
	3426576890
	3426576891
	3426576892
	3426576893
	3426576894
	3426576895
	3426576896
	3426576897
	3426576898
	3426576899
	3426576900
	3426576901
	3426576902
	3426576903
	3426576904
	3426576905
	3426576906
	3426576907
	3426576908
	3426576909
	3426576910
	3426576911
	3426576912
	3426576913
	3426576914
	3426576915
	3426576916
	3426576917
	3426576918
	3426576919
	3426576920
	3426576921
	3426576922
	3426576923
	3426576924
	3426576925
	3426576926
	3426576927
	3426576928
	3426576929
	3426576930
	3426576931
	3426576932
	3426576933
	3426576934
	3426576935
	3426576936
	3426576937
	3426576938
	3426576939
	3426576940
	3426576941
	3426576942
	3426576943
	3426576944
	3426576945
	3426576946
	3426576947
	3426576948
	3426576949
	3426576950
	3426576951
	3426576952
	3426576953
	3426576954
	3426576955
	3426576956
	3426576957
	3426576958
	3426576959
	3426576960
	3426576961
	3426576962
	3426576963
	3426576964
	3426576965
	3426576966
	3426576967
	3426576968
	3426576969
	3426576970
	3426576971
	3426576972
	3426576973
	3426576974
	3426576975
	3426576976
	3426576977
	3426576978
	3426576979
	3426576980
	3426576981
	3426576982
	3426576983
	3426576984
	3426576985
	3426576986
	3426576987
	3426576988
	3426576989
	3426576990
	3426576991
	3426576992
	3426576993
	3426576994
	3426576995
	3426576996
	3426576997
	3426576998
	3426576999
	3426577000
	3426577001
	3426577002
	3426577003
	3426577004
	3426577005
	3426577006
	3426577007
	3426577008
	3426577009
	3426577010
	3426577011
	3426577012
	3426577013
	3426577014
	3426577015
	3426577016
	3426577017
	3426577018
	3426577019
	3426577020
	3426577021
	3426577022
	3426577023
	3426577024
	3426577025
	3426577026
	3426577027
	3426577028
	3426577029
	3426577030
	3426577031
	3426577032
	3426577033
	3426577034
	3426577035
	3426577036
	3426577037
	3426577038
	3426577039
	3426577040
	3426577041
	3426577042
	3426577043
	3426577044
	3426577045
	3426577046
	3426577047
	3426577048
	3426577049
	3426577050
	3426577051
	3426577052
	3426577053
	3426577054
	3426577055
	3426577056
	3426577057
	3426577058
	3426577059
	3426577060
	3426577061
	3426577062
	3426577063
	3426577064
	3426577065
	3426577066
	3426577067
	3426577068
	3426577069
	3426577070
	3426577071
	3426577072
	3426577073
	3426577074
	3426577075
	3426577076
	3426577077
	3426577078
	3426577079
	3426577080
	3426577081
	3426577082
	3426577083
	3426577084
	3426577085
	3426577086
	3426577087
	3426577088
	3426577089
	3426577090
	3426577091
	3426577092
	3426577093
	3426577094
	3426577095
	3426577096
	3426577097
	3426577098
	3426577099
	3426577100
	3426577101
	3426577102
	3426577103
	3426577104
	3426577105
	3426577106
	3426577107
	3426577108
	3426577109
	3426577110
	3426577111
	3426577112
	3426577113
	3426577114
	3426577115
	3426577116
	3426577117
	3426577118
	3426577119
	3426577120
	3426577121
	3426577122
	3426577123
	3426577124
	3426577125
	3426577126
	3426577127
	3426577128
	3426577129
	3426577130
	3426577131
	3426577132
	3426577133
	3426577134
	3426577135
	3426577136
	3426577137
	3426577138
	3426577139
	3426577140
	3426577141
	3426577142
	3426577143
	3426577144
	3426577145
	3426577146
	3426577147
	3426577148
	3426577149
	3426577150
	3426577151
	3426577152
	3426577153
	3426577154
	3426577155
	3426577156
	3426577157
	3426577158
	3426577159
	3426577160
	3426577161
	3426577162
	3426577163
	3426577164
	3426577165
	3426577166
	3426577167
	3426577168
	3426577169
	3426577170
	3426577171
	3426577172
	3426577173
	3426577174
	3426577175
	3426577176
	3426577177
	3426577178
	3426577179
	3426577180
	3426577181
	3426577182
	3426577183
	3426577184
	3426577185
	3426577186
	3426577187
	3426577188
	3426577189
	3426577190
	3426577191
	3426577192
	3426577193
	3426577194
	3426577195
	3426577196
	3426577197
	3426577198
	3426577199
	3426577200
	3426577201
	3426577202
	3426577203
	3426577204
	3426577205
	3426577206
	3426577207
	3426577208
	3426577209
	3426577210
	3426577211
	3426577212
	3426577213
	3426577214
	3426577215
	3426577216
	3426577217
	3426577218
	3426577219
	3426577220
	3426577221
	3426577222
	3426577223
	3426577224
	3426577225
	3426577226
	3426577227
	3426577228
	3426577229
	3426577230
	3426577231
	3426577232
	3426577233
	3426577234
	3426577235
	3426577236
	3426577237
	3426577238
	3426577239
	3426577240
	3426577241
	3426577242
	3426577243
	3426577244
	3426577245
	3426577246
	3426577247
	3426577248
	3426577249
	3426577250
	3426577251
	3426577252
	3426577253
	3426577254
	3426577255
	3426577256
	3426577257
	3426577258
	3426577259
	3426577260
	3426577261
	3426577262
	3426577263
	3426577264
	3426577265
	3426577266
	3426577267
	3426577268
	3426577269
	3426577270
	3426577271
	3426577272
	3426577273
	3426577274
	3426577275
	3426577276
	3426577277
	3426577278
	3426577279
	3426577280
	3426577281
	3426577282
	3426577283
	3426577284
	3426577285
	3426577286
	3426577287
	3426577288
	3426577289
	3426577290
	3426577291
	3426577292
	3426577293
	3426577294
	3426577295
	3426577296
	3426577297
	3426577298
	3426577299
	3426577300
	3426577301
	3426577302
	3426577303
	3426577304
	3426577305
	3426577306
	3426577307
	3426577308
	3426577309
	3426577310
	3426577311
	3426577312
	3426577313
	3426577314
	3426577315
	3426577316
	3426577317
	3426577318
	3426577319
	3426577320
	3426577321
	3426577322
	3426577323
	3426577324
	3426577325
	3426577326
	3426577327
	3426577328
	3426577329
	3426577330
	3426577331
	3426577332
	3426577333
	3426577334
	3426577335
	3426577336
	3426577337
	3426577338
	3426577339
	3426577340
	3426577341
	3426577342
	3426577343
	3426577344
	3426577345
	3426577346
	3426577347
	3426577348
	3426577349
	3426577350
	3426577351
	3426577352
	3426577353
	3426577354
	3426577355
	3426577356
	3426577357
	3426577358
	3426577359
	3426577360
	3426577361
	3426577362
	3426577363
	3426577364
	3426577365
	3426577366
	3426577367
	3426577368
	3426577369
	3426577370
	3426577371
	3426577372
	3426577373
	3426577374
	3426577375
	3426577376
	3426577377
	3426577378
	3426577379
	3426577380
	3426577381
	3426577382
	3426577383
	3426577384
	3426577385
	3426577386
	3426577387
	3426577388
	3426577389
	3426577390
	3426577391
	3426577392
	3426577393
	3426577394
	3426577395
	3426577396
	3426577397
	3426577398
	3426577399
	3426577400
	3426577401
	3426577402
	3426577403
	3426577404
	3426577405
	3426577406
	3426577407
	3426577408
	3426577409
	3426577410
	3426577411
	3426577412
	3426577413
	3426577414
	3426577415
	3426577416
	3426577417
	3426577418
	3426577419
	3426577420
	3426577421
	3426577422
	3426577423
	3426577424
	3426577425
	3426577426
	3426577427
	3426577428
	3426577429
	3426577430
	3426577431
	3426577432
	3426577433
	3426577434
	3426577435
	3426577436
	3426577437
	3426577438
	3426577439
	3426577440
	3426577441
	3426577442
	3426577443
	3426577444
	3426577445
	3426577446
	3426577447
	3426577448
	3426577449
	3426577450
	3426577451
	3426577452
	3426577453
	3426577454
	3426577455
	3426577456
	3426577457
	3426577458
	3426577459
	3426577460
	3426577461
	3426577462
	3426577463
	3426577464
	3426577465
	3426577466
	3426577467
	3426577468
	3426577469
	3426577470
	3426577471
	3426577472
	3426577473
	3426577474
	3426577475
	3426577476
	3426577477
	3426577478
	3426577479
	3426577480
	3426577481
	3426577482
	3426577483
	3426577484
	3426577485
	3426577486
	3426577487
	3426577488
	3426577489
	3426577490
	3426577491
	3426577492
	3426577493
	3426577494
	3426577495
	3426577496
	3426577497
	3426577498
	3426577499
	3426577500
	3426577501
	3426577502
	3426577503
	3426577504
	3426577505
	3426577506
	3426577507
	3426577508
	3426577509
	3426577510
	3426577511
	3426577512
	3426577513
	3426577514
	3426577515
	3426577516
	3426577517
	3426577518
	3426577519
	3426577520
	3426577521
	3426577522
	3426577523
	3426577524
	3426577525
	3426577526
	3426577527
	3426577528
	3426577529
	3426577530
	3426577531
	3426577532
	3426577533
	3426577534
	3426577535
	3426577536
	3426577537
	3426577538
	3426577539
	3426577540
	3426577541
	3426577542
	3426577543
	3426577544
	3426577545
	3426577546
	3426577547
	3426577548
	3426577549
	3426577550
	3426577551
	3426577552
	3426577553
	3426577554
	3426577555
	3426577556
	3426577557
	3426577558
	3426577559
	3426577560
	3426577561
	3426577562
	3426577563
	3426577564
	3426577565
	3426577566
	3426577567
	3426577568
	3426577569
	3426577570
	3426577571
	3426577572
	3426577573
	3426577574
	3426577575
	3426577576
	3426577577
	3426577578
	3426577579
	3426577580
	3426577581
	3426577582
	3426577583
	3426577584
	3426577585
	3426577586
	3426577587
	3426577588
	3426577589
	3426577590
	3426577591
	3426577592
	3426577593
	3426577594
	3426577595
	3426577596
	3426577597
	3426577598
	3426577599
	3426577600
	3426577601
	3426577602
	3426577603
	3426577604
	3426577605
	3426577606
	3426577607
	3426577608
	3426577609
	3426577610
	3426577611
	3426577612
	3426577613
	3426577614
	3426577615
	3426577616
	3426577617
	3426577618
	3426577619
	3426577620
	3426577621
	3426577622
	3426577623
	3426577624
	3426577625
	3426577626
	3426577627
	3426577628
	3426577629
	3426577630
	3426577631
	3426577632
	3426577633
	3426577634
	3426577635
	3426577636
	3426577637
	3426577638
	3426577639
	3426577640
	3426577641
	3426577642
	3426577643
	3426577644
	3426577645
	3426577646
	3426577647
	3426577648
	3426577649
	3426577650
	3426577651
	3426577652
	3426577653
	3426577654
	3426577655
	3426577656
	3426577657
	3426577658
	3426577659
	3426577660
	3426577661
	3426577662
	3426577663
	3426577664
	3426577665
	3426577666
	3426577667
	3426577668
	3426577669
	3426577670
	3426577671
	3426577672
	3426577673
	3426577674
	3426577675
	3426577676
	3426577677
	3426577678
	3426577679
	3426577680
	3426577681
	3426577682
	3426577683
	3426577684
	3426577685
	3426577686
	3426577687
	3426577688
	3426577689
	3426577690
	3426577691
	3426577692
	3426577693
	3426577694
	3426577695
	3426577696
	3426577697
	3426577698
	3426577699
	3426577700
	3426577701
	3426577702
	3426577703
	3426577704
	3426577705
	3426577706
	3426577707
	3426577708
	3426577709
	3426577710
	3426577711
	3426577712
	3426577713
	3426577714
	3426577715
	3426577716
	3426577717
	3426577718
	3426577719
	3426577720
	3426577721
	3426577722
	3426577723
	3426577724
	3426577725
	3426577726
	3426577727
	3426577728
	3426577729
	3426577730
	3426577731
	3426577732
	3426577733
	3426577734
	3426577735
	3426577736
	3426577737
	3426577738
	3426577739
	3426577740
	3426577741
	3426577742
	3426577743
	3426577744
	3426577745
	3426577746
	3426577747
	3426577748
	3426577749
	3426577750
	3426577751
	3426577752
	3426577753
	3426577754
	3426577755
	3426577756
	3426577757
	3426577758
	3426577759
	3426577760
	3426577761
	3426577762
	3426577763
	3426577764
	3426577765
	3426577766
	3426577767
	3426577768
	3426577769
	3426577770
	3426577771
	3426577772
	3426577773
	3426577774
	3426577775
	3426577776
	3426577777
	3426577778
	3426577779
	3426577780
	3426577781
	3426577782
	3426577783
	3426577784
	3426577785
	3426577786
	3426577787
	3426577788
	3426577789
	3426577790
	3426577791
	3426577792
	3426577793
	3426577794
	3426577795
	3426577796
	3426577797
	3426577798
	3426577799
	3426577800
	3426577801
	3426577802
	3426577803
	3426577804
	3426577805
	3426577806
	3426577807
	3426577808
	3426577809
	3426577810
	3426577811
	3426577812
	3426577813
	3426577814
	3426577815
	3426577816
	3426577817
	3426577818
	3426577819
	3426577820
	3426577821
	3426577822
	3426577823
	3426577824
	3426577825
	3426577826
	3426577827
	3426577828
	3426577829
	3426577830
	3426577831
	3426577832
	3426577833
	3426577834
	3426577835
	3426577836
	3426577837
	3426577838
	3426577839
	3426577840
	3426577841
	3426577842
	3426577843
	3426577844
	3426577845
	3426577846
	3426577847
	3426577848
	3426577849
	3426577850
	3426577851
	3426577852
	3426577853
	3426577854
	3426577855
	3426577856
	3426577857
	3426577858
	3426577859
	3426577860
	3426577861
	3426577862
	3426577863
	3426577864
	3426577865
	3426577866
	3426577867
	3426577868
	3426577869
	3426577870
	3426577871
	3426577872
	3426577873
	3426577874
	3426577875
	3426577876
	3426577877
	3426577878
	3426577879
	3426577880
	3426577881
	3426577882
	3426577883
	3426577884
	3426577885
	3426577886
	3426577887
	3426577888
	3426577889
	3426577890
	3426577891
	3426577892
	3426577893
	3426577894
	3426577895
	3426577896
	3426577897
	3426577898
	3426577899
	3426577900
	3426577901
	3426577902
	3426577903
	3426577904
	3426577905
	3426577906
	3426577907
	3426577908
	3426577909
	3426577910
	3426577911
	3426577912
	3426577913
	3426577914
	3426577915
	3426577916
	3426577917
	3426577918
	3426577919
	3426577920
	3426577921
	3426577922
	3426577923
	3426577924
	3426577925
	3426577926
	3426577927
	3426577928
	3426577929
	3426577930
	3426577931
	3426577932
	3426577933
	3426577934
	3426577935
	3426577936
	3426577937
	3426577938
	3426577939
	3426577940
	3426577941
	3426577942
	3426577943
	3426577944
	3426577945
	3426577946
	3426577947
	3426577948
	3426577949
	3426577950
	3426577951
	3426577952
	3426577953
	3426577954
	3426577955
	3426577956
	3426577957
	3426577958
	3426577959
	3426577960
	3426577961
	3426577962
	3426577963
	3426577964
	3426577965
	3426577966
	3426577967
	3426577968
	3426577969
	3426577970
	3426577971
	3426577972
	3426577973
	3426577974
	3426577975
	3426577976
	3426577977
	3426577978
	3426577979
	3426577980
	3426577981
	3426577982
	3426577983
	3426577984
	3426577985
	3426577986
	3426577987
	3426577988
	3426577989
	3426577990
	3426577991
	3426577992
	3426577993
	3426577994
	3426577995
	3426577996
	3426577997
	3426577998
	3426577999
	3426578000
	3426578001
	3426578002
	3426578003
	3426578004
	3426578005
	3426578006
	3426578007
	3426578008
	3426578009
	3426578010
	3426578011
	3426578012
	3426578013
	3426578014
	3426578015
	3426578016
	3426578017
	3426578018
	3426578019
	3426578020
	3426578021
	3426578022
	3426578023
	3426578024
	3426578025
	3426578026
	3426578027
	3426578028
	3426578029
	3426578030
	3426578031
	3426578032
	3426578033
	3426578034
	3426578035
	3426578036
	3426578037
	3426578038
	3426578039
	3426578040
	3426578041
	3426578042
	3426578043
	3426578044
	3426578045
	3426578046
	3426578047
	3426578048
	3426578049
	3426578050
	3426578051
	3426578052
	3426578053
	3426578054
	3426578055
	3426578056
	3426578057
	3426578058
	3426578059
	3426578060
	3426578061
	3426578062
	3426578063
	3426578064
	3426578065
	3426578066
	3426578067
	3426578068
	3426578069
	3426578070
	3426578071
	3426578072
	3426578073
	3426578074
	3426578075
	3426578076
	3426578077
	3426578078
	3426578079
	3426578080
	3426578081
	3426578082
	3426578083
	3426578084
	3426578085
	3426578086
	3426578087
	3426578088
	3426578089
	3426578090
	3426578091
	3426578092
	3426578093
	3426578094
	3426578095
	3426578096
	3426578097
	3426578098
	3426578099
	3426578100
	3426578101
	3426578102
	3426578103
	3426578104
	3426578105
	3426578106
	3426578107
	3426578108
	3426578109
	3426578110
	3426578111
	3426578112
	3426578113
	3426578114
	3426578115
	3426578116
	3426578117
	3426578118
	3426578119
	3426578120
	3426578121
	3426578122
	3426578123
	3426578124
	3426578125
	3426578126
	3426578127
	3426578128
	3426578129
	3426578130
	3426578131
	3426578132
	3426578133
	3426578134
	3426578135
	3426578136
	3426578137
	3426578138
	3426578139
	3426578140
	3426578141
	3426578142
	3426578143
	3426578144
	3426578145
	3426578146
	3426578147
	3426578148
	3426578149
	3426578150
	3426578151
	3426578152
	3426578153
	3426578154
	3426578155
	3426578156
	3426578157
	3426578158
	3426578159
	3426578160
	3426578161
	3426578162
	3426578163
	3426578164
	3426578165
	3426578166
	3426578167
	3426578168
	3426578169
	3426578170
	3426578171
	3426578172
	3426578173
	3426578174
	3426578175
	3426578176
	3426578177
	3426578178
	3426578179
	3426578180
	3426578181
	3426578182
	3426578183
	3426578184
	3426578185
	3426578186
	3426578187
	3426578188
	3426578189
	3426578190
	3426578191
	3426578192
	3426578193
	3426578194
	3426578195
	3426578196
	3426578197
	3426578198
	3426578199
	3426578200
	3426578201
	3426578202
	3426578203
	3426578204
	3426578205
	3426578206
	3426578207
	3426578208
	3426578209
	3426578210
	3426578211
	3426578212
	3426578213
	3426578214
	3426578215
	3426578216
	3426578217
	3426578218
	3426578219
	3426578220
	3426578221
	3426578222
	3426578223
	3426578224
	3426578225
	3426578226
	3426578227
	3426578228
	3426578229
	3426578230
	3426578231
	3426578232
	3426578233
	3426578234
	3426578235
	3426578236
	3426578237
	3426578238
	3426578239
	3426578240
	3426578241
	3426578242
	3426578243
	3426578244
	3426578245
	3426578246
	3426578247
	3426578248
	3426578249
	3426578250
	3426578251
	3426578252
	3426578253
	3426578254
	3426578255
	3426578256
	3426578257
	3426578258
	3426578259
	3426578260
	3426578261
	3426578262
	3426578263
	3426578264
	3426578265
	3426578266
	3426578267
	3426578268
	3426578269
	3426578270
	3426578271
	3426578272
	3426578273
	3426578274
	3426578275
	3426578276
	3426578277
	3426578278
	3426578279
	3426578280
	3426578281
	3426578282
	3426578283
	3426578284
	3426578285
	3426578286
	3426578287
	3426578288
	3426578289
	3426578290
	3426578291
	3426578292
	3426578293
	3426578294
	3426578295
	3426578296
	3426578297
	3426578298
	3426578299
	3426578300
	3426578301
	3426578302
	3426578303
	3426578304
	3426578305
	3426578306
	3426578307
	3426578308
	3426578309
	3426578310
	3426578311
	3426578312
	3426578313
	3426578314
	3426578315
	3426578316
	3426578317
	3426578318
	3426578319
	3426578320
	3426578321
	3426578322
	3426578323
	3426578324
	3426578325
	3426578326
	3426578327
	3426578328
	3426578329
	3426578330
	3426578331
	3426578332
	3426578333
	3426578334
	3426578335
	3426578336
	3426578337
	3426578338
	3426578339
	3426578340
	3426578341
	3426578342
	3426578343
	3426578344
	3426578345
	3426578346
	3426578347
	3426578348
	3426578349
	3426578350
	3426578351
	3426578352
	3426578353
	3426578354
	3426578355
	3426578356
	3426578357
	3426578358
	3426578359
	3426578360
	3426578361
	3426578362
	3426578363
	3426578364
	3426578365
	3426578366
	3426578367
	3426578368
	3426578369
	3426578370
	3426578371
	3426578372
	3426578373
	3426578374
	3426578375
	3426578376
	3426578377
	3426578378
	3426578379
	3426578380
	3426578381
	3426578382
	3426578383
	3426578384
	3426578385
	3426578386
	3426578387
	3426578388
	3426578389
	3426578390
	3426578391
	3426578392
	3426578393
	3426578394
	3426578395
	3426578396
	3426578397
	3426578398
	3426578399
	3426578400
	3426578401
	3426578402
	3426578403
	3426578404
	3426578405
	3426578406
	3426578407
	3426578408
	3426578409
	3426578410
	3426578411
	3426578412
	3426578413
	3426578414
	3426578415
	3426578416
	3426578417
	3426578418
	3426578419
	3426578420
	3426578421
	3426578422
	3426578423
	3426578424
	3426578425
	3426578426
	3426578427
	3426578428
	3426578429
	3426578430
	3426578431
	3426578432
	3426578433
	3426578434
	3426578435
	3426578436
	3426578437
	3426578438
	3426578439
	3426578440
	3426578441
	3426578442
	3426578443
	3426578444
	3426578445
	3426578446
	3426578447
	3426578448
	3426578449
	3426578450
	3426578451
	3426578452
	3426578453
	3426578454
	3426578455
	3426578456
	3426578457
	3426578458
	3426578459
	3426578460
	3426578461
	3426578462
	3426578463
	3426578464
	3426578465
	3426578466
	3426578467
	3426578468
	3426578469
	3426578470
	3426578471
	3426578472
	3426578473
	3426578474
	3426578475
	3426578476
	3426578477
	3426578478
	3426578479
	3426578480
	3426578481
	3426578482
	3426578483
	3426578484
	3426578485
	3426578486
	3426578487
	3426578488
	3426578489
	3426578490
	3426578491
	3426578492
	3426578493
	3426578494
	3426578495
	3426578496
	3426578497
	3426578498
	3426578499
	3426578500
	3426578501
	3426578502
	3426578503
	3426578504
	3426578505
	3426578506
	3426578507
	3426578508
	3426578509
	3426578510
	3426578511
	3426578512
	3426578513
	3426578514
	3426578515
	3426578516
	3426578517
	3426578518
	3426578519
	3426578520
	3426578521
	3426578522
	3426578523
	3426578524
	3426578525
	3426578526
	3426578527
	3426578528
	3426578529
	3426578530
	3426578531
	3426578532
	3426578533
	3426578534
	3426578535
	3426578536
	3426578537
	3426578538
	3426578539
	3426578540
	3426578541
	3426578542
	3426578543
	3426578544
	3426578545
	3426578546
	3426578547
	3426578548
	3426578549
	3426578550
	3426578551
	3426578552
	3426578553
	3426578554
	3426578555
	3426578556
	3426578557
	3426578558
	3426578559
	3426578560
	3426578561
	3426578562
	3426578563
	3426578564
	3426578565
	3426578566
	3426578567
	3426578568
	3426578569
	3426578570
	3426578571
	3426578572
	3426578573
	3426578574
	3426578575
	3426578576
	3426578577
	3426578578
	3426578579
	3426578580
	3426578581
	3426578582
	3426578583
	3426578584
	3426578585
	3426578586
	3426578587
	3426578588
	3426578589
	3426578590
	3426578591
	3426578592
	3426578593
	3426578594
	3426578595
	3426578596
	3426578597
	3426578598
	3426578599
	3426578600
	3426578601
	3426578602
	3426578603
	3426578604
	3426578605
	3426578606
	3426578607
	3426578608
	3426578609
	3426578610
	3426578611
	3426578612
	3426578613
	3426578614
	3426578615
	3426578616
	3426578617
	3426578618
	3426578619
	3426578620
	3426578621
	3426578622
	3426578623
	3426578624
	3426578625
	3426578626
	3426578627
	3426578628
	3426578629
	3426578630
	3426578631
	3426578632
	3426578633
	3426578634
	3426578635
	3426578636
	3426578637
	3426578638
	3426578639
	3426578640
	3426578641
	3426578642
	3426578643
	3426578644
	3426578645
	3426578646
	3426578647
	3426578648
	3426578649
	3426578650
	3426578651
	3426578652
	3426578653
	3426578654
	3426578655
	3426578656
	3426578657
	3426578658
	3426578659
	3426578660
	3426578661
	3426578662
	3426578663
	3426578664
	3426578665
	3426578666
	3426578667
	3426578668
	3426578669
	3426578670
	3426578671
	3426578672
	3426578673
	3426578674
	3426578675
	3426578676
	3426578677
	3426578678
	3426578679
	3426578680
	3426578681
	3426578682
	3426578683
	3426578684
	3426578685
	3426578686
	3426578687
	3426578688
	3426578689
	3426578690
	3426578691
	3426578692
	3426578693
	3426578694
	3426578695
	3426578696
	3426578697
	3426578698
	3426578699
	3426578700
	3426578701
	3426578702
	3426578703
	3426578704
	3426578705
	3426578706
	3426578707
	3426578708
	3426578709
	3426578710
	3426578711
	3426578712
	3426578713
	3426578714
	3426578715
	3426578716
	3426578717
	3426578718
	3426578719
	3426578720
	3426578721
	3426578722
	3426578723
	3426578724
	3426578725
	3426578726
	3426578727
	3426578728
	3426578729
	3426578730
	3426578731
	3426578732
	3426578733
	3426578734
	3426578735
	3426578736
	3426578737
	3426578738
	3426578739
	3426578740
	3426578741
	3426578742
	3426578743
	3426578744
	3426578745
	3426578746
	3426578747
	3426578748
	3426578749
	3426578750
	3426578751
	3426578752
	3426578753
	3426578754
	3426578755
	3426578756
	3426578757
	3426578758
	3426578759
	3426578760
	3426578761
	3426578762
	3426578763
	3426578764
	3426578765
	3426578766
	3426578767
	3426578768
	3426578769
	3426578770
	3426578771
	3426578772
	3426578773
	3426578774
	3426578775
	3426578776
	3426578777
	3426578778
	3426578779
	3426578780
	3426578781
	3426578782
	3426578783
	3426578784
	3426578785
	3426578786
	3426578787
	3426578788
	3426578789
	3426578790
	3426578791
	3426578792
	3426578793
	3426578794
	3426578795
	3426578796
	3426578797
	3426578798
	3426578799
	3426578800
	3426578801
	3426578802
	3426578803
	3426578804
	3426578805
	3426578806
	3426578807
	3426578808
	3426578809
	3426578810
	3426578811
	3426578812
	3426578813
	3426578814
	3426578815
	3426578816
	3426578817
	3426578818
	3426578819
	3426578820
	3426578821
	3426578822
	3426578823
	3426578824
	3426578825
	3426578826
	3426578827
	3426578828
	3426578829
	3426578830
	3426578831
	3426578832
	3426578833
	3426578834
	3426578835
	3426578836
	3426578837
	3426578838
	3426578839
	3426578840
	3426578841
	3426578842
	3426578843
	3426578844
	3426578845
	3426578846
	3426578847
	3426578848
	3426578849
	3426578850
	3426578851
	3426578852
	3426578853
	3426578854
	3426578855
	3426578856
	3426578857
	3426578858
	3426578859
	3426578860
	3426578861
	3426578862
	3426578863
	3426578864
	3426578865
	3426578866
	3426578867
	3426578868
	3426578869
	3426578870
	3426578871
	3426578872
	3426578873
	3426578874
	3426578875
	3426578876
	3426578877
	3426578878
	3426578879
	3426578880
	3426578881
	3426578882
	3426578883
	3426578884
	3426578885
	3426578886
	3426578887
	3426578888
	3426578889
	3426578890
	3426578891
	3426578892
	3426578893
	3426578894
	3426578895
	3426578896
	3426578897
	3426578898
	3426578899
	3426578900
	3426578901
	3426578902
	3426578903
	3426578904
	3426578905
	3426578906
	3426578907
	3426578908
	3426578909
	3426578910
	3426578911
	3426578912
	3426578913
	3426578914
	3426578915
	3426578916
	3426578917
	3426578918
	3426578919
	3426578920
	3426578921
	3426578922
	3426578923
	3426578924
	3426578925
	3426578926
	3426578927
	3426578928
	3426578929
	3426578930
	3426578931
	3426578932
	3426578933
	3426578934
	3426578935
	3426578936
	3426578937
	3426578938
	3426578939
	3426578940
	3426578941
	3426578942
	3426578943
	3426578944
	3426578945
	3426578946
	3426578947
	3426578948
	3426578949
	3426578950
	3426578951
	3426578952
	3426578953
	3426578954
	3426578955
	3426578956
	3426578957
	3426578958
	3426578959
	3426578960
	3426578961
	3426578962
	3426578963
	3426578964
	3426578965
	3426578966
	3426578967
	3426578968
	3426578969
	3426578970
	3426578971
	3426578972
	3426578973
	3426578974
	3426578975
	3426578976
	3426578977
	3426578978
	3426578979
	3426578980
	3426578981
	3426578982
	3426578983
	3426578984
	3426578985
	3426578986
	3426578987
	3426578988
	3426578989
	3426578990
	3426578991
	3426578992
	3426578993
	3426578994
	3426578995
	3426578996
	3426578997
	3426578998
	3426578999
	3426579000
	3426579001
	3426579002
	3426579003
	3426579004
	3426579005
	3426579006
	3426579007
	3426579008
	3426579009
	3426579010
	3426579011
	3426579012
	3426579013
	3426579014
	3426579015
	3426579016
	3426579017
	3426579018
	3426579019
	3426579020
	3426579021
	3426579022
	3426579023
	3426579024
	3426579025
	3426579026
	3426579027
	3426579028
	3426579029
	3426579030
	3426579031
	3426579032
	3426579033
	3426579034
	3426579035
	3426579036
	3426579037
	3426579038
	3426579039
	3426579040
	3426579041
	3426579042
	3426579043
	3426579044
	3426579045
	3426579046
	3426579047
	3426579048
	3426579049
	3426579050
	3426579051
	3426579052
	3426579053
	3426579054
	3426579055
	3426579056
	3426579057
	3426579058
	3426579059
	3426579060
	3426579061
	3426579062
	3426579063
	3426579064
	3426579065
	3426579066
	3426579067
	3426579068
	3426579069
	3426579070
	3426579071
	3426579072
	3426579073
	3426579074
	3426579075
	3426579076
	3426579077
	3426579078
	3426579079
	3426579080
	3426579081
	3426579082
	3426579083
	3426579084
	3426579085
	3426579086
	3426579087
	3426579088
	3426579089
	3426579090
	3426579091
	3426579092
	3426579093
	3426579094
	3426579095
	3426579096
	3426579097
	3426579098
	3426579099
	3426579100
	3426579101
	3426579102
	3426579103
	3426579104
	3426579105
	3426579106
	3426579107
	3426579108
	3426579109
	3426579110
	3426579111
	3426579112
	3426579113
	3426579114
	3426579115
	3426579116
	3426579117
	3426579118
	3426579119
	3426579120
	3426579121
	3426579122
	3426579123
	3426579124
	3426579125
	3426579126
	3426579127
	3426579128
	3426579129
	3426579130
	3426579131
	3426579132
	3426579133
	3426579134
	3426579135
	3426579136
	3426579137
	3426579138
	3426579139
	3426579140
	3426579141
	3426579142
	3426579143
	3426579144
	3426579145
	3426579146
	3426579147
	3426579148
	3426579149
	3426579150
	3426579151
	3426579152
	3426579153
	3426579154
	3426579155
	3426579156
	3426579157
	3426579158
	3426579159
	3426579160
	3426579161
	3426579162
	3426579163
	3426579164
	3426579165
	3426579166
	3426579167
	3426579168
	3426579169
	3426579170
	3426579171
	3426579172
	3426579173
	3426579174
	3426579175
	3426579176
	3426579177
	3426579178
	3426579179
	3426579180
	3426579181
	3426579182
	3426579183
	3426579184
	3426579185
	3426579186
	3426579187
	3426579188
	3426579189
	3426579190
	3426579191
	3426579192
	3426579193
	3426579194
	3426579195
	3426579196
	3426579197
	3426579198
	3426579199
	3426579200
	3426579201
	3426579202
	3426579203
	3426579204
	3426579205
	3426579206
	3426579207
	3426579208
	3426579209
	3426579210
	3426579211
	3426579212
	3426579213
	3426579214
	3426579215
	3426579216
	3426579217
	3426579218
	3426579219
	3426579220
	3426579221
	3426579222
	3426579223
	3426579224
	3426579225
	3426579226
	3426579227
	3426579228
	3426579229
	3426579230
	3426579231
	3426579232
	3426579233
	3426579234
	3426579235
	3426579236
	3426579237
	3426579238
	3426579239
	3426579240
	3426579241
	3426579242
	3426579243
	3426579244
	3426579245
	3426579246
	3426579247
	3426579248
	3426579249
	3426579250
	3426579251
	3426579252
	3426579253
	3426579254
	3426579255
	3426579256
	3426579257
	3426579258
	3426579259
	3426579260
	3426579261
	3426579262
	3426579263
	3426579264
	3426579265
	3426579266
	3426579267
	3426579268
	3426579269
	3426579270
	3426579271
	3426579272
	3426579273
	3426579274
	3426579275
	3426579276
	3426579277
	3426579278
	3426579279
	3426579280
	3426579281
	3426579282
	3426579283
	3426579284
	3426579285
	3426579286
	3426579287
	3426579288
	3426579289
	3426579290
	3426579291
	3426579292
	3426579293
	3426579294
	3426579295
	3426579296
	3426579297
	3426579298
	3426579299
	3426579300
	3426579301
	3426579302
	3426579303
	3426579304
	3426579305
	3426579306
	3426579307
	3426579308
	3426579309
	3426579310
	3426579311
	3426579312
	3426579313
	3426579314
	3426579315
	3426579316
	3426579317
	3426579318
	3426579319
	3426579320
	3426579321
	3426579322
	3426579323
	3426579324
	3426579325
	3426579326
	3426579327
	3426579328
	3426579329
	3426579330
	3426579331
	3426579332
	3426579333
	3426579334
	3426579335
	3426579336
	3426579337
	3426579338
	3426579339
	3426579340
	3426579341
	3426579342
	3426579343
	3426579344
	3426579345
	3426579346
	3426579347
	3426579348
	3426579349
	3426579350
	3426579351
	3426579352
	3426579353
	3426579354
	3426579355
	3426579356
	3426579357
	3426579358
	3426579359
	3426579360
	3426579361
	3426579362
	3426579363
	3426579364
	3426579365
	3426579366
	3426579367
	3426579368
	3426579369
	3426579370
	3426579371
	3426579372
	3426579373
	3426579374
	3426579375
	3426579376
	3426579377
	3426579378
	3426579379
	3426579380
	3426579381
	3426579382
	3426579383
	3426579384
	3426579385
	3426579386
	3426579387
	3426579388
	3426579389
	3426579390
	3426579391
	3426579392
	3426579393
	3426579394
	3426579395
	3426579396
	3426579397
	3426579398
	3426579399
	3426579400
	3426579401
	3426579402
	3426579403
	3426579404
	3426579405
	3426579406
	3426579407
	3426579408
	3426579409
	3426579410
	3426579411
	3426579412
	3426579413
	3426579414
	3426579415
	3426579416
	3426579417
	3426579418
	3426579419
	3426579420
	3426579421
	3426579422
	3426579423
	3426579424
	3426579425
	3426579426
	3426579427
	3426579428
	3426579429
	3426579430
	3426579431
	3426579432
	3426579433
	3426579434
	3426579435
	3426579436
	3426579437
	3426579438
	3426579439
	3426579440
	3426579441
	3426579442
	3426579443
	3426579444
	3426579445
	3426579446
	3426579447
	3426579448
	3426579449
	3426579450
	3426579451
	3426579452
	3426579453
	3426579454
	3426579455
	3426579456
	3426579457
	3426579458
	3426579459
	3426579460
	3426579461
	3426579462
	3426579463
	3426579464
	3426579465
	3426579466
	3426579467
	3426579468
	3426579469
	3426579470
	3426579471
	3426579472
	3426579473
	3426579474
	3426579475
	3426579476
	3426579477
	3426579478
	3426579479
	3426579480
	3426579481
	3426579482
	3426579483
	3426579484
	3426579485
	3426579486
	3426579487
	3426579488
	3426579489
	3426579490
	3426579491
	3426579492
	3426579493
	3426579494
	3426579495
	3426579496
	3426579497
	3426579498
	3426579499
	3426579500
	3426579501
	3426579502
	3426579503
	3426579504
	3426579505
	3426579506
	3426579507
	3426579508
	3426579509
	3426579510
	3426579511
	3426579512
	3426579513
	3426579514
	3426579515
	3426579516
	3426579517
	3426579518
	3426579519
	3426579520
	3426579521
	3426579522
	3426579523
	3426579524
	3426579525
	3426579526
	3426579527
	3426579528
	3426579529
	3426579530
	3426579531
	3426579532
	3426579533
	3426579534
	3426579535
	3426579536
	3426579537
	3426579538
	3426579539
	3426579540
	3426579541
	3426579542
	3426579543
	3426579544
	3426579545
	3426579546
	3426579547
	3426579548
	3426579549
	3426579550
	3426579551
	3426579552
	3426579553
	3426579554
	3426579555
	3426579556
	3426579557
	3426579558
	3426579559
	3426579560
	3426579561
	3426579562
	3426579563
	3426579564
	3426579565
	3426579566
	3426579567
	3426579568
	3426579569
	3426579570
	3426579571
	3426579572
	3426579573
	3426579574
	3426579575
	3426579576
	3426579577
	3426579578
	3426579579
	3426579580
	3426579581
	3426579582
	3426579583
	3426579584
	3426579585
	3426579586
	3426579587
	3426579588
	3426579589
	3426579590
	3426579591
	3426579592
	3426579593
	3426579594
	3426579595
	3426579596
	3426579597
	3426579598
	3426579599
	3426579600
	3426579601
	3426579602
	3426579603
	3426579604
	3426579605
	3426579606
	3426579607
	3426579608
	3426579609
	3426579610
	3426579611
	3426579612
	3426579613
	3426579614
	3426579615
	3426579616
	3426579617
	3426579618
	3426579619
	3426579620
	3426579621
	3426579622
	3426579623
	3426579624
	3426579625
	3426579626
	3426579627
	3426579628
	3426579629
	3426579630
	3426579631
	3426579632
	3426579633
	3426579634
	3426579635
	3426579636
	3426579637
	3426579638
	3426579639
	3426579640
	3426579641
	3426579642
	3426579643
	3426579644
	3426579645
	3426579646
	3426579647
	3426579648
	3426579649
	3426579650
	3426579651
	3426579652
	3426579653
	3426579654
	3426579655
	3426579656
	3426579657
	3426579658
	3426579659
	3426579660
	3426579661
	3426579662
	3426579663
	3426579664
	3426579665
	3426579666
	3426579667
	3426579668
	3426579669
	3426579670
	3426579671
	3426579672
	3426579673
	3426579674
	3426579675
	3426579676
	3426579677
	3426579678
	3426579679
	3426579680
	3426579681
	3426579682
	3426579683
	3426579684
	3426579685
	3426579686
	3426579687
	3426579688
	3426579689
	3426579690
	3426579691
	3426579692
	3426579693
	3426579694
	3426579695
	3426579696
	3426579697
	3426579698
	3426579699
	3426579700
	3426579701
	3426579702
	3426579703
	3426579704
	3426579705
	3426579706
	3426579707
	3426579708
	3426579709
	3426579710
	3426579711
	3426579712
	3426579713
	3426579714
	3426579715
	3426579716
	3426579717
	3426579718
	3426579719
	3426579720
	3426579721
	3426579722
	3426579723
	3426579724
	3426579725
	3426579726
	3426579727
	3426579728
	3426579729
	3426579730
	3426579731
	3426579732
	3426579733
	3426579734
	3426579735
	3426579736
	3426579737
	3426579738
	3426579739
	3426579740
	3426579741
	3426579742
	3426579743
	3426579744
	3426579745
	3426579746
	3426579747
	3426579748
	3426579749
	3426579750
	3426579751
	3426579752
	3426579753
	3426579754
	3426579755
	3426579756
	3426579757
	3426579758
	3426579759
	3426579760
	3426579761
	3426579762
	3426579763
	3426579764
	3426579765
	3426579766
	3426579767
	3426579768
	3426579769
	3426579770
	3426579771
	3426579772
	3426579773
	3426579774
	3426579775
	3426579776
	3426579777
	3426579778
	3426579779
	3426579780
	3426579781
	3426579782
	3426579783
	3426579784
	3426579785
	3426579786
	3426579787
	3426579788
	3426579789
	3426579790
	3426579791
	3426579792
	3426579793
	3426579794
	3426579795
	3426579796
	3426579797
	3426579798
	3426579799
	3426579800
	3426579801
	3426579802
	3426579803
	3426579804
	3426579805
	3426579806
	3426579807
	3426579808
	3426579809
	3426579810
	3426579811
	3426579812
	3426579813
	3426579814
	3426579815
	3426579816
	3426579817
	3426579818
	3426579819
	3426579820
	3426579821
	3426579822
	3426579823
	3426579824
	3426579825
	3426579826
	3426579827
	3426579828
	3426579829
	3426579830
	3426579831
	3426579832
	3426579833
	3426579834
	3426579835
	3426579836
	3426579837
	3426579838
	3426579839
	3426579840
	3426579841
	3426579842
	3426579843
	3426579844
	3426579845
	3426579846
	3426579847
	3426579848
	3426579849
	3426579850
	3426579851
	3426579852
	3426579853
	3426579854
	3426579855
	3426579856
	3426579857
	3426579858
	3426579859
	3426579860
	3426579861
	3426579862
	3426579863
	3426579864
	3426579865
	3426579866
	3426579867
	3426579868
	3426579869
	3426579870
	3426579871
	3426579872
	3426579873
	3426579874
	3426579875
	3426579876
	3426579877
	3426579878
	3426579879
	3426579880
	3426579881
	3426579882
	3426579883
	3426579884
	3426579885
	3426579886
	3426579887
	3426579888
	3426579889
	3426579890
	3426579891
	3426579892
	3426579893
	3426579894
	3426579895
	3426579896
	3426579897
	3426579898
	3426579899
	3426579900
	3426579901
	3426579902
	3426579903
	3426579904
	3426579905
	3426579906
	3426579907
	3426579908
	3426579909
	3426579910
	3426579911
	3426579912
	3426579913
	3426579914
	3426579915
	3426579916
	3426579917
	3426579918
