	3426499861
	3426499862
	3426499863
	3426499864
	3426499865
	3426499866
	3426499867
	3426499868
	3426499869
	3426499870
	3426499871
	3426499872
	3426499873
	3426499874
	3426499875
	3426499876
	3426499877
	3426499878
	3426499879
	3426499880
	3426499881
	3426499882
	3426499883
	3426499884
	3426499885
	3426499886
	3426499887
	3426499888
	3426499889
	3426499890
	3426499891
	3426499892
	3426499893
	3426499894
	3426499895
	3426499896
	3426499897
	3426499898
	3426499899
	3426499900
	3426499901
	3426499902
	3426499903
	3426499904
	3426499905
	3426499906
	3426499907
	3426499908
	3426499909
	3426499910
	3426499911
	3426499912
	3426499913
	3426499914
	3426499915
	3426499916
	3426499917
	3426499918
	3426499919
	3426499920
	3426499921
	3426499922
	3426499923
	3426499924
	3426499925
	3426499926
	3426499927
	3426499928
	3426499929
	3426499930
	3426499931
	3426499932
	3426499933
	3426499934
	3426499935
	3426499936
	3426499937
	3426499938
	3426499939
	3426499940
	3426499941
	3426499942
	3426499943
	3426499944
	3426499945
	3426499946
	3426499947
	3426499948
	3426499949
	3426499950
	3426499951
	3426499952
	3426499953
	3426499954
	3426499955
	3426499956
	3426499957
	3426499958
	3426499959
	3426499960
	3426499961
	3426499962
	3426499963
	3426499964
	3426499965
	3426499966
	3426499967
	3426499968
	3426499969
	3426499970
	3426499971
	3426499972
	3426499973
	3426499974
	3426499975
	3426499976
	3426499977
	3426499978
	3426499979
	3426499980
	3426499981
	3426499982
	3426499983
	3426499984
	3426499985
	3426499986
	3426499987
	3426499988
	3426499989
	3426499990
	3426499991
	3426499992
	3426499993
	3426499994
	3426499995
	3426499996
	3426499997
	3426499998
	3426499999
	3426500000
	3426500001
	3426500002
	3426500003
	3426500004
	3426500005
	3426500006
	3426500007
	3426500008
	3426500009
	3426500010
	3426500011
	3426500012
	3426500013
	3426500014
	3426500015
	3426500016
	3426500017
	3426500018
	3426500019
	3426500020
	3426500021
	3426500022
	3426500023
	3426500024
	3426500025
	3426500026
	3426500027
	3426500028
	3426500029
	3426500030
	3426500031
	3426500032
	3426500033
	3426500034
	3426500035
	3426500036
	3426500037
	3426500038
	3426500039
	3426500040
	3426500041
	3426500042
	3426500043
	3426500044
	3426500045
	3426500046
	3426500047
	3426500048
	3426500049
	3426500050
	3426500051
	3426500052
	3426500053
	3426500054
	3426500055
	3426500056
	3426500057
	3426500058
	3426500059
	3426500060
	3426500061
	3426500062
	3426500063
	3426500064
	3426500065
	3426500066
	3426500067
	3426500068
	3426500069
	3426500070
	3426500071
	3426500072
	3426500073
	3426500074
	3426500075
	3426500076
	3426500077
	3426500078
	3426500079
	3426500080
	3426500081
	3426500082
	3426500083
	3426500084
	3426500085
	3426500086
	3426500087
	3426500088
	3426500089
	3426500090
	3426500091
	3426500092
	3426500093
	3426500094
	3426500095
	3426500096
	3426500097
	3426500098
	3426500099
	3426500100
	3426500101
	3426500102
	3426500103
	3426500104
	3426500105
	3426500106
	3426500107
	3426500108
	3426500109
	3426500110
	3426500111
	3426500112
	3426500113
	3426500114
	3426500115
	3426500116
	3426500117
	3426500118
	3426500119
	3426500120
	3426500121
	3426500122
	3426500123
	3426500124
	3426500125
	3426500126
	3426500127
	3426500128
	3426500129
	3426500130
	3426500131
	3426500132
	3426500133
	3426500134
	3426500135
	3426500136
	3426500137
	3426500138
	3426500139
	3426500140
	3426500141
	3426500142
	3426500143
	3426500144
	3426500145
	3426500146
	3426500147
	3426500148
	3426500149
	3426500150
	3426500151
	3426500152
	3426500153
	3426500154
	3426500155
	3426500156
	3426500157
	3426500158
	3426500159
	3426500160
	3426500161
	3426500162
	3426500163
	3426500164
	3426500165
	3426500166
	3426500167
	3426500168
	3426500169
	3426500170
	3426500171
	3426500172
	3426500173
	3426500174
	3426500175
	3426500176
	3426500177
	3426500178
	3426500179
	3426500180
	3426500181
	3426500182
	3426500183
	3426500184
	3426500185
	3426500186
	3426500187
	3426500188
	3426500189
	3426500190
	3426500191
	3426500192
	3426500193
	3426500194
	3426500195
	3426500196
	3426500197
	3426500198
	3426500199
	3426500200
	3426500201
	3426500202
	3426500203
	3426500204
	3426500205
	3426500206
	3426500207
	3426500208
	3426500209
	3426500210
	3426500211
	3426500212
	3426500213
	3426500214
	3426500215
	3426500216
	3426500217
	3426500218
	3426500219
	3426500220
	3426500221
	3426500222
	3426500223
	3426500224
	3426500225
	3426500226
	3426500227
	3426500228
	3426500229
	3426500230
	3426500231
	3426500232
	3426500233
	3426500234
	3426500235
	3426500236
	3426500237
	3426500238
	3426500239
	3426500240
	3426500241
	3426500242
	3426500243
	3426500244
	3426500245
	3426500246
	3426500247
	3426500248
	3426500249
	3426500250
	3426500251
	3426500252
	3426500253
	3426500254
	3426500255
	3426500256
	3426500257
	3426500258
	3426500259
	3426500260
	3426500261
	3426500262
	3426500263
	3426500264
	3426500265
	3426500266
	3426500267
	3426500268
	3426500269
	3426500270
	3426500271
	3426500272
	3426500273
	3426500274
	3426500275
	3426500276
	3426500277
	3426500278
	3426500279
	3426500280
	3426500281
	3426500282
	3426500283
	3426500284
	3426500285
	3426500286
	3426500287
	3426500288
	3426500289
	3426500290
	3426500291
	3426500292
	3426500293
	3426500294
	3426500295
	3426500296
	3426500297
	3426500298
	3426500299
	3426500300
	3426500301
	3426500302
	3426500303
	3426500304
	3426500305
	3426500306
	3426500307
	3426500308
	3426500309
	3426500310
	3426500311
	3426500312
	3426500313
	3426500314
	3426500315
	3426500316
	3426500317
	3426500318
	3426500319
	3426500320
	3426500321
	3426500322
	3426500323
	3426500324
	3426500325
	3426500326
	3426500327
	3426500328
	3426500329
	3426500330
	3426500331
	3426500332
	3426500333
	3426500334
	3426500335
	3426500336
	3426500337
	3426500338
	3426500339
	3426500340
	3426500341
	3426500342
	3426500343
	3426500344
	3426500345
	3426500346
	3426500347
	3426500348
	3426500349
	3426500350
	3426500351
	3426500352
	3426500353
	3426500354
	3426500355
	3426500356
	3426500357
	3426500358
	3426500359
	3426500360
	3426500361
	3426500362
	3426500363
	3426500364
	3426500365
	3426500366
	3426500367
	3426500368
	3426500369
	3426500370
	3426500371
	3426500372
	3426500373
	3426500374
	3426500375
	3426500376
	3426500377
	3426500378
	3426500379
	3426500380
	3426500381
	3426500382
	3426500383
	3426500384
	3426500385
	3426500386
	3426500387
	3426500388
	3426500389
	3426500390
	3426500391
	3426500392
	3426500393
	3426500394
	3426500395
	3426500396
	3426500397
	3426500398
	3426500399
	3426500400
	3426500401
	3426500402
	3426500403
	3426500404
	3426500405
	3426500406
	3426500407
	3426500408
	3426500409
	3426500410
	3426500411
	3426500412
	3426500413
	3426500414
	3426500415
	3426500416
	3426500417
	3426500418
	3426500419
	3426500420
	3426500421
	3426500422
	3426500423
	3426500424
	3426500425
	3426500426
	3426500427
	3426500428
	3426500429
	3426500430
	3426500431
	3426500432
	3426500433
	3426500434
	3426500435
	3426500436
	3426500437
	3426500438
	3426500439
	3426500440
	3426500441
	3426500442
	3426500443
	3426500444
	3426500445
	3426500446
	3426500447
	3426500448
	3426500449
	3426500450
	3426500451
	3426500452
	3426500453
	3426500454
	3426500455
	3426500456
	3426500457
	3426500458
	3426500459
	3426500460
	3426500461
	3426500462
	3426500463
	3426500464
	3426500465
	3426500466
	3426500467
	3426500468
	3426500469
	3426500470
	3426500471
	3426500472
	3426500473
	3426500474
	3426500475
	3426500476
	3426500477
	3426500478
	3426500479
	3426500480
	3426500481
	3426500482
	3426500483
	3426500484
	3426500485
	3426500486
	3426500487
	3426500488
	3426500489
	3426500490
	3426500491
	3426500492
	3426500493
	3426500494
	3426500495
	3426500496
	3426500497
	3426500498
	3426500499
	3426500500
	3426500501
	3426500502
	3426500503
	3426500504
	3426500505
	3426500506
	3426500507
	3426500508
	3426500509
	3426500510
	3426500511
	3426500512
	3426500513
	3426500514
	3426500515
	3426500516
	3426500517
	3426500518
	3426500519
	3426500520
	3426500521
	3426500522
	3426500523
	3426500524
	3426500525
	3426500526
	3426500527
	3426500528
	3426500529
	3426500530
	3426500531
	3426500532
	3426500533
	3426500534
	3426500535
	3426500536
	3426500537
	3426500538
	3426500539
	3426500540
	3426500541
	3426500542
	3426500543
	3426500544
	3426500545
	3426500546
	3426500547
	3426500548
	3426500549
	3426500550
	3426500551
	3426500552
	3426500553
	3426500554
	3426500555
	3426500556
	3426500557
	3426500558
	3426500559
	3426500560
	3426500561
	3426500562
	3426500563
	3426500564
	3426500565
	3426500566
	3426500567
	3426500568
	3426500569
	3426500570
	3426500571
	3426500572
	3426500573
	3426500574
	3426500575
	3426500576
	3426500577
	3426500578
	3426500579
	3426500580
	3426500581
	3426500582
	3426500583
	3426500584
	3426500585
	3426500586
	3426500587
	3426500588
	3426500589
	3426500590
	3426500591
	3426500592
	3426500593
	3426500594
	3426500595
	3426500596
	3426500597
	3426500598
	3426500599
	3426500600
	3426500601
	3426500602
	3426500603
	3426500604
	3426500605
	3426500606
	3426500607
	3426500608
	3426500609
	3426500610
	3426500611
	3426500612
	3426500613
	3426500614
	3426500615
	3426500616
	3426500617
	3426500618
	3426500619
	3426500620
	3426500621
	3426500622
	3426500623
	3426500624
	3426500625
	3426500626
	3426500627
	3426500628
	3426500629
	3426500630
	3426500631
	3426500632
	3426500633
	3426500634
	3426500635
	3426500636
	3426500637
	3426500638
	3426500639
	3426500640
	3426500641
	3426500642
	3426500643
	3426500644
	3426500645
	3426500646
	3426500647
	3426500648
	3426500649
	3426500650
	3426500651
	3426500652
	3426500653
	3426500654
	3426500655
	3426500656
	3426500657
	3426500658
	3426500659
	3426500660
	3426500661
	3426500662
	3426500663
	3426500664
	3426500665
	3426500666
	3426500667
	3426500668
	3426500669
	3426500670
	3426500671
	3426500672
	3426500673
	3426500674
	3426500675
	3426500676
	3426500677
	3426500678
	3426500679
	3426500680
	3426500681
	3426500682
	3426500683
	3426500684
	3426500685
	3426500686
	3426500687
	3426500688
	3426500689
	3426500690
	3426500691
	3426500692
	3426500693
	3426500694
	3426500695
	3426500696
	3426500697
	3426500698
	3426500699
	3426500700
	3426500701
	3426500702
	3426500703
	3426500704
	3426500705
	3426500706
	3426500707
	3426500708
	3426500709
	3426500710
	3426500711
	3426500712
	3426500713
	3426500714
	3426500715
	3426500716
	3426500717
	3426500718
	3426500719
	3426500720
	3426500721
	3426500722
	3426500723
	3426500724
	3426500725
	3426500726
	3426500727
	3426500728
	3426500729
	3426500730
	3426500731
	3426500732
	3426500733
	3426500734
	3426500735
	3426500736
	3426500737
	3426500738
	3426500739
	3426500740
	3426500741
	3426500742
	3426500743
	3426500744
	3426500745
	3426500746
	3426500747
	3426500748
	3426500749
	3426500750
	3426500751
	3426500752
	3426500753
	3426500754
	3426500755
	3426500756
	3426500757
	3426500758
	3426500759
	3426500760
	3426500761
	3426500762
	3426500763
	3426500764
	3426500765
	3426500766
	3426500767
	3426500768
	3426500769
	3426500770
	3426500771
	3426500772
	3426500773
	3426500774
	3426500775
	3426500776
	3426500777
	3426500778
	3426500779
	3426500780
	3426500781
	3426500782
	3426500783
	3426500784
	3426500785
	3426500786
	3426500787
	3426500788
	3426500789
	3426500790
	3426500791
	3426500792
	3426500793
	3426500794
	3426500795
	3426500796
	3426500797
	3426500798
	3426500799
	3426500800
	3426500801
	3426500802
	3426500803
	3426500804
	3426500805
	3426500806
	3426500807
	3426500808
	3426500809
	3426500810
	3426500811
	3426500812
	3426500813
	3426500814
	3426500815
	3426500816
	3426500817
	3426500818
	3426500819
	3426500820
	3426500821
	3426500822
	3426500823
	3426500824
	3426500825
	3426500826
	3426500827
	3426500828
	3426500829
	3426500830
	3426500831
	3426500832
	3426500833
	3426500834
	3426500835
	3426500836
	3426500837
	3426500838
	3426500839
	3426500840
	3426500841
	3426500842
	3426500843
	3426500844
	3426500845
	3426500846
	3426500847
	3426500848
	3426500849
	3426500850
	3426500851
	3426500852
	3426500853
	3426500854
	3426500855
	3426500856
	3426500857
	3426500858
	3426500859
	3426500860
	3426500861
	3426500862
	3426500863
	3426500864
	3426500865
	3426500866
	3426500867
	3426500868
	3426500869
	3426500870
	3426500871
	3426500872
	3426500873
	3426500874
	3426500875
	3426500876
	3426500877
	3426500878
	3426500879
	3426500880
	3426500881
	3426500882
	3426500883
	3426500884
	3426500885
	3426500886
	3426500887
	3426500888
	3426500889
	3426500890
	3426500891
	3426500892
	3426500893
	3426500894
	3426500895
	3426500896
	3426500897
	3426500898
	3426500899
	3426500900
	3426500901
	3426500902
	3426500903
	3426500904
	3426500905
	3426500906
	3426500907
	3426500908
	3426500909
	3426500910
	3426500911
	3426500912
	3426500913
	3426500914
	3426500915
	3426500916
	3426500917
	3426500918
	3426500919
	3426500920
	3426500921
	3426500922
	3426500923
	3426500924
	3426500925
	3426500926
	3426500927
	3426500928
	3426500929
	3426500930
	3426500931
	3426500932
	3426500933
	3426500934
	3426500935
	3426500936
	3426500937
	3426500938
	3426500939
	3426500940
	3426500941
	3426500942
	3426500943
	3426500944
	3426500945
	3426500946
	3426500947
	3426500948
	3426500949
	3426500950
	3426500951
	3426500952
	3426500953
	3426500954
	3426500955
	3426500956
	3426500957
	3426500958
	3426500959
	3426500960
	3426500961
	3426500962
	3426500963
	3426500964
	3426500965
	3426500966
	3426500967
	3426500968
	3426500969
	3426500970
	3426500971
	3426500972
	3426500973
	3426500974
	3426500975
	3426500976
	3426500977
	3426500978
	3426500979
	3426500980
	3426500981
	3426500982
	3426500983
	3426500984
	3426500985
	3426500986
	3426500987
	3426500988
	3426500989
	3426500990
	3426500991
	3426500992
	3426500993
	3426500994
	3426500995
	3426500996
	3426500997
	3426500998
	3426500999
	3426501000
	3426501001
	3426501002
	3426501003
	3426501004
	3426501005
	3426501006
	3426501007
	3426501008
	3426501009
	3426501010
	3426501011
	3426501012
	3426501013
	3426501014
	3426501015
	3426501016
	3426501017
	3426501018
	3426501019
	3426501020
	3426501021
	3426501022
	3426501023
	3426501024
	3426501025
	3426501026
	3426501027
	3426501028
	3426501029
	3426501030
	3426501031
	3426501032
	3426501033
	3426501034
	3426501035
	3426501036
	3426501037
	3426501038
	3426501039
	3426501040
	3426501041
	3426501042
	3426501043
	3426501044
	3426501045
	3426501046
	3426501047
	3426501048
	3426501049
	3426501050
	3426501051
	3426501052
	3426501053
	3426501054
	3426501055
	3426501056
	3426501057
	3426501058
	3426501059
	3426501060
	3426501061
	3426501062
	3426501063
	3426501064
	3426501065
	3426501066
	3426501067
	3426501068
	3426501069
	3426501070
	3426501071
	3426501072
	3426501073
	3426501074
	3426501075
	3426501076
	3426501077
	3426501078
	3426501079
	3426501080
	3426501081
	3426501082
	3426501083
	3426501084
	3426501085
	3426501086
	3426501087
	3426501088
	3426501089
	3426501090
	3426501091
	3426501092
	3426501093
	3426501094
	3426501095
	3426501096
	3426501097
	3426501098
	3426501099
	3426501100
	3426501101
	3426501102
	3426501103
	3426501104
	3426501105
	3426501106
	3426501107
	3426501108
	3426501109
	3426501110
	3426501111
	3426501112
	3426501113
	3426501114
	3426501115
	3426501116
	3426501117
	3426501118
	3426501119
	3426501120
	3426501121
	3426501122
	3426501123
	3426501124
	3426501125
	3426501126
	3426501127
	3426501128
	3426501129
	3426501130
	3426501131
	3426501132
	3426501133
	3426501134
	3426501135
	3426501136
	3426501137
	3426501138
	3426501139
	3426501140
	3426501141
	3426501142
	3426501143
	3426501144
	3426501145
	3426501146
	3426501147
	3426501148
	3426501149
	3426501150
	3426501151
	3426501152
	3426501153
	3426501154
	3426501155
	3426501156
	3426501157
	3426501158
	3426501159
	3426501160
	3426501161
	3426501162
	3426501163
	3426501164
	3426501165
	3426501166
	3426501167
	3426501168
	3426501169
	3426501170
	3426501171
	3426501172
	3426501173
	3426501174
	3426501175
	3426501176
	3426501177
	3426501178
	3426501179
	3426501180
	3426501181
	3426501182
	3426501183
	3426501184
	3426501185
	3426501186
	3426501187
	3426501188
	3426501189
	3426501190
	3426501191
	3426501192
	3426501193
	3426501194
	3426501195
	3426501196
	3426501197
	3426501198
	3426501199
	3426501200
	3426501201
	3426501202
	3426501203
	3426501204
	3426501205
	3426501206
	3426501207
	3426501208
	3426501209
	3426501210
	3426501211
	3426501212
	3426501213
	3426501214
	3426501215
	3426501216
	3426501217
	3426501218
	3426501219
	3426501220
	3426501221
	3426501222
	3426501223
	3426501224
	3426501225
	3426501226
	3426501227
	3426501228
	3426501229
	3426501230
	3426501231
	3426501232
	3426501233
	3426501234
	3426501235
	3426501236
	3426501237
	3426501238
	3426501239
	3426501240
	3426501241
	3426501242
	3426501243
	3426501244
	3426501245
	3426501246
	3426501247
	3426501248
	3426501249
	3426501250
	3426501251
	3426501252
	3426501253
	3426501254
	3426501255
	3426501256
	3426501257
	3426501258
	3426501259
	3426501260
	3426501261
	3426501262
	3426501263
	3426501264
	3426501265
	3426501266
	3426501267
	3426501268
	3426501269
	3426501270
	3426501271
	3426501272
	3426501273
	3426501274
	3426501275
	3426501276
	3426501277
	3426501278
	3426501279
	3426501280
	3426501281
	3426501282
	3426501283
	3426501284
	3426501285
	3426501286
	3426501287
	3426501288
	3426501289
	3426501290
	3426501291
	3426501292
	3426501293
	3426501294
	3426501295
	3426501296
	3426501297
	3426501298
	3426501299
	3426501300
	3426501301
	3426501302
	3426501303
	3426501304
	3426501305
	3426501306
	3426501307
	3426501308
	3426501309
	3426501310
	3426501311
	3426501312
	3426501313
	3426501314
	3426501315
	3426501316
	3426501317
	3426501318
	3426501319
	3426501320
	3426501321
	3426501322
	3426501323
	3426501324
	3426501325
	3426501326
	3426501327
	3426501328
	3426501329
	3426501330
	3426501331
	3426501332
	3426501333
	3426501334
	3426501335
	3426501336
	3426501337
	3426501338
	3426501339
	3426501340
	3426501341
	3426501342
	3426501343
	3426501344
	3426501345
	3426501346
	3426501347
	3426501348
	3426501349
	3426501350
	3426501351
	3426501352
	3426501353
	3426501354
	3426501355
	3426501356
	3426501357
	3426501358
	3426501359
	3426501360
	3426501361
	3426501362
	3426501363
	3426501364
	3426501365
	3426501366
	3426501367
	3426501368
	3426501369
	3426501370
	3426501371
	3426501372
	3426501373
	3426501374
	3426501375
	3426501376
	3426501377
	3426501378
	3426501379
	3426501380
	3426501381
	3426501382
	3426501383
	3426501384
	3426501385
	3426501386
	3426501387
	3426501388
	3426501389
	3426501390
	3426501391
	3426501392
	3426501393
	3426501394
	3426501395
	3426501396
	3426501397
	3426501398
	3426501399
	3426501400
	3426501401
	3426501402
	3426501403
	3426501404
	3426501405
	3426501406
	3426501407
	3426501408
	3426501409
	3426501410
	3426501411
	3426501412
	3426501413
	3426501414
	3426501415
	3426501416
	3426501417
	3426501418
	3426501419
	3426501420
	3426501421
	3426501422
	3426501423
	3426501424
	3426501425
	3426501426
	3426501427
	3426501428
	3426501429
	3426501430
	3426501431
	3426501432
	3426501433
	3426501434
	3426501435
	3426501436
	3426501437
	3426501438
	3426501439
	3426501440
	3426501441
	3426501442
	3426501443
	3426501444
	3426501445
	3426501446
	3426501447
	3426501448
	3426501449
	3426501450
	3426501451
	3426501452
	3426501453
	3426501454
	3426501455
	3426501456
	3426501457
	3426501458
	3426501459
	3426501460
	3426501461
	3426501462
	3426501463
	3426501464
	3426501465
	3426501466
	3426501467
	3426501468
	3426501469
	3426501470
	3426501471
	3426501472
	3426501473
	3426501474
	3426501475
	3426501476
	3426501477
	3426501478
	3426501479
	3426501480
	3426501481
	3426501482
	3426501483
	3426501484
	3426501485
	3426501486
	3426501487
	3426501488
	3426501489
	3426501490
	3426501491
	3426501492
	3426501493
	3426501494
	3426501495
	3426501496
	3426501497
	3426501498
	3426501499
	3426501500
	3426501501
	3426501502
	3426501503
	3426501504
	3426501505
	3426501506
	3426501507
	3426501508
	3426501509
	3426501510
	3426501511
	3426501512
	3426501513
	3426501514
	3426501515
	3426501516
	3426501517
	3426501518
	3426501519
	3426501520
	3426501521
	3426501522
	3426501523
	3426501524
	3426501525
	3426501526
	3426501527
	3426501528
	3426501529
	3426501530
	3426501531
	3426501532
	3426501533
	3426501534
	3426501535
	3426501536
	3426501537
	3426501538
	3426501539
	3426501540
	3426501541
	3426501542
	3426501543
	3426501544
	3426501545
	3426501546
	3426501547
	3426501548
	3426501549
	3426501550
	3426501551
	3426501552
	3426501553
	3426501554
	3426501555
	3426501556
	3426501557
	3426501558
	3426501559
	3426501560
	3426501561
	3426501562
	3426501563
	3426501564
	3426501565
	3426501566
	3426501567
	3426501568
	3426501569
	3426501570
	3426501571
	3426501572
	3426501573
	3426501574
	3426501575
	3426501576
	3426501577
	3426501578
	3426501579
	3426501580
	3426501581
	3426501582
	3426501583
	3426501584
	3426501585
	3426501586
	3426501587
	3426501588
	3426501589
	3426501590
	3426501591
	3426501592
	3426501593
	3426501594
	3426501595
	3426501596
	3426501597
	3426501598
	3426501599
	3426501600
	3426501601
	3426501602
	3426501603
	3426501604
	3426501605
	3426501606
	3426501607
	3426501608
	3426501609
	3426501610
	3426501611
	3426501612
	3426501613
	3426501614
	3426501615
	3426501616
	3426501617
	3426501618
	3426501619
	3426501620
	3426501621
	3426501622
	3426501623
	3426501624
	3426501625
	3426501626
	3426501627
	3426501628
	3426501629
	3426501630
	3426501631
	3426501632
	3426501633
	3426501634
	3426501635
	3426501636
	3426501637
	3426501638
	3426501639
	3426501640
	3426501641
	3426501642
	3426501643
	3426501644
	3426501645
	3426501646
	3426501647
	3426501648
	3426501649
	3426501650
	3426501651
	3426501652
	3426501653
	3426501654
	3426501655
	3426501656
	3426501657
	3426501658
	3426501659
	3426501660
	3426501661
	3426501662
	3426501663
	3426501664
	3426501665
	3426501666
	3426501667
	3426501668
	3426501669
	3426501670
	3426501671
	3426501672
	3426501673
	3426501674
	3426501675
	3426501676
	3426501677
	3426501678
	3426501679
	3426501680
	3426501681
	3426501682
	3426501683
	3426501684
	3426501685
	3426501686
	3426501687
	3426501688
	3426501689
	3426501690
	3426501691
	3426501692
	3426501693
	3426501694
	3426501695
	3426501696
	3426501697
	3426501698
	3426501699
	3426501700
	3426501701
	3426501702
	3426501703
	3426501704
	3426501705
	3426501706
	3426501707
	3426501708
	3426501709
	3426501710
	3426501711
	3426501712
	3426501713
	3426501714
	3426501715
	3426501716
	3426501717
	3426501718
	3426501719
	3426501720
	3426501721
	3426501722
	3426501723
	3426501724
	3426501725
	3426501726
	3426501727
	3426501728
	3426501729
	3426501730
	3426501731
	3426501732
	3426501733
	3426501734
	3426501735
	3426501736
	3426501737
	3426501738
	3426501739
	3426501740
	3426501741
	3426501742
	3426501743
	3426501744
	3426501745
	3426501746
	3426501747
	3426501748
	3426501749
	3426501750
	3426501751
	3426501752
	3426501753
	3426501754
	3426501755
	3426501756
	3426501757
	3426501758
	3426501759
	3426501760
	3426501761
	3426501762
	3426501763
	3426501764
	3426501765
	3426501766
	3426501767
	3426501768
	3426501769
	3426501770
	3426501771
	3426501772
	3426501773
	3426501774
	3426501775
	3426501776
	3426501777
	3426501778
	3426501779
	3426501780
	3426501781
	3426501782
	3426501783
	3426501784
	3426501785
	3426501786
	3426501787
	3426501788
	3426501789
	3426501790
	3426501791
	3426501792
	3426501793
	3426501794
	3426501795
	3426501796
	3426501797
	3426501798
	3426501799
	3426501800
	3426501801
	3426501802
	3426501803
	3426501804
	3426501805
	3426501806
	3426501807
	3426501808
	3426501809
	3426501810
	3426501811
	3426501812
	3426501813
	3426501814
	3426501815
	3426501816
	3426501817
	3426501818
	3426501819
	3426501820
	3426501821
	3426501822
	3426501823
	3426501824
	3426501825
	3426501826
	3426501827
	3426501828
	3426501829
	3426501830
	3426501831
	3426501832
	3426501833
	3426501834
	3426501835
	3426501836
	3426501837
	3426501838
	3426501839
	3426501840
	3426501841
	3426501842
	3426501843
	3426501844
	3426501845
	3426501846
	3426501847
	3426501848
	3426501849
	3426501850
	3426501851
	3426501852
	3426501853
	3426501854
	3426501855
	3426501856
	3426501857
	3426501858
	3426501859
	3426501860
	3426501861
	3426501862
	3426501863
	3426501864
	3426501865
	3426501866
	3426501867
	3426501868
	3426501869
	3426501870
	3426501871
	3426501872
	3426501873
	3426501874
	3426501875
	3426501876
	3426501877
	3426501878
	3426501879
	3426501880
	3426501881
	3426501882
	3426501883
	3426501884
	3426501885
	3426501886
	3426501887
	3426501888
	3426501889
	3426501890
	3426501891
	3426501892
	3426501893
	3426501894
	3426501895
	3426501896
	3426501897
	3426501898
	3426501899
	3426501900
	3426501901
	3426501902
	3426501903
	3426501904
	3426501905
	3426501906
	3426501907
	3426501908
	3426501909
	3426501910
	3426501911
	3426501912
	3426501913
	3426501914
	3426501915
	3426501916
	3426501917
	3426501918
	3426501919
	3426501920
	3426501921
	3426501922
	3426501923
	3426501924
	3426501925
	3426501926
	3426501927
	3426501928
	3426501929
	3426501930
	3426501931
	3426501932
	3426501933
	3426501934
	3426501935
	3426501936
	3426501937
	3426501938
	3426501939
	3426501940
	3426501941
	3426501942
	3426501943
	3426501944
	3426501945
	3426501946
	3426501947
	3426501948
	3426501949
	3426501950
	3426501951
	3426501952
	3426501953
	3426501954
	3426501955
	3426501956
	3426501957
	3426501958
	3426501959
	3426501960
	3426501961
	3426501962
	3426501963
	3426501964
	3426501965
	3426501966
	3426501967
	3426501968
	3426501969
	3426501970
	3426501971
	3426501972
	3426501973
	3426501974
	3426501975
	3426501976
	3426501977
	3426501978
	3426501979
	3426501980
	3426501981
	3426501982
	3426501983
	3426501984
	3426501985
	3426501986
	3426501987
	3426501988
	3426501989
	3426501990
	3426501991
	3426501992
	3426501993
	3426501994
	3426501995
	3426501996
	3426501997
	3426501998
	3426501999
	3426502000
	3426502001
	3426502002
	3426502003
	3426502004
	3426502005
	3426502006
	3426502007
	3426502008
	3426502009
	3426502010
	3426502011
	3426502012
	3426502013
	3426502014
	3426502015
	3426502016
	3426502017
	3426502018
	3426502019
	3426502020
	3426502021
	3426502022
	3426502023
	3426502024
	3426502025
	3426502026
	3426502027
	3426502028
	3426502029
	3426502030
	3426502031
	3426502032
	3426502033
	3426502034
	3426502035
	3426502036
	3426502037
	3426502038
	3426502039
	3426502040
	3426502041
	3426502042
	3426502043
	3426502044
	3426502045
	3426502046
	3426502047
	3426502048
	3426502049
	3426502050
	3426502051
	3426502052
	3426502053
	3426502054
	3426502055
	3426502056
	3426502057
	3426502058
	3426502059
	3426502060
	3426502061
	3426502062
	3426502063
	3426502064
	3426502065
	3426502066
	3426502067
	3426502068
	3426502069
	3426502070
	3426502071
	3426502072
	3426502073
	3426502074
	3426502075
	3426502076
	3426502077
	3426502078
	3426502079
	3426502080
	3426502081
	3426502082
	3426502083
	3426502084
	3426502085
	3426502086
	3426502087
	3426502088
	3426502089
	3426502090
	3426502091
	3426502092
	3426502093
	3426502094
	3426502095
	3426502096
	3426502097
	3426502098
	3426502099
	3426502100
	3426502101
	3426502102
	3426502103
	3426502104
	3426502105
	3426502106
	3426502107
	3426502108
	3426502109
	3426502110
	3426502111
	3426502112
	3426502113
	3426502114
	3426502115
	3426502116
	3426502117
	3426502118
	3426502119
	3426502120
	3426502121
	3426502122
	3426502123
	3426502124
	3426502125
	3426502126
	3426502127
	3426502128
	3426502129
	3426502130
	3426502131
	3426502132
	3426502133
	3426502134
	3426502135
	3426502136
	3426502137
	3426502138
	3426502139
	3426502140
	3426502141
	3426502142
	3426502143
	3426502144
	3426502145
	3426502146
	3426502147
	3426502148
	3426502149
	3426502150
	3426502151
	3426502152
	3426502153
	3426502154
	3426502155
	3426502156
	3426502157
	3426502158
	3426502159
	3426502160
	3426502161
	3426502162
	3426502163
	3426502164
	3426502165
	3426502166
	3426502167
	3426502168
	3426502169
	3426502170
	3426502171
	3426502172
	3426502173
	3426502174
	3426502175
	3426502176
	3426502177
	3426502178
	3426502179
	3426502180
	3426502181
	3426502182
	3426502183
	3426502184
	3426502185
	3426502186
	3426502187
	3426502188
	3426502189
	3426502190
	3426502191
	3426502192
	3426502193
	3426502194
	3426502195
	3426502196
	3426502197
	3426502198
	3426502199
	3426502200
	3426502201
	3426502202
	3426502203
	3426502204
	3426502205
	3426502206
	3426502207
	3426502208
	3426502209
	3426502210
	3426502211
	3426502212
	3426502213
	3426502214
	3426502215
	3426502216
	3426502217
	3426502218
	3426502219
	3426502220
	3426502221
	3426502222
	3426502223
	3426502224
	3426502225
	3426502226
	3426502227
	3426502228
	3426502229
	3426502230
	3426502231
	3426502232
	3426502233
	3426502234
	3426502235
	3426502236
	3426502237
	3426502238
	3426502239
	3426502240
	3426502241
	3426502242
	3426502243
	3426502244
	3426502245
	3426502246
	3426502247
	3426502248
	3426502249
	3426502250
	3426502251
	3426502252
	3426502253
	3426502254
	3426502255
	3426502256
	3426502257
	3426502258
	3426502259
	3426502260
	3426502261
	3426502262
	3426502263
	3426502264
	3426502265
	3426502266
	3426502267
	3426502268
	3426502269
	3426502270
	3426502271
	3426502272
	3426502273
	3426502274
	3426502275
	3426502276
	3426502277
	3426502278
	3426502279
	3426502280
	3426502281
	3426502282
	3426502283
	3426502284
	3426502285
	3426502286
	3426502287
	3426502288
	3426502289
	3426502290
	3426502291
	3426502292
	3426502293
	3426502294
	3426502295
	3426502296
	3426502297
	3426502298
	3426502299
	3426502300
	3426502301
	3426502302
	3426502303
	3426502304
	3426502305
	3426502306
	3426502307
	3426502308
	3426502309
	3426502310
	3426502311
	3426502312
	3426502313
	3426502314
	3426502315
	3426502316
	3426502317
	3426502318
	3426502319
	3426502320
	3426502321
	3426502322
	3426502323
	3426502324
	3426502325
	3426502326
	3426502327
	3426502328
	3426502329
	3426502330
	3426502331
	3426502332
	3426502333
	3426502334
	3426502335
	3426502336
	3426502337
	3426502338
	3426502339
	3426502340
	3426502341
	3426502342
	3426502343
	3426502344
	3426502345
	3426502346
	3426502347
	3426502348
	3426502349
	3426502350
	3426502351
	3426502352
	3426502353
	3426502354
	3426502355
	3426502356
	3426502357
	3426502358
	3426502359
	3426502360
	3426502361
	3426502362
	3426502363
	3426502364
	3426502365
	3426502366
	3426502367
	3426502368
	3426502369
	3426502370
	3426502371
	3426502372
	3426502373
	3426502374
	3426502375
	3426502376
	3426502377
	3426502378
	3426502379
	3426502380
	3426502381
	3426502382
	3426502383
	3426502384
	3426502385
	3426502386
	3426502387
	3426502388
	3426502389
	3426502390
	3426502391
	3426502392
	3426502393
	3426502394
	3426502395
	3426502396
	3426502397
	3426502398
	3426502399
	3426502400
	3426502401
	3426502402
	3426502403
	3426502404
	3426502405
	3426502406
	3426502407
	3426502408
	3426502409
	3426502410
	3426502411
	3426502412
	3426502413
	3426502414
	3426502415
	3426502416
	3426502417
	3426502418
	3426502419
	3426502420
	3426502421
	3426502422
	3426502423
	3426502424
	3426502425
	3426502426
	3426502427
	3426502428
	3426502429
	3426502430
	3426502431
	3426502432
	3426502433
	3426502434
	3426502435
	3426502436
	3426502437
	3426502438
	3426502439
	3426502440
	3426502441
	3426502442
	3426502443
	3426502444
	3426502445
	3426502446
	3426502447
	3426502448
	3426502449
	3426502450
	3426502451
	3426502452
	3426502453
	3426502454
	3426502455
	3426502456
	3426502457
	3426502458
	3426502459
	3426502460
	3426502461
	3426502462
	3426502463
	3426502464
	3426502465
	3426502466
	3426502467
	3426502468
	3426502469
	3426502470
	3426502471
	3426502472
	3426502473
	3426502474
	3426502475
	3426502476
	3426502477
	3426502478
	3426502479
	3426502480
	3426502481
	3426502482
	3426502483
	3426502484
	3426502485
	3426502486
	3426502487
	3426502488
	3426502489
	3426502490
	3426502491
	3426502492
	3426502493
	3426502494
	3426502495
	3426502496
	3426502497
	3426502498
	3426502499
	3426502500
	3426502501
	3426502502
	3426502503
	3426502504
	3426502505
	3426502506
	3426502507
	3426502508
	3426502509
	3426502510
	3426502511
	3426502512
	3426502513
	3426502514
	3426502515
	3426502516
	3426502517
	3426502518
	3426502519
	3426502520
	3426502521
	3426502522
	3426502523
	3426502524
	3426502525
	3426502526
	3426502527
	3426502528
	3426502529
	3426502530
	3426502531
	3426502532
	3426502533
	3426502534
	3426502535
	3426502536
	3426502537
	3426502538
	3426502539
	3426502540
	3426502541
	3426502542
	3426502543
	3426502544
	3426502545
	3426502546
	3426502547
	3426502548
	3426502549
	3426502550
	3426502551
	3426502552
	3426502553
	3426502554
	3426502555
	3426502556
	3426502557
	3426502558
	3426502559
	3426502560
	3426502561
	3426502562
	3426502563
	3426502564
	3426502565
	3426502566
	3426502567
	3426502568
	3426502569
	3426502570
	3426502571
	3426502572
	3426502573
	3426502574
	3426502575
	3426502576
	3426502577
	3426502578
	3426502579
	3426502580
	3426502581
	3426502582
	3426502583
	3426502584
	3426502585
	3426502586
	3426502587
	3426502588
	3426502589
	3426502590
	3426502591
	3426502592
	3426502593
	3426502594
	3426502595
	3426502596
	3426502597
	3426502598
	3426502599
	3426502600
	3426502601
	3426502602
	3426502603
	3426502604
	3426502605
	3426502606
	3426502607
	3426502608
	3426502609
	3426502610
	3426502611
	3426502612
	3426502613
	3426502614
	3426502615
	3426502616
	3426502617
	3426502618
	3426502619
	3426502620
	3426502621
	3426502622
	3426502623
	3426502624
	3426502625
	3426502626
	3426502627
	3426502628
	3426502629
	3426502630
	3426502631
	3426502632
	3426502633
	3426502634
	3426502635
	3426502636
	3426502637
	3426502638
	3426502639
	3426502640
	3426502641
	3426502642
	3426502643
	3426502644
	3426502645
	3426502646
	3426502647
	3426502648
	3426502649
	3426502650
	3426502651
	3426502652
	3426502653
	3426502654
	3426502655
	3426502656
	3426502657
	3426502658
	3426502659
	3426502660
	3426502661
	3426502662
	3426502663
	3426502664
	3426502665
	3426502666
	3426502667
	3426502668
	3426502669
	3426502670
	3426502671
	3426502672
	3426502673
	3426502674
	3426502675
	3426502676
	3426502677
	3426502678
	3426502679
	3426502680
	3426502681
	3426502682
	3426502683
	3426502684
	3426502685
	3426502686
	3426502687
	3426502688
	3426502689
	3426502690
	3426502691
	3426502692
	3426502693
	3426502694
	3426502695
	3426502696
	3426502697
	3426502698
	3426502699
	3426502700
	3426502701
	3426502702
	3426502703
	3426502704
	3426502705
	3426502706
	3426502707
	3426502708
	3426502709
	3426502710
	3426502711
	3426502712
	3426502713
	3426502714
	3426502715
	3426502716
	3426502717
	3426502718
	3426502719
	3426502720
	3426502721
	3426502722
	3426502723
	3426502724
	3426502725
	3426502726
	3426502727
	3426502728
	3426502729
	3426502730
	3426502731
	3426502732
	3426502733
	3426502734
	3426502735
	3426502736
	3426502737
	3426502738
	3426502739
	3426502740
	3426502741
	3426502742
	3426502743
	3426502744
	3426502745
	3426502746
	3426502747
	3426502748
	3426502749
	3426502750
	3426502751
	3426502752
	3426502753
	3426502754
	3426502755
	3426502756
	3426502757
	3426502758
	3426502759
	3426502760
	3426502761
	3426502762
	3426502763
	3426502764
	3426502765
	3426502766
	3426502767
	3426502768
	3426502769
	3426502770
	3426502771
	3426502772
	3426502773
	3426502774
	3426502775
	3426502776
	3426502777
	3426502778
	3426502779
	3426502780
	3426502781
	3426502782
	3426502783
	3426502784
	3426502785
	3426502786
	3426502787
	3426502788
	3426502789
	3426502790
	3426502791
	3426502792
	3426502793
	3426502794
	3426502795
	3426502796
	3426502797
	3426502798
	3426502799
	3426502800
	3426502801
	3426502802
	3426502803
	3426502804
	3426502805
	3426502806
	3426502807
	3426502808
	3426502809
	3426502810
	3426502811
	3426502812
	3426502813
	3426502814
	3426502815
	3426502816
	3426502817
	3426502818
	3426502819
	3426502820
	3426502821
	3426502822
	3426502823
	3426502824
	3426502825
	3426502826
	3426502827
	3426502828
	3426502829
	3426502830
	3426502831
	3426502832
	3426502833
	3426502834
	3426502835
	3426502836
	3426502837
	3426502838
	3426502839
	3426502840
	3426502841
	3426502842
	3426502843
	3426502844
	3426502845
	3426502846
	3426502847
	3426502848
	3426502849
	3426502850
	3426502851
	3426502852
	3426502853
	3426502854
	3426502855
	3426502856
	3426502857
	3426502858
	3426502859
	3426502860
	3426502861
	3426502862
	3426502863
	3426502864
	3426502865
	3426502866
	3426502867
	3426502868
	3426502869
	3426502870
	3426502871
	3426502872
	3426502873
	3426502874
	3426502875
	3426502876
	3426502877
	3426502878
	3426502879
	3426502880
	3426502881
	3426502882
	3426502883
	3426502884
	3426502885
	3426502886
	3426502887
	3426502888
	3426502889
	3426502890
	3426502891
	3426502892
	3426502893
	3426502894
	3426502895
	3426502896
	3426502897
	3426502898
	3426502899
	3426502900
	3426502901
	3426502902
	3426502903
	3426502904
	3426502905
	3426502906
	3426502907
	3426502908
	3426502909
	3426502910
	3426502911
	3426502912
	3426502913
	3426502914
	3426502915
	3426502916
	3426502917
	3426502918
	3426502919
	3426502920
	3426502921
	3426502922
	3426502923
	3426502924
	3426502925
	3426502926
	3426502927
	3426502928
	3426502929
	3426502930
	3426502931
	3426502932
	3426502933
	3426502934
	3426502935
	3426502936
	3426502937
	3426502938
	3426502939
	3426502940
	3426502941
	3426502942
	3426502943
	3426502944
	3426502945
	3426502946
	3426502947
	3426502948
	3426502949
	3426502950
	3426502951
	3426502952
	3426502953
	3426502954
	3426502955
	3426502956
	3426502957
	3426502958
	3426502959
	3426502960
	3426502961
	3426502962
	3426502963
	3426502964
	3426502965
	3426502966
	3426502967
	3426502968
	3426502969
	3426502970
	3426502971
	3426502972
	3426502973
	3426502974
	3426502975
	3426502976
	3426502977
	3426502978
	3426502979
	3426502980
	3426502981
	3426502982
	3426502983
	3426502984
	3426502985
	3426502986
	3426502987
	3426502988
	3426502989
	3426502990
	3426502991
	3426502992
	3426502993
	3426502994
	3426502995
	3426502996
	3426502997
	3426502998
	3426502999
	3426503000
	3426503001
	3426503002
	3426503003
	3426503004
	3426503005
	3426503006
	3426503007
	3426503008
	3426503009
	3426503010
	3426503011
	3426503012
	3426503013
	3426503014
	3426503015
	3426503016
	3426503017
	3426503018
	3426503019
	3426503020
	3426503021
	3426503022
	3426503023
	3426503024
	3426503025
	3426503026
	3426503027
	3426503028
	3426503029
	3426503030
	3426503031
	3426503032
	3426503033
	3426503034
	3426503035
	3426503036
	3426503037
	3426503038
	3426503039
	3426503040
	3426503041
	3426503042
	3426503043
	3426503044
	3426503045
	3426503046
	3426503047
	3426503048
	3426503049
	3426503050
	3426503051
	3426503052
	3426503053
	3426503054
	3426503055
	3426503056
	3426503057
	3426503058
	3426503059
	3426503060
	3426503061
	3426503062
	3426503063
	3426503064
	3426503065
	3426503066
	3426503067
	3426503068
	3426503069
	3426503070
	3426503071
	3426503072
	3426503073
	3426503074
	3426503075
	3426503076
	3426503077
	3426503078
	3426503079
	3426503080
	3426503081
	3426503082
	3426503083
	3426503084
	3426503085
	3426503086
	3426503087
	3426503088
	3426503089
	3426503090
	3426503091
	3426503092
	3426503093
	3426503094
	3426503095
	3426503096
	3426503097
	3426503098
	3426503099
	3426503100
	3426503101
	3426503102
	3426503103
	3426503104
	3426503105
	3426503106
	3426503107
	3426503108
	3426503109
	3426503110
	3426503111
	3426503112
	3426503113
	3426503114
	3426503115
	3426503116
	3426503117
	3426503118
	3426503119
	3426503120
	3426503121
	3426503122
	3426503123
	3426503124
	3426503125
	3426503126
	3426503127
	3426503128
	3426503129
	3426503130
	3426503131
	3426503132
	3426503133
	3426503134
	3426503135
	3426503136
	3426503137
	3426503138
	3426503139
	3426503140
	3426503141
	3426503142
	3426503143
	3426503144
	3426503145
	3426503146
	3426503147
	3426503148
	3426503149
	3426503150
	3426503151
	3426503152
	3426503153
	3426503154
	3426503155
	3426503156
	3426503157
	3426503158
	3426503159
	3426503160
	3426503161
	3426503162
	3426503163
	3426503164
	3426503165
	3426503166
	3426503167
	3426503168
	3426503169
	3426503170
	3426503171
	3426503172
	3426503173
	3426503174
	3426503175
	3426503176
	3426503177
	3426503178
	3426503179
	3426503180
	3426503181
	3426503182
	3426503183
	3426503184
	3426503185
	3426503186
	3426503187
	3426503188
	3426503189
	3426503190
	3426503191
	3426503192
	3426503193
	3426503194
	3426503195
	3426503196
	3426503197
	3426503198
	3426503199
	3426503200
	3426503201
	3426503202
	3426503203
	3426503204
	3426503205
	3426503206
	3426503207
	3426503208
	3426503209
	3426503210
	3426503211
	3426503212
	3426503213
	3426503214
	3426503215
	3426503216
	3426503217
	3426503218
	3426503219
	3426503220
	3426503221
	3426503222
	3426503223
	3426503224
	3426503225
	3426503226
	3426503227
	3426503228
	3426503229
	3426503230
	3426503231
	3426503232
	3426503233
	3426503234
	3426503235
	3426503236
	3426503237
	3426503238
	3426503239
	3426503240
	3426503241
	3426503242
	3426503243
	3426503244
	3426503245
	3426503246
	3426503247
	3426503248
	3426503249
	3426503250
	3426503251
	3426503252
	3426503253
	3426503254
	3426503255
	3426503256
	3426503257
	3426503258
	3426503259
	3426503260
	3426503261
	3426503262
	3426503263
	3426503264
	3426503265
	3426503266
	3426503267
	3426503268
	3426503269
	3426503270
	3426503271
	3426503272
	3426503273
	3426503274
	3426503275
	3426503276
	3426503277
	3426503278
	3426503279
	3426503280
	3426503281
	3426503282
	3426503283
	3426503284
	3426503285
	3426503286
	3426503287
	3426503288
	3426503289
	3426503290
	3426503291
	3426503292
	3426503293
	3426503294
	3426503295
	3426503296
	3426503297
	3426503298
	3426503299
	3426503300
	3426503301
	3426503302
	3426503303
	3426503304
	3426503305
	3426503306
	3426503307
	3426503308
	3426503309
	3426503310
	3426503311
	3426503312
	3426503313
	3426503314
	3426503315
	3426503316
	3426503317
	3426503318
	3426503319
	3426503320
	3426503321
	3426503322
	3426503323
	3426503324
	3426503325
	3426503326
	3426503327
	3426503328
	3426503329
	3426503330
	3426503331
	3426503332
	3426503333
	3426503334
	3426503335
	3426503336
	3426503337
	3426503338
	3426503339
	3426503340
	3426503341
	3426503342
	3426503343
	3426503344
	3426503345
	3426503346
	3426503347
	3426503348
	3426503349
	3426503350
	3426503351
	3426503352
	3426503353
	3426503354
	3426503355
	3426503356
	3426503357
	3426503358
	3426503359
	3426503360
	3426503361
	3426503362
	3426503363
	3426503364
	3426503365
	3426503366
	3426503367
	3426503368
	3426503369
	3426503370
	3426503371
	3426503372
	3426503373
	3426503374
	3426503375
	3426503376
	3426503377
	3426503378
	3426503379
	3426503380
	3426503381
	3426503382
	3426503383
	3426503384
	3426503385
	3426503386
	3426503387
	3426503388
	3426503389
	3426503390
	3426503391
	3426503392
	3426503393
	3426503394
	3426503395
	3426503396
	3426503397
	3426503398
	3426503399
	3426503400
	3426503401
	3426503402
	3426503403
	3426503404
	3426503405
	3426503406
	3426503407
	3426503408
	3426503409
	3426503410
	3426503411
	3426503412
	3426503413
	3426503414
	3426503415
	3426503416
	3426503417
	3426503418
	3426503419
	3426503420
	3426503421
	3426503422
	3426503423
	3426503424
	3426503425
	3426503426
	3426503427
	3426503428
	3426503429
	3426503430
	3426503431
	3426503432
	3426503433
	3426503434
	3426503435
	3426503436
	3426503437
	3426503438
	3426503439
	3426503440
	3426503441
	3426503442
	3426503443
	3426503444
	3426503445
	3426503446
	3426503447
	3426503448
	3426503449
	3426503450
	3426503451
	3426503452
	3426503453
	3426503454
	3426503455
	3426503456
	3426503457
	3426503458
	3426503459
	3426503460
