	3427041408
	3427041409
	3427041410
	3427041411
	3427041412
	3427041413
	3427041414
	3427041415
	3427041416
	3427041417
	3427041418
	3427041419
	3427041420
	3427041421
	3427041422
	3427041423
	3427041424
	3427041425
	3427041426
	3427041427
	3427041428
	3427041429
	3427041430
	3427041431
	3427041432
	3427041433
	3427041434
	3427041435
	3427041436
	3427041437
	3427041438
	3427041439
	3427041440
	3427041441
	3427041442
	3427041443
	3427041444
	3427041445
	3427041446
	3427041447
	3427041448
	3427041449
	3427041450
	3427041451
	3427041452
	3427041453
	3427041454
	3427041455
	3427041456
	3427041457
	3427041458
	3427041459
	3427041460
	3427041461
	3427041462
	3427041463
	3427041464
	3427041465
	3427041466
	3427041467
	3427041468
	3427041469
	3427041470
	3427041471
	3427041472
	3427041473
	3427041474
	3427041475
	3427041476
	3427041477
	3427041478
	3427041479
	3427041480
	3427041481
	3427041482
	3427041483
	3427041484
	3427041485
	3427041486
	3427041487
	3427041488
	3427041489
	3427041490
	3427041491
	3427041492
	3427041493
	3427041494
	3427041495
	3427041496
	3427041497
	3427041498
	3427041499
	3427041500
	3427041501
	3427041502
	3427041503
	3427041504
	3427041505
	3427041506
	3427041507
	3427041508
	3427041509
	3427041510
	3427041511
	3427041512
	3427041513
	3427041514
	3427041515
	3427041516
	3427041517
	3427041518
	3427041519
	3427041520
	3427041521
	3427041522
	3427041523
	3427041524
	3427041525
	3427041526
	3427041527
	3427041528
	3427041529
	3427041530
	3427041531
	3427041532
	3427041533
	3427041534
	3427041535
	3427041536
	3427041537
	3427041538
	3427041539
	3427041540
	3427041541
	3427041542
	3427041543
	3427041544
	3427041545
	3427041546
	3427041547
	3427041548
	3427041549
	3427041550
	3427041551
	3427041552
	3427041553
	3427041554
	3427041555
	3427041556
	3427041557
	3427041558
	3427041559
	3427041560
	3427041561
	3427041562
	3427041563
	3427041564
	3427041565
	3427041566
	3427041567
	3427041568
	3427041569
	3427041570
	3427041571
	3427041572
	3427041573
	3427041574
	3427041575
	3427041576
	3427041577
	3427041578
	3427041579
	3427041580
	3427041581
	3427041582
	3427041583
	3427041584
	3427041585
	3427041586
	3427041587
	3427041588
	3427041589
	3427041590
	3427041591
	3427041592
	3427041593
	3427041594
	3427041595
	3427041596
	3427041597
	3427041598
	3427041599
	3427041600
	3427041601
	3427041602
	3427041603
	3427041604
	3427041605
	3427041606
	3427041607
	3427041608
	3427041609
	3427041610
	3427041611
	3427041612
	3427041613
	3427041614
	3427041615
	3427041616
	3427041617
	3427041618
	3427041619
	3427041620
	3427041621
	3427041622
	3427041623
	3427041624
	3427041625
	3427041626
	3427041627
	3427041628
	3427041629
	3427041630
	3427041631
	3427041632
	3427041633
	3427041634
	3427041635
	3427041636
	3427041637
	3427041638
	3427041639
	3427041640
	3427041641
	3427041642
	3427041643
	3427041644
	3427041645
	3427041646
	3427041647
	3427041648
	3427041649
	3427041650
	3427041651
	3427041652
	3427041653
	3427041654
	3427041655
	3427041656
	3427041657
	3427041658
	3427041659
	3427041660
	3427041661
	3427041662
	3427041663
	3427041664
	3427041665
	3427041666
	3427041667
	3427041668
	3427041669
	3427041670
	3427041671
	3427041672
	3427041673
	3427041674
	3427041675
	3427041676
	3427041677
	3427041678
	3427041679
	3427041680
	3427041681
	3427041682
	3427041683
	3427041684
	3427041685
	3427041686
	3427041687
	3427041688
	3427041689
	3427041690
	3427041691
	3427041692
	3427041693
	3427041694
	3427041695
	3427041696
	3427041697
	3427041698
	3427041699
	3427041700
	3427041701
	3427041702
	3427041703
	3427041704
	3427041705
	3427041706
	3427041707
	3427041708
	3427041709
	3427041710
	3427041711
	3427041712
	3427041713
	3427041714
	3427041715
	3427041716
	3427041717
	3427041718
	3427041719
	3427041720
	3427041721
	3427041722
	3427041723
	3427041724
	3427041725
	3427041726
	3427041727
	3427041728
	3427041729
	3427041730
	3427041731
	3427041732
	3427041733
	3427041734
	3427041735
	3427041736
	3427041737
	3427041738
	3427041739
	3427041740
	3427041741
	3427041742
	3427041743
	3427041744
	3427041745
	3427041746
	3427041747
	3427041748
	3427041749
	3427041750
	3427041751
	3427041752
	3427041753
	3427041754
	3427041755
	3427041756
	3427041757
	3427041758
	3427041759
	3427041760
	3427041761
	3427041762
	3427041763
	3427041764
	3427041765
	3427041766
	3427041767
	3427041768
	3427041769
	3427041770
	3427041771
	3427041772
	3427041773
	3427041774
	3427041775
	3427041776
	3427041777
	3427041778
	3427041779
	3427041780
	3427041781
	3427041782
	3427041783
	3427041784
	3427041785
	3427041786
	3427041787
	3427041788
	3427041789
	3427041790
	3427041791
	3427041792
	3427041793
	3427041794
	3427041795
	3427041796
	3427041797
	3427041798
	3427041799
	3427041800
	3427041801
	3427041802
	3427041803
	3427041804
	3427041805
	3427041806
	3427041807
	3427041808
	3427041809
	3427041810
	3427041811
	3427041812
	3427041813
	3427041814
	3427041815
	3427041816
	3427041817
	3427041818
	3427041819
	3427041820
	3427041821
	3427041822
	3427041823
	3427041824
	3427041825
	3427041826
	3427041827
	3427041828
	3427041829
	3427041830
	3427041831
	3427041832
	3427041833
	3427041834
	3427041835
	3427041836
	3427041837
	3427041838
	3427041839
	3427041840
	3427041841
	3427041842
	3427041843
	3427041844
	3427041845
	3427041846
	3427041847
	3427041848
	3427041849
	3427041850
	3427041851
	3427041852
	3427041853
	3427041854
	3427041855
	3427041856
	3427041857
	3427041858
	3427041859
	3427041860
	3427041861
	3427041862
	3427041863
	3427041864
	3427041865
	3427041866
	3427041867
	3427041868
	3427041869
	3427041870
	3427041871
	3427041872
	3427041873
	3427041874
	3427041875
	3427041876
	3427041877
	3427041878
	3427041879
	3427041880
	3427041881
	3427041882
	3427041883
	3427041884
	3427041885
	3427041886
	3427041887
	3427041888
	3427041889
	3427041890
	3427041891
	3427041892
	3427041893
	3427041894
	3427041895
	3427041896
	3427041897
	3427041898
	3427041899
	3427041900
	3427041901
	3427041902
	3427041903
	3427041904
	3427041905
	3427041906
	3427041907
	3427041908
	3427041909
	3427041910
	3427041911
	3427041912
	3427041913
	3427041914
	3427041915
	3427041916
	3427041917
	3427041918
	3427041919
	3427041920
	3427041921
	3427041922
	3427041923
	3427041924
	3427041925
	3427041926
	3427041927
	3427041928
	3427041929
	3427041930
	3427041931
	3427041932
	3427041933
	3427041934
	3427041935
	3427041936
	3427041937
	3427041938
	3427041939
	3427041940
	3427041941
	3427041942
	3427041943
	3427041944
	3427041945
	3427041946
	3427041947
	3427041948
	3427041949
	3427041950
	3427041951
	3427041952
	3427041953
	3427041954
	3427041955
	3427041956
	3427041957
	3427041958
	3427041959
	3427041960
	3427041961
	3427041962
	3427041963
	3427041964
	3427041965
	3427041966
	3427041967
	3427041968
	3427041969
	3427041970
	3427041971
	3427041972
	3427041973
	3427041974
	3427041975
	3427041976
	3427041977
	3427041978
	3427041979
	3427041980
	3427041981
	3427041982
	3427041983
	3427041984
	3427041985
	3427041986
	3427041987
	3427041988
	3427041989
	3427041990
	3427041991
	3427041992
	3427041993
	3427041994
	3427041995
	3427041996
	3427041997
	3427041998
	3427041999
	3427042000
	3427042001
	3427042002
	3427042003
	3427042004
	3427042005
	3427042006
	3427042007
	3427042008
	3427042009
	3427042010
	3427042011
	3427042012
	3427042013
	3427042014
	3427042015
	3427042016
	3427042017
	3427042018
	3427042019
	3427042020
	3427042021
	3427042022
	3427042023
	3427042024
	3427042025
	3427042026
	3427042027
	3427042028
	3427042029
	3427042030
	3427042031
	3427042032
	3427042033
	3427042034
	3427042035
	3427042036
	3427042037
	3427042038
	3427042039
	3427042040
	3427042041
	3427042042
	3427042043
	3427042044
	3427042045
	3427042046
	3427042047
	3427042048
	3427042049
	3427042050
	3427042051
	3427042052
	3427042053
	3427042054
	3427042055
	3427042056
	3427042057
	3427042058
	3427042059
	3427042060
	3427042061
	3427042062
	3427042063
	3427042064
	3427042065
	3427042066
	3427042067
	3427042068
	3427042069
	3427042070
	3427042071
	3427042072
	3427042073
	3427042074
	3427042075
	3427042076
	3427042077
	3427042078
	3427042079
	3427042080
	3427042081
	3427042082
	3427042083
	3427042084
	3427042085
	3427042086
	3427042087
	3427042088
	3427042089
	3427042090
	3427042091
	3427042092
	3427042093
	3427042094
	3427042095
	3427042096
	3427042097
	3427042098
	3427042099
	3427042100
	3427042101
	3427042102
	3427042103
	3427042104
	3427042105
	3427042106
	3427042107
	3427042108
	3427042109
	3427042110
	3427042111
	3427042112
	3427042113
	3427042114
	3427042115
	3427042116
	3427042117
	3427042118
	3427042119
	3427042120
	3427042121
	3427042122
	3427042123
	3427042124
	3427042125
	3427042126
	3427042127
	3427042128
	3427042129
	3427042130
	3427042131
	3427042132
	3427042133
	3427042134
	3427042135
	3427042136
	3427042137
	3427042138
	3427042139
	3427042140
	3427042141
	3427042142
	3427042143
	3427042144
	3427042145
	3427042146
	3427042147
	3427042148
	3427042149
	3427042150
	3427042151
	3427042152
	3427042153
	3427042154
	3427042155
	3427042156
	3427042157
	3427042158
	3427042159
	3427042160
	3427042161
	3427042162
	3427042163
	3427042164
	3427042165
	3427042166
	3427042167
	3427042168
	3427042169
	3427042170
	3427042171
	3427042172
	3427042173
	3427042174
	3427042175
	3427042176
	3427042177
	3427042178
	3427042179
	3427042180
	3427042181
	3427042182
	3427042183
	3427042184
	3427042185
	3427042186
	3427042187
	3427042188
	3427042189
	3427042190
	3427042191
	3427042192
	3427042193
	3427042194
	3427042195
	3427042196
	3427042197
	3427042198
	3427042199
	3427042200
	3427042201
	3427042202
	3427042203
	3427042204
	3427042205
	3427042206
	3427042207
	3427042208
	3427042209
	3427042210
	3427042211
	3427042212
	3427042213
	3427042214
	3427042215
	3427042216
	3427042217
	3427042218
	3427042219
	3427042220
	3427042221
	3427042222
	3427042223
	3427042224
	3427042225
	3427042226
	3427042227
	3427042228
	3427042229
	3427042230
	3427042231
	3427042232
	3427042233
	3427042234
	3427042235
	3427042236
	3427042237
	3427042238
	3427042239
	3427042240
	3427042241
	3427042242
	3427042243
	3427042244
	3427042245
	3427042246
	3427042247
	3427042248
	3427042249
	3427042250
	3427042251
	3427042252
	3427042253
	3427042254
	3427042255
	3427042256
	3427042257
	3427042258
	3427042259
	3427042260
	3427042261
	3427042262
	3427042263
	3427042264
	3427042265
	3427042266
	3427042267
	3427042268
	3427042269
	3427042270
	3427042271
	3427042272
	3427042273
	3427042274
	3427042275
	3427042276
	3427042277
	3427042278
	3427042279
	3427042280
	3427042281
	3427042282
	3427042283
	3427042284
	3427042285
	3427042286
	3427042287
	3427042288
	3427042289
	3427042290
	3427042291
	3427042292
	3427042293
	3427042294
	3427042295
	3427042296
	3427042297
	3427042298
	3427042299
	3427042300
	3427042301
	3427042302
	3427042303
	3427042304
	3427042305
	3427042306
	3427042307
	3427042308
	3427042309
	3427042310
	3427042311
	3427042312
	3427042313
	3427042314
	3427042315
	3427042316
	3427042317
	3427042318
	3427042319
	3427042320
	3427042321
	3427042322
	3427042323
	3427042324
	3427042325
	3427042326
	3427042327
	3427042328
	3427042329
	3427042330
	3427042331
	3427042332
	3427042333
	3427042334
	3427042335
	3427042336
	3427042337
	3427042338
	3427042339
	3427042340
	3427042341
	3427042342
	3427042343
	3427042344
	3427042345
	3427042346
	3427042347
	3427042348
	3427042349
	3427042350
	3427042351
	3427042352
	3427042353
	3427042354
	3427042355
	3427042356
	3427042357
	3427042358
	3427042359
	3427042360
	3427042361
	3427042362
	3427042363
	3427042364
	3427042365
	3427042366
	3427042367
	3427042368
	3427042369
	3427042370
	3427042371
	3427042372
	3427042373
	3427042374
	3427042375
	3427042376
	3427042377
	3427042378
	3427042379
	3427042380
	3427042381
	3427042382
	3427042383
	3427042384
	3427042385
	3427042386
	3427042387
	3427042388
	3427042389
	3427042390
	3427042391
	3427042392
	3427042393
	3427042394
	3427042395
	3427042396
	3427042397
	3427042398
	3427042399
	3427042400
	3427042401
	3427042402
	3427042403
	3427042404
	3427042405
	3427042406
	3427042407
	3427042408
	3427042409
	3427042410
	3427042411
	3427042412
	3427042413
	3427042414
	3427042415
	3427042416
	3427042417
	3427042418
	3427042419
	3427042420
	3427042421
	3427042422
	3427042423
	3427042424
	3427042425
	3427042426
	3427042427
	3427042428
	3427042429
	3427042430
	3427042431
	3427042432
	3427042433
	3427042434
	3427042435
	3427042436
	3427042437
	3427042438
	3427042439
	3427042440
	3427042441
	3427042442
	3427042443
	3427042444
	3427042445
	3427042446
	3427042447
	3427042448
	3427042449
	3427042450
	3427042451
	3427042452
	3427042453
	3427042454
	3427042455
	3427042456
	3427042457
	3427042458
	3427042459
	3427042460
	3427042461
	3427042462
	3427042463
	3427042464
	3427042465
	3427042466
	3427042467
	3427042468
	3427042469
	3427042470
	3427042471
	3427042472
	3427042473
	3427042474
	3427042475
	3427042476
	3427042477
	3427042478
	3427042479
	3427042480
	3427042481
	3427042482
	3427042483
	3427042484
	3427042485
	3427042486
	3427042487
	3427042488
	3427042489
	3427042490
	3427042491
	3427042492
	3427042493
	3427042494
	3427042495
	3427042496
	3427042497
	3427042498
	3427042499
	3427042500
	3427042501
	3427042502
	3427042503
	3427042504
	3427042505
	3427042506
	3427042507
	3427042508
	3427042509
	3427042510
	3427042511
	3427042512
	3427042513
	3427042514
	3427042515
	3427042516
	3427042517
	3427042518
	3427042519
	3427042520
	3427042521
	3427042522
	3427042523
	3427042524
	3427042525
	3427042526
	3427042527
	3427042528
	3427042529
	3427042530
	3427042531
	3427042532
	3427042533
	3427042534
	3427042535
	3427042536
	3427042537
	3427042538
	3427042539
	3427042540
	3427042541
	3427042542
	3427042543
	3427042544
	3427042545
	3427042546
	3427042547
	3427042548
	3427042549
	3427042550
	3427042551
	3427042552
	3427042553
	3427042554
	3427042555
	3427042556
	3427042557
	3427042558
	3427042559
	3427042560
	3427042561
	3427042562
	3427042563
	3427042564
	3427042565
	3427042566
	3427042567
	3427042568
	3427042569
	3427042570
	3427042571
	3427042572
	3427042573
	3427042574
	3427042575
	3427042576
	3427042577
	3427042578
	3427042579
	3427042580
	3427042581
	3427042582
	3427042583
	3427042584
	3427042585
	3427042586
	3427042587
	3427042588
	3427042589
	3427042590
	3427042591
	3427042592
	3427042593
	3427042594
	3427042595
	3427042596
	3427042597
	3427042598
	3427042599
	3427042600
	3427042601
	3427042602
	3427042603
	3427042604
	3427042605
	3427042606
	3427042607
	3427042608
	3427042609
	3427042610
	3427042611
	3427042612
	3427042613
	3427042614
	3427042615
	3427042616
	3427042617
	3427042618
	3427042619
	3427042620
	3427042621
	3427042622
	3427042623
	3427042624
	3427042625
	3427042626
	3427042627
	3427042628
	3427042629
	3427042630
	3427042631
	3427042632
	3427042633
	3427042634
	3427042635
	3427042636
	3427042637
	3427042638
	3427042639
	3427042640
	3427042641
	3427042642
	3427042643
	3427042644
	3427042645
	3427042646
	3427042647
	3427042648
	3427042649
	3427042650
	3427042651
	3427042652
	3427042653
	3427042654
	3427042655
	3427042656
	3427042657
	3427042658
	3427042659
	3427042660
	3427042661
	3427042662
	3427042663
	3427042664
	3427042665
	3427042666
	3427042667
	3427042668
	3427042669
	3427042670
	3427042671
	3427042672
	3427042673
	3427042674
	3427042675
	3427042676
	3427042677
	3427042678
	3427042679
	3427042680
	3427042681
	3427042682
	3427042683
	3427042684
	3427042685
	3427042686
	3427042687
	3427042688
	3427042689
	3427042690
	3427042691
	3427042692
	3427042693
	3427042694
	3427042695
	3427042696
	3427042697
	3427042698
	3427042699
	3427042700
	3427042701
	3427042702
	3427042703
	3427042704
	3427042705
	3427042706
	3427042707
	3427042708
	3427042709
	3427042710
	3427042711
	3427042712
	3427042713
	3427042714
	3427042715
	3427042716
	3427042717
	3427042718
	3427042719
	3427042720
	3427042721
	3427042722
	3427042723
	3427042724
	3427042725
	3427042726
	3427042727
	3427042728
	3427042729
	3427042730
	3427042731
	3427042732
	3427042733
	3427042734
	3427042735
	3427042736
	3427042737
	3427042738
	3427042739
	3427042740
	3427042741
	3427042742
	3427042743
	3427042744
	3427042745
	3427042746
	3427042747
	3427042748
	3427042749
	3427042750
	3427042751
	3427042752
	3427042753
	3427042754
	3427042755
	3427042756
	3427042757
	3427042758
	3427042759
	3427042760
	3427042761
	3427042762
	3427042763
	3427042764
	3427042765
	3427042766
	3427042767
	3427042768
	3427042769
	3427042770
	3427042771
	3427042772
	3427042773
	3427042774
	3427042775
	3427042776
	3427042777
	3427042778
	3427042779
	3427042780
	3427042781
	3427042782
	3427042783
	3427042784
	3427042785
	3427042786
	3427042787
	3427042788
	3427042789
	3427042790
	3427042791
	3427042792
	3427042793
	3427042794
	3427042795
	3427042796
	3427042797
	3427042798
	3427042799
	3427042800
	3427042801
	3427042802
	3427042803
	3427042804
	3427042805
	3427042806
	3427042807
	3427042808
	3427042809
	3427042810
	3427042811
	3427042812
	3427042813
	3427042814
	3427042815
	3427042816
	3427042817
	3427042818
	3427042819
	3427042820
	3427042821
	3427042822
	3427042823
	3427042824
	3427042825
	3427042826
	3427042827
	3427042828
	3427042829
	3427042830
	3427042831
	3427042832
	3427042833
	3427042834
	3427042835
	3427042836
	3427042837
	3427042838
	3427042839
	3427042840
	3427042841
	3427042842
	3427042843
	3427042844
	3427042845
	3427042846
	3427042847
	3427042848
	3427042849
	3427042850
	3427042851
	3427042852
	3427042853
	3427042854
	3427042855
	3427042856
	3427042857
	3427042858
	3427042859
	3427042860
	3427042861
	3427042862
	3427042863
	3427042864
	3427042865
	3427042866
	3427042867
	3427042868
	3427042869
	3427042870
	3427042871
	3427042872
	3427042873
	3427042874
	3427042875
	3427042876
	3427042877
	3427042878
	3427042879
	3427042880
	3427042881
	3427042882
	3427042883
	3427042884
	3427042885
	3427042886
	3427042887
	3427042888
	3427042889
	3427042890
	3427042891
	3427042892
	3427042893
	3427042894
	3427042895
	3427042896
	3427042897
	3427042898
	3427042899
	3427042900
	3427042901
	3427042902
	3427042903
	3427042904
	3427042905
	3427042906
	3427042907
	3427042908
	3427042909
	3427042910
	3427042911
	3427042912
	3427042913
	3427042914
	3427042915
	3427042916
	3427042917
	3427042918
	3427042919
	3427042920
	3427042921
	3427042922
	3427042923
	3427042924
	3427042925
	3427042926
	3427042927
	3427042928
	3427042929
	3427042930
	3427042931
	3427042932
	3427042933
	3427042934
	3427042935
	3427042936
	3427042937
	3427042938
	3427042939
	3427042940
	3427042941
	3427042942
	3427042943
	3427042944
	3427042945
	3427042946
	3427042947
	3427042948
	3427042949
	3427042950
	3427042951
	3427042952
	3427042953
	3427042954
	3427042955
	3427042956
	3427042957
	3427042958
	3427042959
	3427042960
	3427042961
	3427042962
	3427042963
	3427042964
	3427042965
	3427042966
	3427042967
	3427042968
	3427042969
	3427042970
	3427042971
	3427042972
	3427042973
	3427042974
	3427042975
	3427042976
	3427042977
	3427042978
	3427042979
	3427042980
	3427042981
	3427042982
	3427042983
	3427042984
	3427042985
	3427042986
	3427042987
	3427042988
	3427042989
	3427042990
	3427042991
	3427042992
	3427042993
	3427042994
	3427042995
	3427042996
	3427042997
	3427042998
	3427042999
	3427043000
	3427043001
	3427043002
	3427043003
	3427043004
	3427043005
	3427043006
	3427043007
	3427043008
	3427043009
	3427043010
	3427043011
	3427043012
	3427043013
	3427043014
	3427043015
	3427043016
	3427043017
	3427043018
	3427043019
	3427043020
	3427043021
	3427043022
	3427043023
	3427043024
	3427043025
	3427043026
	3427043027
	3427043028
	3427043029
	3427043030
	3427043031
	3427043032
	3427043033
	3427043034
	3427043035
	3427043036
	3427043037
	3427043038
	3427043039
	3427043040
	3427043041
	3427043042
	3427043043
	3427043044
	3427043045
	3427043046
	3427043047
	3427043048
	3427043049
	3427043050
	3427043051
	3427043052
	3427043053
	3427043054
	3427043055
	3427043056
	3427043057
	3427043058
	3427043059
	3427043060
	3427043061
	3427043062
	3427043063
	3427043064
	3427043065
	3427043066
	3427043067
	3427043068
	3427043069
	3427043070
	3427043071
	3427043072
	3427043073
	3427043074
	3427043075
	3427043076
	3427043077
	3427043078
	3427043079
	3427043080
	3427043081
	3427043082
	3427043083
	3427043084
	3427043085
	3427043086
	3427043087
	3427043088
	3427043089
	3427043090
	3427043091
	3427043092
	3427043093
	3427043094
	3427043095
	3427043096
	3427043097
	3427043098
	3427043099
	3427043100
	3427043101
	3427043102
	3427043103
	3427043104
	3427043105
	3427043106
	3427043107
	3427043108
	3427043109
	3427043110
	3427043111
	3427043112
	3427043113
	3427043114
	3427043115
	3427043116
	3427043117
	3427043118
	3427043119
	3427043120
	3427043121
	3427043122
	3427043123
	3427043124
	3427043125
	3427043126
	3427043127
	3427043128
	3427043129
	3427043130
	3427043131
	3427043132
	3427043133
	3427043134
	3427043135
	3427043136
	3427043137
	3427043138
	3427043139
	3427043140
	3427043141
	3427043142
	3427043143
	3427043144
	3427043145
	3427043146
	3427043147
	3427043148
	3427043149
	3427043150
	3427043151
	3427043152
	3427043153
	3427043154
	3427043155
	3427043156
	3427043157
	3427043158
	3427043159
	3427043160
	3427043161
	3427043162
	3427043163
	3427043164
	3427043165
	3427043166
	3427043167
	3427043168
	3427043169
	3427043170
	3427043171
	3427043172
	3427043173
	3427043174
	3427043175
	3427043176
	3427043177
	3427043178
	3427043179
	3427043180
	3427043181
	3427043182
	3427043183
	3427043184
	3427043185
	3427043186
	3427043187
	3427043188
	3427043189
	3427043190
	3427043191
	3427043192
	3427043193
	3427043194
	3427043195
	3427043196
	3427043197
	3427043198
	3427043199
	3427043200
	3427043201
	3427043202
	3427043203
	3427043204
	3427043205
	3427043206
	3427043207
	3427043208
	3427043209
	3427043210
	3427043211
	3427043212
	3427043213
	3427043214
	3427043215
	3427043216
	3427043217
	3427043218
	3427043219
	3427043220
	3427043221
	3427043222
	3427043223
	3427043224
	3427043225
	3427043226
	3427043227
	3427043228
	3427043229
	3427043230
	3427043231
	3427043232
	3427043233
	3427043234
	3427043235
	3427043236
	3427043237
	3427043238
	3427043239
	3427043240
	3427043241
	3427043242
	3427043243
	3427043244
	3427043245
	3427043246
	3427043247
	3427043248
	3427043249
	3427043250
	3427043251
	3427043252
	3427043253
	3427043254
	3427043255
	3427043256
	3427043257
	3427043258
	3427043259
	3427043260
	3427043261
	3427043262
	3427043263
	3427043264
	3427043265
	3427043266
	3427043267
	3427043268
	3427043269
	3427043270
	3427043271
	3427043272
	3427043273
	3427043274
	3427043275
	3427043276
	3427043277
	3427043278
	3427043279
	3427043280
	3427043281
	3427043282
	3427043283
	3427043284
	3427043285
	3427043286
	3427043287
	3427043288
	3427043289
	3427043290
	3427043291
	3427043292
	3427043293
	3427043294
	3427043295
	3427043296
	3427043297
	3427043298
	3427043299
	3427043300
	3427043301
	3427043302
	3427043303
	3427043304
	3427043305
	3427043306
	3427043307
	3427043308
	3427043309
	3427043310
	3427043311
	3427043312
	3427043313
	3427043314
	3427043315
	3427043316
	3427043317
	3427043318
	3427043319
	3427043320
	3427043321
	3427043322
	3427043323
	3427043324
	3427043325
	3427043326
	3427043327
	3427043328
	3427043329
	3427043330
	3427043331
	3427043332
	3427043333
	3427043334
	3427043335
	3427043336
	3427043337
	3427043338
	3427043339
	3427043340
	3427043341
	3427043342
	3427043343
	3427043344
	3427043345
	3427043346
	3427043347
	3427043348
	3427043349
	3427043350
	3427043351
	3427043352
	3427043353
	3427043354
	3427043355
	3427043356
	3427043357
	3427043358
	3427043359
	3427043360
	3427043361
	3427043362
	3427043363
	3427043364
	3427043365
	3427043366
	3427043367
	3427043368
	3427043369
	3427043370
	3427043371
	3427043372
	3427043373
	3427043374
	3427043375
	3427043376
	3427043377
	3427043378
	3427043379
	3427043380
	3427043381
	3427043382
	3427043383
	3427043384
	3427043385
	3427043386
	3427043387
	3427043388
	3427043389
	3427043390
	3427043391
	3427043392
	3427043393
	3427043394
	3427043395
	3427043396
	3427043397
	3427043398
	3427043399
	3427043400
	3427043401
	3427043402
	3427043403
	3427043404
	3427043405
	3427043406
	3427043407
	3427043408
	3427043409
	3427043410
	3427043411
	3427043412
	3427043413
	3427043414
	3427043415
	3427043416
	3427043417
	3427043418
	3427043419
	3427043420
	3427043421
	3427043422
	3427043423
	3427043424
	3427043425
	3427043426
	3427043427
	3427043428
	3427043429
	3427043430
	3427043431
	3427043432
	3427043433
	3427043434
	3427043435
	3427043436
	3427043437
	3427043438
	3427043439
	3427043440
	3427043441
	3427043442
	3427043443
	3427043444
	3427043445
	3427043446
	3427043447
	3427043448
	3427043449
	3427043450
	3427043451
	3427043452
	3427043453
	3427043454
	3427043455
	3427043456
	3427043457
	3427043458
	3427043459
	3427043460
	3427043461
	3427043462
	3427043463
	3427043464
	3427043465
	3427043466
	3427043467
	3427043468
	3427043469
	3427043470
	3427043471
	3427043472
	3427043473
	3427043474
	3427043475
	3427043476
	3427043477
	3427043478
	3427043479
	3427043480
	3427043481
	3427043482
	3427043483
	3427043484
	3427043485
	3427043486
	3427043487
	3427043488
	3427043489
	3427043490
	3427043491
	3427043492
	3427043493
	3427043494
	3427043495
	3427043496
	3427043497
	3427043498
	3427043499
	3427043500
	3427043501
	3427043502
	3427043503
	3427043504
	3427043505
	3427043506
	3427043507
	3427043508
	3427043509
	3427043510
	3427043511
	3427043512
	3427043513
	3427043514
	3427043515
	3427043516
	3427043517
	3427043518
	3427043519
	3427043520
	3427043521
	3427043522
	3427043523
	3427043524
	3427043525
	3427043526
	3427043527
	3427043528
	3427043529
	3427043530
	3427043531
	3427043532
	3427043533
	3427043534
	3427043535
	3427043536
	3427043537
	3427043538
	3427043539
	3427043540
	3427043541
	3427043542
	3427043543
	3427043544
	3427043545
	3427043546
	3427043547
	3427043548
	3427043549
	3427043550
	3427043551
	3427043552
	3427043553
	3427043554
	3427043555
	3427043556
	3427043557
	3427043558
	3427043559
	3427043560
	3427043561
	3427043562
	3427043563
	3427043564
	3427043565
	3427043566
	3427043567
	3427043568
	3427043569
	3427043570
	3427043571
	3427043572
	3427043573
	3427043574
	3427043575
	3427043576
	3427043577
	3427043578
	3427043579
	3427043580
	3427043581
	3427043582
	3427043583
	3427043584
	3427043585
	3427043586
	3427043587
	3427043588
	3427043589
	3427043590
	3427043591
	3427043592
	3427043593
	3427043594
	3427043595
	3427043596
	3427043597
	3427043598
	3427043599
	3427043600
	3427043601
	3427043602
	3427043603
	3427043604
	3427043605
	3427043606
	3427043607
	3427043608
	3427043609
	3427043610
	3427043611
	3427043612
	3427043613
	3427043614
	3427043615
	3427043616
	3427043617
	3427043618
	3427043619
	3427043620
	3427043621
	3427043622
	3427043623
	3427043624
	3427043625
	3427043626
	3427043627
	3427043628
	3427043629
	3427043630
	3427043631
	3427043632
	3427043633
	3427043634
	3427043635
	3427043636
	3427043637
	3427043638
	3427043639
	3427043640
	3427043641
	3427043642
	3427043643
	3427043644
	3427043645
	3427043646
	3427043647
	3427043648
	3427043649
	3427043650
	3427043651
	3427043652
	3427043653
	3427043654
	3427043655
	3427043656
	3427043657
	3427043658
	3427043659
	3427043660
	3427043661
	3427043662
	3427043663
	3427043664
	3427043665
	3427043666
	3427043667
	3427043668
	3427043669
	3427043670
	3427043671
	3427043672
	3427043673
	3427043674
	3427043675
	3427043676
	3427043677
	3427043678
	3427043679
	3427043680
	3427043681
	3427043682
	3427043683
	3427043684
	3427043685
	3427043686
	3427043687
	3427043688
	3427043689
	3427043690
	3427043691
	3427043692
	3427043693
	3427043694
	3427043695
	3427043696
	3427043697
	3427043698
	3427043699
	3427043700
	3427043701
	3427043702
	3427043703
	3427043704
	3427043705
	3427043706
	3427043707
	3427043708
	3427043709
	3427043710
	3427043711
	3427043712
	3427043713
	3427043714
	3427043715
	3427043716
	3427043717
	3427043718
	3427043719
	3427043720
	3427043721
	3427043722
	3427043723
	3427043724
	3427043725
	3427043726
	3427043727
	3427043728
	3427043729
	3427043730
	3427043731
	3427043732
	3427043733
	3427043734
	3427043735
	3427043736
	3427043737
	3427043738
	3427043739
	3427043740
	3427043741
	3427043742
	3427043743
	3427043744
	3427043745
	3427043746
	3427043747
	3427043748
	3427043749
	3427043750
	3427043751
	3427043752
	3427043753
	3427043754
	3427043755
	3427043756
	3427043757
	3427043758
	3427043759
	3427043760
	3427043761
	3427043762
	3427043763
	3427043764
	3427043765
	3427043766
	3427043767
	3427043768
	3427043769
	3427043770
	3427043771
	3427043772
	3427043773
	3427043774
	3427043775
	3427043776
	3427043777
	3427043778
	3427043779
	3427043780
	3427043781
	3427043782
	3427043783
	3427043784
	3427043785
	3427043786
	3427043787
	3427043788
	3427043789
	3427043790
	3427043791
	3427043792
	3427043793
	3427043794
	3427043795
	3427043796
	3427043797
	3427043798
	3427043799
	3427043800
	3427043801
	3427043802
	3427043803
	3427043804
	3427043805
	3427043806
	3427043807
	3427043808
	3427043809
	3427043810
	3427043811
	3427043812
	3427043813
	3427043814
	3427043815
	3427043816
	3427043817
	3427043818
	3427043819
	3427043820
	3427043821
	3427043822
	3427043823
	3427043824
	3427043825
	3427043826
	3427043827
	3427043828
	3427043829
	3427043830
	3427043831
	3427043832
	3427043833
	3427043834
	3427043835
	3427043836
	3427043837
	3427043838
	3427043839
	3427043840
	3427043841
	3427043842
	3427043843
	3427043844
	3427043845
	3427043846
	3427043847
	3427043848
	3427043849
	3427043850
	3427043851
	3427043852
	3427043853
	3427043854
	3427043855
	3427043856
	3427043857
	3427043858
	3427043859
	3427043860
	3427043861
	3427043862
	3427043863
	3427043864
	3427043865
	3427043866
	3427043867
	3427043868
	3427043869
	3427043870
	3427043871
	3427043872
	3427043873
	3427043874
	3427043875
	3427043876
	3427043877
	3427043878
	3427043879
	3427043880
	3427043881
	3427043882
	3427043883
	3427043884
	3427043885
	3427043886
	3427043887
	3427043888
	3427043889
	3427043890
	3427043891
	3427043892
	3427043893
	3427043894
	3427043895
	3427043896
	3427043897
	3427043898
	3427043899
	3427043900
	3427043901
	3427043902
	3427043903
	3427043904
	3427043905
	3427043906
	3427043907
	3427043908
	3427043909
	3427043910
	3427043911
	3427043912
	3427043913
	3427043914
	3427043915
	3427043916
	3427043917
	3427043918
	3427043919
	3427043920
	3427043921
	3427043922
	3427043923
	3427043924
	3427043925
	3427043926
	3427043927
	3427043928
	3427043929
	3427043930
	3427043931
	3427043932
	3427043933
	3427043934
	3427043935
	3427043936
	3427043937
	3427043938
	3427043939
	3427043940
	3427043941
	3427043942
	3427043943
	3427043944
	3427043945
	3427043946
	3427043947
	3427043948
	3427043949
	3427043950
	3427043951
	3427043952
	3427043953
	3427043954
	3427043955
	3427043956
	3427043957
	3427043958
	3427043959
	3427043960
	3427043961
	3427043962
	3427043963
	3427043964
	3427043965
	3427043966
	3427043967
	3427043968
	3427043969
	3427043970
	3427043971
	3427043972
	3427043973
	3427043974
	3427043975
	3427043976
	3427043977
	3427043978
	3427043979
	3427043980
	3427043981
	3427043982
	3427043983
	3427043984
	3427043985
	3427043986
	3427043987
	3427043988
	3427043989
	3427043990
	3427043991
	3427043992
	3427043993
	3427043994
	3427043995
	3427043996
	3427043997
	3427043998
	3427043999
	3427044000
	3427044001
	3427044002
	3427044003
	3427044004
	3427044005
	3427044006
	3427044007
	3427044008
	3427044009
	3427044010
	3427044011
	3427044012
	3427044013
	3427044014
	3427044015
	3427044016
	3427044017
	3427044018
	3427044019
	3427044020
	3427044021
	3427044022
	3427044023
	3427044024
	3427044025
	3427044026
	3427044027
	3427044028
	3427044029
	3427044030
	3427044031
	3427044032
	3427044033
	3427044034
	3427044035
	3427044036
	3427044037
	3427044038
	3427044039
	3427044040
	3427044041
	3427044042
	3427044043
	3427044044
	3427044045
	3427044046
	3427044047
	3427044048
	3427044049
	3427044050
	3427044051
	3427044052
	3427044053
	3427044054
	3427044055
	3427044056
	3427044057
	3427044058
	3427044059
	3427044060
	3427044061
	3427044062
	3427044063
	3427044064
	3427044065
	3427044066
	3427044067
	3427044068
	3427044069
	3427044070
	3427044071
	3427044072
	3427044073
	3427044074
	3427044075
	3427044076
	3427044077
	3427044078
	3427044079
	3427044080
	3427044081
	3427044082
	3427044083
	3427044084
	3427044085
	3427044086
	3427044087
	3427044088
	3427044089
	3427044090
	3427044091
	3427044092
	3427044093
	3427044094
	3427044095
	3427044096
	3427044097
	3427044098
	3427044099
	3427044100
	3427044101
	3427044102
	3427044103
	3427044104
	3427044105
	3427044106
	3427044107
	3427044108
	3427044109
	3427044110
	3427044111
	3427044112
	3427044113
	3427044114
	3427044115
	3427044116
	3427044117
	3427044118
	3427044119
	3427044120
	3427044121
	3427044122
	3427044123
	3427044124
	3427044125
	3427044126
	3427044127
	3427044128
	3427044129
	3427044130
	3427044131
	3427044132
	3427044133
	3427044134
	3427044135
	3427044136
	3427044137
	3427044138
	3427044139
	3427044140
	3427044141
	3427044142
	3427044143
	3427044144
	3427044145
	3427044146
	3427044147
	3427044148
	3427044149
	3427044150
	3427044151
	3427044152
	3427044153
	3427044154
	3427044155
	3427044156
	3427044157
	3427044158
	3427044159
	3427044160
	3427044161
	3427044162
	3427044163
	3427044164
	3427044165
	3427044166
	3427044167
	3427044168
	3427044169
	3427044170
	3427044171
	3427044172
	3427044173
	3427044174
	3427044175
	3427044176
	3427044177
	3427044178
	3427044179
	3427044180
	3427044181
	3427044182
	3427044183
	3427044184
	3427044185
	3427044186
	3427044187
	3427044188
	3427044189
	3427044190
	3427044191
	3427044192
	3427044193
	3427044194
	3427044195
	3427044196
	3427044197
	3427044198
	3427044199
	3427044200
	3427044201
	3427044202
	3427044203
	3427044204
	3427044205
	3427044206
	3427044207
	3427044208
	3427044209
	3427044210
	3427044211
	3427044212
	3427044213
	3427044214
	3427044215
	3427044216
	3427044217
	3427044218
	3427044219
	3427044220
	3427044221
	3427044222
	3427044223
	3427044224
	3427044225
	3427044226
	3427044227
	3427044228
	3427044229
	3427044230
	3427044231
	3427044232
	3427044233
	3427044234
	3427044235
	3427044236
	3427044237
	3427044238
	3427044239
	3427044240
	3427044241
	3427044242
	3427044243
	3427044244
	3427044245
	3427044246
	3427044247
	3427044248
	3427044249
	3427044250
	3427044251
	3427044252
	3427044253
	3427044254
	3427044255
	3427044256
	3427044257
	3427044258
	3427044259
	3427044260
	3427044261
	3427044262
	3427044263
	3427044264
	3427044265
	3427044266
	3427044267
	3427044268
	3427044269
	3427044270
	3427044271
	3427044272
	3427044273
	3427044274
	3427044275
	3427044276
	3427044277
	3427044278
	3427044279
	3427044280
	3427044281
	3427044282
	3427044283
	3427044284
	3427044285
	3427044286
	3427044287
	3427044288
	3427044289
	3427044290
	3427044291
	3427044292
	3427044293
	3427044294
	3427044295
	3427044296
	3427044297
	3427044298
	3427044299
	3427044300
	3427044301
	3427044302
	3427044303
	3427044304
	3427044305
	3427044306
	3427044307
	3427044308
	3427044309
	3427044310
	3427044311
	3427044312
	3427044313
	3427044314
	3427044315
	3427044316
	3427044317
	3427044318
	3427044319
	3427044320
	3427044321
	3427044322
	3427044323
	3427044324
	3427044325
	3427044326
	3427044327
	3427044328
	3427044329
	3427044330
	3427044331
	3427044332
	3427044333
	3427044334
	3427044335
	3427044336
	3427044337
	3427044338
	3427044339
	3427044340
	3427044341
	3427044342
	3427044343
	3427044344
	3427044345
	3427044346
	3427044347
	3427044348
	3427044349
	3427044350
	3427044351
	3427044352
	3427044353
	3427044354
	3427044355
	3427044356
	3427044357
	3427044358
	3427044359
	3427044360
	3427044361
	3427044362
	3427044363
	3427044364
	3427044365
	3427044366
	3427044367
	3427044368
	3427044369
	3427044370
	3427044371
	3427044372
	3427044373
	3427044374
	3427044375
	3427044376
	3427044377
	3427044378
	3427044379
	3427044380
	3427044381
	3427044382
	3427044383
	3427044384
	3427044385
	3427044386
	3427044387
	3427044388
	3427044389
	3427044390
	3427044391
	3427044392
	3427044393
	3427044394
	3427044395
	3427044396
	3427044397
	3427044398
	3427044399
	3427044400
	3427044401
	3427044402
	3427044403
	3427044404
	3427044405
	3427044406
	3427044407
	3427044408
	3427044409
	3427044410
	3427044411
	3427044412
	3427044413
	3427044414
	3427044415
	3427044416
	3427044417
	3427044418
	3427044419
	3427044420
	3427044421
	3427044422
	3427044423
	3427044424
	3427044425
	3427044426
	3427044427
	3427044428
	3427044429
	3427044430
	3427044431
	3427044432
	3427044433
	3427044434
	3427044435
	3427044436
	3427044437
	3427044438
	3427044439
	3427044440
	3427044441
	3427044442
	3427044443
	3427044444
	3427044445
	3427044446
	3427044447
	3427044448
	3427044449
	3427044450
	3427044451
	3427044452
	3427044453
	3427044454
	3427044455
	3427044456
	3427044457
	3427044458
	3427044459
	3427044460
	3427044461
	3427044462
	3427044463
	3427044464
	3427044465
	3427044466
	3427044467
	3427044468
	3427044469
	3427044470
	3427044471
	3427044472
	3427044473
	3427044474
	3427044475
	3427044476
	3427044477
	3427044478
	3427044479
	3427044480
	3427044481
	3427044482
	3427044483
	3427044484
	3427044485
	3427044486
	3427044487
	3427044488
	3427044489
	3427044490
	3427044491
	3427044492
	3427044493
	3427044494
	3427044495
	3427044496
	3427044497
	3427044498
	3427044499
	3427044500
	3427044501
	3427044502
	3427044503
	3427044504
	3427044505
	3427044506
	3427044507
	3427044508
	3427044509
	3427044510
	3427044511
	3427044512
	3427044513
	3427044514
	3427044515
	3427044516
	3427044517
	3427044518
	3427044519
	3427044520
	3427044521
	3427044522
	3427044523
	3427044524
	3427044525
	3427044526
	3427044527
	3427044528
	3427044529
	3427044530
	3427044531
	3427044532
	3427044533
	3427044534
	3427044535
	3427044536
	3427044537
	3427044538
	3427044539
	3427044540
	3427044541
	3427044542
	3427044543
	3427044544
	3427044545
	3427044546
	3427044547
	3427044548
	3427044549
	3427044550
	3427044551
	3427044552
	3427044553
	3427044554
	3427044555
	3427044556
	3427044557
	3427044558
	3427044559
	3427044560
	3427044561
	3427044562
	3427044563
	3427044564
	3427044565
	3427044566
	3427044567
	3427044568
	3427044569
	3427044570
	3427044571
	3427044572
	3427044573
	3427044574
	3427044575
	3427044576
	3427044577
	3427044578
	3427044579
	3427044580
	3427044581
	3427044582
	3427044583
	3427044584
	3427044585
	3427044586
	3427044587
	3427044588
	3427044589
	3427044590
	3427044591
	3427044592
	3427044593
	3427044594
	3427044595
	3427044596
	3427044597
	3427044598
	3427044599
	3427044600
	3427044601
	3427044602
	3427044603
	3427044604
	3427044605
	3427044606
	3427044607
	3427044608
	3427044609
	3427044610
	3427044611
	3427044612
	3427044613
	3427044614
	3427044615
	3427044616
	3427044617
	3427044618
	3427044619
	3427044620
	3427044621
	3427044622
	3427044623
	3427044624
	3427044625
	3427044626
	3427044627
	3427044628
	3427044629
	3427044630
	3427044631
	3427044632
	3427044633
	3427044634
	3427044635
	3427044636
	3427044637
	3427044638
	3427044639
	3427044640
	3427044641
	3427044642
	3427044643
	3427044644
	3427044645
	3427044646
	3427044647
	3427044648
	3427044649
	3427044650
	3427044651
	3427044652
	3427044653
	3427044654
	3427044655
	3427044656
	3427044657
	3427044658
	3427044659
	3427044660
	3427044661
	3427044662
	3427044663
	3427044664
	3427044665
	3427044666
	3427044667
	3427044668
	3427044669
	3427044670
	3427044671
	3427044672
	3427044673
	3427044674
	3427044675
	3427044676
	3427044677
	3427044678
	3427044679
	3427044680
	3427044681
	3427044682
	3427044683
	3427044684
	3427044685
	3427044686
	3427044687
	3427044688
	3427044689
	3427044690
	3427044691
	3427044692
	3427044693
	3427044694
	3427044695
	3427044696
	3427044697
	3427044698
	3427044699
	3427044700
	3427044701
	3427044702
	3427044703
	3427044704
	3427044705
	3427044706
	3427044707
	3427044708
	3427044709
	3427044710
	3427044711
	3427044712
	3427044713
	3427044714
	3427044715
	3427044716
	3427044717
	3427044718
	3427044719
	3427044720
	3427044721
	3427044722
	3427044723
	3427044724
	3427044725
	3427044726
	3427044727
	3427044728
	3427044729
	3427044730
	3427044731
	3427044732
	3427044733
	3427044734
	3427044735
	3427044736
	3427044737
	3427044738
	3427044739
	3427044740
	3427044741
	3427044742
	3427044743
	3427044744
	3427044745
	3427044746
	3427044747
	3427044748
	3427044749
	3427044750
	3427044751
	3427044752
	3427044753
	3427044754
	3427044755
	3427044756
	3427044757
	3427044758
	3427044759
	3427044760
	3427044761
	3427044762
	3427044763
	3427044764
	3427044765
	3427044766
	3427044767
	3427044768
	3427044769
	3427044770
	3427044771
	3427044772
	3427044773
	3427044774
	3427044775
	3427044776
	3427044777
	3427044778
	3427044779
	3427044780
	3427044781
	3427044782
	3427044783
	3427044784
	3427044785
	3427044786
	3427044787
	3427044788
	3427044789
	3427044790
	3427044791
	3427044792
	3427044793
	3427044794
	3427044795
	3427044796
	3427044797
	3427044798
	3427044799
	3427044800
	3427044801
	3427044802
	3427044803
	3427044804
	3427044805
	3427044806
	3427044807
	3427044808
	3427044809
	3427044810
	3427044811
	3427044812
	3427044813
	3427044814
	3427044815
	3427044816
	3427044817
	3427044818
	3427044819
	3427044820
	3427044821
	3427044822
	3427044823
	3427044824
	3427044825
	3427044826
	3427044827
	3427044828
	3427044829
	3427044830
	3427044831
	3427044832
	3427044833
	3427044834
	3427044835
	3427044836
	3427044837
	3427044838
	3427044839
	3427044840
	3427044841
	3427044842
	3427044843
	3427044844
	3427044845
	3427044846
	3427044847
	3427044848
	3427044849
	3427044850
	3427044851
	3427044852
	3427044853
	3427044854
	3427044855
	3427044856
	3427044857
	3427044858
	3427044859
	3427044860
	3427044861
	3427044862
	3427044863
	3427044864
	3427044865
	3427044866
	3427044867
	3427044868
	3427044869
	3427044870
	3427044871
	3427044872
	3427044873
	3427044874
	3427044875
	3427044876
	3427044877
	3427044878
	3427044879
	3427044880
	3427044881
	3427044882
	3427044883
	3427044884
	3427044885
	3427044886
	3427044887
	3427044888
	3427044889
	3427044890
	3427044891
	3427044892
	3427044893
	3427044894
	3427044895
	3427044896
	3427044897
	3427044898
	3427044899
	3427044900
	3427044901
	3427044902
	3427044903
	3427044904
	3427044905
	3427044906
	3427044907
	3427044908
	3427044909
	3427044910
	3427044911
	3427044912
	3427044913
	3427044914
	3427044915
	3427044916
	3427044917
	3427044918
	3427044919
	3427044920
	3427044921
	3427044922
	3427044923
	3427044924
	3427044925
	3427044926
	3427044927
	3427044928
	3427044929
	3427044930
	3427044931
	3427044932
	3427044933
	3427044934
	3427044935
	3427044936
	3427044937
	3427044938
	3427044939
	3427044940
	3427044941
	3427044942
	3427044943
	3427044944
	3427044945
	3427044946
	3427044947
	3427044948
	3427044949
	3427044950
	3427044951
	3427044952
	3427044953
	3427044954
	3427044955
	3427044956
	3427044957
	3427044958
	3427044959
	3427044960
	3427044961
	3427044962
	3427044963
	3427044964
	3427044965
	3427044966
	3427044967
	3427044968
	3427044969
	3427044970
	3427044971
	3427044972
	3427044973
	3427044974
	3427044975
	3427044976
	3427044977
	3427044978
	3427044979
	3427044980
	3427044981
	3427044982
	3427044983
	3427044984
	3427044985
	3427044986
	3427044987
	3427044988
	3427044989
	3427044990
	3427044991
	3427044992
	3427044993
	3427044994
	3427044995
	3427044996
	3427044997
	3427044998
	3427044999
	3427045000
	3427045001
	3427045002
	3427045003
	3427045004
	3427045005
	3427045006
	3427045007
