	3426936149
	3426936150
	3426936151
	3426936152
	3426936153
	3426936154
	3426936155
	3426936156
	3426936157
	3426936158
	3426936159
	3426936160
	3426936161
	3426936162
	3426936163
	3426936164
	3426936165
	3426936166
	3426936167
	3426936168
	3426936169
	3426936170
	3426936171
	3426936172
	3426936173
	3426936174
	3426936175
	3426936176
	3426936177
	3426936178
	3426936179
	3426936180
	3426936181
	3426936182
	3426936183
	3426936184
	3426936185
	3426936186
	3426936187
	3426936188
	3426936189
	3426936190
	3426936191
	3426936192
	3426936193
	3426936194
	3426936195
	3426936196
	3426936197
	3426936198
	3426936199
	3426936200
	3426936201
	3426936202
	3426936203
	3426936204
	3426936205
	3426936206
	3426936207
	3426936208
	3426936209
	3426936210
	3426936211
	3426936212
	3426936213
	3426936214
	3426936215
	3426936216
	3426936217
	3426936218
	3426936219
	3426936220
	3426936221
	3426936222
	3426936223
	3426936224
	3426936225
	3426936226
	3426936227
	3426936228
	3426936229
	3426936230
	3426936231
	3426936232
	3426936233
	3426936234
	3426936235
	3426936236
	3426936237
	3426936238
	3426936239
	3426936240
	3426936241
	3426936242
	3426936243
	3426936244
	3426936245
	3426936246
	3426936247
	3426936248
	3426936249
	3426936250
	3426936251
	3426936252
	3426936253
	3426936254
	3426936255
	3426936256
	3426936257
	3426936258
	3426936259
	3426936260
	3426936261
	3426936262
	3426936263
	3426936264
	3426936265
	3426936266
	3426936267
	3426936268
	3426936269
	3426936270
	3426936271
	3426936272
	3426936273
	3426936274
	3426936275
	3426936276
	3426936277
	3426936278
	3426936279
	3426936280
	3426936281
	3426936282
	3426936283
	3426936284
	3426936285
	3426936286
	3426936287
	3426936288
	3426936289
	3426936290
	3426936291
	3426936292
	3426936293
	3426936294
	3426936295
	3426936296
	3426936297
	3426936298
	3426936299
	3426936300
	3426936301
	3426936302
	3426936303
	3426936304
	3426936305
	3426936306
	3426936307
	3426936308
	3426936309
	3426936310
	3426936311
	3426936312
	3426936313
	3426936314
	3426936315
	3426936316
	3426936317
	3426936318
	3426936319
	3426936320
	3426936321
	3426936322
	3426936323
	3426936324
	3426936325
	3426936326
	3426936327
	3426936328
	3426936329
	3426936330
	3426936331
	3426936332
	3426936333
	3426936334
	3426936335
	3426936336
	3426936337
	3426936338
	3426936339
	3426936340
	3426936341
	3426936342
	3426936343
	3426936344
	3426936345
	3426936346
	3426936347
	3426936348
	3426936349
	3426936350
	3426936351
	3426936352
	3426936353
	3426936354
	3426936355
	3426936356
	3426936357
	3426936358
	3426936359
	3426936360
	3426936361
	3426936362
	3426936363
	3426936364
	3426936365
	3426936366
	3426936367
	3426936368
	3426936369
	3426936370
	3426936371
	3426936372
	3426936373
	3426936374
	3426936375
	3426936376
	3426936377
	3426936378
	3426936379
	3426936380
	3426936381
	3426936382
	3426936383
	3426936384
	3426936385
	3426936386
	3426936387
	3426936388
	3426936389
	3426936390
	3426936391
	3426936392
	3426936393
	3426936394
	3426936395
	3426936396
	3426936397
	3426936398
	3426936399
	3426936400
	3426936401
	3426936402
	3426936403
	3426936404
	3426936405
	3426936406
	3426936407
	3426936408
	3426936409
	3426936410
	3426936411
	3426936412
	3426936413
	3426936414
	3426936415
	3426936416
	3426936417
	3426936418
	3426936419
	3426936420
	3426936421
	3426936422
	3426936423
	3426936424
	3426936425
	3426936426
	3426936427
	3426936428
	3426936429
	3426936430
	3426936431
	3426936432
	3426936433
	3426936434
	3426936435
	3426936436
	3426936437
	3426936438
	3426936439
	3426936440
	3426936441
	3426936442
	3426936443
	3426936444
	3426936445
	3426936446
	3426936447
	3426936448
	3426936449
	3426936450
	3426936451
	3426936452
	3426936453
	3426936454
	3426936455
	3426936456
	3426936457
	3426936458
	3426936459
	3426936460
	3426936461
	3426936462
	3426936463
	3426936464
	3426936465
	3426936466
	3426936467
	3426936468
	3426936469
	3426936470
	3426936471
	3426936472
	3426936473
	3426936474
	3426936475
	3426936476
	3426936477
	3426936478
	3426936479
	3426936480
	3426936481
	3426936482
	3426936483
	3426936484
	3426936485
	3426936486
	3426936487
	3426936488
	3426936489
	3426936490
	3426936491
	3426936492
	3426936493
	3426936494
	3426936495
	3426936496
	3426936497
	3426936498
	3426936499
	3426936500
	3426936501
	3426936502
	3426936503
	3426936504
	3426936505
	3426936506
	3426936507
	3426936508
	3426936509
	3426936510
	3426936511
	3426936512
	3426936513
	3426936514
	3426936515
	3426936516
	3426936517
	3426936518
	3426936519
	3426936520
	3426936521
	3426936522
	3426936523
	3426936524
	3426936525
	3426936526
	3426936527
	3426936528
	3426936529
	3426936530
	3426936531
	3426936532
	3426936533
	3426936534
	3426936535
	3426936536
	3426936537
	3426936538
	3426936539
	3426936540
	3426936541
	3426936542
	3426936543
	3426936544
	3426936545
	3426936546
	3426936547
	3426936548
	3426936549
	3426936550
	3426936551
	3426936552
	3426936553
	3426936554
	3426936555
	3426936556
	3426936557
	3426936558
	3426936559
	3426936560
	3426936561
	3426936562
	3426936563
	3426936564
	3426936565
	3426936566
	3426936567
	3426936568
	3426936569
	3426936570
	3426936571
	3426936572
	3426936573
	3426936574
	3426936575
	3426936576
	3426936577
	3426936578
	3426936579
	3426936580
	3426936581
	3426936582
	3426936583
	3426936584
	3426936585
	3426936586
	3426936587
	3426936588
	3426936589
	3426936590
	3426936591
	3426936592
	3426936593
	3426936594
	3426936595
	3426936596
	3426936597
	3426936598
	3426936599
	3426936600
	3426936601
	3426936602
	3426936603
	3426936604
	3426936605
	3426936606
	3426936607
	3426936608
	3426936609
	3426936610
	3426936611
	3426936612
	3426936613
	3426936614
	3426936615
	3426936616
	3426936617
	3426936618
	3426936619
	3426936620
	3426936621
	3426936622
	3426936623
	3426936624
	3426936625
	3426936626
	3426936627
	3426936628
	3426936629
	3426936630
	3426936631
	3426936632
	3426936633
	3426936634
	3426936635
	3426936636
	3426936637
	3426936638
	3426936639
	3426936640
	3426936641
	3426936642
	3426936643
	3426936644
	3426936645
	3426936646
	3426936647
	3426936648
	3426936649
	3426936650
	3426936651
	3426936652
	3426936653
	3426936654
	3426936655
	3426936656
	3426936657
	3426936658
	3426936659
	3426936660
	3426936661
	3426936662
	3426936663
	3426936664
	3426936665
	3426936666
	3426936667
	3426936668
	3426936669
	3426936670
	3426936671
	3426936672
	3426936673
	3426936674
	3426936675
	3426936676
	3426936677
	3426936678
	3426936679
	3426936680
	3426936681
	3426936682
	3426936683
	3426936684
	3426936685
	3426936686
	3426936687
	3426936688
	3426936689
	3426936690
	3426936691
	3426936692
	3426936693
	3426936694
	3426936695
	3426936696
	3426936697
	3426936698
	3426936699
	3426936700
	3426936701
	3426936702
	3426936703
	3426936704
	3426936705
	3426936706
	3426936707
	3426936708
	3426936709
	3426936710
	3426936711
	3426936712
	3426936713
	3426936714
	3426936715
	3426936716
	3426936717
	3426936718
	3426936719
	3426936720
	3426936721
	3426936722
	3426936723
	3426936724
	3426936725
	3426936726
	3426936727
	3426936728
	3426936729
	3426936730
	3426936731
	3426936732
	3426936733
	3426936734
	3426936735
	3426936736
	3426936737
	3426936738
	3426936739
	3426936740
	3426936741
	3426936742
	3426936743
	3426936744
	3426936745
	3426936746
	3426936747
	3426936748
	3426936749
	3426936750
	3426936751
	3426936752
	3426936753
	3426936754
	3426936755
	3426936756
	3426936757
	3426936758
	3426936759
	3426936760
	3426936761
	3426936762
	3426936763
	3426936764
	3426936765
	3426936766
	3426936767
	3426936768
	3426936769
	3426936770
	3426936771
	3426936772
	3426936773
	3426936774
	3426936775
	3426936776
	3426936777
	3426936778
	3426936779
	3426936780
	3426936781
	3426936782
	3426936783
	3426936784
	3426936785
	3426936786
	3426936787
	3426936788
	3426936789
	3426936790
	3426936791
	3426936792
	3426936793
	3426936794
	3426936795
	3426936796
	3426936797
	3426936798
	3426936799
	3426936800
	3426936801
	3426936802
	3426936803
	3426936804
	3426936805
	3426936806
	3426936807
	3426936808
	3426936809
	3426936810
	3426936811
	3426936812
	3426936813
	3426936814
	3426936815
	3426936816
	3426936817
	3426936818
	3426936819
	3426936820
	3426936821
	3426936822
	3426936823
	3426936824
	3426936825
	3426936826
	3426936827
	3426936828
	3426936829
	3426936830
	3426936831
	3426936832
	3426936833
	3426936834
	3426936835
	3426936836
	3426936837
	3426936838
	3426936839
	3426936840
	3426936841
	3426936842
	3426936843
	3426936844
	3426936845
	3426936846
	3426936847
	3426936848
	3426936849
	3426936850
	3426936851
	3426936852
	3426936853
	3426936854
	3426936855
	3426936856
	3426936857
	3426936858
	3426936859
	3426936860
	3426936861
	3426936862
	3426936863
	3426936864
	3426936865
	3426936866
	3426936867
	3426936868
	3426936869
	3426936870
	3426936871
	3426936872
	3426936873
	3426936874
	3426936875
	3426936876
	3426936877
	3426936878
	3426936879
	3426936880
	3426936881
	3426936882
	3426936883
	3426936884
	3426936885
	3426936886
	3426936887
	3426936888
	3426936889
	3426936890
	3426936891
	3426936892
	3426936893
	3426936894
	3426936895
	3426936896
	3426936897
	3426936898
	3426936899
	3426936900
	3426936901
	3426936902
	3426936903
	3426936904
	3426936905
	3426936906
	3426936907
	3426936908
	3426936909
	3426936910
	3426936911
	3426936912
	3426936913
	3426936914
	3426936915
	3426936916
	3426936917
	3426936918
	3426936919
	3426936920
	3426936921
	3426936922
	3426936923
	3426936924
	3426936925
	3426936926
	3426936927
	3426936928
	3426936929
	3426936930
	3426936931
	3426936932
	3426936933
	3426936934
	3426936935
	3426936936
	3426936937
	3426936938
	3426936939
	3426936940
	3426936941
	3426936942
	3426936943
	3426936944
	3426936945
	3426936946
	3426936947
	3426936948
	3426936949
	3426936950
	3426936951
	3426936952
	3426936953
	3426936954
	3426936955
	3426936956
	3426936957
	3426936958
	3426936959
	3426936960
	3426936961
	3426936962
	3426936963
	3426936964
	3426936965
	3426936966
	3426936967
	3426936968
	3426936969
	3426936970
	3426936971
	3426936972
	3426936973
	3426936974
	3426936975
	3426936976
	3426936977
	3426936978
	3426936979
	3426936980
	3426936981
	3426936982
	3426936983
	3426936984
	3426936985
	3426936986
	3426936987
	3426936988
	3426936989
	3426936990
	3426936991
	3426936992
	3426936993
	3426936994
	3426936995
	3426936996
	3426936997
	3426936998
	3426936999
	3426937000
	3426937001
	3426937002
	3426937003
	3426937004
	3426937005
	3426937006
	3426937007
	3426937008
	3426937009
	3426937010
	3426937011
	3426937012
	3426937013
	3426937014
	3426937015
	3426937016
	3426937017
	3426937018
	3426937019
	3426937020
	3426937021
	3426937022
	3426937023
	3426937024
	3426937025
	3426937026
	3426937027
	3426937028
	3426937029
	3426937030
	3426937031
	3426937032
	3426937033
	3426937034
	3426937035
	3426937036
	3426937037
	3426937038
	3426937039
	3426937040
	3426937041
	3426937042
	3426937043
	3426937044
	3426937045
	3426937046
	3426937047
	3426937048
	3426937049
	3426937050
	3426937051
	3426937052
	3426937053
	3426937054
	3426937055
	3426937056
	3426937057
	3426937058
	3426937059
	3426937060
	3426937061
	3426937062
	3426937063
	3426937064
	3426937065
	3426937066
	3426937067
	3426937068
	3426937069
	3426937070
	3426937071
	3426937072
	3426937073
	3426937074
	3426937075
	3426937076
	3426937077
	3426937078
	3426937079
	3426937080
	3426937081
	3426937082
	3426937083
	3426937084
	3426937085
	3426937086
	3426937087
	3426937088
	3426937089
	3426937090
	3426937091
	3426937092
	3426937093
	3426937094
	3426937095
	3426937096
	3426937097
	3426937098
	3426937099
	3426937100
	3426937101
	3426937102
	3426937103
	3426937104
	3426937105
	3426937106
	3426937107
	3426937108
	3426937109
	3426937110
	3426937111
	3426937112
	3426937113
	3426937114
	3426937115
	3426937116
	3426937117
	3426937118
	3426937119
	3426937120
	3426937121
	3426937122
	3426937123
	3426937124
	3426937125
	3426937126
	3426937127
	3426937128
	3426937129
	3426937130
	3426937131
	3426937132
	3426937133
	3426937134
	3426937135
	3426937136
	3426937137
	3426937138
	3426937139
	3426937140
	3426937141
	3426937142
	3426937143
	3426937144
	3426937145
	3426937146
	3426937147
	3426937148
	3426937149
	3426937150
	3426937151
	3426937152
	3426937153
	3426937154
	3426937155
	3426937156
	3426937157
	3426937158
	3426937159
	3426937160
	3426937161
	3426937162
	3426937163
	3426937164
	3426937165
	3426937166
	3426937167
	3426937168
	3426937169
	3426937170
	3426937171
	3426937172
	3426937173
	3426937174
	3426937175
	3426937176
	3426937177
	3426937178
	3426937179
	3426937180
	3426937181
	3426937182
	3426937183
	3426937184
	3426937185
	3426937186
	3426937187
	3426937188
	3426937189
	3426937190
	3426937191
	3426937192
	3426937193
	3426937194
	3426937195
	3426937196
	3426937197
	3426937198
	3426937199
	3426937200
	3426937201
	3426937202
	3426937203
	3426937204
	3426937205
	3426937206
	3426937207
	3426937208
	3426937209
	3426937210
	3426937211
	3426937212
	3426937213
	3426937214
	3426937215
	3426937216
	3426937217
	3426937218
	3426937219
	3426937220
	3426937221
	3426937222
	3426937223
	3426937224
	3426937225
	3426937226
	3426937227
	3426937228
	3426937229
	3426937230
	3426937231
	3426937232
	3426937233
	3426937234
	3426937235
	3426937236
	3426937237
	3426937238
	3426937239
	3426937240
	3426937241
	3426937242
	3426937243
	3426937244
	3426937245
	3426937246
	3426937247
	3426937248
	3426937249
	3426937250
	3426937251
	3426937252
	3426937253
	3426937254
	3426937255
	3426937256
	3426937257
	3426937258
	3426937259
	3426937260
	3426937261
	3426937262
	3426937263
	3426937264
	3426937265
	3426937266
	3426937267
	3426937268
	3426937269
	3426937270
	3426937271
	3426937272
	3426937273
	3426937274
	3426937275
	3426937276
	3426937277
	3426937278
	3426937279
	3426937280
	3426937281
	3426937282
	3426937283
	3426937284
	3426937285
	3426937286
	3426937287
	3426937288
	3426937289
	3426937290
	3426937291
	3426937292
	3426937293
	3426937294
	3426937295
	3426937296
	3426937297
	3426937298
	3426937299
	3426937300
	3426937301
	3426937302
	3426937303
	3426937304
	3426937305
	3426937306
	3426937307
	3426937308
	3426937309
	3426937310
	3426937311
	3426937312
	3426937313
	3426937314
	3426937315
	3426937316
	3426937317
	3426937318
	3426937319
	3426937320
	3426937321
	3426937322
	3426937323
	3426937324
	3426937325
	3426937326
	3426937327
	3426937328
	3426937329
	3426937330
	3426937331
	3426937332
	3426937333
	3426937334
	3426937335
	3426937336
	3426937337
	3426937338
	3426937339
	3426937340
	3426937341
	3426937342
	3426937343
	3426937344
	3426937345
	3426937346
	3426937347
	3426937348
	3426937349
	3426937350
	3426937351
	3426937352
	3426937353
	3426937354
	3426937355
	3426937356
	3426937357
	3426937358
	3426937359
	3426937360
	3426937361
	3426937362
	3426937363
	3426937364
	3426937365
	3426937366
	3426937367
	3426937368
	3426937369
	3426937370
	3426937371
	3426937372
	3426937373
	3426937374
	3426937375
	3426937376
	3426937377
	3426937378
	3426937379
	3426937380
	3426937381
	3426937382
	3426937383
	3426937384
	3426937385
	3426937386
	3426937387
	3426937388
	3426937389
	3426937390
	3426937391
	3426937392
	3426937393
	3426937394
	3426937395
	3426937396
	3426937397
	3426937398
	3426937399
	3426937400
	3426937401
	3426937402
	3426937403
	3426937404
	3426937405
	3426937406
	3426937407
	3426937408
	3426937409
	3426937410
	3426937411
	3426937412
	3426937413
	3426937414
	3426937415
	3426937416
	3426937417
	3426937418
	3426937419
	3426937420
	3426937421
	3426937422
	3426937423
	3426937424
	3426937425
	3426937426
	3426937427
	3426937428
	3426937429
	3426937430
	3426937431
	3426937432
	3426937433
	3426937434
	3426937435
	3426937436
	3426937437
	3426937438
	3426937439
	3426937440
	3426937441
	3426937442
	3426937443
	3426937444
	3426937445
	3426937446
	3426937447
	3426937448
	3426937449
	3426937450
	3426937451
	3426937452
	3426937453
	3426937454
	3426937455
	3426937456
	3426937457
	3426937458
	3426937459
	3426937460
	3426937461
	3426937462
	3426937463
	3426937464
	3426937465
	3426937466
	3426937467
	3426937468
	3426937469
	3426937470
	3426937471
	3426937472
	3426937473
	3426937474
	3426937475
	3426937476
	3426937477
	3426937478
	3426937479
	3426937480
	3426937481
	3426937482
	3426937483
	3426937484
	3426937485
	3426937486
	3426937487
	3426937488
	3426937489
	3426937490
	3426937491
	3426937492
	3426937493
	3426937494
	3426937495
	3426937496
	3426937497
	3426937498
	3426937499
	3426937500
	3426937501
	3426937502
	3426937503
	3426937504
	3426937505
	3426937506
	3426937507
	3426937508
	3426937509
	3426937510
	3426937511
	3426937512
	3426937513
	3426937514
	3426937515
	3426937516
	3426937517
	3426937518
	3426937519
	3426937520
	3426937521
	3426937522
	3426937523
	3426937524
	3426937525
	3426937526
	3426937527
	3426937528
	3426937529
	3426937530
	3426937531
	3426937532
	3426937533
	3426937534
	3426937535
	3426937536
	3426937537
	3426937538
	3426937539
	3426937540
	3426937541
	3426937542
	3426937543
	3426937544
	3426937545
	3426937546
	3426937547
	3426937548
	3426937549
	3426937550
	3426937551
	3426937552
	3426937553
	3426937554
	3426937555
	3426937556
	3426937557
	3426937558
	3426937559
	3426937560
	3426937561
	3426937562
	3426937563
	3426937564
	3426937565
	3426937566
	3426937567
	3426937568
	3426937569
	3426937570
	3426937571
	3426937572
	3426937573
	3426937574
	3426937575
	3426937576
	3426937577
	3426937578
	3426937579
	3426937580
	3426937581
	3426937582
	3426937583
	3426937584
	3426937585
	3426937586
	3426937587
	3426937588
	3426937589
	3426937590
	3426937591
	3426937592
	3426937593
	3426937594
	3426937595
	3426937596
	3426937597
	3426937598
	3426937599
	3426937600
	3426937601
	3426937602
	3426937603
	3426937604
	3426937605
	3426937606
	3426937607
	3426937608
	3426937609
	3426937610
	3426937611
	3426937612
	3426937613
	3426937614
	3426937615
	3426937616
	3426937617
	3426937618
	3426937619
	3426937620
	3426937621
	3426937622
	3426937623
	3426937624
	3426937625
	3426937626
	3426937627
	3426937628
	3426937629
	3426937630
	3426937631
	3426937632
	3426937633
	3426937634
	3426937635
	3426937636
	3426937637
	3426937638
	3426937639
	3426937640
	3426937641
	3426937642
	3426937643
	3426937644
	3426937645
	3426937646
	3426937647
	3426937648
	3426937649
	3426937650
	3426937651
	3426937652
	3426937653
	3426937654
	3426937655
	3426937656
	3426937657
	3426937658
	3426937659
	3426937660
	3426937661
	3426937662
	3426937663
	3426937664
	3426937665
	3426937666
	3426937667
	3426937668
	3426937669
	3426937670
	3426937671
	3426937672
	3426937673
	3426937674
	3426937675
	3426937676
	3426937677
	3426937678
	3426937679
	3426937680
	3426937681
	3426937682
	3426937683
	3426937684
	3426937685
	3426937686
	3426937687
	3426937688
	3426937689
	3426937690
	3426937691
	3426937692
	3426937693
	3426937694
	3426937695
	3426937696
	3426937697
	3426937698
	3426937699
	3426937700
	3426937701
	3426937702
	3426937703
	3426937704
	3426937705
	3426937706
	3426937707
	3426937708
	3426937709
	3426937710
	3426937711
	3426937712
	3426937713
	3426937714
	3426937715
	3426937716
	3426937717
	3426937718
	3426937719
	3426937720
	3426937721
	3426937722
	3426937723
	3426937724
	3426937725
	3426937726
	3426937727
	3426937728
	3426937729
	3426937730
	3426937731
	3426937732
	3426937733
	3426937734
	3426937735
	3426937736
	3426937737
	3426937738
	3426937739
	3426937740
	3426937741
	3426937742
	3426937743
	3426937744
	3426937745
	3426937746
	3426937747
	3426937748
	3426937749
	3426937750
	3426937751
	3426937752
	3426937753
	3426937754
	3426937755
	3426937756
	3426937757
	3426937758
	3426937759
	3426937760
	3426937761
	3426937762
	3426937763
	3426937764
	3426937765
	3426937766
	3426937767
	3426937768
	3426937769
	3426937770
	3426937771
	3426937772
	3426937773
	3426937774
	3426937775
	3426937776
	3426937777
	3426937778
	3426937779
	3426937780
	3426937781
	3426937782
	3426937783
	3426937784
	3426937785
	3426937786
	3426937787
	3426937788
	3426937789
	3426937790
	3426937791
	3426937792
	3426937793
	3426937794
	3426937795
	3426937796
	3426937797
	3426937798
	3426937799
	3426937800
	3426937801
	3426937802
	3426937803
	3426937804
	3426937805
	3426937806
	3426937807
	3426937808
	3426937809
	3426937810
	3426937811
	3426937812
	3426937813
	3426937814
	3426937815
	3426937816
	3426937817
	3426937818
	3426937819
	3426937820
	3426937821
	3426937822
	3426937823
	3426937824
	3426937825
	3426937826
	3426937827
	3426937828
	3426937829
	3426937830
	3426937831
	3426937832
	3426937833
	3426937834
	3426937835
	3426937836
	3426937837
	3426937838
	3426937839
	3426937840
	3426937841
	3426937842
	3426937843
	3426937844
	3426937845
	3426937846
	3426937847
	3426937848
	3426937849
	3426937850
	3426937851
	3426937852
	3426937853
	3426937854
	3426937855
	3426937856
	3426937857
	3426937858
	3426937859
	3426937860
	3426937861
	3426937862
	3426937863
	3426937864
	3426937865
	3426937866
	3426937867
	3426937868
	3426937869
	3426937870
	3426937871
	3426937872
	3426937873
	3426937874
	3426937875
	3426937876
	3426937877
	3426937878
	3426937879
	3426937880
	3426937881
	3426937882
	3426937883
	3426937884
	3426937885
	3426937886
	3426937887
	3426937888
	3426937889
	3426937890
	3426937891
	3426937892
	3426937893
	3426937894
	3426937895
	3426937896
	3426937897
	3426937898
	3426937899
	3426937900
	3426937901
	3426937902
	3426937903
	3426937904
	3426937905
	3426937906
	3426937907
	3426937908
	3426937909
	3426937910
	3426937911
	3426937912
	3426937913
	3426937914
	3426937915
	3426937916
	3426937917
	3426937918
	3426937919
	3426937920
	3426937921
	3426937922
	3426937923
	3426937924
	3426937925
	3426937926
	3426937927
	3426937928
	3426937929
	3426937930
	3426937931
	3426937932
	3426937933
	3426937934
	3426937935
	3426937936
	3426937937
	3426937938
	3426937939
	3426937940
	3426937941
	3426937942
	3426937943
	3426937944
	3426937945
	3426937946
	3426937947
	3426937948
	3426937949
	3426937950
	3426937951
	3426937952
	3426937953
	3426937954
	3426937955
	3426937956
	3426937957
	3426937958
	3426937959
	3426937960
	3426937961
	3426937962
	3426937963
	3426937964
	3426937965
	3426937966
	3426937967
	3426937968
	3426937969
	3426937970
	3426937971
	3426937972
	3426937973
	3426937974
	3426937975
	3426937976
	3426937977
	3426937978
	3426937979
	3426937980
	3426937981
	3426937982
	3426937983
	3426937984
	3426937985
	3426937986
	3426937987
	3426937988
	3426937989
	3426937990
	3426937991
	3426937992
	3426937993
	3426937994
	3426937995
	3426937996
	3426937997
	3426937998
	3426937999
	3426938000
	3426938001
	3426938002
	3426938003
	3426938004
	3426938005
	3426938006
	3426938007
	3426938008
	3426938009
	3426938010
	3426938011
	3426938012
	3426938013
	3426938014
	3426938015
	3426938016
	3426938017
	3426938018
	3426938019
	3426938020
	3426938021
	3426938022
	3426938023
	3426938024
	3426938025
	3426938026
	3426938027
	3426938028
	3426938029
	3426938030
	3426938031
	3426938032
	3426938033
	3426938034
	3426938035
	3426938036
	3426938037
	3426938038
	3426938039
	3426938040
	3426938041
	3426938042
	3426938043
	3426938044
	3426938045
	3426938046
	3426938047
	3426938048
	3426938049
	3426938050
	3426938051
	3426938052
	3426938053
	3426938054
	3426938055
	3426938056
	3426938057
	3426938058
	3426938059
	3426938060
	3426938061
	3426938062
	3426938063
	3426938064
	3426938065
	3426938066
	3426938067
	3426938068
	3426938069
	3426938070
	3426938071
	3426938072
	3426938073
	3426938074
	3426938075
	3426938076
	3426938077
	3426938078
	3426938079
	3426938080
	3426938081
	3426938082
	3426938083
	3426938084
	3426938085
	3426938086
	3426938087
	3426938088
	3426938089
	3426938090
	3426938091
	3426938092
	3426938093
	3426938094
	3426938095
	3426938096
	3426938097
	3426938098
	3426938099
	3426938100
	3426938101
	3426938102
	3426938103
	3426938104
	3426938105
	3426938106
	3426938107
	3426938108
	3426938109
	3426938110
	3426938111
	3426938112
	3426938113
	3426938114
	3426938115
	3426938116
	3426938117
	3426938118
	3426938119
	3426938120
	3426938121
	3426938122
	3426938123
	3426938124
	3426938125
	3426938126
	3426938127
	3426938128
	3426938129
	3426938130
	3426938131
	3426938132
	3426938133
	3426938134
	3426938135
	3426938136
	3426938137
	3426938138
	3426938139
	3426938140
	3426938141
	3426938142
	3426938143
	3426938144
	3426938145
	3426938146
	3426938147
	3426938148
	3426938149
	3426938150
	3426938151
	3426938152
	3426938153
	3426938154
	3426938155
	3426938156
	3426938157
	3426938158
	3426938159
	3426938160
	3426938161
	3426938162
	3426938163
	3426938164
	3426938165
	3426938166
	3426938167
	3426938168
	3426938169
	3426938170
	3426938171
	3426938172
	3426938173
	3426938174
	3426938175
	3426938176
	3426938177
	3426938178
	3426938179
	3426938180
	3426938181
	3426938182
	3426938183
	3426938184
	3426938185
	3426938186
	3426938187
	3426938188
	3426938189
	3426938190
	3426938191
	3426938192
	3426938193
	3426938194
	3426938195
	3426938196
	3426938197
	3426938198
	3426938199
	3426938200
	3426938201
	3426938202
	3426938203
	3426938204
	3426938205
	3426938206
	3426938207
	3426938208
	3426938209
	3426938210
	3426938211
	3426938212
	3426938213
	3426938214
	3426938215
	3426938216
	3426938217
	3426938218
	3426938219
	3426938220
	3426938221
	3426938222
	3426938223
	3426938224
	3426938225
	3426938226
	3426938227
	3426938228
	3426938229
	3426938230
	3426938231
	3426938232
	3426938233
	3426938234
	3426938235
	3426938236
	3426938237
	3426938238
	3426938239
	3426938240
	3426938241
	3426938242
	3426938243
	3426938244
	3426938245
	3426938246
	3426938247
	3426938248
	3426938249
	3426938250
	3426938251
	3426938252
	3426938253
	3426938254
	3426938255
	3426938256
	3426938257
	3426938258
	3426938259
	3426938260
	3426938261
	3426938262
	3426938263
	3426938264
	3426938265
	3426938266
	3426938267
	3426938268
	3426938269
	3426938270
	3426938271
	3426938272
	3426938273
	3426938274
	3426938275
	3426938276
	3426938277
	3426938278
	3426938279
	3426938280
	3426938281
	3426938282
	3426938283
	3426938284
	3426938285
	3426938286
	3426938287
	3426938288
	3426938289
	3426938290
	3426938291
	3426938292
	3426938293
	3426938294
	3426938295
	3426938296
	3426938297
	3426938298
	3426938299
	3426938300
	3426938301
	3426938302
	3426938303
	3426938304
	3426938305
	3426938306
	3426938307
	3426938308
	3426938309
	3426938310
	3426938311
	3426938312
	3426938313
	3426938314
	3426938315
	3426938316
	3426938317
	3426938318
	3426938319
	3426938320
	3426938321
	3426938322
	3426938323
	3426938324
	3426938325
	3426938326
	3426938327
	3426938328
	3426938329
	3426938330
	3426938331
	3426938332
	3426938333
	3426938334
	3426938335
	3426938336
	3426938337
	3426938338
	3426938339
	3426938340
	3426938341
	3426938342
	3426938343
	3426938344
	3426938345
	3426938346
	3426938347
	3426938348
	3426938349
	3426938350
	3426938351
	3426938352
	3426938353
	3426938354
	3426938355
	3426938356
	3426938357
	3426938358
	3426938359
	3426938360
	3426938361
	3426938362
	3426938363
	3426938364
	3426938365
	3426938366
	3426938367
	3426938368
	3426938369
	3426938370
	3426938371
	3426938372
	3426938373
	3426938374
	3426938375
	3426938376
	3426938377
	3426938378
	3426938379
	3426938380
	3426938381
	3426938382
	3426938383
	3426938384
	3426938385
	3426938386
	3426938387
	3426938388
	3426938389
	3426938390
	3426938391
	3426938392
	3426938393
	3426938394
	3426938395
	3426938396
	3426938397
	3426938398
	3426938399
	3426938400
	3426938401
	3426938402
	3426938403
	3426938404
	3426938405
	3426938406
	3426938407
	3426938408
	3426938409
	3426938410
	3426938411
	3426938412
	3426938413
	3426938414
	3426938415
	3426938416
	3426938417
	3426938418
	3426938419
	3426938420
	3426938421
	3426938422
	3426938423
	3426938424
	3426938425
	3426938426
	3426938427
	3426938428
	3426938429
	3426938430
	3426938431
	3426938432
	3426938433
	3426938434
	3426938435
	3426938436
	3426938437
	3426938438
	3426938439
	3426938440
	3426938441
	3426938442
	3426938443
	3426938444
	3426938445
	3426938446
	3426938447
	3426938448
	3426938449
	3426938450
	3426938451
	3426938452
	3426938453
	3426938454
	3426938455
	3426938456
	3426938457
	3426938458
	3426938459
	3426938460
	3426938461
	3426938462
	3426938463
	3426938464
	3426938465
	3426938466
	3426938467
	3426938468
	3426938469
	3426938470
	3426938471
	3426938472
	3426938473
	3426938474
	3426938475
	3426938476
	3426938477
	3426938478
	3426938479
	3426938480
	3426938481
	3426938482
	3426938483
	3426938484
	3426938485
	3426938486
	3426938487
	3426938488
	3426938489
	3426938490
	3426938491
	3426938492
	3426938493
	3426938494
	3426938495
	3426938496
	3426938497
	3426938498
	3426938499
	3426938500
	3426938501
	3426938502
	3426938503
	3426938504
	3426938505
	3426938506
	3426938507
	3426938508
	3426938509
	3426938510
	3426938511
	3426938512
	3426938513
	3426938514
	3426938515
	3426938516
	3426938517
	3426938518
	3426938519
	3426938520
	3426938521
	3426938522
	3426938523
	3426938524
	3426938525
	3426938526
	3426938527
	3426938528
	3426938529
	3426938530
	3426938531
	3426938532
	3426938533
	3426938534
	3426938535
	3426938536
	3426938537
	3426938538
	3426938539
	3426938540
	3426938541
	3426938542
	3426938543
	3426938544
	3426938545
	3426938546
	3426938547
	3426938548
	3426938549
	3426938550
	3426938551
	3426938552
	3426938553
	3426938554
	3426938555
	3426938556
	3426938557
	3426938558
	3426938559
	3426938560
	3426938561
	3426938562
	3426938563
	3426938564
	3426938565
	3426938566
	3426938567
	3426938568
	3426938569
	3426938570
	3426938571
	3426938572
	3426938573
	3426938574
	3426938575
	3426938576
	3426938577
	3426938578
	3426938579
	3426938580
	3426938581
	3426938582
	3426938583
	3426938584
	3426938585
	3426938586
	3426938587
	3426938588
	3426938589
	3426938590
	3426938591
	3426938592
	3426938593
	3426938594
	3426938595
	3426938596
	3426938597
	3426938598
	3426938599
	3426938600
	3426938601
	3426938602
	3426938603
	3426938604
	3426938605
	3426938606
	3426938607
	3426938608
	3426938609
	3426938610
	3426938611
	3426938612
	3426938613
	3426938614
	3426938615
	3426938616
	3426938617
	3426938618
	3426938619
	3426938620
	3426938621
	3426938622
	3426938623
	3426938624
	3426938625
	3426938626
	3426938627
	3426938628
	3426938629
	3426938630
	3426938631
	3426938632
	3426938633
	3426938634
	3426938635
	3426938636
	3426938637
	3426938638
	3426938639
	3426938640
	3426938641
	3426938642
	3426938643
	3426938644
	3426938645
	3426938646
	3426938647
	3426938648
	3426938649
	3426938650
	3426938651
	3426938652
	3426938653
	3426938654
	3426938655
	3426938656
	3426938657
	3426938658
	3426938659
	3426938660
	3426938661
	3426938662
	3426938663
	3426938664
	3426938665
	3426938666
	3426938667
	3426938668
	3426938669
	3426938670
	3426938671
	3426938672
	3426938673
	3426938674
	3426938675
	3426938676
	3426938677
	3426938678
	3426938679
	3426938680
	3426938681
	3426938682
	3426938683
	3426938684
	3426938685
	3426938686
	3426938687
	3426938688
	3426938689
	3426938690
	3426938691
	3426938692
	3426938693
	3426938694
	3426938695
	3426938696
	3426938697
	3426938698
	3426938699
	3426938700
	3426938701
	3426938702
	3426938703
	3426938704
	3426938705
	3426938706
	3426938707
	3426938708
	3426938709
	3426938710
	3426938711
	3426938712
	3426938713
	3426938714
	3426938715
	3426938716
	3426938717
	3426938718
	3426938719
	3426938720
	3426938721
	3426938722
	3426938723
	3426938724
	3426938725
	3426938726
	3426938727
	3426938728
	3426938729
	3426938730
	3426938731
	3426938732
	3426938733
	3426938734
	3426938735
	3426938736
	3426938737
	3426938738
	3426938739
	3426938740
	3426938741
	3426938742
	3426938743
	3426938744
	3426938745
	3426938746
	3426938747
	3426938748
	3426938749
	3426938750
	3426938751
	3426938752
	3426938753
	3426938754
	3426938755
	3426938756
	3426938757
	3426938758
	3426938759
	3426938760
	3426938761
	3426938762
	3426938763
	3426938764
	3426938765
	3426938766
	3426938767
	3426938768
	3426938769
	3426938770
	3426938771
	3426938772
	3426938773
	3426938774
	3426938775
	3426938776
	3426938777
	3426938778
	3426938779
	3426938780
	3426938781
	3426938782
	3426938783
	3426938784
	3426938785
	3426938786
	3426938787
	3426938788
	3426938789
	3426938790
	3426938791
	3426938792
	3426938793
	3426938794
	3426938795
	3426938796
	3426938797
	3426938798
	3426938799
	3426938800
	3426938801
	3426938802
	3426938803
	3426938804
	3426938805
	3426938806
	3426938807
	3426938808
	3426938809
	3426938810
	3426938811
	3426938812
	3426938813
	3426938814
	3426938815
	3426938816
	3426938817
	3426938818
	3426938819
	3426938820
	3426938821
	3426938822
	3426938823
	3426938824
	3426938825
	3426938826
	3426938827
	3426938828
	3426938829
	3426938830
	3426938831
	3426938832
	3426938833
	3426938834
	3426938835
	3426938836
	3426938837
	3426938838
	3426938839
	3426938840
	3426938841
	3426938842
	3426938843
	3426938844
	3426938845
	3426938846
	3426938847
	3426938848
	3426938849
	3426938850
	3426938851
	3426938852
	3426938853
	3426938854
	3426938855
	3426938856
	3426938857
	3426938858
	3426938859
	3426938860
	3426938861
	3426938862
	3426938863
	3426938864
	3426938865
	3426938866
	3426938867
	3426938868
	3426938869
	3426938870
	3426938871
	3426938872
	3426938873
	3426938874
	3426938875
	3426938876
	3426938877
	3426938878
	3426938879
	3426938880
	3426938881
	3426938882
	3426938883
	3426938884
	3426938885
	3426938886
	3426938887
	3426938888
	3426938889
	3426938890
	3426938891
	3426938892
	3426938893
	3426938894
	3426938895
	3426938896
	3426938897
	3426938898
	3426938899
	3426938900
	3426938901
	3426938902
	3426938903
	3426938904
	3426938905
	3426938906
	3426938907
	3426938908
	3426938909
	3426938910
	3426938911
	3426938912
	3426938913
	3426938914
	3426938915
	3426938916
	3426938917
	3426938918
	3426938919
	3426938920
	3426938921
	3426938922
	3426938923
	3426938924
	3426938925
	3426938926
	3426938927
	3426938928
	3426938929
	3426938930
	3426938931
	3426938932
	3426938933
	3426938934
	3426938935
	3426938936
	3426938937
	3426938938
	3426938939
	3426938940
	3426938941
	3426938942
	3426938943
	3426938944
	3426938945
	3426938946
	3426938947
	3426938948
	3426938949
	3426938950
	3426938951
	3426938952
	3426938953
	3426938954
	3426938955
	3426938956
	3426938957
	3426938958
	3426938959
	3426938960
	3426938961
	3426938962
	3426938963
	3426938964
	3426938965
	3426938966
	3426938967
	3426938968
	3426938969
	3426938970
	3426938971
	3426938972
	3426938973
	3426938974
	3426938975
	3426938976
	3426938977
	3426938978
	3426938979
	3426938980
	3426938981
	3426938982
	3426938983
	3426938984
	3426938985
	3426938986
	3426938987
	3426938988
	3426938989
	3426938990
	3426938991
	3426938992
	3426938993
	3426938994
	3426938995
	3426938996
	3426938997
	3426938998
	3426938999
	3426939000
	3426939001
	3426939002
	3426939003
	3426939004
	3426939005
	3426939006
	3426939007
	3426939008
	3426939009
	3426939010
	3426939011
	3426939012
	3426939013
	3426939014
	3426939015
	3426939016
	3426939017
	3426939018
	3426939019
	3426939020
	3426939021
	3426939022
	3426939023
	3426939024
	3426939025
	3426939026
	3426939027
	3426939028
	3426939029
	3426939030
	3426939031
	3426939032
	3426939033
	3426939034
	3426939035
	3426939036
	3426939037
	3426939038
	3426939039
	3426939040
	3426939041
	3426939042
	3426939043
	3426939044
	3426939045
	3426939046
	3426939047
	3426939048
	3426939049
	3426939050
	3426939051
	3426939052
	3426939053
	3426939054
	3426939055
	3426939056
	3426939057
	3426939058
	3426939059
	3426939060
	3426939061
	3426939062
	3426939063
	3426939064
	3426939065
	3426939066
	3426939067
	3426939068
	3426939069
	3426939070
	3426939071
	3426939072
	3426939073
	3426939074
	3426939075
	3426939076
	3426939077
	3426939078
	3426939079
	3426939080
	3426939081
	3426939082
	3426939083
	3426939084
	3426939085
	3426939086
	3426939087
	3426939088
	3426939089
	3426939090
	3426939091
	3426939092
	3426939093
	3426939094
	3426939095
	3426939096
	3426939097
	3426939098
	3426939099
	3426939100
	3426939101
	3426939102
	3426939103
	3426939104
	3426939105
	3426939106
	3426939107
	3426939108
	3426939109
	3426939110
	3426939111
	3426939112
	3426939113
	3426939114
	3426939115
	3426939116
	3426939117
	3426939118
	3426939119
	3426939120
	3426939121
	3426939122
	3426939123
	3426939124
	3426939125
	3426939126
	3426939127
	3426939128
	3426939129
	3426939130
	3426939131
	3426939132
	3426939133
	3426939134
	3426939135
	3426939136
	3426939137
	3426939138
	3426939139
	3426939140
	3426939141
	3426939142
	3426939143
	3426939144
	3426939145
	3426939146
	3426939147
	3426939148
	3426939149
	3426939150
	3426939151
	3426939152
	3426939153
	3426939154
	3426939155
	3426939156
	3426939157
	3426939158
	3426939159
	3426939160
	3426939161
	3426939162
	3426939163
	3426939164
	3426939165
	3426939166
	3426939167
	3426939168
	3426939169
	3426939170
	3426939171
	3426939172
	3426939173
	3426939174
	3426939175
	3426939176
	3426939177
	3426939178
	3426939179
	3426939180
	3426939181
	3426939182
	3426939183
	3426939184
	3426939185
	3426939186
	3426939187
	3426939188
	3426939189
	3426939190
	3426939191
	3426939192
	3426939193
	3426939194
	3426939195
	3426939196
	3426939197
	3426939198
	3426939199
	3426939200
	3426939201
	3426939202
	3426939203
	3426939204
	3426939205
	3426939206
	3426939207
	3426939208
	3426939209
	3426939210
	3426939211
	3426939212
	3426939213
	3426939214
	3426939215
	3426939216
	3426939217
	3426939218
	3426939219
	3426939220
	3426939221
	3426939222
	3426939223
	3426939224
	3426939225
	3426939226
	3426939227
	3426939228
	3426939229
	3426939230
	3426939231
	3426939232
	3426939233
	3426939234
	3426939235
	3426939236
	3426939237
	3426939238
	3426939239
	3426939240
	3426939241
	3426939242
	3426939243
	3426939244
	3426939245
	3426939246
	3426939247
	3426939248
	3426939249
	3426939250
	3426939251
	3426939252
	3426939253
	3426939254
	3426939255
	3426939256
	3426939257
	3426939258
	3426939259
	3426939260
	3426939261
	3426939262
	3426939263
	3426939264
	3426939265
	3426939266
	3426939267
	3426939268
	3426939269
	3426939270
	3426939271
	3426939272
	3426939273
	3426939274
	3426939275
	3426939276
	3426939277
	3426939278
	3426939279
	3426939280
	3426939281
	3426939282
	3426939283
	3426939284
	3426939285
	3426939286
	3426939287
	3426939288
	3426939289
	3426939290
	3426939291
	3426939292
	3426939293
	3426939294
	3426939295
	3426939296
	3426939297
	3426939298
	3426939299
	3426939300
	3426939301
	3426939302
	3426939303
	3426939304
	3426939305
	3426939306
	3426939307
	3426939308
	3426939309
	3426939310
	3426939311
	3426939312
	3426939313
	3426939314
	3426939315
	3426939316
	3426939317
	3426939318
	3426939319
	3426939320
	3426939321
	3426939322
	3426939323
	3426939324
	3426939325
	3426939326
	3426939327
	3426939328
	3426939329
	3426939330
	3426939331
	3426939332
	3426939333
	3426939334
	3426939335
	3426939336
	3426939337
	3426939338
	3426939339
	3426939340
	3426939341
	3426939342
	3426939343
	3426939344
	3426939345
	3426939346
	3426939347
	3426939348
	3426939349
	3426939350
	3426939351
	3426939352
	3426939353
	3426939354
	3426939355
	3426939356
	3426939357
	3426939358
	3426939359
	3426939360
	3426939361
	3426939362
	3426939363
	3426939364
	3426939365
	3426939366
	3426939367
	3426939368
	3426939369
	3426939370
	3426939371
	3426939372
	3426939373
	3426939374
	3426939375
	3426939376
	3426939377
	3426939378
	3426939379
	3426939380
	3426939381
	3426939382
	3426939383
	3426939384
	3426939385
	3426939386
	3426939387
	3426939388
	3426939389
	3426939390
	3426939391
	3426939392
	3426939393
	3426939394
	3426939395
	3426939396
	3426939397
	3426939398
	3426939399
	3426939400
	3426939401
	3426939402
	3426939403
	3426939404
	3426939405
	3426939406
	3426939407
	3426939408
	3426939409
	3426939410
	3426939411
	3426939412
	3426939413
	3426939414
	3426939415
	3426939416
	3426939417
	3426939418
	3426939419
	3426939420
	3426939421
	3426939422
	3426939423
	3426939424
	3426939425
	3426939426
	3426939427
	3426939428
	3426939429
	3426939430
	3426939431
	3426939432
	3426939433
	3426939434
	3426939435
	3426939436
	3426939437
	3426939438
	3426939439
	3426939440
	3426939441
	3426939442
	3426939443
	3426939444
	3426939445
	3426939446
	3426939447
	3426939448
	3426939449
	3426939450
	3426939451
	3426939452
	3426939453
	3426939454
	3426939455
	3426939456
	3426939457
	3426939458
	3426939459
	3426939460
	3426939461
	3426939462
	3426939463
	3426939464
	3426939465
	3426939466
	3426939467
	3426939468
	3426939469
	3426939470
	3426939471
	3426939472
	3426939473
	3426939474
	3426939475
	3426939476
	3426939477
	3426939478
	3426939479
	3426939480
	3426939481
	3426939482
	3426939483
	3426939484
	3426939485
	3426939486
	3426939487
	3426939488
	3426939489
	3426939490
	3426939491
	3426939492
	3426939493
	3426939494
	3426939495
	3426939496
	3426939497
	3426939498
	3426939499
	3426939500
	3426939501
	3426939502
	3426939503
	3426939504
	3426939505
	3426939506
	3426939507
	3426939508
	3426939509
	3426939510
	3426939511
	3426939512
	3426939513
	3426939514
	3426939515
	3426939516
	3426939517
	3426939518
	3426939519
	3426939520
	3426939521
	3426939522
	3426939523
	3426939524
	3426939525
	3426939526
	3426939527
	3426939528
	3426939529
	3426939530
	3426939531
	3426939532
	3426939533
	3426939534
	3426939535
	3426939536
	3426939537
	3426939538
	3426939539
	3426939540
	3426939541
	3426939542
	3426939543
	3426939544
	3426939545
	3426939546
	3426939547
	3426939548
	3426939549
	3426939550
	3426939551
	3426939552
	3426939553
	3426939554
	3426939555
	3426939556
	3426939557
	3426939558
	3426939559
	3426939560
	3426939561
	3426939562
	3426939563
	3426939564
	3426939565
	3426939566
	3426939567
	3426939568
	3426939569
	3426939570
	3426939571
	3426939572
	3426939573
	3426939574
	3426939575
	3426939576
	3426939577
	3426939578
	3426939579
	3426939580
	3426939581
	3426939582
	3426939583
	3426939584
	3426939585
	3426939586
	3426939587
	3426939588
	3426939589
	3426939590
	3426939591
	3426939592
	3426939593
	3426939594
	3426939595
	3426939596
	3426939597
	3426939598
	3426939599
	3426939600
	3426939601
	3426939602
	3426939603
	3426939604
	3426939605
	3426939606
	3426939607
	3426939608
	3426939609
	3426939610
	3426939611
	3426939612
	3426939613
	3426939614
	3426939615
	3426939616
	3426939617
	3426939618
	3426939619
	3426939620
	3426939621
	3426939622
	3426939623
	3426939624
	3426939625
	3426939626
	3426939627
	3426939628
	3426939629
	3426939630
	3426939631
	3426939632
	3426939633
	3426939634
	3426939635
	3426939636
	3426939637
	3426939638
	3426939639
	3426939640
	3426939641
	3426939642
	3426939643
	3426939644
	3426939645
	3426939646
	3426939647
	3426939648
	3426939649
	3426939650
	3426939651
	3426939652
	3426939653
	3426939654
	3426939655
	3426939656
	3426939657
	3426939658
	3426939659
	3426939660
	3426939661
	3426939662
	3426939663
	3426939664
	3426939665
	3426939666
	3426939667
	3426939668
	3426939669
	3426939670
	3426939671
	3426939672
	3426939673
	3426939674
	3426939675
	3426939676
	3426939677
	3426939678
	3426939679
	3426939680
	3426939681
	3426939682
	3426939683
	3426939684
	3426939685
	3426939686
	3426939687
	3426939688
	3426939689
	3426939690
	3426939691
	3426939692
	3426939693
	3426939694
	3426939695
	3426939696
	3426939697
	3426939698
	3426939699
	3426939700
	3426939701
	3426939702
	3426939703
	3426939704
	3426939705
	3426939706
	3426939707
	3426939708
	3426939709
	3426939710
	3426939711
	3426939712
	3426939713
	3426939714
	3426939715
	3426939716
	3426939717
	3426939718
	3426939719
	3426939720
	3426939721
	3426939722
	3426939723
	3426939724
	3426939725
	3426939726
	3426939727
	3426939728
	3426939729
	3426939730
	3426939731
	3426939732
	3426939733
	3426939734
	3426939735
	3426939736
	3426939737
	3426939738
	3426939739
	3426939740
	3426939741
	3426939742
	3426939743
	3426939744
	3426939745
	3426939746
	3426939747
	3426939748
