	3426812038
	3426812039
	3426812040
	3426812041
	3426812042
	3426812043
	3426812044
	3426812045
	3426812046
	3426812047
	3426812048
	3426812049
	3426812050
	3426812051
	3426812052
	3426812053
	3426812054
	3426812055
	3426812056
	3426812057
	3426812058
	3426812059
	3426812060
	3426812061
	3426812062
	3426812063
	3426812064
	3426812065
	3426812066
	3426812067
	3426812068
	3426812069
	3426812070
	3426812071
	3426812072
	3426812073
	3426812074
	3426812075
	3426812076
	3426812077
	3426812078
	3426812079
	3426812080
	3426812081
	3426812082
	3426812083
	3426812084
	3426812085
	3426812086
	3426812087
	3426812088
	3426812089
	3426812090
	3426812091
	3426812092
	3426812093
	3426812094
	3426812095
	3426812096
	3426812097
	3426812098
	3426812099
	3426812100
	3426812101
	3426812102
	3426812103
	3426812104
	3426812105
	3426812106
	3426812107
	3426812108
	3426812109
	3426812110
	3426812111
	3426812112
	3426812113
	3426812114
	3426812115
	3426812116
	3426812117
	3426812118
	3426812119
	3426812120
	3426812121
	3426812122
	3426812123
	3426812124
	3426812125
	3426812126
	3426812127
	3426812128
	3426812129
	3426812130
	3426812131
	3426812132
	3426812133
	3426812134
	3426812135
	3426812136
	3426812137
	3426812138
	3426812139
	3426812140
	3426812141
	3426812142
	3426812143
	3426812144
	3426812145
	3426812146
	3426812147
	3426812148
	3426812149
	3426812150
	3426812151
	3426812152
	3426812153
	3426812154
	3426812155
	3426812156
	3426812157
	3426812158
	3426812159
	3426812160
	3426812161
	3426812162
	3426812163
	3426812164
	3426812165
	3426812166
	3426812167
	3426812168
	3426812169
	3426812170
	3426812171
	3426812172
	3426812173
	3426812174
	3426812175
	3426812176
	3426812177
	3426812178
	3426812179
	3426812180
	3426812181
	3426812182
	3426812183
	3426812184
	3426812185
	3426812186
	3426812187
	3426812188
	3426812189
	3426812190
	3426812191
	3426812192
	3426812193
	3426812194
	3426812195
	3426812196
	3426812197
	3426812198
	3426812199
	3426812200
	3426812201
	3426812202
	3426812203
	3426812204
	3426812205
	3426812206
	3426812207
	3426812208
	3426812209
	3426812210
	3426812211
	3426812212
	3426812213
	3426812214
	3426812215
	3426812216
	3426812217
	3426812218
	3426812219
	3426812220
	3426812221
	3426812222
	3426812223
	3426812224
	3426812225
	3426812226
	3426812227
	3426812228
	3426812229
	3426812230
	3426812231
	3426812232
	3426812233
	3426812234
	3426812235
	3426812236
	3426812237
	3426812238
	3426812239
	3426812240
	3426812241
	3426812242
	3426812243
	3426812244
	3426812245
	3426812246
	3426812247
	3426812248
	3426812249
	3426812250
	3426812251
	3426812252
	3426812253
	3426812254
	3426812255
	3426812256
	3426812257
	3426812258
	3426812259
	3426812260
	3426812261
	3426812262
	3426812263
	3426812264
	3426812265
	3426812266
	3426812267
	3426812268
	3426812269
	3426812270
	3426812271
	3426812272
	3426812273
	3426812274
	3426812275
	3426812276
	3426812277
	3426812278
	3426812279
	3426812280
	3426812281
	3426812282
	3426812283
	3426812284
	3426812285
	3426812286
	3426812287
	3426812288
	3426812289
	3426812290
	3426812291
	3426812292
	3426812293
	3426812294
	3426812295
	3426812296
	3426812297
	3426812298
	3426812299
	3426812300
	3426812301
	3426812302
	3426812303
	3426812304
	3426812305
	3426812306
	3426812307
	3426812308
	3426812309
	3426812310
	3426812311
	3426812312
	3426812313
	3426812314
	3426812315
	3426812316
	3426812317
	3426812318
	3426812319
	3426812320
	3426812321
	3426812322
	3426812323
	3426812324
	3426812325
	3426812326
	3426812327
	3426812328
	3426812329
	3426812330
	3426812331
	3426812332
	3426812333
	3426812334
	3426812335
	3426812336
	3426812337
	3426812338
	3426812339
	3426812340
	3426812341
	3426812342
	3426812343
	3426812344
	3426812345
	3426812346
	3426812347
	3426812348
	3426812349
	3426812350
	3426812351
	3426812352
	3426812353
	3426812354
	3426812355
	3426812356
	3426812357
	3426812358
	3426812359
	3426812360
	3426812361
	3426812362
	3426812363
	3426812364
	3426812365
	3426812366
	3426812367
	3426812368
	3426812369
	3426812370
	3426812371
	3426812372
	3426812373
	3426812374
	3426812375
	3426812376
	3426812377
	3426812378
	3426812379
	3426812380
	3426812381
	3426812382
	3426812383
	3426812384
	3426812385
	3426812386
	3426812387
	3426812388
	3426812389
	3426812390
	3426812391
	3426812392
	3426812393
	3426812394
	3426812395
	3426812396
	3426812397
	3426812398
	3426812399
	3426812400
	3426812401
	3426812402
	3426812403
	3426812404
	3426812405
	3426812406
	3426812407
	3426812408
	3426812409
	3426812410
	3426812411
	3426812412
	3426812413
	3426812414
	3426812415
	3426812416
	3426812417
	3426812418
	3426812419
	3426812420
	3426812421
	3426812422
	3426812423
	3426812424
	3426812425
	3426812426
	3426812427
	3426812428
	3426812429
	3426812430
	3426812431
	3426812432
	3426812433
	3426812434
	3426812435
	3426812436
	3426812437
	3426812438
	3426812439
	3426812440
	3426812441
	3426812442
	3426812443
	3426812444
	3426812445
	3426812446
	3426812447
	3426812448
	3426812449
	3426812450
	3426812451
	3426812452
	3426812453
	3426812454
	3426812455
	3426812456
	3426812457
	3426812458
	3426812459
	3426812460
	3426812461
	3426812462
	3426812463
	3426812464
	3426812465
	3426812466
	3426812467
	3426812468
	3426812469
	3426812470
	3426812471
	3426812472
	3426812473
	3426812474
	3426812475
	3426812476
	3426812477
	3426812478
	3426812479
	3426812480
	3426812481
	3426812482
	3426812483
	3426812484
	3426812485
	3426812486
	3426812487
	3426812488
	3426812489
	3426812490
	3426812491
	3426812492
	3426812493
	3426812494
	3426812495
	3426812496
	3426812497
	3426812498
	3426812499
	3426812500
	3426812501
	3426812502
	3426812503
	3426812504
	3426812505
	3426812506
	3426812507
	3426812508
	3426812509
	3426812510
	3426812511
	3426812512
	3426812513
	3426812514
	3426812515
	3426812516
	3426812517
	3426812518
	3426812519
	3426812520
	3426812521
	3426812522
	3426812523
	3426812524
	3426812525
	3426812526
	3426812527
	3426812528
	3426812529
	3426812530
	3426812531
	3426812532
	3426812533
	3426812534
	3426812535
	3426812536
	3426812537
	3426812538
	3426812539
	3426812540
	3426812541
	3426812542
	3426812543
	3426812544
	3426812545
	3426812546
	3426812547
	3426812548
	3426812549
	3426812550
	3426812551
	3426812552
	3426812553
	3426812554
	3426812555
	3426812556
	3426812557
	3426812558
	3426812559
	3426812560
	3426812561
	3426812562
	3426812563
	3426812564
	3426812565
	3426812566
	3426812567
	3426812568
	3426812569
	3426812570
	3426812571
	3426812572
	3426812573
	3426812574
	3426812575
	3426812576
	3426812577
	3426812578
	3426812579
	3426812580
	3426812581
	3426812582
	3426812583
	3426812584
	3426812585
	3426812586
	3426812587
	3426812588
	3426812589
	3426812590
	3426812591
	3426812592
	3426812593
	3426812594
	3426812595
	3426812596
	3426812597
	3426812598
	3426812599
	3426812600
	3426812601
	3426812602
	3426812603
	3426812604
	3426812605
	3426812606
	3426812607
	3426812608
	3426812609
	3426812610
	3426812611
	3426812612
	3426812613
	3426812614
	3426812615
	3426812616
	3426812617
	3426812618
	3426812619
	3426812620
	3426812621
	3426812622
	3426812623
	3426812624
	3426812625
	3426812626
	3426812627
	3426812628
	3426812629
	3426812630
	3426812631
	3426812632
	3426812633
	3426812634
	3426812635
	3426812636
	3426812637
	3426812638
	3426812639
	3426812640
	3426812641
	3426812642
	3426812643
	3426812644
	3426812645
	3426812646
	3426812647
	3426812648
	3426812649
	3426812650
	3426812651
	3426812652
	3426812653
	3426812654
	3426812655
	3426812656
	3426812657
	3426812658
	3426812659
	3426812660
	3426812661
	3426812662
	3426812663
	3426812664
	3426812665
	3426812666
	3426812667
	3426812668
	3426812669
	3426812670
	3426812671
	3426812672
	3426812673
	3426812674
	3426812675
	3426812676
	3426812677
	3426812678
	3426812679
	3426812680
	3426812681
	3426812682
	3426812683
	3426812684
	3426812685
	3426812686
	3426812687
	3426812688
	3426812689
	3426812690
	3426812691
	3426812692
	3426812693
	3426812694
	3426812695
	3426812696
	3426812697
	3426812698
	3426812699
	3426812700
	3426812701
	3426812702
	3426812703
	3426812704
	3426812705
	3426812706
	3426812707
	3426812708
	3426812709
	3426812710
	3426812711
	3426812712
	3426812713
	3426812714
	3426812715
	3426812716
	3426812717
	3426812718
	3426812719
	3426812720
	3426812721
	3426812722
	3426812723
	3426812724
	3426812725
	3426812726
	3426812727
	3426812728
	3426812729
	3426812730
	3426812731
	3426812732
	3426812733
	3426812734
	3426812735
	3426812736
	3426812737
	3426812738
	3426812739
	3426812740
	3426812741
	3426812742
	3426812743
	3426812744
	3426812745
	3426812746
	3426812747
	3426812748
	3426812749
	3426812750
	3426812751
	3426812752
	3426812753
	3426812754
	3426812755
	3426812756
	3426812757
	3426812758
	3426812759
	3426812760
	3426812761
	3426812762
	3426812763
	3426812764
	3426812765
	3426812766
	3426812767
	3426812768
	3426812769
	3426812770
	3426812771
	3426812772
	3426812773
	3426812774
	3426812775
	3426812776
	3426812777
	3426812778
	3426812779
	3426812780
	3426812781
	3426812782
	3426812783
	3426812784
	3426812785
	3426812786
	3426812787
	3426812788
	3426812789
	3426812790
	3426812791
	3426812792
	3426812793
	3426812794
	3426812795
	3426812796
	3426812797
	3426812798
	3426812799
	3426812800
	3426812801
	3426812802
	3426812803
	3426812804
	3426812805
	3426812806
	3426812807
	3426812808
	3426812809
	3426812810
	3426812811
	3426812812
	3426812813
	3426812814
	3426812815
	3426812816
	3426812817
	3426812818
	3426812819
	3426812820
	3426812821
	3426812822
	3426812823
	3426812824
	3426812825
	3426812826
	3426812827
	3426812828
	3426812829
	3426812830
	3426812831
	3426812832
	3426812833
	3426812834
	3426812835
	3426812836
	3426812837
	3426812838
	3426812839
	3426812840
	3426812841
	3426812842
	3426812843
	3426812844
	3426812845
	3426812846
	3426812847
	3426812848
	3426812849
	3426812850
	3426812851
	3426812852
	3426812853
	3426812854
	3426812855
	3426812856
	3426812857
	3426812858
	3426812859
	3426812860
	3426812861
	3426812862
	3426812863
	3426812864
	3426812865
	3426812866
	3426812867
	3426812868
	3426812869
	3426812870
	3426812871
	3426812872
	3426812873
	3426812874
	3426812875
	3426812876
	3426812877
	3426812878
	3426812879
	3426812880
	3426812881
	3426812882
	3426812883
	3426812884
	3426812885
	3426812886
	3426812887
	3426812888
	3426812889
	3426812890
	3426812891
	3426812892
	3426812893
	3426812894
	3426812895
	3426812896
	3426812897
	3426812898
	3426812899
	3426812900
	3426812901
	3426812902
	3426812903
	3426812904
	3426812905
	3426812906
	3426812907
	3426812908
	3426812909
	3426812910
	3426812911
	3426812912
	3426812913
	3426812914
	3426812915
	3426812916
	3426812917
	3426812918
	3426812919
	3426812920
	3426812921
	3426812922
	3426812923
	3426812924
	3426812925
	3426812926
	3426812927
	3426812928
	3426812929
	3426812930
	3426812931
	3426812932
	3426812933
	3426812934
	3426812935
	3426812936
	3426812937
	3426812938
	3426812939
	3426812940
	3426812941
	3426812942
	3426812943
	3426812944
	3426812945
	3426812946
	3426812947
	3426812948
	3426812949
	3426812950
	3426812951
	3426812952
	3426812953
	3426812954
	3426812955
	3426812956
	3426812957
	3426812958
	3426812959
	3426812960
	3426812961
	3426812962
	3426812963
	3426812964
	3426812965
	3426812966
	3426812967
	3426812968
	3426812969
	3426812970
	3426812971
	3426812972
	3426812973
	3426812974
	3426812975
	3426812976
	3426812977
	3426812978
	3426812979
	3426812980
	3426812981
	3426812982
	3426812983
	3426812984
	3426812985
	3426812986
	3426812987
	3426812988
	3426812989
	3426812990
	3426812991
	3426812992
	3426812993
	3426812994
	3426812995
	3426812996
	3426812997
	3426812998
	3426812999
	3426813000
	3426813001
	3426813002
	3426813003
	3426813004
	3426813005
	3426813006
	3426813007
	3426813008
	3426813009
	3426813010
	3426813011
	3426813012
	3426813013
	3426813014
	3426813015
	3426813016
	3426813017
	3426813018
	3426813019
	3426813020
	3426813021
	3426813022
	3426813023
	3426813024
	3426813025
	3426813026
	3426813027
	3426813028
	3426813029
	3426813030
	3426813031
	3426813032
	3426813033
	3426813034
	3426813035
	3426813036
	3426813037
	3426813038
	3426813039
	3426813040
	3426813041
	3426813042
	3426813043
	3426813044
	3426813045
	3426813046
	3426813047
	3426813048
	3426813049
	3426813050
	3426813051
	3426813052
	3426813053
	3426813054
	3426813055
	3426813056
	3426813057
	3426813058
	3426813059
	3426813060
	3426813061
	3426813062
	3426813063
	3426813064
	3426813065
	3426813066
	3426813067
	3426813068
	3426813069
	3426813070
	3426813071
	3426813072
	3426813073
	3426813074
	3426813075
	3426813076
	3426813077
	3426813078
	3426813079
	3426813080
	3426813081
	3426813082
	3426813083
	3426813084
	3426813085
	3426813086
	3426813087
	3426813088
	3426813089
	3426813090
	3426813091
	3426813092
	3426813093
	3426813094
	3426813095
	3426813096
	3426813097
	3426813098
	3426813099
	3426813100
	3426813101
	3426813102
	3426813103
	3426813104
	3426813105
	3426813106
	3426813107
	3426813108
	3426813109
	3426813110
	3426813111
	3426813112
	3426813113
	3426813114
	3426813115
	3426813116
	3426813117
	3426813118
	3426813119
	3426813120
	3426813121
	3426813122
	3426813123
	3426813124
	3426813125
	3426813126
	3426813127
	3426813128
	3426813129
	3426813130
	3426813131
	3426813132
	3426813133
	3426813134
	3426813135
	3426813136
	3426813137
	3426813138
	3426813139
	3426813140
	3426813141
	3426813142
	3426813143
	3426813144
	3426813145
	3426813146
	3426813147
	3426813148
	3426813149
	3426813150
	3426813151
	3426813152
	3426813153
	3426813154
	3426813155
	3426813156
	3426813157
	3426813158
	3426813159
	3426813160
	3426813161
	3426813162
	3426813163
	3426813164
	3426813165
	3426813166
	3426813167
	3426813168
	3426813169
	3426813170
	3426813171
	3426813172
	3426813173
	3426813174
	3426813175
	3426813176
	3426813177
	3426813178
	3426813179
	3426813180
	3426813181
	3426813182
	3426813183
	3426813184
	3426813185
	3426813186
	3426813187
	3426813188
	3426813189
	3426813190
	3426813191
	3426813192
	3426813193
	3426813194
	3426813195
	3426813196
	3426813197
	3426813198
	3426813199
	3426813200
	3426813201
	3426813202
	3426813203
	3426813204
	3426813205
	3426813206
	3426813207
	3426813208
	3426813209
	3426813210
	3426813211
	3426813212
	3426813213
	3426813214
	3426813215
	3426813216
	3426813217
	3426813218
	3426813219
	3426813220
	3426813221
	3426813222
	3426813223
	3426813224
	3426813225
	3426813226
	3426813227
	3426813228
	3426813229
	3426813230
	3426813231
	3426813232
	3426813233
	3426813234
	3426813235
	3426813236
	3426813237
	3426813238
	3426813239
	3426813240
	3426813241
	3426813242
	3426813243
	3426813244
	3426813245
	3426813246
	3426813247
	3426813248
	3426813249
	3426813250
	3426813251
	3426813252
	3426813253
	3426813254
	3426813255
	3426813256
	3426813257
	3426813258
	3426813259
	3426813260
	3426813261
	3426813262
	3426813263
	3426813264
	3426813265
	3426813266
	3426813267
	3426813268
	3426813269
	3426813270
	3426813271
	3426813272
	3426813273
	3426813274
	3426813275
	3426813276
	3426813277
	3426813278
	3426813279
	3426813280
	3426813281
	3426813282
	3426813283
	3426813284
	3426813285
	3426813286
	3426813287
	3426813288
	3426813289
	3426813290
	3426813291
	3426813292
	3426813293
	3426813294
	3426813295
	3426813296
	3426813297
	3426813298
	3426813299
	3426813300
	3426813301
	3426813302
	3426813303
	3426813304
	3426813305
	3426813306
	3426813307
	3426813308
	3426813309
	3426813310
	3426813311
	3426813312
	3426813313
	3426813314
	3426813315
	3426813316
	3426813317
	3426813318
	3426813319
	3426813320
	3426813321
	3426813322
	3426813323
	3426813324
	3426813325
	3426813326
	3426813327
	3426813328
	3426813329
	3426813330
	3426813331
	3426813332
	3426813333
	3426813334
	3426813335
	3426813336
	3426813337
	3426813338
	3426813339
	3426813340
	3426813341
	3426813342
	3426813343
	3426813344
	3426813345
	3426813346
	3426813347
	3426813348
	3426813349
	3426813350
	3426813351
	3426813352
	3426813353
	3426813354
	3426813355
	3426813356
	3426813357
	3426813358
	3426813359
	3426813360
	3426813361
	3426813362
	3426813363
	3426813364
	3426813365
	3426813366
	3426813367
	3426813368
	3426813369
	3426813370
	3426813371
	3426813372
	3426813373
	3426813374
	3426813375
	3426813376
	3426813377
	3426813378
	3426813379
	3426813380
	3426813381
	3426813382
	3426813383
	3426813384
	3426813385
	3426813386
	3426813387
	3426813388
	3426813389
	3426813390
	3426813391
	3426813392
	3426813393
	3426813394
	3426813395
	3426813396
	3426813397
	3426813398
	3426813399
	3426813400
	3426813401
	3426813402
	3426813403
	3426813404
	3426813405
	3426813406
	3426813407
	3426813408
	3426813409
	3426813410
	3426813411
	3426813412
	3426813413
	3426813414
	3426813415
	3426813416
	3426813417
	3426813418
	3426813419
	3426813420
	3426813421
	3426813422
	3426813423
	3426813424
	3426813425
	3426813426
	3426813427
	3426813428
	3426813429
	3426813430
	3426813431
	3426813432
	3426813433
	3426813434
	3426813435
	3426813436
	3426813437
	3426813438
	3426813439
	3426813440
	3426813441
	3426813442
	3426813443
	3426813444
	3426813445
	3426813446
	3426813447
	3426813448
	3426813449
	3426813450
	3426813451
	3426813452
	3426813453
	3426813454
	3426813455
	3426813456
	3426813457
	3426813458
	3426813459
	3426813460
	3426813461
	3426813462
	3426813463
	3426813464
	3426813465
	3426813466
	3426813467
	3426813468
	3426813469
	3426813470
	3426813471
	3426813472
	3426813473
	3426813474
	3426813475
	3426813476
	3426813477
	3426813478
	3426813479
	3426813480
	3426813481
	3426813482
	3426813483
	3426813484
	3426813485
	3426813486
	3426813487
	3426813488
	3426813489
	3426813490
	3426813491
	3426813492
	3426813493
	3426813494
	3426813495
	3426813496
	3426813497
	3426813498
	3426813499
	3426813500
	3426813501
	3426813502
	3426813503
	3426813504
	3426813505
	3426813506
	3426813507
	3426813508
	3426813509
	3426813510
	3426813511
	3426813512
	3426813513
	3426813514
	3426813515
	3426813516
	3426813517
	3426813518
	3426813519
	3426813520
	3426813521
	3426813522
	3426813523
	3426813524
	3426813525
	3426813526
	3426813527
	3426813528
	3426813529
	3426813530
	3426813531
	3426813532
	3426813533
	3426813534
	3426813535
	3426813536
	3426813537
	3426813538
	3426813539
	3426813540
	3426813541
	3426813542
	3426813543
	3426813544
	3426813545
	3426813546
	3426813547
	3426813548
	3426813549
	3426813550
	3426813551
	3426813552
	3426813553
	3426813554
	3426813555
	3426813556
	3426813557
	3426813558
	3426813559
	3426813560
	3426813561
	3426813562
	3426813563
	3426813564
	3426813565
	3426813566
	3426813567
	3426813568
	3426813569
	3426813570
	3426813571
	3426813572
	3426813573
	3426813574
	3426813575
	3426813576
	3426813577
	3426813578
	3426813579
	3426813580
	3426813581
	3426813582
	3426813583
	3426813584
	3426813585
	3426813586
	3426813587
	3426813588
	3426813589
	3426813590
	3426813591
	3426813592
	3426813593
	3426813594
	3426813595
	3426813596
	3426813597
	3426813598
	3426813599
	3426813600
	3426813601
	3426813602
	3426813603
	3426813604
	3426813605
	3426813606
	3426813607
	3426813608
	3426813609
	3426813610
	3426813611
	3426813612
	3426813613
	3426813614
	3426813615
	3426813616
	3426813617
	3426813618
	3426813619
	3426813620
	3426813621
	3426813622
	3426813623
	3426813624
	3426813625
	3426813626
	3426813627
	3426813628
	3426813629
	3426813630
	3426813631
	3426813632
	3426813633
	3426813634
	3426813635
	3426813636
	3426813637
	3426813638
	3426813639
	3426813640
	3426813641
	3426813642
	3426813643
	3426813644
	3426813645
	3426813646
	3426813647
	3426813648
	3426813649
	3426813650
	3426813651
	3426813652
	3426813653
	3426813654
	3426813655
	3426813656
	3426813657
	3426813658
	3426813659
	3426813660
	3426813661
	3426813662
	3426813663
	3426813664
	3426813665
	3426813666
	3426813667
	3426813668
	3426813669
	3426813670
	3426813671
	3426813672
	3426813673
	3426813674
	3426813675
	3426813676
	3426813677
	3426813678
	3426813679
	3426813680
	3426813681
	3426813682
	3426813683
	3426813684
	3426813685
	3426813686
	3426813687
	3426813688
	3426813689
	3426813690
	3426813691
	3426813692
	3426813693
	3426813694
	3426813695
	3426813696
	3426813697
	3426813698
	3426813699
	3426813700
	3426813701
	3426813702
	3426813703
	3426813704
	3426813705
	3426813706
	3426813707
	3426813708
	3426813709
	3426813710
	3426813711
	3426813712
	3426813713
	3426813714
	3426813715
	3426813716
	3426813717
	3426813718
	3426813719
	3426813720
	3426813721
	3426813722
	3426813723
	3426813724
	3426813725
	3426813726
	3426813727
	3426813728
	3426813729
	3426813730
	3426813731
	3426813732
	3426813733
	3426813734
	3426813735
	3426813736
	3426813737
	3426813738
	3426813739
	3426813740
	3426813741
	3426813742
	3426813743
	3426813744
	3426813745
	3426813746
	3426813747
	3426813748
	3426813749
	3426813750
	3426813751
	3426813752
	3426813753
	3426813754
	3426813755
	3426813756
	3426813757
	3426813758
	3426813759
	3426813760
	3426813761
	3426813762
	3426813763
	3426813764
	3426813765
	3426813766
	3426813767
	3426813768
	3426813769
	3426813770
	3426813771
	3426813772
	3426813773
	3426813774
	3426813775
	3426813776
	3426813777
	3426813778
	3426813779
	3426813780
	3426813781
	3426813782
	3426813783
	3426813784
	3426813785
	3426813786
	3426813787
	3426813788
	3426813789
	3426813790
	3426813791
	3426813792
	3426813793
	3426813794
	3426813795
	3426813796
	3426813797
	3426813798
	3426813799
	3426813800
	3426813801
	3426813802
	3426813803
	3426813804
	3426813805
	3426813806
	3426813807
	3426813808
	3426813809
	3426813810
	3426813811
	3426813812
	3426813813
	3426813814
	3426813815
	3426813816
	3426813817
	3426813818
	3426813819
	3426813820
	3426813821
	3426813822
	3426813823
	3426813824
	3426813825
	3426813826
	3426813827
	3426813828
	3426813829
	3426813830
	3426813831
	3426813832
	3426813833
	3426813834
	3426813835
	3426813836
	3426813837
	3426813838
	3426813839
	3426813840
	3426813841
	3426813842
	3426813843
	3426813844
	3426813845
	3426813846
	3426813847
	3426813848
	3426813849
	3426813850
	3426813851
	3426813852
	3426813853
	3426813854
	3426813855
	3426813856
	3426813857
	3426813858
	3426813859
	3426813860
	3426813861
	3426813862
	3426813863
	3426813864
	3426813865
	3426813866
	3426813867
	3426813868
	3426813869
	3426813870
	3426813871
	3426813872
	3426813873
	3426813874
	3426813875
	3426813876
	3426813877
	3426813878
	3426813879
	3426813880
	3426813881
	3426813882
	3426813883
	3426813884
	3426813885
	3426813886
	3426813887
	3426813888
	3426813889
	3426813890
	3426813891
	3426813892
	3426813893
	3426813894
	3426813895
	3426813896
	3426813897
	3426813898
	3426813899
	3426813900
	3426813901
	3426813902
	3426813903
	3426813904
	3426813905
	3426813906
	3426813907
	3426813908
	3426813909
	3426813910
	3426813911
	3426813912
	3426813913
	3426813914
	3426813915
	3426813916
	3426813917
	3426813918
	3426813919
	3426813920
	3426813921
	3426813922
	3426813923
	3426813924
	3426813925
	3426813926
	3426813927
	3426813928
	3426813929
	3426813930
	3426813931
	3426813932
	3426813933
	3426813934
	3426813935
	3426813936
	3426813937
	3426813938
	3426813939
	3426813940
	3426813941
	3426813942
	3426813943
	3426813944
	3426813945
	3426813946
	3426813947
	3426813948
	3426813949
	3426813950
	3426813951
	3426813952
	3426813953
	3426813954
	3426813955
	3426813956
	3426813957
	3426813958
	3426813959
	3426813960
	3426813961
	3426813962
	3426813963
	3426813964
	3426813965
	3426813966
	3426813967
	3426813968
	3426813969
	3426813970
	3426813971
	3426813972
	3426813973
	3426813974
	3426813975
	3426813976
	3426813977
	3426813978
	3426813979
	3426813980
	3426813981
	3426813982
	3426813983
	3426813984
	3426813985
	3426813986
	3426813987
	3426813988
	3426813989
	3426813990
	3426813991
	3426813992
	3426813993
	3426813994
	3426813995
	3426813996
	3426813997
	3426813998
	3426813999
	3426814000
	3426814001
	3426814002
	3426814003
	3426814004
	3426814005
	3426814006
	3426814007
	3426814008
	3426814009
	3426814010
	3426814011
	3426814012
	3426814013
	3426814014
	3426814015
	3426814016
	3426814017
	3426814018
	3426814019
	3426814020
	3426814021
	3426814022
	3426814023
	3426814024
	3426814025
	3426814026
	3426814027
	3426814028
	3426814029
	3426814030
	3426814031
	3426814032
	3426814033
	3426814034
	3426814035
	3426814036
	3426814037
	3426814038
	3426814039
	3426814040
	3426814041
	3426814042
	3426814043
	3426814044
	3426814045
	3426814046
	3426814047
	3426814048
	3426814049
	3426814050
	3426814051
	3426814052
	3426814053
	3426814054
	3426814055
	3426814056
	3426814057
	3426814058
	3426814059
	3426814060
	3426814061
	3426814062
	3426814063
	3426814064
	3426814065
	3426814066
	3426814067
	3426814068
	3426814069
	3426814070
	3426814071
	3426814072
	3426814073
	3426814074
	3426814075
	3426814076
	3426814077
	3426814078
	3426814079
	3426814080
	3426814081
	3426814082
	3426814083
	3426814084
	3426814085
	3426814086
	3426814087
	3426814088
	3426814089
	3426814090
	3426814091
	3426814092
	3426814093
	3426814094
	3426814095
	3426814096
	3426814097
	3426814098
	3426814099
	3426814100
	3426814101
	3426814102
	3426814103
	3426814104
	3426814105
	3426814106
	3426814107
	3426814108
	3426814109
	3426814110
	3426814111
	3426814112
	3426814113
	3426814114
	3426814115
	3426814116
	3426814117
	3426814118
	3426814119
	3426814120
	3426814121
	3426814122
	3426814123
	3426814124
	3426814125
	3426814126
	3426814127
	3426814128
	3426814129
	3426814130
	3426814131
	3426814132
	3426814133
	3426814134
	3426814135
	3426814136
	3426814137
	3426814138
	3426814139
	3426814140
	3426814141
	3426814142
	3426814143
	3426814144
	3426814145
	3426814146
	3426814147
	3426814148
	3426814149
	3426814150
	3426814151
	3426814152
	3426814153
	3426814154
	3426814155
	3426814156
	3426814157
	3426814158
	3426814159
	3426814160
	3426814161
	3426814162
	3426814163
	3426814164
	3426814165
	3426814166
	3426814167
	3426814168
	3426814169
	3426814170
	3426814171
	3426814172
	3426814173
	3426814174
	3426814175
	3426814176
	3426814177
	3426814178
	3426814179
	3426814180
	3426814181
	3426814182
	3426814183
	3426814184
	3426814185
	3426814186
	3426814187
	3426814188
	3426814189
	3426814190
	3426814191
	3426814192
	3426814193
	3426814194
	3426814195
	3426814196
	3426814197
	3426814198
	3426814199
	3426814200
	3426814201
	3426814202
	3426814203
	3426814204
	3426814205
	3426814206
	3426814207
	3426814208
	3426814209
	3426814210
	3426814211
	3426814212
	3426814213
	3426814214
	3426814215
	3426814216
	3426814217
	3426814218
	3426814219
	3426814220
	3426814221
	3426814222
	3426814223
	3426814224
	3426814225
	3426814226
	3426814227
	3426814228
	3426814229
	3426814230
	3426814231
	3426814232
	3426814233
	3426814234
	3426814235
	3426814236
	3426814237
	3426814238
	3426814239
	3426814240
	3426814241
	3426814242
	3426814243
	3426814244
	3426814245
	3426814246
	3426814247
	3426814248
	3426814249
	3426814250
	3426814251
	3426814252
	3426814253
	3426814254
	3426814255
	3426814256
	3426814257
	3426814258
	3426814259
	3426814260
	3426814261
	3426814262
	3426814263
	3426814264
	3426814265
	3426814266
	3426814267
	3426814268
	3426814269
	3426814270
	3426814271
	3426814272
	3426814273
	3426814274
	3426814275
	3426814276
	3426814277
	3426814278
	3426814279
	3426814280
	3426814281
	3426814282
	3426814283
	3426814284
	3426814285
	3426814286
	3426814287
	3426814288
	3426814289
	3426814290
	3426814291
	3426814292
	3426814293
	3426814294
	3426814295
	3426814296
	3426814297
	3426814298
	3426814299
	3426814300
	3426814301
	3426814302
	3426814303
	3426814304
	3426814305
	3426814306
	3426814307
	3426814308
	3426814309
	3426814310
	3426814311
	3426814312
	3426814313
	3426814314
	3426814315
	3426814316
	3426814317
	3426814318
	3426814319
	3426814320
	3426814321
	3426814322
	3426814323
	3426814324
	3426814325
	3426814326
	3426814327
	3426814328
	3426814329
	3426814330
	3426814331
	3426814332
	3426814333
	3426814334
	3426814335
	3426814336
	3426814337
	3426814338
	3426814339
	3426814340
	3426814341
	3426814342
	3426814343
	3426814344
	3426814345
	3426814346
	3426814347
	3426814348
	3426814349
	3426814350
	3426814351
	3426814352
	3426814353
	3426814354
	3426814355
	3426814356
	3426814357
	3426814358
	3426814359
	3426814360
	3426814361
	3426814362
	3426814363
	3426814364
	3426814365
	3426814366
	3426814367
	3426814368
	3426814369
	3426814370
	3426814371
	3426814372
	3426814373
	3426814374
	3426814375
	3426814376
	3426814377
	3426814378
	3426814379
	3426814380
	3426814381
	3426814382
	3426814383
	3426814384
	3426814385
	3426814386
	3426814387
	3426814388
	3426814389
	3426814390
	3426814391
	3426814392
	3426814393
	3426814394
	3426814395
	3426814396
	3426814397
	3426814398
	3426814399
	3426814400
	3426814401
	3426814402
	3426814403
	3426814404
	3426814405
	3426814406
	3426814407
	3426814408
	3426814409
	3426814410
	3426814411
	3426814412
	3426814413
	3426814414
	3426814415
	3426814416
	3426814417
	3426814418
	3426814419
	3426814420
	3426814421
	3426814422
	3426814423
	3426814424
	3426814425
	3426814426
	3426814427
	3426814428
	3426814429
	3426814430
	3426814431
	3426814432
	3426814433
	3426814434
	3426814435
	3426814436
	3426814437
	3426814438
	3426814439
	3426814440
	3426814441
	3426814442
	3426814443
	3426814444
	3426814445
	3426814446
	3426814447
	3426814448
	3426814449
	3426814450
	3426814451
	3426814452
	3426814453
	3426814454
	3426814455
	3426814456
	3426814457
	3426814458
	3426814459
	3426814460
	3426814461
	3426814462
	3426814463
	3426814464
	3426814465
	3426814466
	3426814467
	3426814468
	3426814469
	3426814470
	3426814471
	3426814472
	3426814473
	3426814474
	3426814475
	3426814476
	3426814477
	3426814478
	3426814479
	3426814480
	3426814481
	3426814482
	3426814483
	3426814484
	3426814485
	3426814486
	3426814487
	3426814488
	3426814489
	3426814490
	3426814491
	3426814492
	3426814493
	3426814494
	3426814495
	3426814496
	3426814497
	3426814498
	3426814499
	3426814500
	3426814501
	3426814502
	3426814503
	3426814504
	3426814505
	3426814506
	3426814507
	3426814508
	3426814509
	3426814510
	3426814511
	3426814512
	3426814513
	3426814514
	3426814515
	3426814516
	3426814517
	3426814518
	3426814519
	3426814520
	3426814521
	3426814522
	3426814523
	3426814524
	3426814525
	3426814526
	3426814527
	3426814528
	3426814529
	3426814530
	3426814531
	3426814532
	3426814533
	3426814534
	3426814535
	3426814536
	3426814537
	3426814538
	3426814539
	3426814540
	3426814541
	3426814542
	3426814543
	3426814544
	3426814545
	3426814546
	3426814547
	3426814548
	3426814549
	3426814550
	3426814551
	3426814552
	3426814553
	3426814554
	3426814555
	3426814556
	3426814557
	3426814558
	3426814559
	3426814560
	3426814561
	3426814562
	3426814563
	3426814564
	3426814565
	3426814566
	3426814567
	3426814568
	3426814569
	3426814570
	3426814571
	3426814572
	3426814573
	3426814574
	3426814575
	3426814576
	3426814577
	3426814578
	3426814579
	3426814580
	3426814581
	3426814582
	3426814583
	3426814584
	3426814585
	3426814586
	3426814587
	3426814588
	3426814589
	3426814590
	3426814591
	3426814592
	3426814593
	3426814594
	3426814595
	3426814596
	3426814597
	3426814598
	3426814599
	3426814600
	3426814601
	3426814602
	3426814603
	3426814604
	3426814605
	3426814606
	3426814607
	3426814608
	3426814609
	3426814610
	3426814611
	3426814612
	3426814613
	3426814614
	3426814615
	3426814616
	3426814617
	3426814618
	3426814619
	3426814620
	3426814621
	3426814622
	3426814623
	3426814624
	3426814625
	3426814626
	3426814627
	3426814628
	3426814629
	3426814630
	3426814631
	3426814632
	3426814633
	3426814634
	3426814635
	3426814636
	3426814637
	3426814638
	3426814639
	3426814640
	3426814641
	3426814642
	3426814643
	3426814644
	3426814645
	3426814646
	3426814647
	3426814648
	3426814649
	3426814650
	3426814651
	3426814652
	3426814653
	3426814654
	3426814655
	3426814656
	3426814657
	3426814658
	3426814659
	3426814660
	3426814661
	3426814662
	3426814663
	3426814664
	3426814665
	3426814666
	3426814667
	3426814668
	3426814669
	3426814670
	3426814671
	3426814672
	3426814673
	3426814674
	3426814675
	3426814676
	3426814677
	3426814678
	3426814679
	3426814680
	3426814681
	3426814682
	3426814683
	3426814684
	3426814685
	3426814686
	3426814687
	3426814688
	3426814689
	3426814690
	3426814691
	3426814692
	3426814693
	3426814694
	3426814695
	3426814696
	3426814697
	3426814698
	3426814699
	3426814700
	3426814701
	3426814702
	3426814703
	3426814704
	3426814705
	3426814706
	3426814707
	3426814708
	3426814709
	3426814710
	3426814711
	3426814712
	3426814713
	3426814714
	3426814715
	3426814716
	3426814717
	3426814718
	3426814719
	3426814720
	3426814721
	3426814722
	3426814723
	3426814724
	3426814725
	3426814726
	3426814727
	3426814728
	3426814729
	3426814730
	3426814731
	3426814732
	3426814733
	3426814734
	3426814735
	3426814736
	3426814737
	3426814738
	3426814739
	3426814740
	3426814741
	3426814742
	3426814743
	3426814744
	3426814745
	3426814746
	3426814747
	3426814748
	3426814749
	3426814750
	3426814751
	3426814752
	3426814753
	3426814754
	3426814755
	3426814756
	3426814757
	3426814758
	3426814759
	3426814760
	3426814761
	3426814762
	3426814763
	3426814764
	3426814765
	3426814766
	3426814767
	3426814768
	3426814769
	3426814770
	3426814771
	3426814772
	3426814773
	3426814774
	3426814775
	3426814776
	3426814777
	3426814778
	3426814779
	3426814780
	3426814781
	3426814782
	3426814783
	3426814784
	3426814785
	3426814786
	3426814787
	3426814788
	3426814789
	3426814790
	3426814791
	3426814792
	3426814793
	3426814794
	3426814795
	3426814796
	3426814797
	3426814798
	3426814799
	3426814800
	3426814801
	3426814802
	3426814803
	3426814804
	3426814805
	3426814806
	3426814807
	3426814808
	3426814809
	3426814810
	3426814811
	3426814812
	3426814813
	3426814814
	3426814815
	3426814816
	3426814817
	3426814818
	3426814819
	3426814820
	3426814821
	3426814822
	3426814823
	3426814824
	3426814825
	3426814826
	3426814827
	3426814828
	3426814829
	3426814830
	3426814831
	3426814832
	3426814833
	3426814834
	3426814835
	3426814836
	3426814837
	3426814838
	3426814839
	3426814840
	3426814841
	3426814842
	3426814843
	3426814844
	3426814845
	3426814846
	3426814847
	3426814848
	3426814849
	3426814850
	3426814851
	3426814852
	3426814853
	3426814854
	3426814855
	3426814856
	3426814857
	3426814858
	3426814859
	3426814860
	3426814861
	3426814862
	3426814863
	3426814864
	3426814865
	3426814866
	3426814867
	3426814868
	3426814869
	3426814870
	3426814871
	3426814872
	3426814873
	3426814874
	3426814875
	3426814876
	3426814877
	3426814878
	3426814879
	3426814880
	3426814881
	3426814882
	3426814883
	3426814884
	3426814885
	3426814886
	3426814887
	3426814888
	3426814889
	3426814890
	3426814891
	3426814892
	3426814893
	3426814894
	3426814895
	3426814896
	3426814897
	3426814898
	3426814899
	3426814900
	3426814901
	3426814902
	3426814903
	3426814904
	3426814905
	3426814906
	3426814907
	3426814908
	3426814909
	3426814910
	3426814911
	3426814912
	3426814913
	3426814914
	3426814915
	3426814916
	3426814917
	3426814918
	3426814919
	3426814920
	3426814921
	3426814922
	3426814923
	3426814924
	3426814925
	3426814926
	3426814927
	3426814928
	3426814929
	3426814930
	3426814931
	3426814932
	3426814933
	3426814934
	3426814935
	3426814936
	3426814937
	3426814938
	3426814939
	3426814940
	3426814941
	3426814942
	3426814943
	3426814944
	3426814945
	3426814946
	3426814947
	3426814948
	3426814949
	3426814950
	3426814951
	3426814952
	3426814953
	3426814954
	3426814955
	3426814956
	3426814957
	3426814958
	3426814959
	3426814960
	3426814961
	3426814962
	3426814963
	3426814964
	3426814965
	3426814966
	3426814967
	3426814968
	3426814969
	3426814970
	3426814971
	3426814972
	3426814973
	3426814974
	3426814975
	3426814976
	3426814977
	3426814978
	3426814979
	3426814980
	3426814981
	3426814982
	3426814983
	3426814984
	3426814985
	3426814986
	3426814987
	3426814988
	3426814989
	3426814990
	3426814991
	3426814992
	3426814993
	3426814994
	3426814995
	3426814996
	3426814997
	3426814998
	3426814999
	3426815000
	3426815001
	3426815002
	3426815003
	3426815004
	3426815005
	3426815006
	3426815007
	3426815008
	3426815009
	3426815010
	3426815011
	3426815012
	3426815013
	3426815014
	3426815015
	3426815016
	3426815017
	3426815018
	3426815019
	3426815020
	3426815021
	3426815022
	3426815023
	3426815024
	3426815025
	3426815026
	3426815027
	3426815028
	3426815029
	3426815030
	3426815031
	3426815032
	3426815033
	3426815034
	3426815035
	3426815036
	3426815037
	3426815038
	3426815039
	3426815040
	3426815041
	3426815042
	3426815043
	3426815044
	3426815045
	3426815046
	3426815047
	3426815048
	3426815049
	3426815050
	3426815051
	3426815052
	3426815053
	3426815054
	3426815055
	3426815056
	3426815057
	3426815058
	3426815059
	3426815060
	3426815061
	3426815062
	3426815063
	3426815064
	3426815065
	3426815066
	3426815067
	3426815068
	3426815069
	3426815070
	3426815071
	3426815072
	3426815073
	3426815074
	3426815075
	3426815076
	3426815077
	3426815078
	3426815079
	3426815080
	3426815081
	3426815082
	3426815083
	3426815084
	3426815085
	3426815086
	3426815087
	3426815088
	3426815089
	3426815090
	3426815091
	3426815092
	3426815093
	3426815094
	3426815095
	3426815096
	3426815097
	3426815098
	3426815099
	3426815100
	3426815101
	3426815102
	3426815103
	3426815104
	3426815105
	3426815106
	3426815107
	3426815108
	3426815109
	3426815110
	3426815111
	3426815112
	3426815113
	3426815114
	3426815115
	3426815116
	3426815117
	3426815118
	3426815119
	3426815120
	3426815121
	3426815122
	3426815123
	3426815124
	3426815125
	3426815126
	3426815127
	3426815128
	3426815129
	3426815130
	3426815131
	3426815132
	3426815133
	3426815134
	3426815135
	3426815136
	3426815137
	3426815138
	3426815139
	3426815140
	3426815141
	3426815142
	3426815143
	3426815144
	3426815145
	3426815146
	3426815147
	3426815148
	3426815149
	3426815150
	3426815151
	3426815152
	3426815153
	3426815154
	3426815155
	3426815156
	3426815157
	3426815158
	3426815159
	3426815160
	3426815161
	3426815162
	3426815163
	3426815164
	3426815165
	3426815166
	3426815167
	3426815168
	3426815169
	3426815170
	3426815171
	3426815172
	3426815173
	3426815174
	3426815175
	3426815176
	3426815177
	3426815178
	3426815179
	3426815180
	3426815181
	3426815182
	3426815183
	3426815184
	3426815185
	3426815186
	3426815187
	3426815188
	3426815189
	3426815190
	3426815191
	3426815192
	3426815193
	3426815194
	3426815195
	3426815196
	3426815197
	3426815198
	3426815199
	3426815200
	3426815201
	3426815202
	3426815203
	3426815204
	3426815205
	3426815206
	3426815207
	3426815208
	3426815209
	3426815210
	3426815211
	3426815212
	3426815213
	3426815214
	3426815215
	3426815216
	3426815217
	3426815218
	3426815219
	3426815220
	3426815221
	3426815222
	3426815223
	3426815224
	3426815225
	3426815226
	3426815227
	3426815228
	3426815229
	3426815230
	3426815231
	3426815232
	3426815233
	3426815234
	3426815235
	3426815236
	3426815237
	3426815238
	3426815239
	3426815240
	3426815241
	3426815242
	3426815243
	3426815244
	3426815245
	3426815246
	3426815247
	3426815248
	3426815249
	3426815250
	3426815251
	3426815252
	3426815253
	3426815254
	3426815255
	3426815256
	3426815257
	3426815258
	3426815259
	3426815260
	3426815261
	3426815262
	3426815263
	3426815264
	3426815265
	3426815266
	3426815267
	3426815268
	3426815269
	3426815270
	3426815271
	3426815272
	3426815273
	3426815274
	3426815275
	3426815276
	3426815277
	3426815278
	3426815279
	3426815280
	3426815281
	3426815282
	3426815283
	3426815284
	3426815285
	3426815286
	3426815287
	3426815288
	3426815289
	3426815290
	3426815291
	3426815292
	3426815293
	3426815294
	3426815295
	3426815296
	3426815297
	3426815298
	3426815299
	3426815300
	3426815301
	3426815302
	3426815303
	3426815304
	3426815305
	3426815306
	3426815307
	3426815308
	3426815309
	3426815310
	3426815311
	3426815312
	3426815313
	3426815314
	3426815315
	3426815316
	3426815317
	3426815318
	3426815319
	3426815320
	3426815321
	3426815322
	3426815323
	3426815324
	3426815325
	3426815326
	3426815327
	3426815328
	3426815329
	3426815330
	3426815331
	3426815332
	3426815333
	3426815334
	3426815335
	3426815336
	3426815337
	3426815338
	3426815339
	3426815340
	3426815341
	3426815342
	3426815343
	3426815344
	3426815345
	3426815346
	3426815347
	3426815348
	3426815349
	3426815350
	3426815351
	3426815352
	3426815353
	3426815354
	3426815355
	3426815356
	3426815357
	3426815358
	3426815359
	3426815360
	3426815361
	3426815362
	3426815363
	3426815364
	3426815365
	3426815366
	3426815367
	3426815368
	3426815369
	3426815370
	3426815371
	3426815372
	3426815373
	3426815374
	3426815375
	3426815376
	3426815377
	3426815378
	3426815379
	3426815380
	3426815381
	3426815382
	3426815383
	3426815384
	3426815385
	3426815386
	3426815387
	3426815388
	3426815389
	3426815390
	3426815391
	3426815392
	3426815393
	3426815394
	3426815395
	3426815396
	3426815397
	3426815398
	3426815399
	3426815400
	3426815401
	3426815402
	3426815403
	3426815404
	3426815405
	3426815406
	3426815407
	3426815408
	3426815409
	3426815410
	3426815411
	3426815412
	3426815413
	3426815414
	3426815415
	3426815416
	3426815417
	3426815418
	3426815419
	3426815420
	3426815421
	3426815422
	3426815423
	3426815424
	3426815425
	3426815426
	3426815427
	3426815428
	3426815429
	3426815430
	3426815431
	3426815432
	3426815433
	3426815434
	3426815435
	3426815436
	3426815437
	3426815438
	3426815439
	3426815440
	3426815441
	3426815442
	3426815443
	3426815444
	3426815445
	3426815446
	3426815447
	3426815448
	3426815449
	3426815450
	3426815451
	3426815452
	3426815453
	3426815454
	3426815455
	3426815456
	3426815457
	3426815458
	3426815459
	3426815460
	3426815461
	3426815462
	3426815463
	3426815464
	3426815465
	3426815466
	3426815467
	3426815468
	3426815469
	3426815470
	3426815471
	3426815472
	3426815473
	3426815474
	3426815475
	3426815476
	3426815477
	3426815478
	3426815479
	3426815480
	3426815481
	3426815482
	3426815483
	3426815484
	3426815485
	3426815486
	3426815487
	3426815488
	3426815489
	3426815490
	3426815491
	3426815492
	3426815493
	3426815494
	3426815495
	3426815496
	3426815497
	3426815498
	3426815499
	3426815500
	3426815501
	3426815502
	3426815503
	3426815504
	3426815505
	3426815506
	3426815507
	3426815508
	3426815509
	3426815510
	3426815511
	3426815512
	3426815513
	3426815514
	3426815515
	3426815516
	3426815517
	3426815518
	3426815519
	3426815520
	3426815521
	3426815522
	3426815523
	3426815524
	3426815525
	3426815526
	3426815527
	3426815528
	3426815529
	3426815530
	3426815531
	3426815532
	3426815533
	3426815534
	3426815535
	3426815536
	3426815537
	3426815538
	3426815539
	3426815540
	3426815541
	3426815542
	3426815543
	3426815544
	3426815545
	3426815546
	3426815547
	3426815548
	3426815549
	3426815550
	3426815551
	3426815552
	3426815553
	3426815554
	3426815555
	3426815556
	3426815557
	3426815558
	3426815559
	3426815560
	3426815561
	3426815562
	3426815563
	3426815564
	3426815565
	3426815566
	3426815567
	3426815568
	3426815569
	3426815570
	3426815571
	3426815572
	3426815573
	3426815574
	3426815575
	3426815576
	3426815577
	3426815578
	3426815579
	3426815580
	3426815581
	3426815582
	3426815583
	3426815584
	3426815585
	3426815586
	3426815587
	3426815588
	3426815589
	3426815590
	3426815591
	3426815592
	3426815593
	3426815594
	3426815595
	3426815596
	3426815597
	3426815598
	3426815599
	3426815600
	3426815601
	3426815602
	3426815603
	3426815604
	3426815605
	3426815606
	3426815607
	3426815608
	3426815609
	3426815610
	3426815611
	3426815612
	3426815613
	3426815614
	3426815615
	3426815616
	3426815617
	3426815618
	3426815619
	3426815620
	3426815621
	3426815622
	3426815623
	3426815624
	3426815625
	3426815626
	3426815627
	3426815628
	3426815629
	3426815630
	3426815631
	3426815632
	3426815633
	3426815634
	3426815635
	3426815636
	3426815637
