	3427437346
	3427437347
	3427437348
	3427437349
	3427437350
	3427437351
	3427437352
	3427437353
	3427437354
	3427437355
	3427437356
	3427437357
	3427437358
	3427437359
	3427437360
	3427437361
	3427437362
	3427437363
	3427437364
	3427437365
	3427437366
	3427437367
	3427437368
	3427437369
	3427437370
	3427437371
	3427437372
	3427437373
	3427437374
	3427437375
	3427437376
	3427437377
	3427437378
	3427437379
	3427437380
	3427437381
	3427437382
	3427437383
	3427437384
	3427437385
	3427437386
	3427437387
	3427437388
	3427437389
	3427437390
	3427437391
	3427437392
	3427437393
	3427437394
	3427437395
	3427437396
	3427437397
	3427437398
	3427437399
	3427437400
	3427437401
	3427437402
	3427437403
	3427437404
	3427437405
	3427437406
	3427437407
	3427437408
	3427437409
	3427437410
	3427437411
	3427437412
	3427437413
	3427437414
	3427437415
	3427437416
	3427437417
	3427437418
	3427437419
	3427437420
	3427437421
	3427437422
	3427437423
	3427437424
	3427437425
	3427437426
	3427437427
	3427437428
	3427437429
	3427437430
	3427437431
	3427437432
	3427437433
	3427437434
	3427437435
	3427437436
	3427437437
	3427437438
	3427437439
	3427437440
	3427437441
	3427437442
	3427437443
	3427437444
	3427437445
	3427437446
	3427437447
	3427437448
	3427437449
	3427437450
	3427437451
	3427437452
	3427437453
	3427437454
	3427437455
	3427437456
	3427437457
	3427437458
	3427437459
	3427437460
	3427437461
	3427437462
	3427437463
	3427437464
	3427437465
	3427437466
	3427437467
	3427437468
	3427437469
	3427437470
	3427437471
	3427437472
	3427437473
	3427437474
	3427437475
	3427437476
	3427437477
	3427437478
	3427437479
	3427437480
	3427437481
	3427437482
	3427437483
	3427437484
	3427437485
	3427437486
	3427437487
	3427437488
	3427437489
	3427437490
	3427437491
	3427437492
	3427437493
	3427437494
	3427437495
R99.99E
	3427437496
R99.99E
	3427437497
R99.99E
	3427437498
	3427437499
	3427437500
	3427437501
	3427437502
	3427437503
	3427437504
	3427437505
	3427437506
	3427437507
	3427437508
	3427437509
	3427437510
	3427437511
	3427437512
	3427437513
	3427437514
	3427437515
	3427437516
	3427437517
	3427437518
	3427437519
	3427437520
	3427437521
	3427437522
	3427437523
	3427437524
	3427437525
	3427437526
	3427437527
	3427437528
	3427437529
	3427437530
	3427437531
	3427437532
	3427437533
	3427437534
	3427437535
	3427437536
	3427437537
	3427437538
	3427437539
	3427437540
	3427437541
	3427437542
	3427437543
	3427437544
	3427437545
	3427437546
	3427437547
	3427437548
	3427437549
	3427437550
	3427437551
	3427437552
	3427437553
	3427437554
	3427437555
	3427437556
	3427437557
	3427437558
	3427437559
	3427437560
	3427437561
	3427437562
	3427437563
	3427437564
	3427437565
	3427437566
	3427437567
	3427437568
	3427437569
	3427437570
	3427437571
	3427437572
	3427437573
	3427437574
	3427437575
	3427437576
	3427437577
	3427437578
	3427437579
	3427437580
	3427437581
	3427437582
	3427437583
	3427437584
	3427437585
	3427437586
	3427437587
	3427437588
	3427437589
	3427437590
	3427437591
	3427437592
	3427437593
	3427437594
	3427437595
	3427437596
	3427437597
	3427437598
	3427437599
	3427437600
	3427437601
	3427437602
	3427437603
	3427437604
	3427437605
	3427437606
	3427437607
	3427437608
	3427437609
	3427437610
	3427437611
	3427437612
	3427437613
	3427437614
	3427437615
	3427437616
	3427437617
	3427437618
	3427437619
	3427437620
	3427437621
	3427437622
	3427437623
	3427437624
	3427437625
	3427437626
	3427437627
	3427437628
	3427437629
	3427437630
	3427437631
	3427437632
	3427437633
	3427437634
	3427437635
	3427437636
	3427437637
	3427437638
	3427437639
	3427437640
	3427437641
	3427437642
	3427437643
	3427437644
	3427437645
	3427437646
	3427437647
	3427437648
	3427437649
	3427437650
	3427437651
	3427437652
	3427437653
	3427437654
	3427437655
	3427437656
	3427437657
	3427437658
	3427437659
	3427437660
	3427437661
	3427437662
	3427437663
	3427437664
	3427437665
	3427437666
	3427437667
	3427437668
	3427437669
	3427437670
	3427437671
	3427437672
	3427437673
	3427437674
	3427437675
	3427437676
	3427437677
	3427437678
	3427437679
	3427437680
	3427437681
	3427437682
	3427437683
	3427437684
	3427437685
	3427437686
	3427437687
	3427437688
	3427437689
	3427437690
	3427437691
	3427437692
	3427437693
	3427437694
	3427437695
	3427437696
	3427437697
	3427437698
	3427437699
	3427437700
	3427437701
	3427437702
	3427437703
	3427437704
	3427437705
	3427437706
	3427437707
	3427437708
	3427437709
	3427437710
	3427437711
	3427437712
	3427437713
	3427437714
	3427437715
	3427437716
	3427437717
	3427437718
	3427437719
	3427437720
	3427437721
	3427437722
	3427437723
	3427437724
	3427437725
	3427437726
	3427437727
	3427437728
	3427437729
	3427437730
	3427437731
	3427437732
	3427437733
	3427437734
	3427437735
	3427437736
	3427437737
	3427437738
	3427437739
	3427437740
	3427437741
	3427437742
	3427437743
	3427437744
	3427437745
	3427437746
	3427437747
	3427437748
	3427437749
	3427437750
	3427437751
	3427437752
	3427437753
	3427437754
	3427437755
	3427437756
	3427437757
	3427437758
	3427437759
	3427437760
	3427437761
	3427437762
	3427437763
	3427437764
	3427437765
	3427437766
	3427437767
	3427437768
	3427437769
	3427437770
	3427437771
	3427437772
	3427437773
	3427437774
	3427437775
	3427437776
	3427437777
	3427437778
	3427437779
	3427437780
	3427437781
	3427437782
	3427437783
	3427437784
	3427437785
	3427437786
	3427437787
	3427437788
	3427437789
	3427437790
	3427437791
	3427437792
	3427437793
	3427437794
	3427437795
	3427437796
	3427437797
	3427437798
	3427437799
	3427437800
	3427437801
	3427437802
	3427437803
	3427437804
	3427437805
	3427437806
	3427437807
	3427437808
	3427437809
	3427437810
	3427437811
	3427437812
	3427437813
	3427437814
	3427437815
	3427437816
	3427437817
	3427437818
	3427437819
	3427437820
	3427437821
	3427437822
	3427437823
	3427437824
	3427437825
	3427437826
	3427437827
	3427437828
	3427437829
	3427437830
	3427437831
	3427437832
	3427437833
	3427437834
	3427437835
	3427437836
	3427437837
	3427437838
	3427437839
	3427437840
	3427437841
	3427437842
	3427437843
	3427437844
	3427437845
	3427437846
	3427437847
	3427437848
	3427437849
	3427437850
	3427437851
	3427437852
	3427437853
	3427437854
	3427437855
	3427437856
	3427437857
	3427437858
	3427437859
	3427437860
	3427437861
	3427437862
	3427437863
	3427437864
	3427437865
	3427437866
	3427437867
	3427437868
	3427437869
	3427437870
	3427437871
	3427437872
	3427437873
	3427437874
	3427437875
	3427437876
	3427437877
	3427437878
	3427437879
	3427437880
	3427437881
	3427437882
	3427437883
	3427437884
	3427437885
	3427437886
	3427437887
	3427437888
	3427437889
	3427437890
	3427437891
	3427437892
	3427437893
	3427437894
	3427437895
	3427437896
	3427437897
	3427437898
	3427437899
	3427437900
	3427437901
	3427437902
	3427437903
	3427437904
	3427437905
	3427437906
	3427437907
	3427437908
	3427437909
	3427437910
	3427437911
	3427437912
	3427437913
	3427437914
	3427437915
	3427437916
	3427437917
	3427437918
	3427437919
	3427437920
	3427437921
	3427437922
	3427437923
	3427437924
	3427437925
	3427437926
	3427437927
	3427437928
	3427437929
	3427437930
	3427437931
	3427437932
	3427437933
	3427437934
	3427437935
	3427437936
	3427437937
	3427437938
	3427437939
	3427437940
	3427437941
	3427437942
	3427437943
	3427437944
	3427437945
	3427437946
	3427437947
	3427437948
	3427437949
	3427437950
	3427437951
	3427437952
	3427437953
	3427437954
	3427437955
	3427437956
	3427437957
	3427437958
	3427437959
	3427437960
	3427437961
	3427437962
	3427437963
	3427437964
	3427437965
	3427437966
	3427437967
	3427437968
	3427437969
	3427437970
	3427437971
	3427437972
	3427437973
	3427437974
	3427437975
	3427437976
	3427437977
	3427437978
	3427437979
	3427437980
	3427437981
	3427437982
	3427437983
	3427437984
	3427437985
	3427437986
	3427437987
	3427437988
	3427437989
	3427437990
	3427437991
	3427437992
	3427437993
	3427437994
	3427437995
	3427437996
	3427437997
	3427437998
	3427437999
	3427438000
	3427438001
	3427438002
	3427438003
	3427438004
	3427438005
	3427438006
	3427438007
	3427438008
	3427438009
	3427438010
	3427438011
	3427438012
	3427438013
	3427438014
	3427438015
	3427438016
	3427438017
	3427438018
	3427438019
	3427438020
	3427438021
	3427438022
	3427438023
	3427438024
	3427438025
	3427438026
	3427438027
	3427438028
	3427438029
	3427438030
	3427438031
	3427438032
	3427438033
	3427438034
	3427438035
	3427438036
	3427438037
	3427438038
	3427438039
	3427438040
	3427438041
	3427438042
	3427438043
	3427438044
	3427438045
	3427438046
	3427438047
	3427438048
	3427438049
	3427438050
	3427438051
	3427438052
	3427438053
	3427438054
	3427438055
	3427438056
	3427438057
	3427438058
	3427438059
	3427438060
	3427438061
	3427438062
	3427438063
	3427438064
	3427438065
	3427438066
	3427438067
	3427438068
	3427438069
	3427438070
	3427438071
	3427438072
	3427438073
	3427438074
	3427438075
	3427438076
	3427438077
	3427438078
	3427438079
	3427438080
	3427438081
	3427438082
	3427438083
	3427438084
	3427438085
	3427438086
	3427438087
	3427438088
	3427438089
	3427438090
	3427438091
	3427438092
	3427438093
	3427438094
	3427438095
	3427438096
	3427438097
	3427438098
	3427438099
	3427438100
	3427438101
	3427438102
	3427438103
	3427438104
	3427438105
	3427438106
	3427438107
	3427438108
	3427438109
	3427438110
	3427438111
	3427438112
	3427438113
	3427438114
	3427438115
	3427438116
	3427438117
	3427438118
	3427438119
	3427438120
	3427438121
	3427438122
	3427438123
	3427438124
	3427438125
	3427438126
	3427438127
	3427438128
	3427438129
	3427438130
	3427438131
	3427438132
	3427438133
	3427438134
	3427438135
	3427438136
	3427438137
	3427438138
	3427438139
	3427438140
	3427438141
	3427438142
	3427438143
	3427438144
	3427438145
	3427438146
	3427438147
	3427438148
	3427438149
	3427438150
	3427438151
	3427438152
	3427438153
	3427438154
	3427438155
	3427438156
	3427438157
	3427438158
	3427438159
	3427438160
	3427438161
	3427438162
	3427438163
	3427438164
	3427438165
	3427438166
	3427438167
	3427438168
	3427438169
	3427438170
	3427438171
	3427438172
	3427438173
	3427438174
	3427438175
	3427438176
	3427438177
	3427438178
	3427438179
	3427438180
	3427438181
	3427438182
	3427438183
	3427438184
	3427438185
	3427438186
	3427438187
	3427438188
	3427438189
	3427438190
	3427438191
	3427438192
	3427438193
	3427438194
	3427438195
	3427438196
	3427438197
	3427438198
	3427438199
	3427438200
	3427438201
	3427438202
	3427438203
	3427438204
	3427438205
	3427438206
	3427438207
	3427438208
	3427438209
	3427438210
	3427438211
	3427438212
	3427438213
	3427438214
	3427438215
	3427438216
	3427438217
	3427438218
	3427438219
	3427438220
	3427438221
	3427438222
	3427438223
	3427438224
	3427438225
	3427438226
	3427438227
	3427438228
	3427438229
	3427438230
	3427438231
	3427438232
	3427438233
	3427438234
	3427438235
	3427438236
	3427438237
	3427438238
	3427438239
	3427438240
	3427438241
	3427438242
	3427438243
	3427438244
	3427438245
	3427438246
	3427438247
	3427438248
	3427438249
	3427438250
	3427438251
	3427438252
	3427438253
	3427438254
	3427438255
	3427438256
	3427438257
	3427438258
	3427438259
	3427438260
	3427438261
	3427438262
	3427438263
	3427438264
	3427438265
	3427438266
	3427438267
	3427438268
	3427438269
	3427438270
	3427438271
	3427438272
	3427438273
	3427438274
	3427438275
	3427438276
	3427438277
	3427438278
	3427438279
	3427438280
	3427438281
	3427438282
	3427438283
	3427438284
	3427438285
	3427438286
	3427438287
	3427438288
	3427438289
	3427438290
	3427438291
	3427438292
	3427438293
	3427438294
	3427438295
	3427438296
	3427438297
	3427438298
	3427438299
	3427438300
	3427438301
	3427438302
	3427438303
	3427438304
	3427438305
	3427438306
	3427438307
	3427438308
	3427438309
	3427438310
	3427438311
	3427438312
	3427438313
	3427438314
	3427438315
	3427438316
	3427438317
	3427438318
	3427438319
	3427438320
	3427438321
	3427438322
	3427438323
	3427438324
	3427438325
	3427438326
	3427438327
	3427438328
	3427438329
	3427438330
	3427438331
	3427438332
	3427438333
	3427438334
	3427438335
	3427438336
	3427438337
	3427438338
	3427438339
	3427438340
	3427438341
	3427438342
	3427438343
	3427438344
	3427438345
	3427438346
	3427438347
	3427438348
	3427438349
	3427438350
	3427438351
	3427438352
	3427438353
	3427438354
	3427438355
	3427438356
	3427438357
	3427438358
	3427438359
	3427438360
	3427438361
	3427438362
	3427438363
	3427438364
	3427438365
	3427438366
	3427438367
	3427438368
	3427438369
	3427438370
	3427438371
	3427438372
	3427438373
	3427438374
	3427438375
	3427438376
	3427438377
	3427438378
	3427438379
	3427438380
	3427438381
	3427438382
	3427438383
	3427438384
	3427438385
	3427438386
	3427438387
	3427438388
	3427438389
	3427438390
	3427438391
	3427438392
	3427438393
	3427438394
	3427438395
	3427438396
	3427438397
	3427438398
	3427438399
	3427438400
	3427438401
	3427438402
	3427438403
	3427438404
	3427438405
	3427438406
	3427438407
	3427438408
	3427438409
	3427438410
	3427438411
	3427438412
	3427438413
	3427438414
	3427438415
	3427438416
	3427438417
	3427438418
	3427438419
	3427438420
	3427438421
	3427438422
	3427438423
	3427438424
	3427438425
	3427438426
	3427438427
	3427438428
	3427438429
	3427438430
	3427438431
	3427438432
	3427438433
	3427438434
	3427438435
	3427438436
	3427438437
	3427438438
	3427438439
	3427438440
	3427438441
	3427438442
	3427438443
	3427438444
	3427438445
	3427438446
	3427438447
	3427438448
	3427438449
	3427438450
	3427438451
	3427438452
	3427438453
	3427438454
	3427438455
	3427438456
	3427438457
	3427438458
	3427438459
	3427438460
	3427438461
	3427438462
	3427438463
	3427438464
	3427438465
	3427438466
	3427438467
	3427438468
	3427438469
	3427438470
	3427438471
	3427438472
	3427438473
	3427438474
	3427438475
	3427438476
	3427438477
	3427438478
	3427438479
	3427438480
	3427438481
	3427438482
	3427438483
	3427438484
	3427438485
	3427438486
	3427438487
	3427438488
	3427438489
	3427438490
	3427438491
	3427438492
	3427438493
	3427438494
	3427438495
	3427438496
	3427438497
	3427438498
	3427438499
	3427438500
	3427438501
	3427438502
	3427438503
	3427438504
	3427438505
	3427438506
	3427438507
	3427438508
	3427438509
	3427438510
	3427438511
	3427438512
	3427438513
	3427438514
	3427438515
	3427438516
	3427438517
	3427438518
	3427438519
	3427438520
	3427438521
	3427438522
	3427438523
	3427438524
	3427438525
	3427438526
	3427438527
	3427438528
	3427438529
	3427438530
	3427438531
	3427438532
	3427438533
	3427438534
	3427438535
	3427438536
	3427438537
	3427438538
	3427438539
	3427438540
	3427438541
	3427438542
	3427438543
	3427438544
	3427438545
	3427438546
	3427438547
	3427438548
	3427438549
	3427438550
	3427438551
	3427438552
	3427438553
	3427438554
	3427438555
	3427438556
	3427438557
	3427438558
	3427438559
	3427438560
	3427438561
	3427438562
	3427438563
	3427438564
	3427438565
	3427438566
	3427438567
	3427438568
	3427438569
	3427438570
	3427438571
	3427438572
	3427438573
	3427438574
	3427438575
	3427438576
	3427438577
	3427438578
	3427438579
	3427438580
	3427438581
	3427438582
	3427438583
	3427438584
	3427438585
	3427438586
	3427438587
	3427438588
	3427438589
	3427438590
	3427438591
	3427438592
	3427438593
	3427438594
	3427438595
	3427438596
	3427438597
	3427438598
	3427438599
	3427438600
	3427438601
	3427438602
	3427438603
	3427438604
	3427438605
	3427438606
	3427438607
	3427438608
	3427438609
	3427438610
	3427438611
	3427438612
	3427438613
	3427438614
	3427438615
	3427438616
	3427438617
	3427438618
	3427438619
	3427438620
	3427438621
	3427438622
	3427438623
	3427438624
	3427438625
	3427438626
	3427438627
	3427438628
	3427438629
	3427438630
	3427438631
	3427438632
	3427438633
	3427438634
	3427438635
	3427438636
	3427438637
	3427438638
	3427438639
	3427438640
	3427438641
	3427438642
	3427438643
	3427438644
	3427438645
	3427438646
	3427438647
	3427438648
	3427438649
	3427438650
	3427438651
	3427438652
	3427438653
	3427438654
	3427438655
	3427438656
	3427438657
	3427438658
	3427438659
	3427438660
	3427438661
	3427438662
	3427438663
	3427438664
	3427438665
	3427438666
	3427438667
	3427438668
	3427438669
	3427438670
	3427438671
	3427438672
	3427438673
	3427438674
	3427438675
	3427438676
	3427438677
	3427438678
	3427438679
	3427438680
	3427438681
	3427438682
	3427438683
	3427438684
	3427438685
	3427438686
	3427438687
	3427438688
	3427438689
	3427438690
	3427438691
	3427438692
	3427438693
	3427438694
	3427438695
	3427438696
	3427438697
	3427438698
	3427438699
	3427438700
	3427438701
	3427438702
	3427438703
	3427438704
	3427438705
	3427438706
	3427438707
	3427438708
	3427438709
	3427438710
	3427438711
	3427438712
	3427438713
	3427438714
	3427438715
	3427438716
	3427438717
	3427438718
	3427438719
	3427438720
	3427438721
	3427438722
	3427438723
	3427438724
	3427438725
	3427438726
	3427438727
	3427438728
	3427438729
	3427438730
	3427438731
	3427438732
	3427438733
	3427438734
	3427438735
	3427438736
	3427438737
	3427438738
	3427438739
	3427438740
	3427438741
	3427438742
	3427438743
	3427438744
	3427438745
	3427438746
	3427438747
	3427438748
	3427438749
	3427438750
	3427438751
	3427438752
	3427438753
	3427438754
	3427438755
	3427438756
	3427438757
	3427438758
	3427438759
	3427438760
	3427438761
	3427438762
	3427438763
	3427438764
	3427438765
	3427438766
	3427438767
	3427438768
	3427438769
	3427438770
	3427438771
	3427438772
	3427438773
	3427438774
	3427438775
	3427438776
	3427438777
	3427438778
	3427438779
	3427438780
	3427438781
	3427438782
	3427438783
	3427438784
	3427438785
	3427438786
	3427438787
	3427438788
	3427438789
	3427438790
	3427438791
	3427438792
	3427438793
	3427438794
	3427438795
	3427438796
	3427438797
	3427438798
	3427438799
	3427438800
	3427438801
	3427438802
	3427438803
	3427438804
	3427438805
	3427438806
	3427438807
	3427438808
	3427438809
	3427438810
	3427438811
	3427438812
	3427438813
	3427438814
	3427438815
	3427438816
	3427438817
	3427438818
	3427438819
	3427438820
	3427438821
	3427438822
	3427438823
	3427438824
	3427438825
	3427438826
	3427438827
	3427438828
	3427438829
	3427438830
	3427438831
	3427438832
	3427438833
	3427438834
	3427438835
	3427438836
	3427438837
	3427438838
	3427438839
	3427438840
	3427438841
	3427438842
	3427438843
	3427438844
	3427438845
	3427438846
	3427438847
	3427438848
	3427438849
	3427438850
	3427438851
	3427438852
	3427438853
	3427438854
	3427438855
	3427438856
	3427438857
	3427438858
	3427438859
	3427438860
	3427438861
	3427438862
	3427438863
	3427438864
	3427438865
	3427438866
	3427438867
	3427438868
	3427438869
	3427438870
	3427438871
	3427438872
	3427438873
	3427438874
	3427438875
	3427438876
	3427438877
	3427438878
	3427438879
	3427438880
	3427438881
	3427438882
	3427438883
	3427438884
	3427438885
	3427438886
	3427438887
	3427438888
	3427438889
	3427438890
	3427438891
	3427438892
	3427438893
	3427438894
	3427438895
	3427438896
	3427438897
	3427438898
	3427438899
	3427438900
	3427438901
	3427438902
	3427438903
	3427438904
	3427438905
	3427438906
	3427438907
	3427438908
	3427438909
	3427438910
	3427438911
	3427438912
	3427438913
	3427438914
	3427438915
	3427438916
	3427438917
	3427438918
	3427438919
	3427438920
	3427438921
	3427438922
	3427438923
	3427438924
	3427438925
	3427438926
	3427438927
	3427438928
	3427438929
	3427438930
	3427438931
	3427438932
	3427438933
	3427438934
	3427438935
	3427438936
	3427438937
	3427438938
	3427438939
	3427438940
	3427438941
	3427438942
	3427438943
	3427438944
	3427438945
	3427438946
	3427438947
	3427438948
	3427438949
	3427438950
	3427438951
	3427438952
	3427438953
	3427438954
	3427438955
	3427438956
	3427438957
	3427438958
	3427438959
	3427438960
	3427438961
	3427438962
	3427438963
	3427438964
	3427438965
	3427438966
	3427438967
	3427438968
	3427438969
	3427438970
	3427438971
	3427438972
	3427438973
	3427438974
	3427438975
	3427438976
	3427438977
	3427438978
	3427438979
	3427438980
	3427438981
	3427438982
	3427438983
	3427438984
	3427438985
	3427438986
	3427438987
	3427438988
	3427438989
	3427438990
	3427438991
	3427438992
	3427438993
	3427438994
	3427438995
	3427438996
	3427438997
	3427438998
	3427438999
	3427439000
	3427439001
	3427439002
	3427439003
	3427439004
	3427439005
	3427439006
	3427439007
	3427439008
	3427439009
	3427439010
	3427439011
	3427439012
	3427439013
	3427439014
	3427439015
	3427439016
	3427439017
	3427439018
	3427439019
	3427439020
	3427439021
	3427439022
	3427439023
	3427439024
	3427439025
	3427439026
	3427439027
	3427439028
	3427439029
	3427439030
	3427439031
	3427439032
	3427439033
	3427439034
	3427439035
	3427439036
	3427439037
	3427439038
	3427439039
	3427439040
	3427439041
	3427439042
	3427439043
	3427439044
	3427439045
	3427439046
	3427439047
	3427439048
	3427439049
	3427439050
	3427439051
	3427439052
	3427439053
	3427439054
	3427439055
	3427439056
	3427439057
	3427439058
	3427439059
	3427439060
	3427439061
	3427439062
	3427439063
	3427439064
	3427439065
	3427439066
	3427439067
	3427439068
	3427439069
	3427439070
	3427439071
	3427439072
	3427439073
	3427439074
	3427439075
	3427439076
	3427439077
	3427439078
	3427439079
	3427439080
	3427439081
	3427439082
	3427439083
	3427439084
	3427439085
	3427439086
	3427439087
	3427439088
	3427439089
	3427439090
	3427439091
	3427439092
	3427439093
	3427439094
	3427439095
	3427439096
	3427439097
	3427439098
	3427439099
	3427439100
	3427439101
	3427439102
	3427439103
	3427439104
	3427439105
	3427439106
	3427439107
	3427439108
	3427439109
	3427439110
	3427439111
	3427439112
	3427439113
	3427439114
	3427439115
	3427439116
	3427439117
	3427439118
	3427439119
	3427439120
	3427439121
	3427439122
	3427439123
	3427439124
	3427439125
	3427439126
	3427439127
	3427439128
	3427439129
	3427439130
	3427439131
	3427439132
	3427439133
	3427439134
	3427439135
	3427439136
	3427439137
	3427439138
	3427439139
	3427439140
	3427439141
	3427439142
	3427439143
	3427439144
	3427439145
	3427439146
	3427439147
	3427439148
	3427439149
	3427439150
	3427439151
	3427439152
	3427439153
	3427439154
	3427439155
	3427439156
	3427439157
	3427439158
	3427439159
	3427439160
	3427439161
	3427439162
	3427439163
	3427439164
	3427439165
	3427439166
	3427439167
	3427439168
	3427439169
	3427439170
	3427439171
	3427439172
	3427439173
	3427439174
	3427439175
	3427439176
	3427439177
	3427439178
	3427439179
	3427439180
	3427439181
	3427439182
	3427439183
	3427439184
	3427439185
	3427439186
	3427439187
	3427439188
	3427439189
	3427439190
	3427439191
	3427439192
	3427439193
	3427439194
	3427439195
	3427439196
	3427439197
	3427439198
	3427439199
	3427439200
	3427439201
	3427439202
	3427439203
	3427439204
	3427439205
	3427439206
	3427439207
	3427439208
	3427439209
	3427439210
	3427439211
	3427439212
	3427439213
	3427439214
	3427439215
	3427439216
	3427439217
	3427439218
	3427439219
	3427439220
	3427439221
	3427439222
	3427439223
	3427439224
	3427439225
	3427439226
	3427439227
	3427439228
	3427439229
	3427439230
	3427439231
	3427439232
	3427439233
	3427439234
	3427439235
	3427439236
	3427439237
	3427439238
	3427439239
	3427439240
	3427439241
	3427439242
	3427439243
	3427439244
	3427439245
	3427439246
	3427439247
	3427439248
	3427439249
	3427439250
	3427439251
	3427439252
	3427439253
	3427439254
	3427439255
	3427439256
	3427439257
	3427439258
	3427439259
	3427439260
	3427439261
	3427439262
	3427439263
	3427439264
	3427439265
	3427439266
	3427439267
	3427439268
	3427439269
	3427439270
	3427439271
	3427439272
	3427439273
	3427439274
	3427439275
	3427439276
	3427439277
	3427439278
	3427439279
	3427439280
	3427439281
	3427439282
	3427439283
	3427439284
	3427439285
	3427439286
	3427439287
	3427439288
	3427439289
	3427439290
	3427439291
	3427439292
	3427439293
	3427439294
	3427439295
	3427439296
	3427439297
	3427439298
	3427439299
	3427439300
	3427439301
	3427439302
	3427439303
	3427439304
	3427439305
	3427439306
	3427439307
	3427439308
	3427439309
	3427439310
	3427439311
	3427439312
	3427439313
	3427439314
	3427439315
	3427439316
	3427439317
	3427439318
	3427439319
	3427439320
	3427439321
	3427439322
	3427439323
	3427439324
	3427439325
	3427439326
	3427439327
	3427439328
	3427439329
	3427439330
	3427439331
	3427439332
	3427439333
	3427439334
	3427439335
	3427439336
	3427439337
	3427439338
	3427439339
	3427439340
	3427439341
	3427439342
	3427439343
	3427439344
	3427439345
	3427439346
	3427439347
	3427439348
	3427439349
	3427439350
	3427439351
	3427439352
	3427439353
	3427439354
	3427439355
	3427439356
	3427439357
	3427439358
	3427439359
	3427439360
	3427439361
	3427439362
	3427439363
	3427439364
	3427439365
	3427439366
	3427439367
	3427439368
	3427439369
	3427439370
	3427439371
	3427439372
	3427439373
	3427439374
	3427439375
	3427439376
	3427439377
	3427439378
	3427439379
	3427439380
	3427439381
	3427439382
	3427439383
	3427439384
	3427439385
	3427439386
	3427439387
	3427439388
	3427439389
	3427439390
	3427439391
	3427439392
	3427439393
	3427439394
	3427439395
	3427439396
	3427439397
	3427439398
	3427439399
	3427439400
	3427439401
	3427439402
	3427439403
	3427439404
	3427439405
	3427439406
	3427439407
	3427439408
	3427439409
	3427439410
	3427439411
	3427439412
	3427439413
	3427439414
	3427439415
	3427439416
	3427439417
	3427439418
	3427439419
	3427439420
	3427439421
	3427439422
	3427439423
	3427439424
	3427439425
	3427439426
	3427439427
	3427439428
	3427439429
	3427439430
	3427439431
	3427439432
	3427439433
	3427439434
	3427439435
	3427439436
	3427439437
	3427439438
	3427439439
	3427439440
	3427439441
	3427439442
	3427439443
	3427439444
	3427439445
	3427439446
	3427439447
	3427439448
	3427439449
	3427439450
	3427439451
	3427439452
	3427439453
	3427439454
	3427439455
	3427439456
	3427439457
	3427439458
	3427439459
	3427439460
	3427439461
	3427439462
	3427439463
	3427439464
	3427439465
	3427439466
	3427439467
	3427439468
	3427439469
	3427439470
	3427439471
	3427439472
	3427439473
	3427439474
	3427439475
	3427439476
	3427439477
	3427439478
	3427439479
	3427439480
	3427439481
	3427439482
	3427439483
	3427439484
	3427439485
	3427439486
	3427439487
	3427439488
	3427439489
	3427439490
	3427439491
	3427439492
	3427439493
	3427439494
	3427439495
	3427439496
	3427439497
	3427439498
	3427439499
	3427439500
	3427439501
	3427439502
	3427439503
	3427439504
	3427439505
	3427439506
	3427439507
	3427439508
	3427439509
	3427439510
	3427439511
	3427439512
	3427439513
	3427439514
	3427439515
	3427439516
	3427439517
	3427439518
	3427439519
	3427439520
	3427439521
	3427439522
	3427439523
	3427439524
	3427439525
	3427439526
	3427439527
	3427439528
	3427439529
	3427439530
	3427439531
	3427439532
	3427439533
	3427439534
	3427439535
	3427439536
	3427439537
	3427439538
	3427439539
	3427439540
	3427439541
	3427439542
	3427439543
	3427439544
	3427439545
	3427439546
	3427439547
	3427439548
	3427439549
	3427439550
	3427439551
	3427439552
	3427439553
	3427439554
	3427439555
	3427439556
	3427439557
	3427439558
	3427439559
	3427439560
	3427439561
	3427439562
	3427439563
	3427439564
	3427439565
	3427439566
	3427439567
	3427439568
	3427439569
	3427439570
	3427439571
	3427439572
	3427439573
	3427439574
	3427439575
	3427439576
	3427439577
	3427439578
	3427439579
	3427439580
	3427439581
	3427439582
	3427439583
	3427439584
	3427439585
	3427439586
	3427439587
	3427439588
	3427439589
	3427439590
	3427439591
	3427439592
	3427439593
	3427439594
	3427439595
	3427439596
	3427439597
	3427439598
	3427439599
	3427439600
	3427439601
	3427439602
	3427439603
	3427439604
	3427439605
	3427439606
	3427439607
	3427439608
	3427439609
	3427439610
	3427439611
	3427439612
	3427439613
	3427439614
	3427439615
	3427439616
	3427439617
	3427439618
	3427439619
	3427439620
	3427439621
	3427439622
	3427439623
	3427439624
	3427439625
	3427439626
	3427439627
	3427439628
	3427439629
	3427439630
	3427439631
	3427439632
	3427439633
	3427439634
	3427439635
	3427439636
	3427439637
	3427439638
	3427439639
	3427439640
	3427439641
	3427439642
	3427439643
	3427439644
	3427439645
	3427439646
	3427439647
	3427439648
	3427439649
	3427439650
	3427439651
	3427439652
	3427439653
	3427439654
	3427439655
	3427439656
	3427439657
	3427439658
	3427439659
	3427439660
	3427439661
	3427439662
	3427439663
	3427439664
	3427439665
	3427439666
	3427439667
	3427439668
	3427439669
	3427439670
	3427439671
	3427439672
	3427439673
	3427439674
	3427439675
	3427439676
	3427439677
	3427439678
	3427439679
	3427439680
	3427439681
	3427439682
	3427439683
	3427439684
	3427439685
	3427439686
	3427439687
	3427439688
	3427439689
	3427439690
	3427439691
	3427439692
	3427439693
	3427439694
	3427439695
	3427439696
	3427439697
	3427439698
	3427439699
	3427439700
	3427439701
	3427439702
	3427439703
	3427439704
	3427439705
	3427439706
	3427439707
	3427439708
	3427439709
	3427439710
	3427439711
	3427439712
	3427439713
	3427439714
	3427439715
	3427439716
	3427439717
	3427439718
	3427439719
	3427439720
	3427439721
	3427439722
	3427439723
	3427439724
	3427439725
	3427439726
	3427439727
	3427439728
	3427439729
	3427439730
	3427439731
	3427439732
	3427439733
	3427439734
	3427439735
	3427439736
	3427439737
	3427439738
	3427439739
	3427439740
	3427439741
	3427439742
	3427439743
	3427439744
	3427439745
	3427439746
	3427439747
	3427439748
	3427439749
	3427439750
	3427439751
	3427439752
	3427439753
	3427439754
	3427439755
	3427439756
	3427439757
	3427439758
	3427439759
	3427439760
	3427439761
	3427439762
	3427439763
	3427439764
	3427439765
	3427439766
	3427439767
	3427439768
	3427439769
	3427439770
	3427439771
	3427439772
	3427439773
	3427439774
	3427439775
	3427439776
	3427439777
	3427439778
	3427439779
	3427439780
	3427439781
	3427439782
	3427439783
	3427439784
	3427439785
	3427439786
	3427439787
	3427439788
	3427439789
	3427439790
	3427439791
	3427439792
	3427439793
	3427439794
	3427439795
	3427439796
	3427439797
	3427439798
	3427439799
	3427439800
	3427439801
	3427439802
	3427439803
	3427439804
	3427439805
	3427439806
	3427439807
	3427439808
	3427439809
	3427439810
	3427439811
	3427439812
	3427439813
	3427439814
	3427439815
	3427439816
	3427439817
	3427439818
	3427439819
	3427439820
	3427439821
	3427439822
	3427439823
	3427439824
	3427439825
	3427439826
	3427439827
	3427439828
	3427439829
	3427439830
	3427439831
	3427439832
	3427439833
	3427439834
	3427439835
	3427439836
	3427439837
	3427439838
	3427439839
	3427439840
	3427439841
	3427439842
	3427439843
	3427439844
	3427439845
	3427439846
	3427439847
	3427439848
	3427439849
	3427439850
	3427439851
	3427439852
	3427439853
	3427439854
	3427439855
	3427439856
	3427439857
	3427439858
	3427439859
	3427439860
	3427439861
	3427439862
	3427439863
	3427439864
	3427439865
	3427439866
	3427439867
	3427439868
	3427439869
	3427439870
	3427439871
	3427439872
	3427439873
	3427439874
	3427439875
	3427439876
	3427439877
	3427439878
	3427439879
	3427439880
	3427439881
	3427439882
	3427439883
	3427439884
	3427439885
	3427439886
	3427439887
	3427439888
	3427439889
	3427439890
	3427439891
	3427439892
	3427439893
	3427439894
	3427439895
	3427439896
	3427439897
	3427439898
	3427439899
	3427439900
	3427439901
	3427439902
	3427439903
	3427439904
	3427439905
	3427439906
	3427439907
	3427439908
	3427439909
	3427439910
	3427439911
	3427439912
	3427439913
	3427439914
	3427439915
	3427439916
	3427439917
	3427439918
	3427439919
	3427439920
	3427439921
	3427439922
	3427439923
	3427439924
	3427439925
	3427439926
	3427439927
	3427439928
	3427439929
	3427439930
	3427439931
	3427439932
	3427439933
	3427439934
	3427439935
	3427439936
	3427439937
	3427439938
	3427439939
	3427439940
	3427439941
	3427439942
	3427439943
	3427439944
	3427439945
	3427439946
	3427439947
	3427439948
	3427439949
	3427439950
	3427439951
	3427439952
	3427439953
	3427439954
	3427439955
	3427439956
	3427439957
	3427439958
	3427439959
	3427439960
	3427439961
	3427439962
	3427439963
	3427439964
	3427439965
	3427439966
	3427439967
	3427439968
	3427439969
	3427439970
	3427439971
	3427439972
	3427439973
	3427439974
	3427439975
	3427439976
	3427439977
	3427439978
	3427439979
	3427439980
	3427439981
	3427439982
	3427439983
	3427439984
	3427439985
	3427439986
	3427439987
	3427439988
	3427439989
	3427439990
	3427439991
	3427439992
	3427439993
	3427439994
	3427439995
	3427439996
	3427439997
	3427439998
	3427439999
	3427440000
	3427440001
	3427440002
	3427440003
	3427440004
	3427440005
	3427440006
	3427440007
	3427440008
	3427440009
	3427440010
	3427440011
	3427440012
	3427440013
	3427440014
	3427440015
	3427440016
	3427440017
	3427440018
	3427440019
	3427440020
	3427440021
	3427440022
	3427440023
	3427440024
	3427440025
	3427440026
	3427440027
	3427440028
	3427440029
	3427440030
	3427440031
	3427440032
	3427440033
	3427440034
	3427440035
	3427440036
	3427440037
	3427440038
	3427440039
	3427440040
	3427440041
	3427440042
	3427440043
	3427440044
	3427440045
	3427440046
	3427440047
	3427440048
	3427440049
	3427440050
	3427440051
	3427440052
	3427440053
	3427440054
	3427440055
	3427440056
	3427440057
	3427440058
	3427440059
	3427440060
	3427440061
	3427440062
	3427440063
	3427440064
	3427440065
	3427440066
	3427440067
	3427440068
	3427440069
	3427440070
	3427440071
	3427440072
	3427440073
	3427440074
	3427440075
	3427440076
	3427440077
	3427440078
	3427440079
	3427440080
	3427440081
	3427440082
	3427440083
	3427440084
	3427440085
	3427440086
	3427440087
	3427440088
	3427440089
	3427440090
	3427440091
	3427440092
	3427440093
	3427440094
	3427440095
	3427440096
	3427440097
	3427440098
	3427440099
	3427440100
	3427440101
	3427440102
	3427440103
	3427440104
	3427440105
	3427440106
	3427440107
	3427440108
	3427440109
	3427440110
	3427440111
	3427440112
	3427440113
	3427440114
	3427440115
	3427440116
	3427440117
	3427440118
	3427440119
	3427440120
	3427440121
	3427440122
	3427440123
	3427440124
	3427440125
	3427440126
	3427440127
	3427440128
	3427440129
	3427440130
	3427440131
	3427440132
	3427440133
	3427440134
	3427440135
	3427440136
	3427440137
	3427440138
	3427440139
	3427440140
	3427440141
	3427440142
	3427440143
	3427440144
	3427440145
	3427440146
	3427440147
	3427440148
	3427440149
	3427440150
	3427440151
	3427440152
	3427440153
	3427440154
	3427440155
	3427440156
	3427440157
	3427440158
	3427440159
	3427440160
	3427440161
	3427440162
	3427440163
	3427440164
	3427440165
	3427440166
	3427440167
	3427440168
	3427440169
	3427440170
	3427440171
	3427440172
	3427440173
	3427440174
	3427440175
	3427440176
	3427440177
	3427440178
	3427440179
	3427440180
	3427440181
	3427440182
	3427440183
	3427440184
	3427440185
	3427440186
	3427440187
	3427440188
	3427440189
	3427440190
	3427440191
	3427440192
	3427440193
	3427440194
	3427440195
	3427440196
	3427440197
	3427440198
	3427440199
	3427440200
	3427440201
	3427440202
	3427440203
	3427440204
	3427440205
	3427440206
	3427440207
	3427440208
	3427440209
	3427440210
	3427440211
	3427440212
	3427440213
	3427440214
	3427440215
	3427440216
	3427440217
	3427440218
	3427440219
	3427440220
	3427440221
	3427440222
	3427440223
	3427440224
	3427440225
	3427440226
	3427440227
	3427440228
	3427440229
	3427440230
	3427440231
	3427440232
	3427440233
	3427440234
	3427440235
	3427440236
	3427440237
	3427440238
	3427440239
	3427440240
	3427440241
	3427440242
	3427440243
	3427440244
	3427440245
	3427440246
	3427440247
	3427440248
	3427440249
	3427440250
	3427440251
	3427440252
	3427440253
	3427440254
	3427440255
	3427440256
	3427440257
	3427440258
	3427440259
	3427440260
	3427440261
	3427440262
	3427440263
	3427440264
	3427440265
	3427440266
	3427440267
	3427440268
	3427440269
	3427440270
	3427440271
	3427440272
	3427440273
	3427440274
	3427440275
	3427440276
	3427440277
	3427440278
	3427440279
	3427440280
	3427440281
	3427440282
	3427440283
	3427440284
	3427440285
	3427440286
	3427440287
	3427440288
	3427440289
	3427440290
	3427440291
	3427440292
	3427440293
	3427440294
	3427440295
	3427440296
	3427440297
	3427440298
	3427440299
	3427440300
	3427440301
	3427440302
	3427440303
	3427440304
	3427440305
	3427440306
	3427440307
	3427440308
	3427440309
	3427440310
	3427440311
	3427440312
	3427440313
	3427440314
	3427440315
	3427440316
	3427440317
	3427440318
	3427440319
	3427440320
	3427440321
	3427440322
	3427440323
	3427440324
	3427440325
	3427440326
	3427440327
	3427440328
	3427440329
	3427440330
	3427440331
	3427440332
	3427440333
	3427440334
	3427440335
	3427440336
	3427440337
	3427440338
	3427440339
	3427440340
	3427440341
	3427440342
	3427440343
	3427440344
	3427440345
	3427440346
	3427440347
	3427440348
	3427440349
	3427440350
	3427440351
	3427440352
	3427440353
	3427440354
	3427440355
	3427440356
	3427440357
	3427440358
	3427440359
	3427440360
	3427440361
	3427440362
	3427440363
	3427440364
	3427440365
	3427440366
	3427440367
	3427440368
	3427440369
	3427440370
	3427440371
	3427440372
	3427440373
	3427440374
	3427440375
	3427440376
	3427440377
	3427440378
	3427440379
	3427440380
	3427440381
	3427440382
	3427440383
	3427440384
	3427440385
	3427440386
	3427440387
	3427440388
	3427440389
	3427440390
	3427440391
	3427440392
	3427440393
	3427440394
	3427440395
	3427440396
	3427440397
	3427440398
	3427440399
	3427440400
	3427440401
	3427440402
	3427440403
	3427440404
	3427440405
	3427440406
	3427440407
	3427440408
	3427440409
	3427440410
	3427440411
	3427440412
	3427440413
	3427440414
	3427440415
	3427440416
	3427440417
	3427440418
	3427440419
	3427440420
	3427440421
	3427440422
	3427440423
	3427440424
	3427440425
	3427440426
	3427440427
	3427440428
	3427440429
	3427440430
	3427440431
	3427440432
	3427440433
	3427440434
	3427440435
	3427440436
	3427440437
	3427440438
	3427440439
	3427440440
	3427440441
	3427440442
	3427440443
	3427440444
	3427440445
	3427440446
	3427440447
	3427440448
	3427440449
	3427440450
	3427440451
	3427440452
	3427440453
	3427440454
	3427440455
	3427440456
	3427440457
	3427440458
	3427440459
	3427440460
	3427440461
	3427440462
	3427440463
	3427440464
	3427440465
	3427440466
	3427440467
	3427440468
	3427440469
	3427440470
	3427440471
	3427440472
	3427440473
	3427440474
	3427440475
	3427440476
	3427440477
	3427440478
	3427440479
	3427440480
	3427440481
	3427440482
	3427440483
	3427440484
	3427440485
	3427440486
	3427440487
	3427440488
	3427440489
	3427440490
	3427440491
	3427440492
	3427440493
	3427440494
	3427440495
	3427440496
	3427440497
	3427440498
	3427440499
	3427440500
	3427440501
	3427440502
	3427440503
	3427440504
	3427440505
	3427440506
	3427440507
	3427440508
	3427440509
	3427440510
	3427440511
	3427440512
	3427440513
	3427440514
	3427440515
	3427440516
	3427440517
	3427440518
	3427440519
	3427440520
	3427440521
	3427440522
	3427440523
	3427440524
	3427440525
	3427440526
	3427440527
	3427440528
	3427440529
	3427440530
	3427440531
	3427440532
	3427440533
	3427440534
	3427440535
	3427440536
	3427440537
	3427440538
	3427440539
	3427440540
	3427440541
	3427440542
	3427440543
	3427440544
	3427440545
	3427440546
	3427440547
	3427440548
	3427440549
	3427440550
	3427440551
	3427440552
	3427440553
	3427440554
	3427440555
	3427440556
	3427440557
	3427440558
	3427440559
	3427440560
	3427440561
	3427440562
	3427440563
	3427440564
	3427440565
	3427440566
	3427440567
	3427440568
	3427440569
	3427440570
	3427440571
	3427440572
	3427440573
	3427440574
	3427440575
	3427440576
	3427440577
	3427440578
	3427440579
	3427440580
	3427440581
	3427440582
	3427440583
	3427440584
	3427440585
	3427440586
	3427440587
	3427440588
	3427440589
	3427440590
	3427440591
	3427440592
	3427440593
	3427440594
	3427440595
	3427440596
	3427440597
	3427440598
	3427440599
	3427440600
	3427440601
	3427440602
	3427440603
	3427440604
	3427440605
	3427440606
	3427440607
	3427440608
	3427440609
	3427440610
	3427440611
	3427440612
	3427440613
	3427440614
	3427440615
	3427440616
	3427440617
	3427440618
	3427440619
	3427440620
	3427440621
	3427440622
	3427440623
	3427440624
	3427440625
	3427440626
	3427440627
	3427440628
	3427440629
	3427440630
	3427440631
	3427440632
	3427440633
	3427440634
	3427440635
	3427440636
	3427440637
	3427440638
	3427440639
	3427440640
	3427440641
	3427440642
	3427440643
	3427440644
	3427440645
	3427440646
	3427440647
	3427440648
	3427440649
	3427440650
	3427440651
	3427440652
	3427440653
	3427440654
	3427440655
	3427440656
	3427440657
	3427440658
	3427440659
	3427440660
	3427440661
	3427440662
	3427440663
	3427440664
	3427440665
	3427440666
	3427440667
	3427440668
	3427440669
	3427440670
	3427440671
	3427440672
	3427440673
	3427440674
	3427440675
	3427440676
	3427440677
	3427440678
	3427440679
	3427440680
	3427440681
	3427440682
	3427440683
	3427440684
	3427440685
	3427440686
	3427440687
	3427440688
	3427440689
	3427440690
	3427440691
	3427440692
	3427440693
	3427440694
	3427440695
	3427440696
	3427440697
	3427440698
	3427440699
	3427440700
	3427440701
	3427440702
	3427440703
	3427440704
	3427440705
	3427440706
	3427440707
	3427440708
	3427440709
	3427440710
	3427440711
	3427440712
	3427440713
	3427440714
	3427440715
	3427440716
	3427440717
	3427440718
	3427440719
	3427440720
	3427440721
	3427440722
	3427440723
	3427440724
	3427440725
	3427440726
	3427440727
	3427440728
	3427440729
	3427440730
	3427440731
	3427440732
	3427440733
	3427440734
	3427440735
	3427440736
	3427440737
	3427440738
	3427440739
	3427440740
	3427440741
	3427440742
	3427440743
	3427440744
	3427440745
	3427440746
	3427440747
	3427440748
	3427440749
	3427440750
	3427440751
	3427440752
	3427440753
	3427440754
	3427440755
	3427440756
	3427440757
	3427440758
	3427440759
	3427440760
	3427440761
	3427440762
	3427440763
	3427440764
	3427440765
	3427440766
	3427440767
	3427440768
	3427440769
	3427440770
	3427440771
	3427440772
	3427440773
	3427440774
	3427440775
	3427440776
	3427440777
	3427440778
	3427440779
	3427440780
	3427440781
	3427440782
	3427440783
	3427440784
	3427440785
	3427440786
	3427440787
	3427440788
	3427440789
	3427440790
	3427440791
	3427440792
	3427440793
	3427440794
	3427440795
	3427440796
	3427440797
	3427440798
	3427440799
	3427440800
	3427440801
	3427440802
	3427440803
	3427440804
	3427440805
	3427440806
	3427440807
	3427440808
	3427440809
	3427440810
	3427440811
	3427440812
	3427440813
	3427440814
	3427440815
	3427440816
	3427440817
	3427440818
	3427440819
	3427440820
	3427440821
	3427440822
	3427440823
	3427440824
	3427440825
	3427440826
	3427440827
	3427440828
	3427440829
	3427440830
	3427440831
	3427440832
	3427440833
	3427440834
	3427440835
	3427440836
	3427440837
	3427440838
	3427440839
	3427440840
	3427440841
	3427440842
	3427440843
	3427440844
	3427440845
	3427440846
	3427440847
	3427440848
	3427440849
	3427440850
	3427440851
	3427440852
	3427440853
	3427440854
	3427440855
	3427440856
	3427440857
	3427440858
	3427440859
	3427440860
	3427440861
	3427440862
	3427440863
	3427440864
	3427440865
	3427440866
	3427440867
	3427440868
	3427440869
	3427440870
	3427440871
	3427440872
	3427440873
	3427440874
	3427440875
	3427440876
	3427440877
	3427440878
	3427440879
	3427440880
	3427440881
	3427440882
	3427440883
	3427440884
	3427440885
	3427440886
	3427440887
	3427440888
	3427440889
	3427440890
	3427440891
	3427440892
	3427440893
	3427440894
	3427440895
	3427440896
	3427440897
	3427440898
	3427440899
	3427440900
	3427440901
	3427440902
	3427440903
	3427440904
	3427440905
	3427440906
	3427440907
	3427440908
	3427440909
	3427440910
	3427440911
	3427440912
	3427440913
	3427440914
	3427440915
	3427440916
	3427440917
	3427440918
	3427440919
	3427440920
	3427440921
	3427440922
	3427440923
	3427440924
	3427440925
	3427440926
	3427440927
	3427440928
	3427440929
	3427440930
	3427440931
	3427440932
	3427440933
	3427440934
	3427440935
	3427440936
	3427440937
	3427440938
	3427440939
	3427440940
	3427440941
	3427440942
	3427440943
	3427440944
	3427440945
