	3426804838
	3426804839
	3426804840
	3426804841
	3426804842
	3426804843
	3426804844
	3426804845
	3426804846
	3426804847
	3426804848
	3426804849
	3426804850
	3426804851
	3426804852
	3426804853
	3426804854
	3426804855
	3426804856
	3426804857
	3426804858
	3426804859
	3426804860
	3426804861
	3426804862
	3426804863
	3426804864
	3426804865
	3426804866
	3426804867
	3426804868
	3426804869
	3426804870
	3426804871
	3426804872
	3426804873
	3426804874
	3426804875
	3426804876
	3426804877
	3426804878
	3426804879
	3426804880
	3426804881
	3426804882
	3426804883
	3426804884
	3426804885
	3426804886
	3426804887
	3426804888
	3426804889
	3426804890
	3426804891
	3426804892
	3426804893
	3426804894
	3426804895
	3426804896
	3426804897
	3426804898
	3426804899
	3426804900
	3426804901
	3426804902
	3426804903
	3426804904
	3426804905
	3426804906
	3426804907
	3426804908
	3426804909
	3426804910
	3426804911
	3426804912
	3426804913
	3426804914
	3426804915
	3426804916
	3426804917
	3426804918
	3426804919
	3426804920
	3426804921
	3426804922
	3426804923
	3426804924
	3426804925
	3426804926
	3426804927
	3426804928
	3426804929
	3426804930
	3426804931
	3426804932
	3426804933
	3426804934
	3426804935
	3426804936
	3426804937
	3426804938
	3426804939
	3426804940
	3426804941
	3426804942
	3426804943
	3426804944
	3426804945
	3426804946
	3426804947
	3426804948
	3426804949
	3426804950
	3426804951
	3426804952
	3426804953
	3426804954
	3426804955
	3426804956
	3426804957
	3426804958
	3426804959
	3426804960
	3426804961
	3426804962
	3426804963
	3426804964
	3426804965
	3426804966
	3426804967
	3426804968
	3426804969
	3426804970
	3426804971
	3426804972
	3426804973
	3426804974
	3426804975
	3426804976
	3426804977
	3426804978
	3426804979
	3426804980
	3426804981
	3426804982
	3426804983
	3426804984
	3426804985
	3426804986
	3426804987
	3426804988
	3426804989
	3426804990
	3426804991
	3426804992
	3426804993
	3426804994
	3426804995
	3426804996
	3426804997
	3426804998
	3426804999
	3426805000
	3426805001
	3426805002
	3426805003
	3426805004
	3426805005
	3426805006
	3426805007
	3426805008
	3426805009
	3426805010
	3426805011
	3426805012
	3426805013
	3426805014
	3426805015
	3426805016
	3426805017
	3426805018
	3426805019
	3426805020
	3426805021
	3426805022
	3426805023
	3426805024
	3426805025
	3426805026
	3426805027
	3426805028
	3426805029
	3426805030
	3426805031
	3426805032
	3426805033
	3426805034
	3426805035
	3426805036
	3426805037
	3426805038
	3426805039
	3426805040
	3426805041
	3426805042
	3426805043
	3426805044
	3426805045
	3426805046
	3426805047
	3426805048
	3426805049
	3426805050
	3426805051
	3426805052
	3426805053
	3426805054
	3426805055
	3426805056
	3426805057
	3426805058
	3426805059
	3426805060
	3426805061
	3426805062
	3426805063
	3426805064
	3426805065
	3426805066
	3426805067
	3426805068
	3426805069
	3426805070
	3426805071
	3426805072
	3426805073
	3426805074
	3426805075
	3426805076
	3426805077
	3426805078
	3426805079
	3426805080
	3426805081
	3426805082
	3426805083
	3426805084
	3426805085
	3426805086
	3426805087
	3426805088
	3426805089
	3426805090
	3426805091
	3426805092
	3426805093
	3426805094
	3426805095
	3426805096
	3426805097
	3426805098
	3426805099
	3426805100
	3426805101
	3426805102
	3426805103
	3426805104
	3426805105
	3426805106
	3426805107
	3426805108
	3426805109
	3426805110
	3426805111
	3426805112
	3426805113
	3426805114
	3426805115
	3426805116
	3426805117
	3426805118
	3426805119
	3426805120
	3426805121
	3426805122
	3426805123
	3426805124
	3426805125
	3426805126
	3426805127
	3426805128
	3426805129
	3426805130
	3426805131
	3426805132
	3426805133
	3426805134
	3426805135
	3426805136
	3426805137
	3426805138
	3426805139
	3426805140
	3426805141
	3426805142
	3426805143
	3426805144
	3426805145
	3426805146
	3426805147
	3426805148
	3426805149
	3426805150
	3426805151
	3426805152
	3426805153
	3426805154
	3426805155
	3426805156
	3426805157
	3426805158
	3426805159
	3426805160
	3426805161
	3426805162
	3426805163
	3426805164
	3426805165
	3426805166
	3426805167
	3426805168
	3426805169
	3426805170
	3426805171
	3426805172
	3426805173
	3426805174
	3426805175
	3426805176
	3426805177
	3426805178
	3426805179
	3426805180
	3426805181
	3426805182
	3426805183
	3426805184
	3426805185
	3426805186
	3426805187
	3426805188
	3426805189
	3426805190
	3426805191
	3426805192
	3426805193
	3426805194
	3426805195
	3426805196
	3426805197
	3426805198
	3426805199
	3426805200
	3426805201
	3426805202
	3426805203
	3426805204
	3426805205
	3426805206
	3426805207
	3426805208
	3426805209
	3426805210
	3426805211
	3426805212
	3426805213
	3426805214
	3426805215
	3426805216
	3426805217
	3426805218
	3426805219
	3426805220
	3426805221
	3426805222
	3426805223
	3426805224
	3426805225
	3426805226
	3426805227
	3426805228
	3426805229
	3426805230
	3426805231
	3426805232
	3426805233
	3426805234
	3426805235
	3426805236
	3426805237
	3426805238
	3426805239
	3426805240
	3426805241
	3426805242
	3426805243
	3426805244
	3426805245
	3426805246
	3426805247
	3426805248
	3426805249
	3426805250
	3426805251
	3426805252
	3426805253
	3426805254
	3426805255
	3426805256
	3426805257
	3426805258
	3426805259
	3426805260
	3426805261
	3426805262
	3426805263
	3426805264
	3426805265
	3426805266
	3426805267
	3426805268
	3426805269
	3426805270
	3426805271
	3426805272
	3426805273
	3426805274
	3426805275
	3426805276
	3426805277
	3426805278
	3426805279
	3426805280
	3426805281
	3426805282
	3426805283
	3426805284
	3426805285
	3426805286
	3426805287
	3426805288
	3426805289
	3426805290
	3426805291
	3426805292
	3426805293
	3426805294
	3426805295
	3426805296
	3426805297
	3426805298
	3426805299
	3426805300
	3426805301
	3426805302
	3426805303
	3426805304
	3426805305
	3426805306
	3426805307
	3426805308
	3426805309
	3426805310
	3426805311
	3426805312
	3426805313
	3426805314
	3426805315
	3426805316
	3426805317
	3426805318
	3426805319
	3426805320
	3426805321
	3426805322
	3426805323
	3426805324
	3426805325
	3426805326
	3426805327
	3426805328
	3426805329
	3426805330
	3426805331
	3426805332
	3426805333
	3426805334
	3426805335
	3426805336
	3426805337
	3426805338
	3426805339
	3426805340
	3426805341
	3426805342
	3426805343
	3426805344
	3426805345
	3426805346
	3426805347
	3426805348
	3426805349
	3426805350
	3426805351
	3426805352
	3426805353
	3426805354
	3426805355
	3426805356
	3426805357
	3426805358
	3426805359
	3426805360
	3426805361
	3426805362
	3426805363
	3426805364
	3426805365
	3426805366
	3426805367
	3426805368
	3426805369
	3426805370
	3426805371
	3426805372
	3426805373
	3426805374
	3426805375
	3426805376
	3426805377
	3426805378
	3426805379
	3426805380
	3426805381
	3426805382
	3426805383
	3426805384
	3426805385
	3426805386
	3426805387
	3426805388
	3426805389
	3426805390
	3426805391
	3426805392
	3426805393
	3426805394
	3426805395
	3426805396
	3426805397
	3426805398
	3426805399
	3426805400
	3426805401
	3426805402
	3426805403
	3426805404
	3426805405
	3426805406
	3426805407
	3426805408
	3426805409
	3426805410
	3426805411
	3426805412
	3426805413
	3426805414
	3426805415
	3426805416
	3426805417
	3426805418
	3426805419
	3426805420
	3426805421
	3426805422
	3426805423
	3426805424
	3426805425
	3426805426
	3426805427
	3426805428
	3426805429
	3426805430
	3426805431
	3426805432
	3426805433
	3426805434
	3426805435
	3426805436
	3426805437
	3426805438
	3426805439
	3426805440
	3426805441
	3426805442
	3426805443
	3426805444
	3426805445
	3426805446
	3426805447
	3426805448
	3426805449
	3426805450
	3426805451
	3426805452
	3426805453
	3426805454
	3426805455
	3426805456
	3426805457
	3426805458
	3426805459
	3426805460
	3426805461
	3426805462
	3426805463
	3426805464
	3426805465
	3426805466
	3426805467
	3426805468
	3426805469
	3426805470
	3426805471
	3426805472
	3426805473
	3426805474
	3426805475
	3426805476
	3426805477
	3426805478
	3426805479
	3426805480
	3426805481
	3426805482
	3426805483
	3426805484
	3426805485
	3426805486
	3426805487
	3426805488
	3426805489
	3426805490
	3426805491
	3426805492
	3426805493
	3426805494
	3426805495
	3426805496
	3426805497
	3426805498
	3426805499
	3426805500
	3426805501
	3426805502
	3426805503
	3426805504
	3426805505
	3426805506
	3426805507
	3426805508
	3426805509
	3426805510
	3426805511
	3426805512
	3426805513
	3426805514
	3426805515
	3426805516
	3426805517
	3426805518
	3426805519
	3426805520
	3426805521
	3426805522
	3426805523
	3426805524
	3426805525
	3426805526
	3426805527
	3426805528
	3426805529
	3426805530
	3426805531
	3426805532
	3426805533
	3426805534
	3426805535
	3426805536
	3426805537
	3426805538
	3426805539
	3426805540
	3426805541
	3426805542
	3426805543
	3426805544
	3426805545
	3426805546
	3426805547
	3426805548
	3426805549
	3426805550
	3426805551
	3426805552
	3426805553
	3426805554
	3426805555
	3426805556
	3426805557
	3426805558
	3426805559
	3426805560
	3426805561
	3426805562
	3426805563
	3426805564
	3426805565
	3426805566
	3426805567
	3426805568
	3426805569
	3426805570
	3426805571
	3426805572
	3426805573
	3426805574
	3426805575
	3426805576
	3426805577
	3426805578
	3426805579
	3426805580
	3426805581
	3426805582
	3426805583
	3426805584
	3426805585
	3426805586
	3426805587
	3426805588
	3426805589
	3426805590
	3426805591
	3426805592
	3426805593
	3426805594
	3426805595
	3426805596
	3426805597
	3426805598
	3426805599
	3426805600
	3426805601
	3426805602
	3426805603
	3426805604
	3426805605
	3426805606
	3426805607
	3426805608
	3426805609
	3426805610
	3426805611
	3426805612
	3426805613
	3426805614
	3426805615
	3426805616
	3426805617
	3426805618
	3426805619
	3426805620
	3426805621
	3426805622
	3426805623
	3426805624
	3426805625
	3426805626
	3426805627
	3426805628
	3426805629
	3426805630
	3426805631
	3426805632
	3426805633
	3426805634
	3426805635
	3426805636
	3426805637
	3426805638
	3426805639
	3426805640
	3426805641
	3426805642
	3426805643
	3426805644
	3426805645
	3426805646
	3426805647
	3426805648
	3426805649
	3426805650
	3426805651
	3426805652
	3426805653
	3426805654
	3426805655
	3426805656
	3426805657
	3426805658
	3426805659
	3426805660
	3426805661
	3426805662
	3426805663
	3426805664
	3426805665
	3426805666
	3426805667
	3426805668
	3426805669
	3426805670
	3426805671
	3426805672
	3426805673
	3426805674
	3426805675
	3426805676
	3426805677
	3426805678
	3426805679
	3426805680
	3426805681
	3426805682
	3426805683
	3426805684
	3426805685
	3426805686
	3426805687
	3426805688
	3426805689
	3426805690
	3426805691
	3426805692
	3426805693
	3426805694
	3426805695
	3426805696
	3426805697
	3426805698
	3426805699
	3426805700
	3426805701
	3426805702
	3426805703
	3426805704
	3426805705
	3426805706
	3426805707
	3426805708
	3426805709
	3426805710
	3426805711
	3426805712
	3426805713
	3426805714
	3426805715
	3426805716
	3426805717
	3426805718
	3426805719
	3426805720
	3426805721
	3426805722
	3426805723
	3426805724
	3426805725
	3426805726
	3426805727
	3426805728
	3426805729
	3426805730
	3426805731
	3426805732
	3426805733
	3426805734
	3426805735
	3426805736
	3426805737
	3426805738
	3426805739
	3426805740
	3426805741
	3426805742
	3426805743
	3426805744
	3426805745
	3426805746
	3426805747
	3426805748
	3426805749
	3426805750
	3426805751
	3426805752
	3426805753
	3426805754
	3426805755
	3426805756
	3426805757
	3426805758
	3426805759
	3426805760
	3426805761
	3426805762
	3426805763
	3426805764
	3426805765
	3426805766
	3426805767
	3426805768
	3426805769
	3426805770
	3426805771
	3426805772
	3426805773
	3426805774
	3426805775
	3426805776
	3426805777
	3426805778
	3426805779
	3426805780
	3426805781
	3426805782
	3426805783
	3426805784
	3426805785
	3426805786
	3426805787
	3426805788
	3426805789
	3426805790
	3426805791
	3426805792
	3426805793
	3426805794
	3426805795
	3426805796
	3426805797
	3426805798
	3426805799
	3426805800
	3426805801
	3426805802
	3426805803
	3426805804
	3426805805
	3426805806
	3426805807
	3426805808
	3426805809
	3426805810
	3426805811
	3426805812
	3426805813
	3426805814
	3426805815
	3426805816
	3426805817
	3426805818
	3426805819
	3426805820
	3426805821
	3426805822
	3426805823
	3426805824
	3426805825
	3426805826
	3426805827
	3426805828
	3426805829
	3426805830
	3426805831
	3426805832
	3426805833
	3426805834
	3426805835
	3426805836
	3426805837
	3426805838
	3426805839
	3426805840
	3426805841
	3426805842
	3426805843
	3426805844
	3426805845
	3426805846
	3426805847
	3426805848
	3426805849
	3426805850
	3426805851
	3426805852
	3426805853
	3426805854
	3426805855
	3426805856
	3426805857
	3426805858
	3426805859
	3426805860
	3426805861
	3426805862
	3426805863
	3426805864
	3426805865
	3426805866
	3426805867
	3426805868
	3426805869
	3426805870
	3426805871
	3426805872
	3426805873
	3426805874
	3426805875
	3426805876
	3426805877
	3426805878
	3426805879
	3426805880
	3426805881
	3426805882
	3426805883
	3426805884
	3426805885
	3426805886
	3426805887
	3426805888
	3426805889
	3426805890
	3426805891
	3426805892
	3426805893
	3426805894
	3426805895
	3426805896
	3426805897
	3426805898
	3426805899
	3426805900
	3426805901
	3426805902
	3426805903
	3426805904
	3426805905
	3426805906
	3426805907
	3426805908
	3426805909
	3426805910
	3426805911
	3426805912
	3426805913
	3426805914
	3426805915
	3426805916
	3426805917
	3426805918
	3426805919
	3426805920
	3426805921
	3426805922
	3426805923
	3426805924
	3426805925
	3426805926
	3426805927
	3426805928
	3426805929
	3426805930
	3426805931
	3426805932
	3426805933
	3426805934
	3426805935
	3426805936
	3426805937
	3426805938
	3426805939
	3426805940
	3426805941
	3426805942
	3426805943
	3426805944
	3426805945
	3426805946
	3426805947
	3426805948
	3426805949
	3426805950
	3426805951
	3426805952
	3426805953
	3426805954
	3426805955
	3426805956
	3426805957
	3426805958
	3426805959
	3426805960
	3426805961
	3426805962
	3426805963
	3426805964
	3426805965
	3426805966
	3426805967
	3426805968
	3426805969
	3426805970
	3426805971
	3426805972
	3426805973
	3426805974
	3426805975
	3426805976
	3426805977
	3426805978
	3426805979
	3426805980
	3426805981
	3426805982
	3426805983
	3426805984
	3426805985
	3426805986
	3426805987
	3426805988
	3426805989
	3426805990
	3426805991
	3426805992
	3426805993
	3426805994
	3426805995
	3426805996
	3426805997
	3426805998
	3426805999
	3426806000
	3426806001
	3426806002
	3426806003
	3426806004
	3426806005
	3426806006
	3426806007
	3426806008
	3426806009
	3426806010
	3426806011
	3426806012
	3426806013
	3426806014
	3426806015
	3426806016
	3426806017
	3426806018
	3426806019
	3426806020
	3426806021
	3426806022
	3426806023
	3426806024
	3426806025
	3426806026
	3426806027
	3426806028
	3426806029
	3426806030
	3426806031
	3426806032
	3426806033
	3426806034
	3426806035
	3426806036
	3426806037
	3426806038
	3426806039
	3426806040
	3426806041
	3426806042
	3426806043
	3426806044
	3426806045
	3426806046
	3426806047
	3426806048
	3426806049
	3426806050
	3426806051
	3426806052
	3426806053
	3426806054
	3426806055
	3426806056
	3426806057
	3426806058
	3426806059
	3426806060
	3426806061
	3426806062
	3426806063
	3426806064
	3426806065
	3426806066
	3426806067
	3426806068
	3426806069
	3426806070
	3426806071
	3426806072
	3426806073
	3426806074
	3426806075
	3426806076
	3426806077
	3426806078
	3426806079
	3426806080
	3426806081
	3426806082
	3426806083
	3426806084
	3426806085
	3426806086
	3426806087
	3426806088
	3426806089
	3426806090
	3426806091
	3426806092
	3426806093
	3426806094
	3426806095
	3426806096
	3426806097
	3426806098
	3426806099
	3426806100
	3426806101
	3426806102
	3426806103
	3426806104
	3426806105
	3426806106
	3426806107
	3426806108
	3426806109
	3426806110
	3426806111
	3426806112
	3426806113
	3426806114
	3426806115
	3426806116
	3426806117
	3426806118
	3426806119
	3426806120
	3426806121
	3426806122
	3426806123
	3426806124
	3426806125
	3426806126
	3426806127
	3426806128
	3426806129
	3426806130
	3426806131
	3426806132
	3426806133
	3426806134
	3426806135
	3426806136
	3426806137
	3426806138
	3426806139
	3426806140
	3426806141
	3426806142
	3426806143
	3426806144
	3426806145
	3426806146
	3426806147
	3426806148
	3426806149
	3426806150
	3426806151
	3426806152
	3426806153
	3426806154
	3426806155
	3426806156
	3426806157
	3426806158
	3426806159
	3426806160
	3426806161
	3426806162
	3426806163
	3426806164
	3426806165
	3426806166
	3426806167
	3426806168
	3426806169
	3426806170
	3426806171
	3426806172
	3426806173
	3426806174
	3426806175
	3426806176
	3426806177
	3426806178
	3426806179
	3426806180
	3426806181
	3426806182
	3426806183
	3426806184
	3426806185
	3426806186
	3426806187
	3426806188
	3426806189
	3426806190
	3426806191
	3426806192
	3426806193
	3426806194
	3426806195
	3426806196
	3426806197
	3426806198
	3426806199
	3426806200
	3426806201
	3426806202
	3426806203
	3426806204
	3426806205
	3426806206
	3426806207
	3426806208
	3426806209
	3426806210
	3426806211
	3426806212
	3426806213
	3426806214
	3426806215
	3426806216
	3426806217
	3426806218
	3426806219
	3426806220
	3426806221
	3426806222
	3426806223
	3426806224
	3426806225
	3426806226
	3426806227
	3426806228
	3426806229
	3426806230
	3426806231
	3426806232
	3426806233
	3426806234
	3426806235
	3426806236
	3426806237
	3426806238
	3426806239
	3426806240
	3426806241
	3426806242
	3426806243
	3426806244
	3426806245
	3426806246
	3426806247
	3426806248
	3426806249
	3426806250
	3426806251
	3426806252
	3426806253
	3426806254
	3426806255
	3426806256
	3426806257
	3426806258
	3426806259
	3426806260
	3426806261
	3426806262
	3426806263
	3426806264
	3426806265
	3426806266
	3426806267
	3426806268
	3426806269
	3426806270
	3426806271
	3426806272
	3426806273
	3426806274
	3426806275
	3426806276
	3426806277
	3426806278
	3426806279
	3426806280
	3426806281
	3426806282
	3426806283
	3426806284
	3426806285
	3426806286
	3426806287
	3426806288
	3426806289
	3426806290
	3426806291
	3426806292
	3426806293
	3426806294
	3426806295
	3426806296
	3426806297
	3426806298
	3426806299
	3426806300
	3426806301
	3426806302
	3426806303
	3426806304
	3426806305
	3426806306
	3426806307
	3426806308
	3426806309
	3426806310
	3426806311
	3426806312
	3426806313
	3426806314
	3426806315
	3426806316
	3426806317
	3426806318
	3426806319
	3426806320
	3426806321
	3426806322
	3426806323
	3426806324
	3426806325
	3426806326
	3426806327
	3426806328
	3426806329
	3426806330
	3426806331
	3426806332
	3426806333
	3426806334
	3426806335
	3426806336
	3426806337
	3426806338
	3426806339
	3426806340
	3426806341
	3426806342
	3426806343
	3426806344
	3426806345
	3426806346
	3426806347
	3426806348
	3426806349
	3426806350
	3426806351
	3426806352
	3426806353
	3426806354
	3426806355
	3426806356
	3426806357
	3426806358
	3426806359
	3426806360
	3426806361
	3426806362
	3426806363
	3426806364
	3426806365
	3426806366
	3426806367
	3426806368
	3426806369
	3426806370
	3426806371
	3426806372
	3426806373
	3426806374
	3426806375
	3426806376
	3426806377
	3426806378
	3426806379
	3426806380
	3426806381
	3426806382
	3426806383
	3426806384
	3426806385
	3426806386
	3426806387
	3426806388
	3426806389
	3426806390
	3426806391
	3426806392
	3426806393
	3426806394
	3426806395
	3426806396
	3426806397
	3426806398
	3426806399
	3426806400
	3426806401
	3426806402
	3426806403
	3426806404
	3426806405
	3426806406
	3426806407
	3426806408
	3426806409
	3426806410
	3426806411
	3426806412
	3426806413
	3426806414
	3426806415
	3426806416
	3426806417
	3426806418
	3426806419
	3426806420
	3426806421
	3426806422
	3426806423
	3426806424
	3426806425
	3426806426
	3426806427
	3426806428
	3426806429
	3426806430
	3426806431
	3426806432
	3426806433
	3426806434
	3426806435
	3426806436
	3426806437
	3426806438
	3426806439
	3426806440
	3426806441
	3426806442
	3426806443
	3426806444
	3426806445
	3426806446
	3426806447
	3426806448
	3426806449
	3426806450
	3426806451
	3426806452
	3426806453
	3426806454
	3426806455
	3426806456
	3426806457
	3426806458
	3426806459
	3426806460
	3426806461
	3426806462
	3426806463
	3426806464
	3426806465
	3426806466
	3426806467
	3426806468
	3426806469
	3426806470
	3426806471
	3426806472
	3426806473
	3426806474
	3426806475
	3426806476
	3426806477
	3426806478
	3426806479
	3426806480
	3426806481
	3426806482
	3426806483
	3426806484
	3426806485
	3426806486
	3426806487
	3426806488
	3426806489
	3426806490
	3426806491
	3426806492
	3426806493
	3426806494
	3426806495
	3426806496
	3426806497
	3426806498
	3426806499
	3426806500
	3426806501
	3426806502
	3426806503
	3426806504
	3426806505
	3426806506
	3426806507
	3426806508
	3426806509
	3426806510
	3426806511
	3426806512
	3426806513
	3426806514
	3426806515
	3426806516
	3426806517
	3426806518
	3426806519
	3426806520
	3426806521
	3426806522
	3426806523
	3426806524
	3426806525
	3426806526
	3426806527
	3426806528
	3426806529
	3426806530
	3426806531
	3426806532
	3426806533
	3426806534
	3426806535
	3426806536
	3426806537
	3426806538
	3426806539
	3426806540
	3426806541
	3426806542
	3426806543
	3426806544
	3426806545
	3426806546
	3426806547
	3426806548
	3426806549
	3426806550
	3426806551
	3426806552
	3426806553
	3426806554
	3426806555
	3426806556
	3426806557
	3426806558
	3426806559
	3426806560
	3426806561
	3426806562
	3426806563
	3426806564
	3426806565
	3426806566
	3426806567
	3426806568
	3426806569
	3426806570
	3426806571
	3426806572
	3426806573
	3426806574
	3426806575
	3426806576
	3426806577
	3426806578
	3426806579
	3426806580
	3426806581
	3426806582
	3426806583
	3426806584
	3426806585
	3426806586
	3426806587
	3426806588
	3426806589
	3426806590
	3426806591
	3426806592
	3426806593
	3426806594
	3426806595
	3426806596
	3426806597
	3426806598
	3426806599
	3426806600
	3426806601
	3426806602
	3426806603
	3426806604
	3426806605
	3426806606
	3426806607
	3426806608
	3426806609
	3426806610
	3426806611
	3426806612
	3426806613
	3426806614
	3426806615
	3426806616
	3426806617
	3426806618
	3426806619
	3426806620
	3426806621
	3426806622
	3426806623
	3426806624
	3426806625
	3426806626
	3426806627
	3426806628
	3426806629
	3426806630
	3426806631
	3426806632
	3426806633
	3426806634
	3426806635
	3426806636
	3426806637
	3426806638
	3426806639
	3426806640
	3426806641
	3426806642
	3426806643
	3426806644
	3426806645
	3426806646
	3426806647
	3426806648
	3426806649
	3426806650
	3426806651
	3426806652
	3426806653
	3426806654
	3426806655
	3426806656
	3426806657
	3426806658
	3426806659
	3426806660
	3426806661
	3426806662
	3426806663
	3426806664
	3426806665
	3426806666
	3426806667
	3426806668
	3426806669
	3426806670
	3426806671
	3426806672
	3426806673
	3426806674
	3426806675
	3426806676
	3426806677
	3426806678
	3426806679
	3426806680
	3426806681
	3426806682
	3426806683
	3426806684
	3426806685
	3426806686
	3426806687
	3426806688
	3426806689
	3426806690
	3426806691
	3426806692
	3426806693
	3426806694
	3426806695
	3426806696
	3426806697
	3426806698
	3426806699
	3426806700
	3426806701
	3426806702
	3426806703
	3426806704
	3426806705
	3426806706
	3426806707
	3426806708
	3426806709
	3426806710
	3426806711
	3426806712
	3426806713
	3426806714
	3426806715
	3426806716
	3426806717
	3426806718
	3426806719
	3426806720
	3426806721
	3426806722
	3426806723
	3426806724
	3426806725
	3426806726
	3426806727
	3426806728
	3426806729
	3426806730
	3426806731
	3426806732
	3426806733
	3426806734
	3426806735
	3426806736
	3426806737
	3426806738
	3426806739
	3426806740
	3426806741
	3426806742
	3426806743
	3426806744
	3426806745
	3426806746
	3426806747
	3426806748
	3426806749
	3426806750
	3426806751
	3426806752
	3426806753
	3426806754
	3426806755
	3426806756
	3426806757
	3426806758
	3426806759
	3426806760
	3426806761
	3426806762
	3426806763
	3426806764
	3426806765
	3426806766
	3426806767
	3426806768
	3426806769
	3426806770
	3426806771
	3426806772
	3426806773
	3426806774
	3426806775
	3426806776
	3426806777
	3426806778
	3426806779
	3426806780
	3426806781
	3426806782
	3426806783
	3426806784
	3426806785
	3426806786
	3426806787
	3426806788
	3426806789
	3426806790
	3426806791
	3426806792
	3426806793
	3426806794
	3426806795
	3426806796
	3426806797
	3426806798
	3426806799
	3426806800
	3426806801
	3426806802
	3426806803
	3426806804
	3426806805
	3426806806
	3426806807
	3426806808
	3426806809
	3426806810
	3426806811
	3426806812
	3426806813
	3426806814
	3426806815
	3426806816
	3426806817
	3426806818
	3426806819
	3426806820
	3426806821
	3426806822
	3426806823
	3426806824
	3426806825
	3426806826
	3426806827
	3426806828
	3426806829
	3426806830
	3426806831
	3426806832
	3426806833
	3426806834
	3426806835
	3426806836
	3426806837
	3426806838
	3426806839
	3426806840
	3426806841
	3426806842
	3426806843
	3426806844
	3426806845
	3426806846
	3426806847
	3426806848
	3426806849
	3426806850
	3426806851
	3426806852
	3426806853
	3426806854
	3426806855
	3426806856
	3426806857
	3426806858
	3426806859
	3426806860
	3426806861
	3426806862
	3426806863
	3426806864
	3426806865
	3426806866
	3426806867
	3426806868
	3426806869
	3426806870
	3426806871
	3426806872
	3426806873
	3426806874
	3426806875
	3426806876
	3426806877
	3426806878
	3426806879
	3426806880
	3426806881
	3426806882
	3426806883
	3426806884
	3426806885
	3426806886
	3426806887
	3426806888
	3426806889
	3426806890
	3426806891
	3426806892
	3426806893
	3426806894
	3426806895
	3426806896
	3426806897
	3426806898
	3426806899
	3426806900
	3426806901
	3426806902
	3426806903
	3426806904
	3426806905
	3426806906
	3426806907
	3426806908
	3426806909
	3426806910
	3426806911
	3426806912
	3426806913
	3426806914
	3426806915
	3426806916
	3426806917
	3426806918
	3426806919
	3426806920
	3426806921
	3426806922
	3426806923
	3426806924
	3426806925
	3426806926
	3426806927
	3426806928
	3426806929
	3426806930
	3426806931
	3426806932
	3426806933
	3426806934
	3426806935
	3426806936
	3426806937
	3426806938
	3426806939
	3426806940
	3426806941
	3426806942
	3426806943
	3426806944
	3426806945
	3426806946
	3426806947
	3426806948
	3426806949
	3426806950
	3426806951
	3426806952
	3426806953
	3426806954
	3426806955
	3426806956
	3426806957
	3426806958
	3426806959
	3426806960
	3426806961
	3426806962
	3426806963
	3426806964
	3426806965
	3426806966
	3426806967
	3426806968
	3426806969
	3426806970
	3426806971
	3426806972
	3426806973
	3426806974
	3426806975
	3426806976
	3426806977
	3426806978
	3426806979
	3426806980
	3426806981
	3426806982
	3426806983
	3426806984
	3426806985
	3426806986
	3426806987
	3426806988
	3426806989
	3426806990
	3426806991
	3426806992
	3426806993
	3426806994
	3426806995
	3426806996
	3426806997
	3426806998
	3426806999
	3426807000
	3426807001
	3426807002
	3426807003
	3426807004
	3426807005
	3426807006
	3426807007
	3426807008
	3426807009
	3426807010
	3426807011
	3426807012
	3426807013
	3426807014
	3426807015
	3426807016
	3426807017
	3426807018
	3426807019
	3426807020
	3426807021
	3426807022
	3426807023
	3426807024
	3426807025
	3426807026
	3426807027
	3426807028
	3426807029
	3426807030
	3426807031
	3426807032
	3426807033
	3426807034
	3426807035
	3426807036
	3426807037
	3426807038
	3426807039
	3426807040
	3426807041
	3426807042
	3426807043
	3426807044
	3426807045
	3426807046
	3426807047
	3426807048
	3426807049
	3426807050
	3426807051
	3426807052
	3426807053
	3426807054
	3426807055
	3426807056
	3426807057
	3426807058
	3426807059
	3426807060
	3426807061
	3426807062
	3426807063
	3426807064
	3426807065
	3426807066
	3426807067
	3426807068
	3426807069
	3426807070
	3426807071
	3426807072
	3426807073
	3426807074
	3426807075
	3426807076
	3426807077
	3426807078
	3426807079
	3426807080
	3426807081
	3426807082
	3426807083
	3426807084
	3426807085
	3426807086
	3426807087
	3426807088
	3426807089
	3426807090
	3426807091
	3426807092
	3426807093
	3426807094
	3426807095
	3426807096
	3426807097
	3426807098
	3426807099
	3426807100
	3426807101
	3426807102
	3426807103
	3426807104
	3426807105
	3426807106
	3426807107
	3426807108
	3426807109
	3426807110
	3426807111
	3426807112
	3426807113
	3426807114
	3426807115
	3426807116
	3426807117
	3426807118
	3426807119
	3426807120
	3426807121
	3426807122
	3426807123
	3426807124
	3426807125
	3426807126
	3426807127
	3426807128
	3426807129
	3426807130
	3426807131
	3426807132
	3426807133
	3426807134
	3426807135
	3426807136
	3426807137
	3426807138
	3426807139
	3426807140
	3426807141
	3426807142
	3426807143
	3426807144
	3426807145
	3426807146
	3426807147
	3426807148
	3426807149
	3426807150
	3426807151
	3426807152
	3426807153
	3426807154
	3426807155
	3426807156
	3426807157
	3426807158
	3426807159
	3426807160
	3426807161
	3426807162
	3426807163
	3426807164
	3426807165
	3426807166
	3426807167
	3426807168
	3426807169
	3426807170
	3426807171
	3426807172
	3426807173
	3426807174
	3426807175
	3426807176
	3426807177
	3426807178
	3426807179
	3426807180
	3426807181
	3426807182
	3426807183
	3426807184
	3426807185
	3426807186
	3426807187
	3426807188
	3426807189
	3426807190
	3426807191
	3426807192
	3426807193
	3426807194
	3426807195
	3426807196
	3426807197
	3426807198
	3426807199
	3426807200
	3426807201
	3426807202
	3426807203
	3426807204
	3426807205
	3426807206
	3426807207
	3426807208
	3426807209
	3426807210
	3426807211
	3426807212
	3426807213
	3426807214
	3426807215
	3426807216
	3426807217
	3426807218
	3426807219
	3426807220
	3426807221
	3426807222
	3426807223
	3426807224
	3426807225
	3426807226
	3426807227
	3426807228
	3426807229
	3426807230
	3426807231
	3426807232
	3426807233
	3426807234
	3426807235
	3426807236
	3426807237
	3426807238
	3426807239
	3426807240
	3426807241
	3426807242
	3426807243
	3426807244
	3426807245
	3426807246
	3426807247
	3426807248
	3426807249
	3426807250
	3426807251
	3426807252
	3426807253
	3426807254
	3426807255
	3426807256
	3426807257
	3426807258
	3426807259
	3426807260
	3426807261
	3426807262
	3426807263
	3426807264
	3426807265
	3426807266
	3426807267
	3426807268
	3426807269
	3426807270
	3426807271
	3426807272
	3426807273
	3426807274
	3426807275
	3426807276
	3426807277
	3426807278
	3426807279
	3426807280
	3426807281
	3426807282
	3426807283
	3426807284
	3426807285
	3426807286
	3426807287
	3426807288
	3426807289
	3426807290
	3426807291
	3426807292
	3426807293
	3426807294
	3426807295
	3426807296
	3426807297
	3426807298
	3426807299
	3426807300
	3426807301
	3426807302
	3426807303
	3426807304
	3426807305
	3426807306
	3426807307
	3426807308
	3426807309
	3426807310
	3426807311
	3426807312
	3426807313
	3426807314
	3426807315
	3426807316
	3426807317
	3426807318
	3426807319
	3426807320
	3426807321
	3426807322
	3426807323
	3426807324
	3426807325
	3426807326
	3426807327
	3426807328
	3426807329
	3426807330
	3426807331
	3426807332
	3426807333
	3426807334
	3426807335
	3426807336
	3426807337
	3426807338
	3426807339
	3426807340
	3426807341
	3426807342
	3426807343
	3426807344
	3426807345
	3426807346
	3426807347
	3426807348
	3426807349
	3426807350
	3426807351
	3426807352
	3426807353
	3426807354
	3426807355
	3426807356
	3426807357
	3426807358
	3426807359
	3426807360
	3426807361
	3426807362
	3426807363
	3426807364
	3426807365
	3426807366
	3426807367
	3426807368
	3426807369
	3426807370
	3426807371
	3426807372
	3426807373
	3426807374
	3426807375
	3426807376
	3426807377
	3426807378
	3426807379
	3426807380
	3426807381
	3426807382
	3426807383
	3426807384
	3426807385
	3426807386
	3426807387
	3426807388
	3426807389
	3426807390
	3426807391
	3426807392
	3426807393
	3426807394
	3426807395
	3426807396
	3426807397
	3426807398
	3426807399
	3426807400
	3426807401
	3426807402
	3426807403
	3426807404
	3426807405
	3426807406
	3426807407
	3426807408
	3426807409
	3426807410
	3426807411
	3426807412
	3426807413
	3426807414
	3426807415
	3426807416
	3426807417
	3426807418
	3426807419
	3426807420
	3426807421
	3426807422
	3426807423
	3426807424
	3426807425
	3426807426
	3426807427
	3426807428
	3426807429
	3426807430
	3426807431
	3426807432
	3426807433
	3426807434
	3426807435
	3426807436
	3426807437
	3426807438
	3426807439
	3426807440
	3426807441
	3426807442
	3426807443
	3426807444
	3426807445
	3426807446
	3426807447
	3426807448
	3426807449
	3426807450
	3426807451
	3426807452
	3426807453
	3426807454
	3426807455
	3426807456
	3426807457
	3426807458
	3426807459
	3426807460
	3426807461
	3426807462
	3426807463
	3426807464
	3426807465
	3426807466
	3426807467
	3426807468
	3426807469
	3426807470
	3426807471
	3426807472
	3426807473
	3426807474
	3426807475
	3426807476
	3426807477
	3426807478
	3426807479
	3426807480
	3426807481
	3426807482
	3426807483
	3426807484
	3426807485
	3426807486
	3426807487
	3426807488
	3426807489
	3426807490
	3426807491
	3426807492
	3426807493
	3426807494
	3426807495
	3426807496
	3426807497
	3426807498
	3426807499
	3426807500
	3426807501
	3426807502
	3426807503
	3426807504
	3426807505
	3426807506
	3426807507
	3426807508
	3426807509
	3426807510
	3426807511
	3426807512
	3426807513
	3426807514
	3426807515
	3426807516
	3426807517
	3426807518
	3426807519
	3426807520
	3426807521
	3426807522
	3426807523
	3426807524
	3426807525
	3426807526
	3426807527
	3426807528
	3426807529
	3426807530
	3426807531
	3426807532
	3426807533
	3426807534
	3426807535
	3426807536
	3426807537
	3426807538
	3426807539
	3426807540
	3426807541
	3426807542
	3426807543
	3426807544
	3426807545
	3426807546
	3426807547
	3426807548
	3426807549
	3426807550
	3426807551
	3426807552
	3426807553
	3426807554
	3426807555
	3426807556
	3426807557
	3426807558
	3426807559
	3426807560
	3426807561
	3426807562
	3426807563
	3426807564
	3426807565
	3426807566
	3426807567
	3426807568
	3426807569
	3426807570
	3426807571
	3426807572
	3426807573
	3426807574
	3426807575
	3426807576
	3426807577
	3426807578
	3426807579
	3426807580
	3426807581
	3426807582
	3426807583
	3426807584
	3426807585
	3426807586
	3426807587
	3426807588
	3426807589
	3426807590
	3426807591
	3426807592
	3426807593
	3426807594
	3426807595
	3426807596
	3426807597
	3426807598
	3426807599
	3426807600
	3426807601
	3426807602
	3426807603
	3426807604
	3426807605
	3426807606
	3426807607
	3426807608
	3426807609
	3426807610
	3426807611
	3426807612
	3426807613
	3426807614
	3426807615
	3426807616
	3426807617
	3426807618
	3426807619
	3426807620
	3426807621
	3426807622
	3426807623
	3426807624
	3426807625
	3426807626
	3426807627
	3426807628
	3426807629
	3426807630
	3426807631
	3426807632
	3426807633
	3426807634
	3426807635
	3426807636
	3426807637
	3426807638
	3426807639
	3426807640
	3426807641
	3426807642
	3426807643
	3426807644
	3426807645
	3426807646
	3426807647
	3426807648
	3426807649
	3426807650
	3426807651
	3426807652
	3426807653
	3426807654
	3426807655
	3426807656
	3426807657
	3426807658
	3426807659
	3426807660
	3426807661
	3426807662
	3426807663
	3426807664
	3426807665
	3426807666
	3426807667
	3426807668
	3426807669
	3426807670
	3426807671
	3426807672
	3426807673
	3426807674
	3426807675
	3426807676
	3426807677
	3426807678
	3426807679
	3426807680
	3426807681
	3426807682
	3426807683
	3426807684
	3426807685
	3426807686
	3426807687
	3426807688
	3426807689
	3426807690
	3426807691
	3426807692
	3426807693
	3426807694
	3426807695
	3426807696
	3426807697
	3426807698
	3426807699
	3426807700
	3426807701
	3426807702
	3426807703
	3426807704
	3426807705
	3426807706
	3426807707
	3426807708
	3426807709
	3426807710
	3426807711
	3426807712
	3426807713
	3426807714
	3426807715
	3426807716
	3426807717
	3426807718
	3426807719
	3426807720
	3426807721
	3426807722
	3426807723
	3426807724
	3426807725
	3426807726
	3426807727
	3426807728
	3426807729
	3426807730
	3426807731
	3426807732
	3426807733
	3426807734
	3426807735
	3426807736
	3426807737
	3426807738
	3426807739
	3426807740
	3426807741
	3426807742
	3426807743
	3426807744
	3426807745
	3426807746
	3426807747
	3426807748
	3426807749
	3426807750
	3426807751
	3426807752
	3426807753
	3426807754
	3426807755
	3426807756
	3426807757
	3426807758
	3426807759
	3426807760
	3426807761
	3426807762
	3426807763
	3426807764
	3426807765
	3426807766
	3426807767
	3426807768
	3426807769
	3426807770
	3426807771
	3426807772
	3426807773
	3426807774
	3426807775
	3426807776
	3426807777
	3426807778
	3426807779
	3426807780
	3426807781
	3426807782
	3426807783
	3426807784
	3426807785
	3426807786
	3426807787
	3426807788
	3426807789
	3426807790
	3426807791
	3426807792
	3426807793
	3426807794
	3426807795
	3426807796
	3426807797
	3426807798
	3426807799
	3426807800
	3426807801
	3426807802
	3426807803
	3426807804
	3426807805
	3426807806
	3426807807
	3426807808
	3426807809
	3426807810
	3426807811
	3426807812
	3426807813
	3426807814
	3426807815
	3426807816
	3426807817
	3426807818
	3426807819
	3426807820
	3426807821
	3426807822
	3426807823
	3426807824
	3426807825
	3426807826
	3426807827
	3426807828
	3426807829
	3426807830
	3426807831
	3426807832
	3426807833
	3426807834
	3426807835
	3426807836
	3426807837
	3426807838
	3426807839
	3426807840
	3426807841
	3426807842
	3426807843
	3426807844
	3426807845
	3426807846
	3426807847
	3426807848
	3426807849
	3426807850
	3426807851
	3426807852
	3426807853
	3426807854
	3426807855
	3426807856
	3426807857
	3426807858
	3426807859
	3426807860
	3426807861
	3426807862
	3426807863
	3426807864
	3426807865
	3426807866
	3426807867
	3426807868
	3426807869
	3426807870
	3426807871
	3426807872
	3426807873
	3426807874
	3426807875
	3426807876
	3426807877
	3426807878
	3426807879
	3426807880
	3426807881
	3426807882
	3426807883
	3426807884
	3426807885
	3426807886
	3426807887
	3426807888
	3426807889
	3426807890
	3426807891
	3426807892
	3426807893
	3426807894
	3426807895
	3426807896
	3426807897
	3426807898
	3426807899
	3426807900
	3426807901
	3426807902
	3426807903
	3426807904
	3426807905
	3426807906
	3426807907
	3426807908
	3426807909
	3426807910
	3426807911
	3426807912
	3426807913
	3426807914
	3426807915
	3426807916
	3426807917
	3426807918
	3426807919
	3426807920
	3426807921
	3426807922
	3426807923
	3426807924
	3426807925
	3426807926
	3426807927
	3426807928
	3426807929
	3426807930
	3426807931
	3426807932
	3426807933
	3426807934
	3426807935
	3426807936
	3426807937
	3426807938
	3426807939
	3426807940
	3426807941
	3426807942
	3426807943
	3426807944
	3426807945
	3426807946
	3426807947
	3426807948
	3426807949
	3426807950
	3426807951
	3426807952
	3426807953
	3426807954
	3426807955
	3426807956
	3426807957
	3426807958
	3426807959
	3426807960
	3426807961
	3426807962
	3426807963
	3426807964
	3426807965
	3426807966
	3426807967
	3426807968
	3426807969
	3426807970
	3426807971
	3426807972
	3426807973
	3426807974
	3426807975
	3426807976
	3426807977
	3426807978
	3426807979
	3426807980
	3426807981
	3426807982
	3426807983
	3426807984
	3426807985
	3426807986
	3426807987
	3426807988
	3426807989
	3426807990
	3426807991
	3426807992
	3426807993
	3426807994
	3426807995
	3426807996
	3426807997
	3426807998
	3426807999
	3426808000
	3426808001
	3426808002
	3426808003
	3426808004
	3426808005
	3426808006
	3426808007
	3426808008
	3426808009
	3426808010
	3426808011
	3426808012
	3426808013
	3426808014
	3426808015
	3426808016
	3426808017
	3426808018
	3426808019
	3426808020
	3426808021
	3426808022
	3426808023
	3426808024
	3426808025
	3426808026
	3426808027
	3426808028
	3426808029
	3426808030
	3426808031
	3426808032
	3426808033
	3426808034
	3426808035
	3426808036
	3426808037
	3426808038
	3426808039
	3426808040
	3426808041
	3426808042
	3426808043
	3426808044
	3426808045
	3426808046
	3426808047
	3426808048
	3426808049
	3426808050
	3426808051
	3426808052
	3426808053
	3426808054
	3426808055
	3426808056
	3426808057
	3426808058
	3426808059
	3426808060
	3426808061
	3426808062
	3426808063
	3426808064
	3426808065
	3426808066
	3426808067
	3426808068
	3426808069
	3426808070
	3426808071
	3426808072
	3426808073
	3426808074
	3426808075
	3426808076
	3426808077
	3426808078
	3426808079
	3426808080
	3426808081
	3426808082
	3426808083
	3426808084
	3426808085
	3426808086
	3426808087
	3426808088
	3426808089
	3426808090
	3426808091
	3426808092
	3426808093
	3426808094
	3426808095
	3426808096
	3426808097
	3426808098
	3426808099
	3426808100
	3426808101
	3426808102
	3426808103
	3426808104
	3426808105
	3426808106
	3426808107
	3426808108
	3426808109
	3426808110
	3426808111
	3426808112
	3426808113
	3426808114
	3426808115
	3426808116
	3426808117
	3426808118
	3426808119
	3426808120
	3426808121
	3426808122
	3426808123
	3426808124
	3426808125
	3426808126
	3426808127
	3426808128
	3426808129
	3426808130
	3426808131
	3426808132
	3426808133
	3426808134
	3426808135
	3426808136
	3426808137
	3426808138
	3426808139
	3426808140
	3426808141
	3426808142
	3426808143
	3426808144
	3426808145
	3426808146
	3426808147
	3426808148
	3426808149
	3426808150
	3426808151
	3426808152
	3426808153
	3426808154
	3426808155
	3426808156
	3426808157
	3426808158
	3426808159
	3426808160
	3426808161
	3426808162
	3426808163
	3426808164
	3426808165
	3426808166
	3426808167
	3426808168
	3426808169
	3426808170
	3426808171
	3426808172
	3426808173
	3426808174
	3426808175
	3426808176
	3426808177
	3426808178
	3426808179
	3426808180
	3426808181
	3426808182
	3426808183
	3426808184
	3426808185
	3426808186
	3426808187
	3426808188
	3426808189
	3426808190
	3426808191
	3426808192
	3426808193
	3426808194
	3426808195
	3426808196
	3426808197
	3426808198
	3426808199
	3426808200
	3426808201
	3426808202
	3426808203
	3426808204
	3426808205
	3426808206
	3426808207
	3426808208
	3426808209
	3426808210
	3426808211
	3426808212
	3426808213
	3426808214
	3426808215
	3426808216
	3426808217
	3426808218
	3426808219
	3426808220
	3426808221
	3426808222
	3426808223
	3426808224
	3426808225
	3426808226
	3426808227
	3426808228
	3426808229
	3426808230
	3426808231
	3426808232
	3426808233
	3426808234
	3426808235
	3426808236
	3426808237
	3426808238
	3426808239
	3426808240
	3426808241
	3426808242
	3426808243
	3426808244
	3426808245
	3426808246
	3426808247
	3426808248
	3426808249
	3426808250
	3426808251
	3426808252
	3426808253
	3426808254
	3426808255
	3426808256
	3426808257
	3426808258
	3426808259
	3426808260
	3426808261
	3426808262
	3426808263
	3426808264
	3426808265
	3426808266
	3426808267
	3426808268
	3426808269
	3426808270
	3426808271
	3426808272
	3426808273
	3426808274
	3426808275
	3426808276
	3426808277
	3426808278
	3426808279
	3426808280
	3426808281
	3426808282
	3426808283
	3426808284
	3426808285
	3426808286
	3426808287
	3426808288
	3426808289
	3426808290
	3426808291
	3426808292
	3426808293
	3426808294
	3426808295
	3426808296
	3426808297
	3426808298
	3426808299
	3426808300
	3426808301
	3426808302
	3426808303
	3426808304
	3426808305
	3426808306
	3426808307
	3426808308
	3426808309
	3426808310
	3426808311
	3426808312
	3426808313
	3426808314
	3426808315
	3426808316
	3426808317
	3426808318
	3426808319
	3426808320
	3426808321
	3426808322
	3426808323
	3426808324
	3426808325
	3426808326
	3426808327
	3426808328
	3426808329
	3426808330
	3426808331
	3426808332
	3426808333
	3426808334
	3426808335
	3426808336
	3426808337
	3426808338
	3426808339
	3426808340
	3426808341
	3426808342
	3426808343
	3426808344
	3426808345
	3426808346
	3426808347
	3426808348
	3426808349
	3426808350
	3426808351
	3426808352
	3426808353
	3426808354
	3426808355
	3426808356
	3426808357
	3426808358
	3426808359
	3426808360
	3426808361
	3426808362
	3426808363
	3426808364
	3426808365
	3426808366
	3426808367
	3426808368
	3426808369
	3426808370
	3426808371
	3426808372
	3426808373
	3426808374
	3426808375
	3426808376
	3426808377
	3426808378
	3426808379
	3426808380
	3426808381
	3426808382
	3426808383
	3426808384
	3426808385
	3426808386
	3426808387
	3426808388
	3426808389
	3426808390
	3426808391
	3426808392
	3426808393
	3426808394
	3426808395
	3426808396
	3426808397
	3426808398
	3426808399
	3426808400
	3426808401
	3426808402
	3426808403
	3426808404
	3426808405
	3426808406
	3426808407
	3426808408
	3426808409
	3426808410
	3426808411
	3426808412
	3426808413
	3426808414
	3426808415
	3426808416
	3426808417
	3426808418
	3426808419
	3426808420
	3426808421
	3426808422
	3426808423
	3426808424
	3426808425
	3426808426
	3426808427
	3426808428
	3426808429
	3426808430
	3426808431
	3426808432
	3426808433
	3426808434
	3426808435
	3426808436
	3426808437
