	3426674379
	3426674380
	3426674381
	3426674382
	3426674383
	3426674384
	3426674385
	3426674386
	3426674387
	3426674388
	3426674389
	3426674390
	3426674391
	3426674392
	3426674393
	3426674394
	3426674395
	3426674396
	3426674397
	3426674398
	3426674399
	3426674400
	3426674401
	3426674402
	3426674403
	3426674404
	3426674405
	3426674406
	3426674407
	3426674408
	3426674409
	3426674410
	3426674411
	3426674412
	3426674413
	3426674414
	3426674415
	3426674416
	3426674417
	3426674418
	3426674419
	3426674420
	3426674421
	3426674422
	3426674423
	3426674424
	3426674425
	3426674426
	3426674427
	3426674428
	3426674429
	3426674430
	3426674431
	3426674432
	3426674433
	3426674434
	3426674435
	3426674436
	3426674437
	3426674438
	3426674439
	3426674440
	3426674441
	3426674442
	3426674443
	3426674444
	3426674445
	3426674446
	3426674447
	3426674448
	3426674449
	3426674450
	3426674451
	3426674452
	3426674453
	3426674454
	3426674455
	3426674456
	3426674457
	3426674458
	3426674459
	3426674460
	3426674461
	3426674462
	3426674463
	3426674464
	3426674465
	3426674466
	3426674467
	3426674468
	3426674469
	3426674470
	3426674471
	3426674472
	3426674473
	3426674474
	3426674475
	3426674476
	3426674477
	3426674478
	3426674479
	3426674480
	3426674481
	3426674482
	3426674483
	3426674484
	3426674485
	3426674486
	3426674487
	3426674488
	3426674489
	3426674490
	3426674491
	3426674492
	3426674493
	3426674494
	3426674495
	3426674496
	3426674497
	3426674498
	3426674499
	3426674500
	3426674501
	3426674502
	3426674503
	3426674504
	3426674505
	3426674506
	3426674507
	3426674508
	3426674509
	3426674510
	3426674511
	3426674512
	3426674513
	3426674514
	3426674515
	3426674516
	3426674517
	3426674518
	3426674519
	3426674520
	3426674521
	3426674522
	3426674523
	3426674524
	3426674525
	3426674526
	3426674527
	3426674528
	3426674529
	3426674530
	3426674531
	3426674532
	3426674533
	3426674534
	3426674535
	3426674536
	3426674537
	3426674538
	3426674539
	3426674540
	3426674541
	3426674542
	3426674543
	3426674544
	3426674545
	3426674546
	3426674547
	3426674548
	3426674549
	3426674550
	3426674551
	3426674552
	3426674553
	3426674554
	3426674555
	3426674556
	3426674557
	3426674558
	3426674559
	3426674560
	3426674561
	3426674562
	3426674563
	3426674564
	3426674565
	3426674566
	3426674567
	3426674568
	3426674569
	3426674570
	3426674571
	3426674572
	3426674573
	3426674574
	3426674575
	3426674576
	3426674577
	3426674578
	3426674579
	3426674580
	3426674581
	3426674582
	3426674583
	3426674584
	3426674585
	3426674586
	3426674587
	3426674588
	3426674589
	3426674590
	3426674591
	3426674592
	3426674593
	3426674594
	3426674595
	3426674596
	3426674597
	3426674598
	3426674599
	3426674600
	3426674601
	3426674602
	3426674603
	3426674604
	3426674605
	3426674606
	3426674607
	3426674608
	3426674609
	3426674610
	3426674611
	3426674612
	3426674613
	3426674614
	3426674615
	3426674616
	3426674617
	3426674618
	3426674619
	3426674620
	3426674621
	3426674622
	3426674623
	3426674624
	3426674625
	3426674626
	3426674627
	3426674628
	3426674629
	3426674630
	3426674631
	3426674632
	3426674633
	3426674634
	3426674635
	3426674636
	3426674637
	3426674638
	3426674639
	3426674640
	3426674641
	3426674642
	3426674643
	3426674644
	3426674645
	3426674646
	3426674647
	3426674648
	3426674649
	3426674650
	3426674651
	3426674652
	3426674653
	3426674654
	3426674655
	3426674656
	3426674657
	3426674658
	3426674659
	3426674660
	3426674661
	3426674662
	3426674663
	3426674664
	3426674665
	3426674666
	3426674667
	3426674668
	3426674669
	3426674670
	3426674671
	3426674672
	3426674673
	3426674674
	3426674675
	3426674676
	3426674677
	3426674678
	3426674679
	3426674680
	3426674681
	3426674682
	3426674683
	3426674684
	3426674685
	3426674686
	3426674687
	3426674688
	3426674689
	3426674690
	3426674691
	3426674692
	3426674693
	3426674694
	3426674695
	3426674696
	3426674697
	3426674698
	3426674699
	3426674700
	3426674701
	3426674702
	3426674703
	3426674704
	3426674705
	3426674706
	3426674707
	3426674708
	3426674709
	3426674710
	3426674711
	3426674712
	3426674713
	3426674714
	3426674715
	3426674716
	3426674717
	3426674718
	3426674719
	3426674720
	3426674721
	3426674722
	3426674723
	3426674724
	3426674725
	3426674726
	3426674727
	3426674728
	3426674729
	3426674730
	3426674731
	3426674732
	3426674733
	3426674734
	3426674735
	3426674736
	3426674737
	3426674738
	3426674739
	3426674740
	3426674741
	3426674742
	3426674743
	3426674744
	3426674745
	3426674746
	3426674747
	3426674748
	3426674749
	3426674750
	3426674751
	3426674752
	3426674753
	3426674754
	3426674755
	3426674756
	3426674757
	3426674758
	3426674759
	3426674760
	3426674761
	3426674762
	3426674763
	3426674764
	3426674765
	3426674766
	3426674767
	3426674768
	3426674769
	3426674770
	3426674771
	3426674772
	3426674773
	3426674774
	3426674775
	3426674776
	3426674777
	3426674778
	3426674779
	3426674780
	3426674781
	3426674782
	3426674783
	3426674784
	3426674785
	3426674786
	3426674787
	3426674788
	3426674789
	3426674790
	3426674791
	3426674792
	3426674793
	3426674794
	3426674795
	3426674796
	3426674797
	3426674798
	3426674799
	3426674800
	3426674801
	3426674802
	3426674803
	3426674804
	3426674805
	3426674806
	3426674807
	3426674808
	3426674809
	3426674810
	3426674811
	3426674812
	3426674813
	3426674814
	3426674815
	3426674816
	3426674817
	3426674818
	3426674819
	3426674820
	3426674821
	3426674822
	3426674823
	3426674824
	3426674825
	3426674826
	3426674827
	3426674828
	3426674829
	3426674830
	3426674831
	3426674832
	3426674833
	3426674834
	3426674835
	3426674836
	3426674837
	3426674838
	3426674839
	3426674840
	3426674841
	3426674842
	3426674843
	3426674844
	3426674845
	3426674846
	3426674847
	3426674848
	3426674849
	3426674850
	3426674851
	3426674852
	3426674853
	3426674854
	3426674855
	3426674856
	3426674857
	3426674858
	3426674859
	3426674860
	3426674861
	3426674862
	3426674863
	3426674864
	3426674865
	3426674866
	3426674867
	3426674868
	3426674869
	3426674870
	3426674871
	3426674872
	3426674873
	3426674874
	3426674875
	3426674876
	3426674877
	3426674878
	3426674879
	3426674880
	3426674881
	3426674882
	3426674883
	3426674884
	3426674885
	3426674886
	3426674887
	3426674888
	3426674889
	3426674890
	3426674891
	3426674892
	3426674893
	3426674894
	3426674895
	3426674896
	3426674897
	3426674898
	3426674899
	3426674900
	3426674901
	3426674902
	3426674903
	3426674904
	3426674905
	3426674906
	3426674907
	3426674908
	3426674909
	3426674910
	3426674911
	3426674912
	3426674913
	3426674914
	3426674915
	3426674916
	3426674917
	3426674918
	3426674919
	3426674920
	3426674921
	3426674922
	3426674923
	3426674924
	3426674925
	3426674926
	3426674927
	3426674928
	3426674929
	3426674930
	3426674931
	3426674932
	3426674933
	3426674934
	3426674935
	3426674936
	3426674937
	3426674938
	3426674939
	3426674940
	3426674941
	3426674942
	3426674943
	3426674944
	3426674945
	3426674946
	3426674947
	3426674948
	3426674949
	3426674950
	3426674951
	3426674952
	3426674953
	3426674954
	3426674955
	3426674956
	3426674957
	3426674958
	3426674959
	3426674960
	3426674961
	3426674962
	3426674963
	3426674964
	3426674965
	3426674966
	3426674967
	3426674968
	3426674969
	3426674970
	3426674971
	3426674972
	3426674973
	3426674974
	3426674975
	3426674976
	3426674977
	3426674978
	3426674979
	3426674980
	3426674981
	3426674982
	3426674983
	3426674984
	3426674985
	3426674986
	3426674987
	3426674988
	3426674989
	3426674990
	3426674991
	3426674992
	3426674993
	3426674994
	3426674995
	3426674996
	3426674997
	3426674998
	3426674999
	3426675000
	3426675001
	3426675002
	3426675003
	3426675004
	3426675005
	3426675006
	3426675007
	3426675008
	3426675009
	3426675010
	3426675011
	3426675012
	3426675013
	3426675014
	3426675015
	3426675016
	3426675017
	3426675018
	3426675019
	3426675020
	3426675021
	3426675022
	3426675023
	3426675024
	3426675025
	3426675026
	3426675027
	3426675028
	3426675029
	3426675030
	3426675031
	3426675032
	3426675033
	3426675034
	3426675035
	3426675036
	3426675037
	3426675038
	3426675039
	3426675040
	3426675041
	3426675042
	3426675043
	3426675044
	3426675045
	3426675046
	3426675047
	3426675048
	3426675049
	3426675050
	3426675051
	3426675052
	3426675053
	3426675054
	3426675055
	3426675056
	3426675057
	3426675058
	3426675059
	3426675060
	3426675061
	3426675062
	3426675063
	3426675064
	3426675065
	3426675066
	3426675067
	3426675068
	3426675069
	3426675070
	3426675071
	3426675072
	3426675073
	3426675074
	3426675075
	3426675076
	3426675077
	3426675078
	3426675079
	3426675080
	3426675081
	3426675082
	3426675083
	3426675084
	3426675085
	3426675086
	3426675087
	3426675088
	3426675089
	3426675090
	3426675091
	3426675092
	3426675093
	3426675094
	3426675095
	3426675096
	3426675097
	3426675098
	3426675099
	3426675100
	3426675101
	3426675102
	3426675103
	3426675104
	3426675105
	3426675106
	3426675107
	3426675108
	3426675109
	3426675110
	3426675111
	3426675112
	3426675113
	3426675114
	3426675115
	3426675116
	3426675117
	3426675118
	3426675119
	3426675120
	3426675121
	3426675122
	3426675123
	3426675124
	3426675125
	3426675126
	3426675127
	3426675128
	3426675129
	3426675130
	3426675131
	3426675132
	3426675133
	3426675134
	3426675135
	3426675136
	3426675137
	3426675138
	3426675139
	3426675140
	3426675141
	3426675142
	3426675143
	3426675144
	3426675145
	3426675146
	3426675147
	3426675148
	3426675149
	3426675150
	3426675151
	3426675152
	3426675153
	3426675154
	3426675155
	3426675156
	3426675157
	3426675158
	3426675159
	3426675160
	3426675161
	3426675162
	3426675163
	3426675164
	3426675165
	3426675166
	3426675167
	3426675168
	3426675169
	3426675170
	3426675171
	3426675172
	3426675173
	3426675174
	3426675175
	3426675176
	3426675177
	3426675178
	3426675179
	3426675180
	3426675181
	3426675182
	3426675183
	3426675184
	3426675185
	3426675186
	3426675187
	3426675188
	3426675189
	3426675190
	3426675191
	3426675192
	3426675193
	3426675194
	3426675195
	3426675196
	3426675197
	3426675198
	3426675199
	3426675200
	3426675201
	3426675202
	3426675203
	3426675204
	3426675205
	3426675206
	3426675207
	3426675208
	3426675209
	3426675210
	3426675211
	3426675212
	3426675213
	3426675214
	3426675215
	3426675216
	3426675217
	3426675218
	3426675219
	3426675220
	3426675221
	3426675222
	3426675223
	3426675224
	3426675225
	3426675226
	3426675227
	3426675228
	3426675229
	3426675230
	3426675231
	3426675232
	3426675233
	3426675234
	3426675235
	3426675236
	3426675237
	3426675238
	3426675239
	3426675240
	3426675241
	3426675242
	3426675243
	3426675244
	3426675245
	3426675246
	3426675247
	3426675248
	3426675249
	3426675250
	3426675251
	3426675252
	3426675253
	3426675254
	3426675255
	3426675256
	3426675257
	3426675258
	3426675259
	3426675260
	3426675261
	3426675262
	3426675263
	3426675264
	3426675265
	3426675266
	3426675267
	3426675268
	3426675269
	3426675270
	3426675271
	3426675272
	3426675273
	3426675274
	3426675275
	3426675276
	3426675277
	3426675278
	3426675279
	3426675280
	3426675281
	3426675282
	3426675283
	3426675284
	3426675285
	3426675286
	3426675287
	3426675288
	3426675289
	3426675290
	3426675291
	3426675292
	3426675293
	3426675294
	3426675295
	3426675296
	3426675297
	3426675298
	3426675299
	3426675300
	3426675301
	3426675302
	3426675303
	3426675304
	3426675305
	3426675306
	3426675307
	3426675308
	3426675309
	3426675310
	3426675311
	3426675312
	3426675313
	3426675314
	3426675315
	3426675316
	3426675317
	3426675318
	3426675319
	3426675320
	3426675321
	3426675322
	3426675323
	3426675324
	3426675325
	3426675326
	3426675327
	3426675328
	3426675329
	3426675330
	3426675331
	3426675332
	3426675333
	3426675334
	3426675335
	3426675336
	3426675337
	3426675338
	3426675339
	3426675340
	3426675341
	3426675342
	3426675343
	3426675344
	3426675345
	3426675346
	3426675347
	3426675348
	3426675349
	3426675350
	3426675351
	3426675352
	3426675353
	3426675354
	3426675355
	3426675356
	3426675357
	3426675358
	3426675359
	3426675360
	3426675361
	3426675362
	3426675363
	3426675364
	3426675365
	3426675366
	3426675367
	3426675368
	3426675369
	3426675370
	3426675371
	3426675372
	3426675373
	3426675374
	3426675375
	3426675376
	3426675377
	3426675378
	3426675379
	3426675380
	3426675381
	3426675382
	3426675383
	3426675384
	3426675385
	3426675386
	3426675387
	3426675388
	3426675389
	3426675390
	3426675391
	3426675392
	3426675393
	3426675394
	3426675395
	3426675396
	3426675397
	3426675398
	3426675399
	3426675400
	3426675401
	3426675402
	3426675403
	3426675404
	3426675405
	3426675406
	3426675407
	3426675408
	3426675409
	3426675410
	3426675411
	3426675412
	3426675413
	3426675414
	3426675415
	3426675416
	3426675417
	3426675418
	3426675419
	3426675420
	3426675421
	3426675422
	3426675423
	3426675424
	3426675425
	3426675426
	3426675427
	3426675428
	3426675429
	3426675430
	3426675431
	3426675432
	3426675433
	3426675434
	3426675435
	3426675436
	3426675437
	3426675438
	3426675439
	3426675440
	3426675441
	3426675442
	3426675443
	3426675444
	3426675445
	3426675446
	3426675447
	3426675448
	3426675449
	3426675450
	3426675451
	3426675452
	3426675453
	3426675454
	3426675455
	3426675456
	3426675457
	3426675458
	3426675459
	3426675460
	3426675461
	3426675462
	3426675463
	3426675464
	3426675465
	3426675466
	3426675467
	3426675468
	3426675469
	3426675470
	3426675471
	3426675472
	3426675473
	3426675474
	3426675475
	3426675476
	3426675477
	3426675478
	3426675479
	3426675480
	3426675481
	3426675482
	3426675483
	3426675484
	3426675485
	3426675486
	3426675487
	3426675488
	3426675489
	3426675490
	3426675491
	3426675492
	3426675493
	3426675494
	3426675495
	3426675496
	3426675497
	3426675498
	3426675499
	3426675500
	3426675501
	3426675502
	3426675503
	3426675504
	3426675505
	3426675506
	3426675507
	3426675508
	3426675509
	3426675510
	3426675511
	3426675512
	3426675513
	3426675514
	3426675515
	3426675516
	3426675517
	3426675518
	3426675519
	3426675520
	3426675521
	3426675522
	3426675523
	3426675524
	3426675525
	3426675526
	3426675527
	3426675528
	3426675529
	3426675530
	3426675531
	3426675532
	3426675533
	3426675534
	3426675535
	3426675536
	3426675537
	3426675538
	3426675539
	3426675540
	3426675541
	3426675542
	3426675543
	3426675544
	3426675545
	3426675546
	3426675547
	3426675548
	3426675549
	3426675550
	3426675551
	3426675552
	3426675553
	3426675554
	3426675555
	3426675556
	3426675557
	3426675558
	3426675559
	3426675560
	3426675561
	3426675562
	3426675563
	3426675564
	3426675565
	3426675566
	3426675567
	3426675568
	3426675569
	3426675570
	3426675571
	3426675572
	3426675573
	3426675574
	3426675575
	3426675576
	3426675577
	3426675578
	3426675579
	3426675580
	3426675581
	3426675582
	3426675583
	3426675584
	3426675585
	3426675586
	3426675587
	3426675588
	3426675589
	3426675590
	3426675591
	3426675592
	3426675593
	3426675594
	3426675595
	3426675596
	3426675597
	3426675598
	3426675599
	3426675600
	3426675601
	3426675602
	3426675603
	3426675604
	3426675605
	3426675606
	3426675607
	3426675608
	3426675609
	3426675610
	3426675611
	3426675612
	3426675613
	3426675614
	3426675615
	3426675616
	3426675617
	3426675618
	3426675619
	3426675620
	3426675621
	3426675622
	3426675623
	3426675624
	3426675625
	3426675626
	3426675627
	3426675628
	3426675629
	3426675630
	3426675631
	3426675632
	3426675633
	3426675634
	3426675635
	3426675636
	3426675637
	3426675638
	3426675639
	3426675640
	3426675641
	3426675642
	3426675643
	3426675644
	3426675645
	3426675646
	3426675647
	3426675648
	3426675649
	3426675650
	3426675651
	3426675652
	3426675653
	3426675654
	3426675655
	3426675656
	3426675657
	3426675658
	3426675659
	3426675660
	3426675661
	3426675662
	3426675663
	3426675664
	3426675665
	3426675666
	3426675667
	3426675668
	3426675669
	3426675670
	3426675671
	3426675672
	3426675673
	3426675674
	3426675675
	3426675676
	3426675677
	3426675678
	3426675679
	3426675680
	3426675681
	3426675682
	3426675683
	3426675684
	3426675685
	3426675686
	3426675687
	3426675688
	3426675689
	3426675690
	3426675691
	3426675692
	3426675693
	3426675694
	3426675695
	3426675696
	3426675697
	3426675698
	3426675699
	3426675700
	3426675701
	3426675702
	3426675703
	3426675704
	3426675705
	3426675706
	3426675707
	3426675708
	3426675709
	3426675710
	3426675711
	3426675712
	3426675713
	3426675714
	3426675715
	3426675716
	3426675717
	3426675718
	3426675719
	3426675720
	3426675721
	3426675722
	3426675723
	3426675724
	3426675725
	3426675726
	3426675727
	3426675728
	3426675729
	3426675730
	3426675731
	3426675732
	3426675733
	3426675734
	3426675735
	3426675736
	3426675737
	3426675738
	3426675739
	3426675740
	3426675741
	3426675742
	3426675743
	3426675744
	3426675745
	3426675746
	3426675747
	3426675748
	3426675749
	3426675750
	3426675751
	3426675752
	3426675753
	3426675754
	3426675755
	3426675756
	3426675757
	3426675758
	3426675759
	3426675760
	3426675761
	3426675762
	3426675763
	3426675764
	3426675765
	3426675766
	3426675767
	3426675768
	3426675769
	3426675770
	3426675771
	3426675772
	3426675773
	3426675774
	3426675775
	3426675776
	3426675777
	3426675778
	3426675779
	3426675780
	3426675781
	3426675782
	3426675783
	3426675784
	3426675785
	3426675786
	3426675787
	3426675788
	3426675789
	3426675790
	3426675791
	3426675792
	3426675793
	3426675794
	3426675795
	3426675796
	3426675797
	3426675798
	3426675799
	3426675800
	3426675801
	3426675802
	3426675803
	3426675804
	3426675805
	3426675806
	3426675807
	3426675808
	3426675809
	3426675810
	3426675811
	3426675812
	3426675813
	3426675814
	3426675815
	3426675816
	3426675817
	3426675818
	3426675819
	3426675820
	3426675821
	3426675822
	3426675823
	3426675824
	3426675825
	3426675826
	3426675827
	3426675828
	3426675829
	3426675830
	3426675831
	3426675832
	3426675833
	3426675834
	3426675835
	3426675836
	3426675837
	3426675838
	3426675839
	3426675840
	3426675841
	3426675842
	3426675843
	3426675844
	3426675845
	3426675846
	3426675847
	3426675848
	3426675849
	3426675850
	3426675851
	3426675852
	3426675853
	3426675854
	3426675855
	3426675856
	3426675857
	3426675858
	3426675859
	3426675860
	3426675861
	3426675862
	3426675863
	3426675864
	3426675865
	3426675866
	3426675867
	3426675868
	3426675869
	3426675870
	3426675871
	3426675872
	3426675873
	3426675874
	3426675875
	3426675876
	3426675877
	3426675878
	3426675879
	3426675880
	3426675881
	3426675882
	3426675883
	3426675884
	3426675885
	3426675886
	3426675887
	3426675888
	3426675889
	3426675890
	3426675891
	3426675892
	3426675893
	3426675894
	3426675895
	3426675896
	3426675897
	3426675898
	3426675899
	3426675900
	3426675901
	3426675902
	3426675903
	3426675904
	3426675905
	3426675906
	3426675907
	3426675908
	3426675909
	3426675910
	3426675911
	3426675912
	3426675913
	3426675914
	3426675915
	3426675916
	3426675917
	3426675918
	3426675919
	3426675920
	3426675921
	3426675922
	3426675923
	3426675924
	3426675925
	3426675926
	3426675927
	3426675928
	3426675929
	3426675930
	3426675931
	3426675932
	3426675933
	3426675934
	3426675935
	3426675936
	3426675937
	3426675938
	3426675939
	3426675940
	3426675941
	3426675942
	3426675943
	3426675944
	3426675945
	3426675946
	3426675947
	3426675948
	3426675949
	3426675950
	3426675951
	3426675952
	3426675953
	3426675954
	3426675955
	3426675956
	3426675957
	3426675958
	3426675959
	3426675960
	3426675961
	3426675962
	3426675963
	3426675964
	3426675965
	3426675966
	3426675967
	3426675968
	3426675969
	3426675970
	3426675971
	3426675972
	3426675973
	3426675974
	3426675975
	3426675976
	3426675977
	3426675978
	3426675979
	3426675980
	3426675981
	3426675982
	3426675983
	3426675984
	3426675985
	3426675986
	3426675987
	3426675988
	3426675989
	3426675990
	3426675991
	3426675992
	3426675993
	3426675994
	3426675995
	3426675996
	3426675997
	3426675998
	3426675999
	3426676000
	3426676001
	3426676002
	3426676003
	3426676004
	3426676005
	3426676006
	3426676007
	3426676008
	3426676009
	3426676010
	3426676011
	3426676012
	3426676013
	3426676014
	3426676015
	3426676016
	3426676017
	3426676018
	3426676019
	3426676020
	3426676021
	3426676022
	3426676023
	3426676024
	3426676025
	3426676026
	3426676027
	3426676028
	3426676029
	3426676030
	3426676031
	3426676032
	3426676033
	3426676034
	3426676035
	3426676036
	3426676037
	3426676038
	3426676039
	3426676040
	3426676041
	3426676042
	3426676043
	3426676044
	3426676045
	3426676046
	3426676047
	3426676048
	3426676049
	3426676050
	3426676051
	3426676052
	3426676053
	3426676054
	3426676055
	3426676056
	3426676057
	3426676058
	3426676059
	3426676060
	3426676061
	3426676062
	3426676063
	3426676064
	3426676065
	3426676066
	3426676067
	3426676068
	3426676069
	3426676070
	3426676071
	3426676072
	3426676073
	3426676074
	3426676075
	3426676076
	3426676077
	3426676078
	3426676079
	3426676080
	3426676081
	3426676082
	3426676083
	3426676084
	3426676085
	3426676086
	3426676087
	3426676088
	3426676089
	3426676090
	3426676091
	3426676092
	3426676093
	3426676094
	3426676095
	3426676096
	3426676097
	3426676098
	3426676099
	3426676100
	3426676101
	3426676102
	3426676103
	3426676104
	3426676105
	3426676106
	3426676107
	3426676108
	3426676109
	3426676110
	3426676111
	3426676112
	3426676113
	3426676114
	3426676115
	3426676116
	3426676117
	3426676118
	3426676119
	3426676120
	3426676121
	3426676122
	3426676123
	3426676124
	3426676125
	3426676126
	3426676127
	3426676128
	3426676129
	3426676130
	3426676131
	3426676132
	3426676133
	3426676134
	3426676135
	3426676136
	3426676137
	3426676138
	3426676139
	3426676140
	3426676141
	3426676142
	3426676143
	3426676144
	3426676145
	3426676146
	3426676147
	3426676148
	3426676149
	3426676150
	3426676151
	3426676152
	3426676153
	3426676154
	3426676155
	3426676156
	3426676157
	3426676158
	3426676159
	3426676160
	3426676161
	3426676162
	3426676163
	3426676164
	3426676165
	3426676166
	3426676167
	3426676168
	3426676169
	3426676170
	3426676171
	3426676172
	3426676173
	3426676174
	3426676175
	3426676176
	3426676177
	3426676178
	3426676179
	3426676180
	3426676181
	3426676182
	3426676183
	3426676184
	3426676185
	3426676186
	3426676187
	3426676188
	3426676189
	3426676190
	3426676191
	3426676192
	3426676193
	3426676194
	3426676195
	3426676196
	3426676197
	3426676198
	3426676199
	3426676200
	3426676201
	3426676202
	3426676203
	3426676204
	3426676205
	3426676206
	3426676207
	3426676208
	3426676209
	3426676210
	3426676211
	3426676212
	3426676213
	3426676214
	3426676215
	3426676216
	3426676217
	3426676218
	3426676219
	3426676220
	3426676221
	3426676222
	3426676223
	3426676224
	3426676225
	3426676226
	3426676227
	3426676228
	3426676229
	3426676230
	3426676231
	3426676232
	3426676233
	3426676234
	3426676235
	3426676236
	3426676237
	3426676238
	3426676239
	3426676240
	3426676241
	3426676242
	3426676243
	3426676244
	3426676245
	3426676246
	3426676247
	3426676248
	3426676249
	3426676250
	3426676251
	3426676252
	3426676253
	3426676254
	3426676255
	3426676256
	3426676257
	3426676258
	3426676259
	3426676260
	3426676261
	3426676262
	3426676263
	3426676264
	3426676265
	3426676266
	3426676267
	3426676268
	3426676269
	3426676270
	3426676271
	3426676272
	3426676273
	3426676274
	3426676275
	3426676276
	3426676277
	3426676278
	3426676279
	3426676280
	3426676281
	3426676282
	3426676283
	3426676284
	3426676285
	3426676286
	3426676287
	3426676288
	3426676289
	3426676290
	3426676291
	3426676292
	3426676293
	3426676294
	3426676295
	3426676296
	3426676297
	3426676298
	3426676299
	3426676300
	3426676301
	3426676302
	3426676303
	3426676304
	3426676305
	3426676306
	3426676307
	3426676308
	3426676309
	3426676310
	3426676311
	3426676312
	3426676313
	3426676314
	3426676315
	3426676316
	3426676317
	3426676318
	3426676319
	3426676320
	3426676321
	3426676322
	3426676323
	3426676324
	3426676325
	3426676326
	3426676327
	3426676328
	3426676329
	3426676330
	3426676331
	3426676332
	3426676333
	3426676334
	3426676335
	3426676336
	3426676337
	3426676338
	3426676339
	3426676340
	3426676341
	3426676342
	3426676343
	3426676344
	3426676345
	3426676346
	3426676347
	3426676348
	3426676349
	3426676350
	3426676351
	3426676352
	3426676353
	3426676354
	3426676355
	3426676356
	3426676357
	3426676358
	3426676359
	3426676360
	3426676361
	3426676362
	3426676363
	3426676364
	3426676365
	3426676366
	3426676367
	3426676368
	3426676369
	3426676370
	3426676371
	3426676372
	3426676373
	3426676374
	3426676375
	3426676376
	3426676377
	3426676378
	3426676379
	3426676380
	3426676381
	3426676382
	3426676383
	3426676384
	3426676385
	3426676386
	3426676387
	3426676388
	3426676389
	3426676390
	3426676391
	3426676392
	3426676393
	3426676394
	3426676395
	3426676396
	3426676397
	3426676398
	3426676399
	3426676400
	3426676401
	3426676402
	3426676403
	3426676404
	3426676405
	3426676406
	3426676407
	3426676408
	3426676409
	3426676410
	3426676411
	3426676412
	3426676413
	3426676414
	3426676415
	3426676416
	3426676417
	3426676418
	3426676419
	3426676420
	3426676421
	3426676422
	3426676423
	3426676424
	3426676425
	3426676426
	3426676427
	3426676428
	3426676429
	3426676430
	3426676431
	3426676432
	3426676433
	3426676434
	3426676435
	3426676436
	3426676437
	3426676438
	3426676439
	3426676440
	3426676441
	3426676442
	3426676443
	3426676444
	3426676445
	3426676446
	3426676447
	3426676448
	3426676449
	3426676450
	3426676451
	3426676452
	3426676453
	3426676454
	3426676455
	3426676456
	3426676457
	3426676458
	3426676459
	3426676460
	3426676461
	3426676462
	3426676463
	3426676464
	3426676465
	3426676466
	3426676467
	3426676468
	3426676469
	3426676470
	3426676471
	3426676472
	3426676473
	3426676474
	3426676475
	3426676476
	3426676477
	3426676478
	3426676479
	3426676480
	3426676481
	3426676482
	3426676483
	3426676484
	3426676485
	3426676486
	3426676487
	3426676488
	3426676489
	3426676490
	3426676491
	3426676492
	3426676493
	3426676494
	3426676495
	3426676496
	3426676497
	3426676498
	3426676499
	3426676500
	3426676501
	3426676502
	3426676503
	3426676504
	3426676505
	3426676506
	3426676507
	3426676508
	3426676509
	3426676510
	3426676511
	3426676512
	3426676513
	3426676514
	3426676515
	3426676516
	3426676517
	3426676518
	3426676519
	3426676520
	3426676521
	3426676522
	3426676523
	3426676524
	3426676525
	3426676526
	3426676527
	3426676528
	3426676529
	3426676530
	3426676531
	3426676532
	3426676533
	3426676534
	3426676535
	3426676536
	3426676537
	3426676538
	3426676539
	3426676540
	3426676541
	3426676542
	3426676543
	3426676544
	3426676545
	3426676546
	3426676547
	3426676548
	3426676549
	3426676550
	3426676551
	3426676552
	3426676553
	3426676554
	3426676555
	3426676556
	3426676557
	3426676558
	3426676559
	3426676560
	3426676561
	3426676562
	3426676563
	3426676564
	3426676565
	3426676566
	3426676567
	3426676568
	3426676569
	3426676570
	3426676571
	3426676572
	3426676573
	3426676574
	3426676575
	3426676576
	3426676577
	3426676578
	3426676579
	3426676580
	3426676581
	3426676582
	3426676583
	3426676584
	3426676585
	3426676586
	3426676587
	3426676588
	3426676589
	3426676590
	3426676591
	3426676592
	3426676593
	3426676594
	3426676595
	3426676596
	3426676597
	3426676598
	3426676599
	3426676600
	3426676601
	3426676602
	3426676603
	3426676604
	3426676605
	3426676606
	3426676607
	3426676608
	3426676609
	3426676610
	3426676611
	3426676612
	3426676613
	3426676614
	3426676615
	3426676616
	3426676617
	3426676618
	3426676619
	3426676620
	3426676621
	3426676622
	3426676623
	3426676624
	3426676625
	3426676626
	3426676627
	3426676628
	3426676629
	3426676630
	3426676631
	3426676632
	3426676633
	3426676634
	3426676635
	3426676636
	3426676637
	3426676638
	3426676639
	3426676640
	3426676641
	3426676642
	3426676643
	3426676644
	3426676645
	3426676646
	3426676647
	3426676648
	3426676649
	3426676650
	3426676651
	3426676652
	3426676653
	3426676654
	3426676655
	3426676656
	3426676657
	3426676658
	3426676659
	3426676660
	3426676661
	3426676662
	3426676663
	3426676664
	3426676665
	3426676666
	3426676667
	3426676668
	3426676669
	3426676670
	3426676671
	3426676672
	3426676673
	3426676674
	3426676675
	3426676676
	3426676677
	3426676678
	3426676679
	3426676680
	3426676681
	3426676682
	3426676683
	3426676684
	3426676685
	3426676686
	3426676687
	3426676688
	3426676689
	3426676690
	3426676691
	3426676692
	3426676693
	3426676694
	3426676695
	3426676696
	3426676697
	3426676698
	3426676699
	3426676700
	3426676701
	3426676702
	3426676703
	3426676704
	3426676705
	3426676706
	3426676707
	3426676708
	3426676709
	3426676710
	3426676711
	3426676712
	3426676713
	3426676714
	3426676715
	3426676716
	3426676717
	3426676718
	3426676719
	3426676720
	3426676721
	3426676722
	3426676723
	3426676724
	3426676725
	3426676726
	3426676727
	3426676728
	3426676729
	3426676730
	3426676731
	3426676732
	3426676733
	3426676734
	3426676735
	3426676736
	3426676737
	3426676738
	3426676739
	3426676740
	3426676741
	3426676742
	3426676743
	3426676744
	3426676745
	3426676746
	3426676747
	3426676748
	3426676749
	3426676750
	3426676751
	3426676752
	3426676753
	3426676754
	3426676755
	3426676756
	3426676757
	3426676758
	3426676759
	3426676760
	3426676761
	3426676762
	3426676763
	3426676764
	3426676765
	3426676766
	3426676767
	3426676768
	3426676769
	3426676770
	3426676771
	3426676772
	3426676773
	3426676774
	3426676775
	3426676776
	3426676777
	3426676778
	3426676779
	3426676780
	3426676781
	3426676782
	3426676783
	3426676784
	3426676785
	3426676786
	3426676787
	3426676788
	3426676789
	3426676790
	3426676791
	3426676792
	3426676793
	3426676794
	3426676795
	3426676796
	3426676797
	3426676798
	3426676799
	3426676800
	3426676801
	3426676802
	3426676803
	3426676804
	3426676805
	3426676806
	3426676807
	3426676808
	3426676809
	3426676810
	3426676811
	3426676812
	3426676813
	3426676814
	3426676815
	3426676816
	3426676817
	3426676818
	3426676819
	3426676820
	3426676821
	3426676822
	3426676823
	3426676824
	3426676825
	3426676826
	3426676827
	3426676828
	3426676829
	3426676830
	3426676831
	3426676832
	3426676833
	3426676834
	3426676835
	3426676836
	3426676837
	3426676838
	3426676839
	3426676840
	3426676841
	3426676842
	3426676843
	3426676844
	3426676845
	3426676846
	3426676847
	3426676848
	3426676849
	3426676850
	3426676851
	3426676852
	3426676853
	3426676854
	3426676855
	3426676856
	3426676857
	3426676858
	3426676859
	3426676860
	3426676861
	3426676862
	3426676863
	3426676864
	3426676865
	3426676866
	3426676867
	3426676868
	3426676869
	3426676870
	3426676871
	3426676872
	3426676873
	3426676874
	3426676875
	3426676876
	3426676877
	3426676878
	3426676879
	3426676880
	3426676881
	3426676882
	3426676883
	3426676884
	3426676885
	3426676886
	3426676887
	3426676888
	3426676889
	3426676890
	3426676891
	3426676892
	3426676893
	3426676894
	3426676895
	3426676896
	3426676897
	3426676898
	3426676899
	3426676900
	3426676901
	3426676902
	3426676903
	3426676904
	3426676905
	3426676906
	3426676907
	3426676908
	3426676909
	3426676910
	3426676911
	3426676912
	3426676913
	3426676914
	3426676915
	3426676916
	3426676917
	3426676918
	3426676919
	3426676920
	3426676921
	3426676922
	3426676923
	3426676924
	3426676925
	3426676926
	3426676927
	3426676928
	3426676929
	3426676930
	3426676931
	3426676932
	3426676933
	3426676934
	3426676935
	3426676936
	3426676937
	3426676938
	3426676939
	3426676940
	3426676941
	3426676942
	3426676943
	3426676944
	3426676945
	3426676946
	3426676947
	3426676948
	3426676949
	3426676950
	3426676951
	3426676952
	3426676953
	3426676954
	3426676955
	3426676956
	3426676957
	3426676958
	3426676959
	3426676960
	3426676961
	3426676962
	3426676963
	3426676964
	3426676965
	3426676966
	3426676967
	3426676968
	3426676969
	3426676970
	3426676971
	3426676972
	3426676973
	3426676974
	3426676975
	3426676976
	3426676977
	3426676978
	3426676979
	3426676980
	3426676981
	3426676982
	3426676983
	3426676984
	3426676985
	3426676986
	3426676987
	3426676988
	3426676989
	3426676990
	3426676991
	3426676992
	3426676993
	3426676994
	3426676995
	3426676996
	3426676997
	3426676998
	3426676999
	3426677000
	3426677001
	3426677002
	3426677003
	3426677004
	3426677005
	3426677006
	3426677007
	3426677008
	3426677009
	3426677010
	3426677011
	3426677012
	3426677013
	3426677014
	3426677015
	3426677016
	3426677017
	3426677018
	3426677019
	3426677020
	3426677021
	3426677022
	3426677023
	3426677024
	3426677025
	3426677026
	3426677027
	3426677028
	3426677029
	3426677030
	3426677031
	3426677032
	3426677033
	3426677034
	3426677035
	3426677036
	3426677037
	3426677038
	3426677039
	3426677040
	3426677041
	3426677042
	3426677043
	3426677044
	3426677045
	3426677046
	3426677047
	3426677048
	3426677049
	3426677050
	3426677051
	3426677052
	3426677053
	3426677054
	3426677055
	3426677056
	3426677057
	3426677058
	3426677059
	3426677060
	3426677061
	3426677062
	3426677063
	3426677064
	3426677065
	3426677066
	3426677067
	3426677068
	3426677069
	3426677070
	3426677071
	3426677072
	3426677073
	3426677074
	3426677075
	3426677076
	3426677077
	3426677078
	3426677079
	3426677080
	3426677081
	3426677082
	3426677083
	3426677084
	3426677085
	3426677086
	3426677087
	3426677088
	3426677089
	3426677090
	3426677091
	3426677092
	3426677093
	3426677094
	3426677095
	3426677096
	3426677097
	3426677098
	3426677099
	3426677100
	3426677101
	3426677102
	3426677103
	3426677104
	3426677105
	3426677106
	3426677107
	3426677108
	3426677109
	3426677110
	3426677111
	3426677112
	3426677113
	3426677114
	3426677115
	3426677116
	3426677117
	3426677118
	3426677119
	3426677120
	3426677121
	3426677122
	3426677123
	3426677124
	3426677125
	3426677126
	3426677127
	3426677128
	3426677129
	3426677130
	3426677131
	3426677132
	3426677133
	3426677134
	3426677135
	3426677136
	3426677137
	3426677138
	3426677139
	3426677140
	3426677141
	3426677142
	3426677143
	3426677144
	3426677145
	3426677146
	3426677147
	3426677148
	3426677149
	3426677150
	3426677151
	3426677152
	3426677153
	3426677154
	3426677155
	3426677156
	3426677157
	3426677158
	3426677159
	3426677160
	3426677161
	3426677162
	3426677163
	3426677164
	3426677165
	3426677166
	3426677167
	3426677168
	3426677169
	3426677170
	3426677171
	3426677172
	3426677173
	3426677174
	3426677175
	3426677176
	3426677177
	3426677178
	3426677179
	3426677180
	3426677181
	3426677182
	3426677183
	3426677184
	3426677185
	3426677186
	3426677187
	3426677188
	3426677189
	3426677190
	3426677191
	3426677192
	3426677193
	3426677194
	3426677195
	3426677196
	3426677197
	3426677198
	3426677199
	3426677200
	3426677201
	3426677202
	3426677203
	3426677204
	3426677205
	3426677206
	3426677207
	3426677208
	3426677209
	3426677210
	3426677211
	3426677212
	3426677213
	3426677214
	3426677215
	3426677216
	3426677217
	3426677218
	3426677219
	3426677220
	3426677221
	3426677222
	3426677223
	3426677224
	3426677225
	3426677226
	3426677227
	3426677228
	3426677229
	3426677230
	3426677231
	3426677232
	3426677233
	3426677234
	3426677235
	3426677236
	3426677237
	3426677238
	3426677239
	3426677240
	3426677241
	3426677242
	3426677243
	3426677244
	3426677245
	3426677246
	3426677247
	3426677248
	3426677249
	3426677250
	3426677251
	3426677252
	3426677253
	3426677254
	3426677255
	3426677256
	3426677257
	3426677258
	3426677259
	3426677260
	3426677261
	3426677262
	3426677263
	3426677264
	3426677265
	3426677266
	3426677267
	3426677268
	3426677269
	3426677270
	3426677271
	3426677272
	3426677273
	3426677274
	3426677275
	3426677276
	3426677277
	3426677278
	3426677279
	3426677280
	3426677281
	3426677282
	3426677283
	3426677284
	3426677285
	3426677286
	3426677287
	3426677288
	3426677289
	3426677290
	3426677291
	3426677292
	3426677293
	3426677294
	3426677295
	3426677296
	3426677297
	3426677298
	3426677299
	3426677300
	3426677301
	3426677302
	3426677303
	3426677304
	3426677305
	3426677306
	3426677307
	3426677308
	3426677309
	3426677310
	3426677311
	3426677312
	3426677313
	3426677314
	3426677315
	3426677316
	3426677317
	3426677318
	3426677319
	3426677320
	3426677321
	3426677322
	3426677323
	3426677324
	3426677325
	3426677326
	3426677327
	3426677328
	3426677329
	3426677330
	3426677331
	3426677332
	3426677333
	3426677334
	3426677335
	3426677336
	3426677337
	3426677338
	3426677339
	3426677340
	3426677341
	3426677342
	3426677343
	3426677344
	3426677345
	3426677346
	3426677347
	3426677348
	3426677349
	3426677350
	3426677351
	3426677352
	3426677353
	3426677354
	3426677355
	3426677356
	3426677357
	3426677358
	3426677359
	3426677360
	3426677361
	3426677362
	3426677363
	3426677364
	3426677365
	3426677366
	3426677367
	3426677368
	3426677369
	3426677370
	3426677371
	3426677372
	3426677373
	3426677374
	3426677375
	3426677376
	3426677377
	3426677378
	3426677379
	3426677380
	3426677381
	3426677382
	3426677383
	3426677384
	3426677385
	3426677386
	3426677387
	3426677388
	3426677389
	3426677390
	3426677391
	3426677392
	3426677393
	3426677394
	3426677395
	3426677396
	3426677397
	3426677398
	3426677399
	3426677400
	3426677401
	3426677402
	3426677403
	3426677404
	3426677405
	3426677406
	3426677407
	3426677408
	3426677409
	3426677410
	3426677411
	3426677412
	3426677413
	3426677414
	3426677415
	3426677416
	3426677417
	3426677418
	3426677419
	3426677420
	3426677421
	3426677422
	3426677423
	3426677424
	3426677425
	3426677426
	3426677427
	3426677428
	3426677429
	3426677430
	3426677431
	3426677432
	3426677433
	3426677434
	3426677435
	3426677436
	3426677437
	3426677438
	3426677439
	3426677440
	3426677441
	3426677442
	3426677443
	3426677444
	3426677445
	3426677446
	3426677447
	3426677448
	3426677449
	3426677450
	3426677451
	3426677452
	3426677453
	3426677454
	3426677455
	3426677456
	3426677457
	3426677458
	3426677459
	3426677460
	3426677461
	3426677462
	3426677463
	3426677464
	3426677465
	3426677466
	3426677467
	3426677468
	3426677469
	3426677470
	3426677471
	3426677472
	3426677473
	3426677474
	3426677475
	3426677476
	3426677477
	3426677478
	3426677479
	3426677480
	3426677481
	3426677482
	3426677483
	3426677484
	3426677485
	3426677486
	3426677487
	3426677488
	3426677489
	3426677490
	3426677491
	3426677492
	3426677493
	3426677494
	3426677495
	3426677496
	3426677497
	3426677498
	3426677499
	3426677500
	3426677501
	3426677502
	3426677503
	3426677504
	3426677505
	3426677506
	3426677507
	3426677508
	3426677509
	3426677510
	3426677511
	3426677512
	3426677513
	3426677514
	3426677515
	3426677516
	3426677517
	3426677518
	3426677519
	3426677520
	3426677521
	3426677522
	3426677523
	3426677524
	3426677525
	3426677526
	3426677527
	3426677528
	3426677529
	3426677530
	3426677531
	3426677532
	3426677533
	3426677534
	3426677535
	3426677536
	3426677537
	3426677538
	3426677539
	3426677540
	3426677541
	3426677542
	3426677543
	3426677544
	3426677545
	3426677546
	3426677547
	3426677548
	3426677549
	3426677550
	3426677551
	3426677552
	3426677553
	3426677554
	3426677555
	3426677556
	3426677557
	3426677558
	3426677559
	3426677560
	3426677561
	3426677562
	3426677563
	3426677564
	3426677565
	3426677566
	3426677567
	3426677568
	3426677569
	3426677570
	3426677571
	3426677572
	3426677573
	3426677574
	3426677575
	3426677576
	3426677577
	3426677578
	3426677579
	3426677580
	3426677581
	3426677582
	3426677583
	3426677584
	3426677585
	3426677586
	3426677587
	3426677588
	3426677589
	3426677590
	3426677591
	3426677592
	3426677593
	3426677594
	3426677595
	3426677596
	3426677597
	3426677598
	3426677599
	3426677600
	3426677601
	3426677602
	3426677603
	3426677604
	3426677605
	3426677606
	3426677607
	3426677608
	3426677609
	3426677610
	3426677611
	3426677612
	3426677613
	3426677614
	3426677615
	3426677616
	3426677617
	3426677618
	3426677619
	3426677620
	3426677621
	3426677622
	3426677623
	3426677624
	3426677625
	3426677626
	3426677627
	3426677628
	3426677629
	3426677630
	3426677631
	3426677632
	3426677633
	3426677634
	3426677635
	3426677636
	3426677637
	3426677638
	3426677639
	3426677640
	3426677641
	3426677642
	3426677643
	3426677644
	3426677645
	3426677646
	3426677647
	3426677648
	3426677649
	3426677650
	3426677651
	3426677652
	3426677653
	3426677654
	3426677655
	3426677656
	3426677657
	3426677658
	3426677659
	3426677660
	3426677661
	3426677662
	3426677663
	3426677664
	3426677665
	3426677666
	3426677667
	3426677668
	3426677669
	3426677670
	3426677671
	3426677672
	3426677673
	3426677674
	3426677675
	3426677676
	3426677677
	3426677678
	3426677679
	3426677680
	3426677681
	3426677682
	3426677683
	3426677684
	3426677685
	3426677686
	3426677687
	3426677688
	3426677689
	3426677690
	3426677691
	3426677692
	3426677693
	3426677694
	3426677695
	3426677696
	3426677697
	3426677698
	3426677699
	3426677700
	3426677701
	3426677702
	3426677703
	3426677704
	3426677705
	3426677706
	3426677707
	3426677708
	3426677709
	3426677710
	3426677711
	3426677712
	3426677713
	3426677714
	3426677715
	3426677716
	3426677717
	3426677718
	3426677719
	3426677720
	3426677721
	3426677722
	3426677723
	3426677724
	3426677725
	3426677726
	3426677727
	3426677728
	3426677729
	3426677730
	3426677731
	3426677732
	3426677733
	3426677734
	3426677735
	3426677736
	3426677737
	3426677738
	3426677739
	3426677740
	3426677741
	3426677742
	3426677743
	3426677744
	3426677745
	3426677746
	3426677747
	3426677748
	3426677749
	3426677750
	3426677751
	3426677752
	3426677753
	3426677754
	3426677755
	3426677756
	3426677757
	3426677758
	3426677759
	3426677760
	3426677761
	3426677762
	3426677763
	3426677764
	3426677765
	3426677766
	3426677767
	3426677768
	3426677769
	3426677770
	3426677771
	3426677772
	3426677773
	3426677774
	3426677775
	3426677776
	3426677777
	3426677778
	3426677779
	3426677780
	3426677781
	3426677782
	3426677783
	3426677784
	3426677785
	3426677786
	3426677787
	3426677788
	3426677789
	3426677790
	3426677791
	3426677792
	3426677793
	3426677794
	3426677795
	3426677796
	3426677797
	3426677798
	3426677799
	3426677800
	3426677801
	3426677802
	3426677803
	3426677804
	3426677805
	3426677806
	3426677807
	3426677808
	3426677809
	3426677810
	3426677811
	3426677812
	3426677813
	3426677814
	3426677815
	3426677816
	3426677817
	3426677818
	3426677819
	3426677820
	3426677821
	3426677822
	3426677823
	3426677824
	3426677825
	3426677826
	3426677827
	3426677828
	3426677829
	3426677830
	3426677831
	3426677832
	3426677833
	3426677834
	3426677835
	3426677836
	3426677837
	3426677838
	3426677839
	3426677840
	3426677841
	3426677842
	3426677843
	3426677844
	3426677845
	3426677846
	3426677847
	3426677848
	3426677849
	3426677850
	3426677851
	3426677852
	3426677853
	3426677854
	3426677855
	3426677856
	3426677857
	3426677858
	3426677859
	3426677860
	3426677861
	3426677862
	3426677863
	3426677864
	3426677865
	3426677866
	3426677867
	3426677868
	3426677869
	3426677870
	3426677871
	3426677872
	3426677873
	3426677874
	3426677875
	3426677876
	3426677877
	3426677878
	3426677879
	3426677880
	3426677881
	3426677882
	3426677883
	3426677884
	3426677885
	3426677886
	3426677887
	3426677888
	3426677889
	3426677890
	3426677891
	3426677892
	3426677893
	3426677894
	3426677895
	3426677896
	3426677897
	3426677898
	3426677899
	3426677900
	3426677901
	3426677902
	3426677903
	3426677904
	3426677905
	3426677906
	3426677907
	3426677908
	3426677909
	3426677910
	3426677911
	3426677912
	3426677913
	3426677914
	3426677915
	3426677916
	3426677917
	3426677918
	3426677919
	3426677920
	3426677921
	3426677922
	3426677923
	3426677924
	3426677925
	3426677926
	3426677927
	3426677928
	3426677929
	3426677930
	3426677931
	3426677932
	3426677933
	3426677934
	3426677935
	3426677936
	3426677937
	3426677938
	3426677939
	3426677940
	3426677941
	3426677942
	3426677943
	3426677944
	3426677945
	3426677946
	3426677947
	3426677948
	3426677949
	3426677950
	3426677951
	3426677952
	3426677953
	3426677954
	3426677955
	3426677956
	3426677957
	3426677958
	3426677959
	3426677960
	3426677961
	3426677962
	3426677963
	3426677964
	3426677965
	3426677966
	3426677967
	3426677968
	3426677969
	3426677970
	3426677971
	3426677972
	3426677973
	3426677974
	3426677975
	3426677976
	3426677977
	3426677978
