	3426943349
	3426943350
	3426943351
	3426943352
	3426943353
	3426943354
	3426943355
	3426943356
	3426943357
	3426943358
	3426943359
	3426943360
	3426943361
	3426943362
	3426943363
	3426943364
	3426943365
	3426943366
	3426943367
	3426943368
	3426943369
	3426943370
	3426943371
	3426943372
	3426943373
	3426943374
	3426943375
	3426943376
	3426943377
	3426943378
	3426943379
	3426943380
	3426943381
	3426943382
	3426943383
	3426943384
	3426943385
	3426943386
	3426943387
	3426943388
	3426943389
	3426943390
	3426943391
	3426943392
	3426943393
	3426943394
	3426943395
	3426943396
	3426943397
	3426943398
	3426943399
	3426943400
	3426943401
	3426943402
	3426943403
	3426943404
	3426943405
	3426943406
	3426943407
	3426943408
	3426943409
	3426943410
	3426943411
	3426943412
	3426943413
	3426943414
	3426943415
	3426943416
	3426943417
	3426943418
	3426943419
	3426943420
	3426943421
	3426943422
	3426943423
	3426943424
	3426943425
	3426943426
	3426943427
	3426943428
	3426943429
	3426943430
	3426943431
	3426943432
	3426943433
	3426943434
	3426943435
	3426943436
	3426943437
	3426943438
	3426943439
	3426943440
	3426943441
	3426943442
	3426943443
	3426943444
	3426943445
	3426943446
	3426943447
	3426943448
	3426943449
	3426943450
	3426943451
	3426943452
	3426943453
	3426943454
	3426943455
	3426943456
	3426943457
	3426943458
	3426943459
	3426943460
	3426943461
	3426943462
	3426943463
	3426943464
	3426943465
	3426943466
	3426943467
	3426943468
	3426943469
	3426943470
	3426943471
	3426943472
	3426943473
	3426943474
	3426943475
	3426943476
	3426943477
	3426943478
	3426943479
	3426943480
	3426943481
	3426943482
	3426943483
	3426943484
	3426943485
	3426943486
	3426943487
	3426943488
	3426943489
	3426943490
	3426943491
	3426943492
	3426943493
	3426943494
	3426943495
	3426943496
	3426943497
	3426943498
	3426943499
	3426943500
	3426943501
	3426943502
	3426943503
	3426943504
	3426943505
	3426943506
	3426943507
	3426943508
	3426943509
	3426943510
	3426943511
	3426943512
	3426943513
	3426943514
	3426943515
	3426943516
	3426943517
	3426943518
	3426943519
	3426943520
	3426943521
	3426943522
	3426943523
	3426943524
	3426943525
	3426943526
	3426943527
	3426943528
	3426943529
	3426943530
	3426943531
	3426943532
	3426943533
	3426943534
	3426943535
	3426943536
	3426943537
	3426943538
	3426943539
	3426943540
	3426943541
	3426943542
	3426943543
	3426943544
	3426943545
	3426943546
	3426943547
	3426943548
	3426943549
	3426943550
	3426943551
	3426943552
	3426943553
	3426943554
	3426943555
	3426943556
	3426943557
	3426943558
	3426943559
	3426943560
	3426943561
	3426943562
	3426943563
	3426943564
	3426943565
	3426943566
	3426943567
	3426943568
	3426943569
	3426943570
	3426943571
	3426943572
	3426943573
	3426943574
	3426943575
	3426943576
	3426943577
	3426943578
	3426943579
	3426943580
	3426943581
	3426943582
	3426943583
	3426943584
	3426943585
	3426943586
	3426943587
	3426943588
	3426943589
	3426943590
	3426943591
	3426943592
	3426943593
	3426943594
	3426943595
	3426943596
	3426943597
	3426943598
	3426943599
	3426943600
	3426943601
	3426943602
	3426943603
	3426943604
	3426943605
	3426943606
	3426943607
	3426943608
	3426943609
	3426943610
	3426943611
	3426943612
	3426943613
	3426943614
	3426943615
	3426943616
	3426943617
	3426943618
	3426943619
	3426943620
	3426943621
	3426943622
	3426943623
	3426943624
	3426943625
	3426943626
	3426943627
	3426943628
	3426943629
	3426943630
	3426943631
	3426943632
	3426943633
	3426943634
	3426943635
	3426943636
	3426943637
	3426943638
	3426943639
	3426943640
	3426943641
	3426943642
	3426943643
	3426943644
	3426943645
	3426943646
	3426943647
	3426943648
	3426943649
	3426943650
	3426943651
	3426943652
	3426943653
	3426943654
	3426943655
	3426943656
	3426943657
	3426943658
	3426943659
	3426943660
	3426943661
	3426943662
	3426943663
	3426943664
	3426943665
	3426943666
	3426943667
	3426943668
	3426943669
	3426943670
	3426943671
	3426943672
	3426943673
	3426943674
	3426943675
	3426943676
	3426943677
	3426943678
	3426943679
	3426943680
	3426943681
	3426943682
	3426943683
	3426943684
	3426943685
	3426943686
	3426943687
	3426943688
	3426943689
	3426943690
	3426943691
	3426943692
	3426943693
	3426943694
	3426943695
	3426943696
	3426943697
	3426943698
	3426943699
	3426943700
	3426943701
	3426943702
	3426943703
	3426943704
	3426943705
	3426943706
	3426943707
	3426943708
	3426943709
	3426943710
	3426943711
	3426943712
	3426943713
	3426943714
	3426943715
	3426943716
	3426943717
	3426943718
	3426943719
	3426943720
	3426943721
	3426943722
	3426943723
	3426943724
	3426943725
	3426943726
	3426943727
	3426943728
	3426943729
	3426943730
	3426943731
	3426943732
	3426943733
	3426943734
	3426943735
	3426943736
	3426943737
	3426943738
	3426943739
	3426943740
	3426943741
	3426943742
	3426943743
	3426943744
	3426943745
	3426943746
	3426943747
	3426943748
	3426943749
	3426943750
	3426943751
	3426943752
	3426943753
	3426943754
	3426943755
	3426943756
	3426943757
	3426943758
	3426943759
	3426943760
	3426943761
	3426943762
	3426943763
	3426943764
	3426943765
	3426943766
	3426943767
	3426943768
	3426943769
	3426943770
	3426943771
	3426943772
	3426943773
	3426943774
	3426943775
	3426943776
	3426943777
	3426943778
	3426943779
	3426943780
	3426943781
	3426943782
	3426943783
	3426943784
	3426943785
	3426943786
	3426943787
	3426943788
	3426943789
	3426943790
	3426943791
	3426943792
	3426943793
	3426943794
	3426943795
	3426943796
	3426943797
	3426943798
	3426943799
	3426943800
	3426943801
	3426943802
	3426943803
	3426943804
	3426943805
	3426943806
	3426943807
	3426943808
	3426943809
	3426943810
	3426943811
	3426943812
	3426943813
	3426943814
	3426943815
	3426943816
	3426943817
	3426943818
	3426943819
	3426943820
	3426943821
	3426943822
	3426943823
	3426943824
	3426943825
	3426943826
	3426943827
	3426943828
	3426943829
	3426943830
	3426943831
	3426943832
	3426943833
	3426943834
	3426943835
	3426943836
	3426943837
	3426943838
	3426943839
	3426943840
	3426943841
	3426943842
	3426943843
	3426943844
	3426943845
	3426943846
	3426943847
	3426943848
	3426943849
	3426943850
	3426943851
	3426943852
	3426943853
	3426943854
	3426943855
	3426943856
	3426943857
	3426943858
	3426943859
	3426943860
	3426943861
	3426943862
	3426943863
	3426943864
	3426943865
	3426943866
	3426943867
	3426943868
	3426943869
	3426943870
	3426943871
	3426943872
	3426943873
	3426943874
	3426943875
	3426943876
	3426943877
	3426943878
	3426943879
	3426943880
	3426943881
	3426943882
	3426943883
	3426943884
	3426943885
	3426943886
	3426943887
	3426943888
	3426943889
	3426943890
	3426943891
	3426943892
	3426943893
	3426943894
	3426943895
	3426943896
	3426943897
	3426943898
	3426943899
	3426943900
	3426943901
	3426943902
	3426943903
	3426943904
	3426943905
	3426943906
	3426943907
	3426943908
	3426943909
	3426943910
	3426943911
	3426943912
	3426943913
	3426943914
	3426943915
	3426943916
	3426943917
	3426943918
	3426943919
	3426943920
	3426943921
	3426943922
	3426943923
	3426943924
	3426943925
	3426943926
	3426943927
	3426943928
	3426943929
	3426943930
	3426943931
	3426943932
	3426943933
	3426943934
	3426943935
	3426943936
	3426943937
	3426943938
	3426943939
	3426943940
	3426943941
	3426943942
	3426943943
	3426943944
	3426943945
	3426943946
	3426943947
	3426943948
	3426943949
	3426943950
	3426943951
	3426943952
	3426943953
	3426943954
	3426943955
	3426943956
	3426943957
	3426943958
	3426943959
	3426943960
	3426943961
	3426943962
	3426943963
	3426943964
	3426943965
	3426943966
	3426943967
	3426943968
	3426943969
	3426943970
	3426943971
	3426943972
	3426943973
	3426943974
	3426943975
	3426943976
	3426943977
	3426943978
	3426943979
	3426943980
	3426943981
	3426943982
	3426943983
	3426943984
	3426943985
	3426943986
	3426943987
	3426943988
	3426943989
	3426943990
	3426943991
	3426943992
	3426943993
	3426943994
	3426943995
	3426943996
	3426943997
	3426943998
	3426943999
	3426944000
	3426944001
	3426944002
	3426944003
	3426944004
	3426944005
	3426944006
	3426944007
	3426944008
	3426944009
	3426944010
	3426944011
	3426944012
	3426944013
	3426944014
	3426944015
	3426944016
	3426944017
	3426944018
	3426944019
	3426944020
	3426944021
	3426944022
	3426944023
	3426944024
	3426944025
	3426944026
	3426944027
	3426944028
	3426944029
	3426944030
	3426944031
	3426944032
	3426944033
	3426944034
	3426944035
	3426944036
	3426944037
	3426944038
	3426944039
	3426944040
	3426944041
	3426944042
	3426944043
	3426944044
	3426944045
	3426944046
	3426944047
	3426944048
	3426944049
	3426944050
	3426944051
	3426944052
	3426944053
	3426944054
	3426944055
	3426944056
	3426944057
	3426944058
	3426944059
	3426944060
	3426944061
	3426944062
	3426944063
	3426944064
	3426944065
	3426944066
	3426944067
	3426944068
	3426944069
	3426944070
	3426944071
	3426944072
	3426944073
	3426944074
	3426944075
	3426944076
	3426944077
	3426944078
	3426944079
	3426944080
	3426944081
	3426944082
	3426944083
	3426944084
	3426944085
	3426944086
	3426944087
	3426944088
	3426944089
	3426944090
	3426944091
	3426944092
	3426944093
	3426944094
	3426944095
	3426944096
	3426944097
	3426944098
	3426944099
	3426944100
	3426944101
	3426944102
	3426944103
	3426944104
	3426944105
	3426944106
	3426944107
	3426944108
	3426944109
	3426944110
	3426944111
	3426944112
	3426944113
	3426944114
	3426944115
	3426944116
	3426944117
	3426944118
	3426944119
	3426944120
	3426944121
	3426944122
	3426944123
	3426944124
	3426944125
	3426944126
	3426944127
	3426944128
	3426944129
	3426944130
	3426944131
	3426944132
	3426944133
	3426944134
	3426944135
	3426944136
	3426944137
	3426944138
	3426944139
	3426944140
	3426944141
	3426944142
	3426944143
	3426944144
	3426944145
	3426944146
	3426944147
	3426944148
	3426944149
	3426944150
	3426944151
	3426944152
	3426944153
	3426944154
	3426944155
	3426944156
	3426944157
	3426944158
	3426944159
	3426944160
	3426944161
	3426944162
	3426944163
	3426944164
	3426944165
	3426944166
	3426944167
	3426944168
	3426944169
	3426944170
	3426944171
	3426944172
	3426944173
	3426944174
	3426944175
	3426944176
	3426944177
	3426944178
	3426944179
	3426944180
	3426944181
	3426944182
	3426944183
	3426944184
	3426944185
	3426944186
	3426944187
	3426944188
	3426944189
	3426944190
	3426944191
	3426944192
	3426944193
	3426944194
	3426944195
	3426944196
	3426944197
	3426944198
	3426944199
	3426944200
	3426944201
	3426944202
	3426944203
	3426944204
	3426944205
	3426944206
	3426944207
	3426944208
	3426944209
	3426944210
	3426944211
	3426944212
	3426944213
	3426944214
	3426944215
	3426944216
	3426944217
	3426944218
	3426944219
	3426944220
	3426944221
	3426944222
	3426944223
	3426944224
	3426944225
	3426944226
	3426944227
	3426944228
	3426944229
	3426944230
	3426944231
	3426944232
	3426944233
	3426944234
	3426944235
	3426944236
	3426944237
	3426944238
	3426944239
	3426944240
	3426944241
	3426944242
	3426944243
	3426944244
	3426944245
	3426944246
	3426944247
	3426944248
	3426944249
	3426944250
	3426944251
	3426944252
	3426944253
	3426944254
	3426944255
	3426944256
	3426944257
	3426944258
	3426944259
	3426944260
	3426944261
	3426944262
	3426944263
	3426944264
	3426944265
	3426944266
	3426944267
	3426944268
	3426944269
	3426944270
	3426944271
	3426944272
	3426944273
	3426944274
	3426944275
	3426944276
	3426944277
	3426944278
	3426944279
	3426944280
	3426944281
	3426944282
	3426944283
	3426944284
	3426944285
	3426944286
	3426944287
	3426944288
	3426944289
	3426944290
	3426944291
	3426944292
	3426944293
	3426944294
	3426944295
	3426944296
	3426944297
	3426944298
	3426944299
	3426944300
	3426944301
	3426944302
	3426944303
	3426944304
	3426944305
	3426944306
	3426944307
	3426944308
	3426944309
	3426944310
	3426944311
	3426944312
	3426944313
	3426944314
	3426944315
	3426944316
	3426944317
	3426944318
	3426944319
	3426944320
	3426944321
	3426944322
	3426944323
	3426944324
	3426944325
	3426944326
	3426944327
	3426944328
	3426944329
	3426944330
	3426944331
	3426944332
	3426944333
	3426944334
	3426944335
	3426944336
	3426944337
	3426944338
	3426944339
	3426944340
	3426944341
	3426944342
	3426944343
	3426944344
	3426944345
	3426944346
	3426944347
	3426944348
	3426944349
	3426944350
	3426944351
	3426944352
	3426944353
	3426944354
	3426944355
	3426944356
	3426944357
	3426944358
	3426944359
	3426944360
	3426944361
	3426944362
	3426944363
	3426944364
	3426944365
	3426944366
	3426944367
	3426944368
	3426944369
	3426944370
	3426944371
	3426944372
	3426944373
	3426944374
	3426944375
	3426944376
	3426944377
	3426944378
	3426944379
	3426944380
	3426944381
	3426944382
	3426944383
	3426944384
	3426944385
	3426944386
	3426944387
	3426944388
	3426944389
	3426944390
	3426944391
	3426944392
	3426944393
	3426944394
	3426944395
	3426944396
	3426944397
	3426944398
	3426944399
	3426944400
	3426944401
	3426944402
	3426944403
	3426944404
	3426944405
	3426944406
	3426944407
	3426944408
	3426944409
	3426944410
	3426944411
	3426944412
	3426944413
	3426944414
	3426944415
	3426944416
	3426944417
	3426944418
	3426944419
	3426944420
	3426944421
	3426944422
	3426944423
	3426944424
	3426944425
	3426944426
	3426944427
	3426944428
	3426944429
	3426944430
	3426944431
	3426944432
	3426944433
	3426944434
	3426944435
	3426944436
	3426944437
	3426944438
	3426944439
	3426944440
	3426944441
	3426944442
	3426944443
	3426944444
	3426944445
	3426944446
	3426944447
	3426944448
	3426944449
	3426944450
	3426944451
	3426944452
	3426944453
	3426944454
	3426944455
	3426944456
	3426944457
	3426944458
	3426944459
	3426944460
	3426944461
	3426944462
	3426944463
	3426944464
	3426944465
	3426944466
	3426944467
	3426944468
	3426944469
	3426944470
	3426944471
	3426944472
	3426944473
	3426944474
	3426944475
	3426944476
	3426944477
	3426944478
	3426944479
	3426944480
	3426944481
	3426944482
	3426944483
	3426944484
	3426944485
	3426944486
	3426944487
	3426944488
	3426944489
	3426944490
	3426944491
	3426944492
	3426944493
	3426944494
	3426944495
	3426944496
	3426944497
	3426944498
	3426944499
	3426944500
	3426944501
	3426944502
	3426944503
	3426944504
	3426944505
	3426944506
	3426944507
	3426944508
	3426944509
	3426944510
	3426944511
	3426944512
	3426944513
	3426944514
	3426944515
	3426944516
	3426944517
	3426944518
	3426944519
	3426944520
	3426944521
	3426944522
	3426944523
	3426944524
	3426944525
	3426944526
	3426944527
	3426944528
	3426944529
	3426944530
	3426944531
	3426944532
	3426944533
	3426944534
	3426944535
	3426944536
	3426944537
	3426944538
	3426944539
	3426944540
	3426944541
	3426944542
	3426944543
	3426944544
	3426944545
	3426944546
	3426944547
	3426944548
	3426944549
	3426944550
	3426944551
	3426944552
	3426944553
	3426944554
	3426944555
	3426944556
	3426944557
	3426944558
	3426944559
	3426944560
	3426944561
	3426944562
	3426944563
	3426944564
	3426944565
	3426944566
	3426944567
	3426944568
	3426944569
	3426944570
	3426944571
	3426944572
	3426944573
	3426944574
	3426944575
	3426944576
	3426944577
	3426944578
	3426944579
	3426944580
	3426944581
	3426944582
	3426944583
	3426944584
	3426944585
	3426944586
	3426944587
	3426944588
	3426944589
	3426944590
	3426944591
	3426944592
	3426944593
	3426944594
	3426944595
	3426944596
	3426944597
	3426944598
	3426944599
	3426944600
	3426944601
	3426944602
	3426944603
	3426944604
	3426944605
	3426944606
	3426944607
	3426944608
	3426944609
	3426944610
	3426944611
	3426944612
	3426944613
	3426944614
	3426944615
	3426944616
	3426944617
	3426944618
	3426944619
	3426944620
	3426944621
	3426944622
	3426944623
	3426944624
	3426944625
	3426944626
	3426944627
	3426944628
	3426944629
	3426944630
	3426944631
	3426944632
	3426944633
	3426944634
	3426944635
	3426944636
	3426944637
	3426944638
	3426944639
	3426944640
	3426944641
	3426944642
	3426944643
	3426944644
	3426944645
	3426944646
	3426944647
	3426944648
	3426944649
	3426944650
	3426944651
	3426944652
	3426944653
	3426944654
	3426944655
	3426944656
	3426944657
	3426944658
	3426944659
	3426944660
	3426944661
	3426944662
	3426944663
	3426944664
	3426944665
	3426944666
	3426944667
	3426944668
	3426944669
	3426944670
	3426944671
	3426944672
	3426944673
	3426944674
	3426944675
	3426944676
	3426944677
	3426944678
	3426944679
	3426944680
	3426944681
	3426944682
	3426944683
	3426944684
	3426944685
	3426944686
	3426944687
	3426944688
	3426944689
	3426944690
	3426944691
	3426944692
	3426944693
	3426944694
	3426944695
	3426944696
	3426944697
	3426944698
	3426944699
	3426944700
	3426944701
	3426944702
	3426944703
	3426944704
	3426944705
	3426944706
	3426944707
	3426944708
	3426944709
	3426944710
	3426944711
	3426944712
	3426944713
	3426944714
	3426944715
	3426944716
	3426944717
	3426944718
	3426944719
	3426944720
	3426944721
	3426944722
	3426944723
	3426944724
	3426944725
	3426944726
	3426944727
	3426944728
	3426944729
	3426944730
	3426944731
	3426944732
	3426944733
	3426944734
	3426944735
	3426944736
	3426944737
	3426944738
	3426944739
	3426944740
	3426944741
	3426944742
	3426944743
	3426944744
	3426944745
	3426944746
	3426944747
	3426944748
	3426944749
	3426944750
	3426944751
	3426944752
	3426944753
	3426944754
	3426944755
	3426944756
	3426944757
	3426944758
	3426944759
	3426944760
	3426944761
	3426944762
	3426944763
	3426944764
	3426944765
	3426944766
	3426944767
	3426944768
	3426944769
	3426944770
	3426944771
	3426944772
	3426944773
	3426944774
	3426944775
	3426944776
	3426944777
	3426944778
	3426944779
	3426944780
	3426944781
	3426944782
	3426944783
	3426944784
	3426944785
	3426944786
	3426944787
	3426944788
	3426944789
	3426944790
	3426944791
	3426944792
	3426944793
	3426944794
	3426944795
	3426944796
	3426944797
	3426944798
	3426944799
	3426944800
	3426944801
	3426944802
	3426944803
	3426944804
	3426944805
	3426944806
	3426944807
	3426944808
	3426944809
	3426944810
	3426944811
	3426944812
	3426944813
	3426944814
	3426944815
	3426944816
	3426944817
	3426944818
	3426944819
	3426944820
	3426944821
	3426944822
	3426944823
	3426944824
	3426944825
	3426944826
	3426944827
	3426944828
	3426944829
	3426944830
	3426944831
	3426944832
	3426944833
	3426944834
	3426944835
	3426944836
	3426944837
	3426944838
	3426944839
	3426944840
	3426944841
	3426944842
	3426944843
	3426944844
	3426944845
	3426944846
	3426944847
	3426944848
	3426944849
	3426944850
	3426944851
	3426944852
	3426944853
	3426944854
	3426944855
	3426944856
	3426944857
	3426944858
	3426944859
	3426944860
	3426944861
	3426944862
	3426944863
	3426944864
	3426944865
	3426944866
	3426944867
	3426944868
	3426944869
	3426944870
	3426944871
	3426944872
	3426944873
	3426944874
	3426944875
	3426944876
	3426944877
	3426944878
	3426944879
	3426944880
	3426944881
	3426944882
	3426944883
	3426944884
	3426944885
	3426944886
	3426944887
	3426944888
	3426944889
	3426944890
	3426944891
	3426944892
	3426944893
	3426944894
	3426944895
	3426944896
	3426944897
	3426944898
	3426944899
	3426944900
	3426944901
	3426944902
	3426944903
	3426944904
	3426944905
	3426944906
	3426944907
	3426944908
	3426944909
	3426944910
	3426944911
	3426944912
	3426944913
	3426944914
	3426944915
	3426944916
	3426944917
	3426944918
	3426944919
	3426944920
	3426944921
	3426944922
	3426944923
	3426944924
	3426944925
	3426944926
	3426944927
	3426944928
	3426944929
	3426944930
	3426944931
	3426944932
	3426944933
	3426944934
	3426944935
	3426944936
	3426944937
	3426944938
	3426944939
	3426944940
	3426944941
	3426944942
	3426944943
	3426944944
	3426944945
	3426944946
	3426944947
	3426944948
	3426944949
	3426944950
	3426944951
	3426944952
	3426944953
	3426944954
	3426944955
	3426944956
	3426944957
	3426944958
	3426944959
	3426944960
	3426944961
	3426944962
	3426944963
	3426944964
	3426944965
	3426944966
	3426944967
	3426944968
	3426944969
	3426944970
	3426944971
	3426944972
	3426944973
	3426944974
	3426944975
	3426944976
	3426944977
	3426944978
	3426944979
	3426944980
	3426944981
	3426944982
	3426944983
	3426944984
	3426944985
	3426944986
	3426944987
	3426944988
	3426944989
	3426944990
	3426944991
	3426944992
	3426944993
	3426944994
	3426944995
	3426944996
	3426944997
	3426944998
	3426944999
	3426945000
	3426945001
	3426945002
	3426945003
	3426945004
	3426945005
	3426945006
	3426945007
	3426945008
	3426945009
	3426945010
	3426945011
	3426945012
	3426945013
	3426945014
	3426945015
	3426945016
	3426945017
	3426945018
	3426945019
	3426945020
	3426945021
	3426945022
	3426945023
	3426945024
	3426945025
	3426945026
	3426945027
	3426945028
	3426945029
	3426945030
	3426945031
	3426945032
	3426945033
	3426945034
	3426945035
	3426945036
	3426945037
	3426945038
	3426945039
	3426945040
	3426945041
	3426945042
	3426945043
	3426945044
	3426945045
	3426945046
	3426945047
	3426945048
	3426945049
	3426945050
	3426945051
	3426945052
	3426945053
	3426945054
	3426945055
	3426945056
	3426945057
	3426945058
	3426945059
	3426945060
	3426945061
	3426945062
	3426945063
	3426945064
	3426945065
	3426945066
	3426945067
	3426945068
	3426945069
	3426945070
	3426945071
	3426945072
	3426945073
	3426945074
	3426945075
	3426945076
	3426945077
	3426945078
	3426945079
	3426945080
	3426945081
	3426945082
	3426945083
	3426945084
	3426945085
	3426945086
	3426945087
	3426945088
	3426945089
	3426945090
	3426945091
	3426945092
	3426945093
	3426945094
	3426945095
	3426945096
	3426945097
	3426945098
	3426945099
	3426945100
	3426945101
	3426945102
	3426945103
	3426945104
	3426945105
	3426945106
	3426945107
	3426945108
	3426945109
	3426945110
	3426945111
	3426945112
	3426945113
	3426945114
	3426945115
	3426945116
	3426945117
	3426945118
	3426945119
	3426945120
	3426945121
	3426945122
	3426945123
	3426945124
	3426945125
	3426945126
	3426945127
	3426945128
	3426945129
	3426945130
	3426945131
	3426945132
	3426945133
	3426945134
	3426945135
	3426945136
	3426945137
	3426945138
	3426945139
	3426945140
	3426945141
	3426945142
	3426945143
	3426945144
	3426945145
	3426945146
	3426945147
	3426945148
	3426945149
	3426945150
	3426945151
	3426945152
	3426945153
	3426945154
	3426945155
	3426945156
	3426945157
	3426945158
	3426945159
	3426945160
	3426945161
	3426945162
	3426945163
	3426945164
	3426945165
	3426945166
	3426945167
	3426945168
	3426945169
	3426945170
	3426945171
	3426945172
	3426945173
	3426945174
	3426945175
	3426945176
	3426945177
	3426945178
	3426945179
	3426945180
	3426945181
	3426945182
	3426945183
	3426945184
	3426945185
	3426945186
	3426945187
	3426945188
	3426945189
	3426945190
	3426945191
	3426945192
	3426945193
	3426945194
	3426945195
	3426945196
	3426945197
	3426945198
	3426945199
	3426945200
	3426945201
	3426945202
	3426945203
	3426945204
	3426945205
	3426945206
	3426945207
	3426945208
	3426945209
	3426945210
	3426945211
	3426945212
	3426945213
	3426945214
	3426945215
	3426945216
	3426945217
	3426945218
	3426945219
	3426945220
	3426945221
	3426945222
	3426945223
	3426945224
	3426945225
	3426945226
	3426945227
	3426945228
	3426945229
	3426945230
	3426945231
	3426945232
	3426945233
	3426945234
	3426945235
	3426945236
	3426945237
	3426945238
	3426945239
	3426945240
	3426945241
	3426945242
	3426945243
	3426945244
	3426945245
	3426945246
	3426945247
	3426945248
	3426945249
	3426945250
	3426945251
	3426945252
	3426945253
	3426945254
	3426945255
	3426945256
	3426945257
	3426945258
	3426945259
	3426945260
	3426945261
	3426945262
	3426945263
	3426945264
	3426945265
	3426945266
	3426945267
	3426945268
	3426945269
	3426945270
	3426945271
	3426945272
	3426945273
	3426945274
	3426945275
	3426945276
	3426945277
	3426945278
	3426945279
	3426945280
	3426945281
	3426945282
	3426945283
	3426945284
	3426945285
	3426945286
	3426945287
	3426945288
	3426945289
	3426945290
	3426945291
	3426945292
	3426945293
	3426945294
	3426945295
	3426945296
	3426945297
	3426945298
	3426945299
	3426945300
	3426945301
	3426945302
	3426945303
	3426945304
	3426945305
	3426945306
	3426945307
	3426945308
	3426945309
	3426945310
	3426945311
	3426945312
	3426945313
	3426945314
	3426945315
	3426945316
	3426945317
	3426945318
	3426945319
	3426945320
	3426945321
	3426945322
	3426945323
	3426945324
	3426945325
	3426945326
	3426945327
	3426945328
	3426945329
	3426945330
	3426945331
	3426945332
	3426945333
	3426945334
	3426945335
	3426945336
	3426945337
	3426945338
	3426945339
	3426945340
	3426945341
	3426945342
	3426945343
	3426945344
	3426945345
	3426945346
	3426945347
	3426945348
	3426945349
	3426945350
	3426945351
	3426945352
	3426945353
	3426945354
	3426945355
	3426945356
	3426945357
	3426945358
	3426945359
	3426945360
	3426945361
	3426945362
	3426945363
	3426945364
	3426945365
	3426945366
	3426945367
	3426945368
	3426945369
	3426945370
	3426945371
	3426945372
	3426945373
	3426945374
	3426945375
	3426945376
	3426945377
	3426945378
	3426945379
	3426945380
	3426945381
	3426945382
	3426945383
	3426945384
	3426945385
	3426945386
	3426945387
	3426945388
	3426945389
	3426945390
	3426945391
	3426945392
	3426945393
	3426945394
	3426945395
	3426945396
	3426945397
	3426945398
	3426945399
	3426945400
	3426945401
	3426945402
	3426945403
	3426945404
	3426945405
	3426945406
	3426945407
	3426945408
	3426945409
	3426945410
	3426945411
	3426945412
	3426945413
	3426945414
	3426945415
	3426945416
	3426945417
	3426945418
	3426945419
	3426945420
	3426945421
	3426945422
	3426945423
	3426945424
	3426945425
	3426945426
	3426945427
	3426945428
	3426945429
	3426945430
	3426945431
	3426945432
	3426945433
	3426945434
	3426945435
	3426945436
	3426945437
	3426945438
	3426945439
	3426945440
	3426945441
	3426945442
	3426945443
	3426945444
	3426945445
	3426945446
	3426945447
	3426945448
	3426945449
	3426945450
	3426945451
	3426945452
	3426945453
	3426945454
	3426945455
	3426945456
	3426945457
	3426945458
	3426945459
	3426945460
	3426945461
	3426945462
	3426945463
	3426945464
	3426945465
	3426945466
	3426945467
	3426945468
	3426945469
	3426945470
	3426945471
	3426945472
	3426945473
	3426945474
	3426945475
	3426945476
	3426945477
	3426945478
	3426945479
	3426945480
	3426945481
	3426945482
	3426945483
	3426945484
	3426945485
	3426945486
	3426945487
	3426945488
	3426945489
	3426945490
	3426945491
	3426945492
	3426945493
	3426945494
	3426945495
	3426945496
	3426945497
	3426945498
	3426945499
	3426945500
	3426945501
	3426945502
	3426945503
	3426945504
	3426945505
	3426945506
	3426945507
	3426945508
	3426945509
	3426945510
	3426945511
	3426945512
	3426945513
	3426945514
	3426945515
	3426945516
	3426945517
	3426945518
	3426945519
	3426945520
	3426945521
	3426945522
	3426945523
	3426945524
	3426945525
	3426945526
	3426945527
	3426945528
	3426945529
	3426945530
	3426945531
	3426945532
	3426945533
	3426945534
	3426945535
	3426945536
	3426945537
	3426945538
	3426945539
	3426945540
	3426945541
	3426945542
	3426945543
	3426945544
	3426945545
	3426945546
	3426945547
	3426945548
	3426945549
	3426945550
	3426945551
	3426945552
	3426945553
	3426945554
	3426945555
	3426945556
	3426945557
	3426945558
	3426945559
	3426945560
	3426945561
	3426945562
	3426945563
	3426945564
	3426945565
	3426945566
	3426945567
	3426945568
	3426945569
	3426945570
	3426945571
	3426945572
	3426945573
	3426945574
	3426945575
	3426945576
	3426945577
	3426945578
	3426945579
	3426945580
	3426945581
	3426945582
	3426945583
	3426945584
	3426945585
	3426945586
	3426945587
	3426945588
	3426945589
	3426945590
	3426945591
	3426945592
	3426945593
	3426945594
	3426945595
	3426945596
	3426945597
	3426945598
	3426945599
	3426945600
	3426945601
	3426945602
	3426945603
	3426945604
	3426945605
	3426945606
	3426945607
	3426945608
	3426945609
	3426945610
	3426945611
	3426945612
	3426945613
	3426945614
	3426945615
	3426945616
	3426945617
	3426945618
	3426945619
	3426945620
	3426945621
	3426945622
	3426945623
	3426945624
	3426945625
	3426945626
	3426945627
	3426945628
	3426945629
	3426945630
	3426945631
	3426945632
	3426945633
	3426945634
	3426945635
	3426945636
	3426945637
	3426945638
	3426945639
	3426945640
	3426945641
	3426945642
	3426945643
	3426945644
	3426945645
	3426945646
	3426945647
	3426945648
	3426945649
	3426945650
	3426945651
	3426945652
	3426945653
	3426945654
	3426945655
	3426945656
	3426945657
	3426945658
	3426945659
	3426945660
	3426945661
	3426945662
	3426945663
	3426945664
	3426945665
	3426945666
	3426945667
	3426945668
	3426945669
	3426945670
	3426945671
	3426945672
	3426945673
	3426945674
	3426945675
	3426945676
	3426945677
	3426945678
	3426945679
	3426945680
	3426945681
	3426945682
	3426945683
	3426945684
	3426945685
	3426945686
	3426945687
	3426945688
	3426945689
	3426945690
	3426945691
	3426945692
	3426945693
	3426945694
	3426945695
	3426945696
	3426945697
	3426945698
	3426945699
	3426945700
	3426945701
	3426945702
	3426945703
	3426945704
	3426945705
	3426945706
	3426945707
	3426945708
	3426945709
	3426945710
	3426945711
	3426945712
	3426945713
	3426945714
	3426945715
	3426945716
	3426945717
	3426945718
	3426945719
	3426945720
	3426945721
	3426945722
	3426945723
	3426945724
	3426945725
	3426945726
	3426945727
	3426945728
	3426945729
	3426945730
	3426945731
	3426945732
	3426945733
	3426945734
	3426945735
	3426945736
	3426945737
	3426945738
	3426945739
	3426945740
	3426945741
	3426945742
	3426945743
	3426945744
	3426945745
	3426945746
	3426945747
	3426945748
	3426945749
	3426945750
	3426945751
	3426945752
	3426945753
	3426945754
	3426945755
	3426945756
	3426945757
	3426945758
	3426945759
	3426945760
	3426945761
	3426945762
	3426945763
	3426945764
	3426945765
	3426945766
	3426945767
	3426945768
	3426945769
	3426945770
	3426945771
	3426945772
	3426945773
	3426945774
	3426945775
	3426945776
	3426945777
	3426945778
	3426945779
	3426945780
	3426945781
	3426945782
	3426945783
	3426945784
	3426945785
	3426945786
	3426945787
	3426945788
	3426945789
	3426945790
	3426945791
	3426945792
	3426945793
	3426945794
	3426945795
	3426945796
	3426945797
	3426945798
	3426945799
	3426945800
	3426945801
	3426945802
	3426945803
	3426945804
	3426945805
	3426945806
	3426945807
	3426945808
	3426945809
	3426945810
	3426945811
	3426945812
	3426945813
	3426945814
	3426945815
	3426945816
	3426945817
	3426945818
	3426945819
	3426945820
	3426945821
	3426945822
	3426945823
	3426945824
	3426945825
	3426945826
	3426945827
	3426945828
	3426945829
	3426945830
	3426945831
	3426945832
	3426945833
	3426945834
	3426945835
	3426945836
	3426945837
	3426945838
	3426945839
	3426945840
	3426945841
	3426945842
	3426945843
	3426945844
	3426945845
	3426945846
	3426945847
	3426945848
	3426945849
	3426945850
	3426945851
	3426945852
	3426945853
	3426945854
	3426945855
	3426945856
	3426945857
	3426945858
	3426945859
	3426945860
	3426945861
	3426945862
	3426945863
	3426945864
	3426945865
	3426945866
	3426945867
	3426945868
	3426945869
	3426945870
	3426945871
	3426945872
	3426945873
	3426945874
	3426945875
	3426945876
	3426945877
	3426945878
	3426945879
	3426945880
	3426945881
	3426945882
	3426945883
	3426945884
	3426945885
	3426945886
	3426945887
	3426945888
	3426945889
	3426945890
	3426945891
	3426945892
	3426945893
	3426945894
	3426945895
	3426945896
	3426945897
	3426945898
	3426945899
	3426945900
	3426945901
	3426945902
	3426945903
	3426945904
	3426945905
	3426945906
	3426945907
	3426945908
	3426945909
	3426945910
	3426945911
	3426945912
	3426945913
	3426945914
	3426945915
	3426945916
	3426945917
	3426945918
	3426945919
	3426945920
	3426945921
	3426945922
	3426945923
	3426945924
	3426945925
	3426945926
	3426945927
	3426945928
	3426945929
	3426945930
	3426945931
	3426945932
	3426945933
	3426945934
	3426945935
	3426945936
	3426945937
	3426945938
	3426945939
	3426945940
	3426945941
	3426945942
	3426945943
	3426945944
	3426945945
	3426945946
	3426945947
	3426945948
	3426945949
	3426945950
	3426945951
	3426945952
	3426945953
	3426945954
	3426945955
	3426945956
	3426945957
	3426945958
	3426945959
	3426945960
	3426945961
	3426945962
	3426945963
	3426945964
	3426945965
	3426945966
	3426945967
	3426945968
	3426945969
	3426945970
	3426945971
	3426945972
	3426945973
	3426945974
	3426945975
	3426945976
	3426945977
	3426945978
	3426945979
	3426945980
	3426945981
	3426945982
	3426945983
	3426945984
	3426945985
	3426945986
	3426945987
	3426945988
	3426945989
	3426945990
	3426945991
	3426945992
	3426945993
	3426945994
	3426945995
	3426945996
	3426945997
	3426945998
	3426945999
	3426946000
	3426946001
	3426946002
	3426946003
	3426946004
	3426946005
	3426946006
	3426946007
	3426946008
	3426946009
	3426946010
	3426946011
	3426946012
	3426946013
	3426946014
	3426946015
	3426946016
	3426946017
	3426946018
	3426946019
	3426946020
	3426946021
	3426946022
	3426946023
	3426946024
	3426946025
	3426946026
	3426946027
	3426946028
	3426946029
	3426946030
	3426946031
	3426946032
	3426946033
	3426946034
	3426946035
	3426946036
	3426946037
	3426946038
	3426946039
	3426946040
	3426946041
	3426946042
	3426946043
	3426946044
	3426946045
	3426946046
	3426946047
	3426946048
	3426946049
	3426946050
	3426946051
	3426946052
	3426946053
	3426946054
	3426946055
	3426946056
	3426946057
	3426946058
	3426946059
	3426946060
	3426946061
	3426946062
	3426946063
	3426946064
	3426946065
	3426946066
	3426946067
	3426946068
	3426946069
	3426946070
	3426946071
	3426946072
	3426946073
	3426946074
	3426946075
	3426946076
	3426946077
	3426946078
	3426946079
	3426946080
	3426946081
	3426946082
	3426946083
	3426946084
	3426946085
	3426946086
	3426946087
	3426946088
	3426946089
	3426946090
	3426946091
	3426946092
	3426946093
	3426946094
	3426946095
	3426946096
	3426946097
	3426946098
	3426946099
	3426946100
	3426946101
	3426946102
	3426946103
	3426946104
	3426946105
	3426946106
	3426946107
	3426946108
	3426946109
	3426946110
	3426946111
	3426946112
	3426946113
	3426946114
	3426946115
	3426946116
	3426946117
	3426946118
	3426946119
	3426946120
	3426946121
	3426946122
	3426946123
	3426946124
	3426946125
	3426946126
	3426946127
	3426946128
	3426946129
	3426946130
	3426946131
	3426946132
	3426946133
	3426946134
	3426946135
	3426946136
	3426946137
	3426946138
	3426946139
	3426946140
	3426946141
	3426946142
	3426946143
	3426946144
	3426946145
	3426946146
	3426946147
	3426946148
	3426946149
	3426946150
	3426946151
	3426946152
	3426946153
	3426946154
	3426946155
	3426946156
	3426946157
	3426946158
	3426946159
	3426946160
	3426946161
	3426946162
	3426946163
	3426946164
	3426946165
	3426946166
	3426946167
	3426946168
	3426946169
	3426946170
	3426946171
	3426946172
	3426946173
	3426946174
	3426946175
	3426946176
	3426946177
	3426946178
	3426946179
	3426946180
	3426946181
	3426946182
	3426946183
	3426946184
	3426946185
	3426946186
	3426946187
	3426946188
	3426946189
	3426946190
	3426946191
	3426946192
	3426946193
	3426946194
	3426946195
	3426946196
	3426946197
	3426946198
	3426946199
	3426946200
	3426946201
	3426946202
	3426946203
	3426946204
	3426946205
	3426946206
	3426946207
	3426946208
	3426946209
	3426946210
	3426946211
	3426946212
	3426946213
	3426946214
	3426946215
	3426946216
	3426946217
	3426946218
	3426946219
	3426946220
	3426946221
	3426946222
	3426946223
	3426946224
	3426946225
	3426946226
	3426946227
	3426946228
	3426946229
	3426946230
	3426946231
	3426946232
	3426946233
	3426946234
	3426946235
	3426946236
	3426946237
	3426946238
	3426946239
	3426946240
	3426946241
	3426946242
	3426946243
	3426946244
	3426946245
	3426946246
	3426946247
	3426946248
	3426946249
	3426946250
	3426946251
	3426946252
	3426946253
	3426946254
	3426946255
	3426946256
	3426946257
	3426946258
	3426946259
	3426946260
	3426946261
	3426946262
	3426946263
	3426946264
	3426946265
	3426946266
	3426946267
	3426946268
	3426946269
	3426946270
	3426946271
	3426946272
	3426946273
	3426946274
	3426946275
	3426946276
	3426946277
	3426946278
	3426946279
	3426946280
	3426946281
	3426946282
	3426946283
	3426946284
	3426946285
	3426946286
	3426946287
	3426946288
	3426946289
	3426946290
	3426946291
	3426946292
	3426946293
	3426946294
	3426946295
	3426946296
	3426946297
	3426946298
	3426946299
	3426946300
	3426946301
	3426946302
	3426946303
	3426946304
	3426946305
	3426946306
	3426946307
	3426946308
	3426946309
	3426946310
	3426946311
	3426946312
	3426946313
	3426946314
	3426946315
	3426946316
	3426946317
	3426946318
	3426946319
	3426946320
	3426946321
	3426946322
	3426946323
	3426946324
	3426946325
	3426946326
	3426946327
	3426946328
	3426946329
	3426946330
	3426946331
	3426946332
	3426946333
	3426946334
	3426946335
	3426946336
	3426946337
	3426946338
	3426946339
	3426946340
	3426946341
	3426946342
	3426946343
	3426946344
	3426946345
	3426946346
	3426946347
	3426946348
	3426946349
	3426946350
	3426946351
	3426946352
	3426946353
	3426946354
	3426946355
	3426946356
	3426946357
	3426946358
	3426946359
	3426946360
	3426946361
	3426946362
	3426946363
	3426946364
	3426946365
	3426946366
	3426946367
	3426946368
	3426946369
	3426946370
	3426946371
	3426946372
	3426946373
	3426946374
	3426946375
	3426946376
	3426946377
	3426946378
	3426946379
	3426946380
	3426946381
	3426946382
	3426946383
	3426946384
	3426946385
	3426946386
	3426946387
	3426946388
	3426946389
	3426946390
	3426946391
	3426946392
	3426946393
	3426946394
	3426946395
	3426946396
	3426946397
	3426946398
	3426946399
	3426946400
	3426946401
	3426946402
	3426946403
	3426946404
	3426946405
	3426946406
	3426946407
	3426946408
	3426946409
	3426946410
	3426946411
	3426946412
	3426946413
	3426946414
	3426946415
	3426946416
	3426946417
	3426946418
	3426946419
	3426946420
	3426946421
	3426946422
	3426946423
	3426946424
	3426946425
	3426946426
	3426946427
	3426946428
	3426946429
	3426946430
	3426946431
	3426946432
	3426946433
	3426946434
	3426946435
	3426946436
	3426946437
	3426946438
	3426946439
	3426946440
	3426946441
	3426946442
	3426946443
	3426946444
	3426946445
	3426946446
	3426946447
	3426946448
	3426946449
	3426946450
	3426946451
	3426946452
	3426946453
	3426946454
	3426946455
	3426946456
	3426946457
	3426946458
	3426946459
	3426946460
	3426946461
	3426946462
	3426946463
	3426946464
	3426946465
	3426946466
	3426946467
	3426946468
	3426946469
	3426946470
	3426946471
	3426946472
	3426946473
	3426946474
	3426946475
	3426946476
	3426946477
	3426946478
	3426946479
	3426946480
	3426946481
	3426946482
	3426946483
	3426946484
	3426946485
	3426946486
	3426946487
	3426946488
	3426946489
	3426946490
	3426946491
	3426946492
	3426946493
	3426946494
	3426946495
	3426946496
	3426946497
	3426946498
	3426946499
	3426946500
	3426946501
	3426946502
	3426946503
	3426946504
	3426946505
	3426946506
	3426946507
	3426946508
	3426946509
	3426946510
	3426946511
	3426946512
	3426946513
	3426946514
	3426946515
	3426946516
	3426946517
	3426946518
	3426946519
	3426946520
	3426946521
	3426946522
	3426946523
	3426946524
	3426946525
	3426946526
	3426946527
	3426946528
	3426946529
	3426946530
	3426946531
	3426946532
	3426946533
	3426946534
	3426946535
	3426946536
	3426946537
	3426946538
	3426946539
	3426946540
	3426946541
	3426946542
	3426946543
	3426946544
	3426946545
	3426946546
	3426946547
	3426946548
	3426946549
	3426946550
	3426946551
	3426946552
	3426946553
	3426946554
	3426946555
	3426946556
	3426946557
	3426946558
	3426946559
	3426946560
	3426946561
	3426946562
	3426946563
	3426946564
	3426946565
	3426946566
	3426946567
	3426946568
	3426946569
	3426946570
	3426946571
	3426946572
	3426946573
	3426946574
	3426946575
	3426946576
	3426946577
	3426946578
	3426946579
	3426946580
	3426946581
	3426946582
	3426946583
	3426946584
	3426946585
	3426946586
	3426946587
	3426946588
	3426946589
	3426946590
	3426946591
	3426946592
	3426946593
	3426946594
	3426946595
	3426946596
	3426946597
	3426946598
	3426946599
	3426946600
	3426946601
	3426946602
	3426946603
	3426946604
	3426946605
	3426946606
	3426946607
	3426946608
	3426946609
	3426946610
	3426946611
	3426946612
	3426946613
	3426946614
	3426946615
	3426946616
	3426946617
	3426946618
	3426946619
	3426946620
	3426946621
	3426946622
	3426946623
	3426946624
	3426946625
	3426946626
	3426946627
	3426946628
	3426946629
	3426946630
	3426946631
	3426946632
	3426946633
	3426946634
	3426946635
	3426946636
	3426946637
	3426946638
	3426946639
	3426946640
	3426946641
	3426946642
	3426946643
	3426946644
	3426946645
	3426946646
	3426946647
	3426946648
	3426946649
	3426946650
	3426946651
	3426946652
	3426946653
	3426946654
	3426946655
	3426946656
	3426946657
	3426946658
	3426946659
	3426946660
	3426946661
	3426946662
	3426946663
	3426946664
	3426946665
	3426946666
	3426946667
	3426946668
	3426946669
	3426946670
	3426946671
	3426946672
	3426946673
	3426946674
	3426946675
	3426946676
	3426946677
	3426946678
	3426946679
	3426946680
	3426946681
	3426946682
	3426946683
	3426946684
	3426946685
	3426946686
	3426946687
	3426946688
	3426946689
	3426946690
	3426946691
	3426946692
	3426946693
	3426946694
	3426946695
	3426946696
	3426946697
	3426946698
	3426946699
	3426946700
	3426946701
	3426946702
	3426946703
	3426946704
	3426946705
	3426946706
	3426946707
	3426946708
	3426946709
	3426946710
	3426946711
	3426946712
	3426946713
	3426946714
	3426946715
	3426946716
	3426946717
	3426946718
	3426946719
	3426946720
	3426946721
	3426946722
	3426946723
	3426946724
	3426946725
	3426946726
	3426946727
	3426946728
	3426946729
	3426946730
	3426946731
	3426946732
	3426946733
	3426946734
	3426946735
	3426946736
	3426946737
	3426946738
	3426946739
	3426946740
	3426946741
	3426946742
	3426946743
	3426946744
	3426946745
	3426946746
	3426946747
	3426946748
	3426946749
	3426946750
	3426946751
	3426946752
	3426946753
	3426946754
	3426946755
	3426946756
	3426946757
	3426946758
	3426946759
	3426946760
	3426946761
	3426946762
	3426946763
	3426946764
	3426946765
	3426946766
	3426946767
	3426946768
	3426946769
	3426946770
	3426946771
	3426946772
	3426946773
	3426946774
	3426946775
	3426946776
	3426946777
	3426946778
	3426946779
	3426946780
	3426946781
	3426946782
	3426946783
	3426946784
	3426946785
	3426946786
	3426946787
	3426946788
	3426946789
	3426946790
	3426946791
	3426946792
	3426946793
	3426946794
	3426946795
	3426946796
	3426946797
	3426946798
	3426946799
	3426946800
	3426946801
	3426946802
	3426946803
	3426946804
	3426946805
	3426946806
	3426946807
	3426946808
	3426946809
	3426946810
	3426946811
	3426946812
	3426946813
	3426946814
	3426946815
	3426946816
	3426946817
	3426946818
	3426946819
	3426946820
	3426946821
	3426946822
	3426946823
	3426946824
	3426946825
	3426946826
	3426946827
	3426946828
	3426946829
	3426946830
	3426946831
	3426946832
	3426946833
	3426946834
	3426946835
	3426946836
	3426946837
	3426946838
	3426946839
	3426946840
	3426946841
	3426946842
	3426946843
	3426946844
	3426946845
	3426946846
	3426946847
	3426946848
	3426946849
	3426946850
	3426946851
	3426946852
	3426946853
	3426946854
	3426946855
	3426946856
	3426946857
	3426946858
	3426946859
	3426946860
	3426946861
	3426946862
	3426946863
	3426946864
	3426946865
	3426946866
	3426946867
	3426946868
	3426946869
	3426946870
	3426946871
	3426946872
	3426946873
	3426946874
	3426946875
	3426946876
	3426946877
	3426946878
	3426946879
	3426946880
	3426946881
	3426946882
	3426946883
	3426946884
	3426946885
	3426946886
	3426946887
	3426946888
	3426946889
	3426946890
	3426946891
	3426946892
	3426946893
	3426946894
	3426946895
	3426946896
	3426946897
	3426946898
	3426946899
	3426946900
	3426946901
	3426946902
	3426946903
	3426946904
	3426946905
	3426946906
	3426946907
	3426946908
	3426946909
	3426946910
	3426946911
	3426946912
	3426946913
	3426946914
	3426946915
	3426946916
	3426946917
	3426946918
	3426946919
	3426946920
	3426946921
	3426946922
	3426946923
	3426946924
	3426946925
	3426946926
	3426946927
	3426946928
	3426946929
	3426946930
	3426946931
	3426946932
	3426946933
	3426946934
	3426946935
	3426946936
	3426946937
	3426946938
	3426946939
	3426946940
	3426946941
	3426946942
	3426946943
	3426946944
	3426946945
	3426946946
	3426946947
	3426946948
