	3426564661
	3426564662
	3426564663
	3426564664
	3426564665
	3426564666
	3426564667
	3426564668
	3426564669
	3426564670
	3426564671
	3426564672
	3426564673
	3426564674
	3426564675
	3426564676
	3426564677
	3426564678
	3426564679
	3426564680
	3426564681
	3426564682
	3426564683
	3426564684
	3426564685
	3426564686
	3426564687
	3426564688
	3426564689
	3426564690
	3426564691
	3426564692
	3426564693
	3426564694
	3426564695
	3426564696
	3426564697
	3426564698
	3426564699
	3426564700
	3426564701
	3426564702
	3426564703
	3426564704
	3426564705
	3426564706
	3426564707
	3426564708
	3426564709
	3426564710
	3426564711
	3426564712
	3426564713
	3426564714
	3426564715
	3426564716
	3426564717
	3426564718
	3426564719
	3426564720
	3426564721
	3426564722
	3426564723
	3426564724
	3426564725
	3426564726
	3426564727
	3426564728
	3426564729
	3426564730
	3426564731
	3426564732
	3426564733
	3426564734
	3426564735
	3426564736
	3426564737
	3426564738
	3426564739
	3426564740
	3426564741
	3426564742
	3426564743
	3426564744
	3426564745
	3426564746
	3426564747
	3426564748
	3426564749
	3426564750
	3426564751
	3426564752
	3426564753
	3426564754
	3426564755
	3426564756
	3426564757
	3426564758
	3426564759
	3426564760
	3426564761
	3426564762
	3426564763
	3426564764
	3426564765
	3426564766
	3426564767
	3426564768
	3426564769
	3426564770
	3426564771
	3426564772
	3426564773
	3426564774
	3426564775
	3426564776
	3426564777
	3426564778
	3426564779
	3426564780
	3426564781
	3426564782
	3426564783
	3426564784
	3426564785
	3426564786
	3426564787
	3426564788
	3426564789
	3426564790
	3426564791
	3426564792
	3426564793
	3426564794
	3426564795
	3426564796
	3426564797
	3426564798
	3426564799
	3426564800
	3426564801
	3426564802
	3426564803
	3426564804
	3426564805
	3426564806
	3426564807
	3426564808
	3426564809
	3426564810
	3426564811
	3426564812
	3426564813
	3426564814
	3426564815
	3426564816
	3426564817
	3426564818
	3426564819
	3426564820
	3426564821
	3426564822
	3426564823
	3426564824
	3426564825
	3426564826
	3426564827
	3426564828
	3426564829
	3426564830
	3426564831
	3426564832
	3426564833
	3426564834
	3426564835
	3426564836
	3426564837
	3426564838
	3426564839
	3426564840
	3426564841
	3426564842
	3426564843
	3426564844
	3426564845
	3426564846
	3426564847
	3426564848
	3426564849
	3426564850
	3426564851
	3426564852
	3426564853
	3426564854
	3426564855
	3426564856
	3426564857
	3426564858
	3426564859
	3426564860
	3426564861
	3426564862
	3426564863
	3426564864
	3426564865
	3426564866
	3426564867
	3426564868
	3426564869
	3426564870
	3426564871
	3426564872
	3426564873
	3426564874
	3426564875
	3426564876
	3426564877
	3426564878
	3426564879
	3426564880
	3426564881
	3426564882
	3426564883
	3426564884
	3426564885
	3426564886
	3426564887
	3426564888
	3426564889
	3426564890
	3426564891
	3426564892
	3426564893
	3426564894
	3426564895
	3426564896
	3426564897
	3426564898
	3426564899
	3426564900
	3426564901
	3426564902
	3426564903
	3426564904
	3426564905
	3426564906
	3426564907
	3426564908
	3426564909
	3426564910
	3426564911
	3426564912
	3426564913
	3426564914
	3426564915
	3426564916
	3426564917
	3426564918
	3426564919
	3426564920
	3426564921
	3426564922
	3426564923
	3426564924
	3426564925
	3426564926
	3426564927
	3426564928
	3426564929
	3426564930
	3426564931
	3426564932
	3426564933
	3426564934
	3426564935
	3426564936
	3426564937
	3426564938
	3426564939
	3426564940
	3426564941
	3426564942
	3426564943
	3426564944
	3426564945
	3426564946
	3426564947
	3426564948
	3426564949
	3426564950
	3426564951
	3426564952
	3426564953
	3426564954
	3426564955
	3426564956
	3426564957
	3426564958
	3426564959
	3426564960
	3426564961
	3426564962
	3426564963
	3426564964
	3426564965
	3426564966
	3426564967
	3426564968
	3426564969
	3426564970
	3426564971
	3426564972
	3426564973
	3426564974
	3426564975
	3426564976
	3426564977
	3426564978
	3426564979
	3426564980
	3426564981
	3426564982
	3426564983
	3426564984
	3426564985
	3426564986
	3426564987
	3426564988
	3426564989
	3426564990
	3426564991
	3426564992
	3426564993
	3426564994
	3426564995
	3426564996
	3426564997
	3426564998
	3426564999
	3426565000
	3426565001
	3426565002
	3426565003
	3426565004
	3426565005
	3426565006
	3426565007
	3426565008
	3426565009
	3426565010
	3426565011
	3426565012
	3426565013
	3426565014
	3426565015
	3426565016
	3426565017
	3426565018
	3426565019
	3426565020
	3426565021
	3426565022
	3426565023
	3426565024
	3426565025
	3426565026
	3426565027
	3426565028
	3426565029
	3426565030
	3426565031
	3426565032
	3426565033
	3426565034
	3426565035
	3426565036
	3426565037
	3426565038
	3426565039
	3426565040
	3426565041
	3426565042
	3426565043
	3426565044
	3426565045
	3426565046
	3426565047
	3426565048
	3426565049
	3426565050
	3426565051
	3426565052
	3426565053
	3426565054
	3426565055
	3426565056
	3426565057
	3426565058
	3426565059
	3426565060
	3426565061
	3426565062
	3426565063
	3426565064
	3426565065
	3426565066
	3426565067
	3426565068
	3426565069
	3426565070
	3426565071
	3426565072
	3426565073
	3426565074
	3426565075
	3426565076
	3426565077
	3426565078
	3426565079
	3426565080
	3426565081
	3426565082
	3426565083
	3426565084
	3426565085
	3426565086
	3426565087
	3426565088
	3426565089
	3426565090
	3426565091
	3426565092
	3426565093
	3426565094
	3426565095
	3426565096
	3426565097
	3426565098
	3426565099
	3426565100
	3426565101
	3426565102
	3426565103
	3426565104
	3426565105
	3426565106
	3426565107
	3426565108
	3426565109
	3426565110
	3426565111
	3426565112
	3426565113
	3426565114
	3426565115
	3426565116
	3426565117
	3426565118
	3426565119
	3426565120
	3426565121
	3426565122
	3426565123
	3426565124
	3426565125
	3426565126
	3426565127
	3426565128
	3426565129
	3426565130
	3426565131
	3426565132
	3426565133
	3426565134
	3426565135
	3426565136
	3426565137
	3426565138
	3426565139
	3426565140
	3426565141
	3426565142
	3426565143
	3426565144
	3426565145
	3426565146
	3426565147
	3426565148
	3426565149
	3426565150
	3426565151
	3426565152
	3426565153
	3426565154
	3426565155
	3426565156
	3426565157
	3426565158
	3426565159
	3426565160
	3426565161
	3426565162
	3426565163
	3426565164
	3426565165
	3426565166
	3426565167
	3426565168
	3426565169
	3426565170
	3426565171
	3426565172
	3426565173
	3426565174
	3426565175
	3426565176
	3426565177
	3426565178
	3426565179
	3426565180
	3426565181
	3426565182
	3426565183
	3426565184
	3426565185
	3426565186
	3426565187
	3426565188
	3426565189
	3426565190
	3426565191
	3426565192
	3426565193
	3426565194
	3426565195
	3426565196
	3426565197
	3426565198
	3426565199
	3426565200
	3426565201
	3426565202
	3426565203
	3426565204
	3426565205
	3426565206
	3426565207
	3426565208
	3426565209
	3426565210
	3426565211
	3426565212
	3426565213
	3426565214
	3426565215
	3426565216
	3426565217
	3426565218
	3426565219
	3426565220
	3426565221
	3426565222
	3426565223
	3426565224
	3426565225
	3426565226
	3426565227
	3426565228
	3426565229
	3426565230
	3426565231
	3426565232
	3426565233
	3426565234
	3426565235
	3426565236
	3426565237
	3426565238
	3426565239
	3426565240
	3426565241
	3426565242
	3426565243
	3426565244
	3426565245
	3426565246
	3426565247
	3426565248
	3426565249
	3426565250
	3426565251
	3426565252
	3426565253
	3426565254
	3426565255
	3426565256
	3426565257
	3426565258
	3426565259
	3426565260
	3426565261
	3426565262
	3426565263
	3426565264
	3426565265
	3426565266
	3426565267
	3426565268
	3426565269
	3426565270
	3426565271
	3426565272
	3426565273
	3426565274
	3426565275
	3426565276
	3426565277
	3426565278
	3426565279
	3426565280
	3426565281
	3426565282
	3426565283
	3426565284
	3426565285
	3426565286
	3426565287
	3426565288
	3426565289
	3426565290
	3426565291
	3426565292
	3426565293
	3426565294
	3426565295
	3426565296
	3426565297
	3426565298
	3426565299
	3426565300
	3426565301
	3426565302
	3426565303
	3426565304
	3426565305
	3426565306
	3426565307
	3426565308
	3426565309
	3426565310
	3426565311
	3426565312
	3426565313
	3426565314
	3426565315
	3426565316
	3426565317
	3426565318
	3426565319
	3426565320
	3426565321
	3426565322
	3426565323
	3426565324
	3426565325
	3426565326
	3426565327
	3426565328
	3426565329
	3426565330
	3426565331
	3426565332
	3426565333
	3426565334
	3426565335
	3426565336
	3426565337
	3426565338
	3426565339
	3426565340
	3426565341
	3426565342
	3426565343
	3426565344
	3426565345
	3426565346
	3426565347
	3426565348
	3426565349
	3426565350
	3426565351
	3426565352
	3426565353
	3426565354
	3426565355
	3426565356
	3426565357
	3426565358
	3426565359
	3426565360
	3426565361
	3426565362
	3426565363
	3426565364
	3426565365
	3426565366
	3426565367
	3426565368
	3426565369
	3426565370
	3426565371
	3426565372
	3426565373
	3426565374
	3426565375
	3426565376
	3426565377
	3426565378
	3426565379
	3426565380
	3426565381
	3426565382
	3426565383
	3426565384
	3426565385
	3426565386
	3426565387
	3426565388
	3426565389
	3426565390
	3426565391
	3426565392
	3426565393
	3426565394
	3426565395
	3426565396
	3426565397
	3426565398
	3426565399
	3426565400
	3426565401
	3426565402
	3426565403
	3426565404
	3426565405
	3426565406
	3426565407
	3426565408
	3426565409
	3426565410
	3426565411
	3426565412
	3426565413
	3426565414
	3426565415
	3426565416
	3426565417
	3426565418
	3426565419
	3426565420
	3426565421
	3426565422
	3426565423
	3426565424
	3426565425
	3426565426
	3426565427
	3426565428
	3426565429
	3426565430
	3426565431
	3426565432
	3426565433
	3426565434
	3426565435
	3426565436
	3426565437
	3426565438
	3426565439
	3426565440
	3426565441
	3426565442
	3426565443
	3426565444
	3426565445
	3426565446
	3426565447
	3426565448
	3426565449
	3426565450
	3426565451
	3426565452
	3426565453
	3426565454
	3426565455
	3426565456
	3426565457
	3426565458
	3426565459
	3426565460
	3426565461
	3426565462
	3426565463
	3426565464
	3426565465
	3426565466
	3426565467
	3426565468
	3426565469
	3426565470
	3426565471
	3426565472
	3426565473
	3426565474
	3426565475
	3426565476
	3426565477
	3426565478
	3426565479
	3426565480
	3426565481
	3426565482
	3426565483
	3426565484
	3426565485
	3426565486
	3426565487
	3426565488
	3426565489
	3426565490
	3426565491
	3426565492
	3426565493
	3426565494
	3426565495
	3426565496
	3426565497
	3426565498
	3426565499
	3426565500
	3426565501
	3426565502
	3426565503
	3426565504
	3426565505
	3426565506
	3426565507
	3426565508
	3426565509
	3426565510
	3426565511
	3426565512
	3426565513
	3426565514
	3426565515
	3426565516
	3426565517
	3426565518
	3426565519
	3426565520
	3426565521
	3426565522
	3426565523
	3426565524
	3426565525
	3426565526
	3426565527
	3426565528
	3426565529
	3426565530
	3426565531
	3426565532
	3426565533
	3426565534
	3426565535
	3426565536
	3426565537
	3426565538
	3426565539
	3426565540
	3426565541
	3426565542
	3426565543
	3426565544
	3426565545
	3426565546
	3426565547
	3426565548
	3426565549
	3426565550
	3426565551
	3426565552
	3426565553
	3426565554
	3426565555
	3426565556
	3426565557
	3426565558
	3426565559
	3426565560
	3426565561
	3426565562
	3426565563
	3426565564
	3426565565
	3426565566
	3426565567
	3426565568
	3426565569
	3426565570
	3426565571
	3426565572
	3426565573
	3426565574
	3426565575
	3426565576
	3426565577
	3426565578
	3426565579
	3426565580
	3426565581
	3426565582
	3426565583
	3426565584
	3426565585
	3426565586
	3426565587
	3426565588
	3426565589
	3426565590
	3426565591
	3426565592
	3426565593
	3426565594
	3426565595
	3426565596
	3426565597
	3426565598
	3426565599
	3426565600
	3426565601
	3426565602
	3426565603
	3426565604
	3426565605
	3426565606
	3426565607
	3426565608
	3426565609
	3426565610
	3426565611
	3426565612
	3426565613
	3426565614
	3426565615
	3426565616
	3426565617
	3426565618
	3426565619
	3426565620
	3426565621
	3426565622
	3426565623
	3426565624
	3426565625
	3426565626
	3426565627
	3426565628
	3426565629
	3426565630
	3426565631
	3426565632
	3426565633
	3426565634
	3426565635
	3426565636
	3426565637
	3426565638
	3426565639
	3426565640
	3426565641
	3426565642
	3426565643
	3426565644
	3426565645
	3426565646
	3426565647
	3426565648
	3426565649
	3426565650
	3426565651
	3426565652
	3426565653
	3426565654
	3426565655
	3426565656
	3426565657
	3426565658
	3426565659
	3426565660
	3426565661
	3426565662
	3426565663
	3426565664
	3426565665
	3426565666
	3426565667
	3426565668
	3426565669
	3426565670
	3426565671
	3426565672
	3426565673
	3426565674
	3426565675
	3426565676
	3426565677
	3426565678
	3426565679
	3426565680
	3426565681
	3426565682
	3426565683
	3426565684
	3426565685
	3426565686
	3426565687
	3426565688
	3426565689
	3426565690
	3426565691
	3426565692
	3426565693
	3426565694
	3426565695
	3426565696
	3426565697
	3426565698
	3426565699
	3426565700
	3426565701
	3426565702
	3426565703
	3426565704
	3426565705
	3426565706
	3426565707
	3426565708
	3426565709
	3426565710
	3426565711
	3426565712
	3426565713
	3426565714
	3426565715
	3426565716
	3426565717
	3426565718
	3426565719
	3426565720
	3426565721
	3426565722
	3426565723
	3426565724
	3426565725
	3426565726
	3426565727
	3426565728
	3426565729
	3426565730
	3426565731
	3426565732
	3426565733
	3426565734
	3426565735
	3426565736
	3426565737
	3426565738
	3426565739
	3426565740
	3426565741
	3426565742
	3426565743
	3426565744
	3426565745
	3426565746
	3426565747
	3426565748
	3426565749
	3426565750
	3426565751
	3426565752
	3426565753
	3426565754
	3426565755
	3426565756
	3426565757
	3426565758
	3426565759
	3426565760
	3426565761
	3426565762
	3426565763
	3426565764
	3426565765
	3426565766
	3426565767
	3426565768
	3426565769
	3426565770
	3426565771
	3426565772
	3426565773
	3426565774
	3426565775
	3426565776
	3426565777
	3426565778
	3426565779
	3426565780
	3426565781
	3426565782
	3426565783
	3426565784
	3426565785
	3426565786
	3426565787
	3426565788
	3426565789
	3426565790
	3426565791
	3426565792
	3426565793
	3426565794
	3426565795
	3426565796
	3426565797
	3426565798
	3426565799
	3426565800
	3426565801
	3426565802
	3426565803
	3426565804
	3426565805
	3426565806
	3426565807
	3426565808
	3426565809
	3426565810
	3426565811
	3426565812
	3426565813
	3426565814
	3426565815
	3426565816
	3426565817
	3426565818
	3426565819
	3426565820
	3426565821
	3426565822
	3426565823
	3426565824
	3426565825
	3426565826
	3426565827
	3426565828
	3426565829
	3426565830
	3426565831
	3426565832
	3426565833
	3426565834
	3426565835
	3426565836
	3426565837
	3426565838
	3426565839
	3426565840
	3426565841
	3426565842
	3426565843
	3426565844
	3426565845
	3426565846
	3426565847
	3426565848
	3426565849
	3426565850
	3426565851
	3426565852
	3426565853
	3426565854
	3426565855
	3426565856
	3426565857
	3426565858
	3426565859
	3426565860
	3426565861
	3426565862
	3426565863
	3426565864
	3426565865
	3426565866
	3426565867
	3426565868
	3426565869
	3426565870
	3426565871
	3426565872
	3426565873
	3426565874
	3426565875
	3426565876
	3426565877
	3426565878
	3426565879
	3426565880
	3426565881
	3426565882
	3426565883
	3426565884
	3426565885
	3426565886
	3426565887
	3426565888
	3426565889
	3426565890
	3426565891
	3426565892
	3426565893
	3426565894
	3426565895
	3426565896
	3426565897
	3426565898
	3426565899
	3426565900
	3426565901
	3426565902
	3426565903
	3426565904
	3426565905
	3426565906
	3426565907
	3426565908
	3426565909
	3426565910
	3426565911
	3426565912
	3426565913
	3426565914
	3426565915
	3426565916
	3426565917
	3426565918
	3426565919
	3426565920
	3426565921
	3426565922
	3426565923
	3426565924
	3426565925
	3426565926
	3426565927
	3426565928
	3426565929
	3426565930
	3426565931
	3426565932
	3426565933
	3426565934
	3426565935
	3426565936
	3426565937
	3426565938
	3426565939
	3426565940
	3426565941
	3426565942
	3426565943
	3426565944
	3426565945
	3426565946
	3426565947
	3426565948
	3426565949
	3426565950
	3426565951
	3426565952
	3426565953
	3426565954
	3426565955
	3426565956
	3426565957
	3426565958
	3426565959
	3426565960
	3426565961
	3426565962
	3426565963
	3426565964
	3426565965
	3426565966
	3426565967
	3426565968
	3426565969
	3426565970
	3426565971
	3426565972
	3426565973
	3426565974
	3426565975
	3426565976
	3426565977
	3426565978
	3426565979
	3426565980
	3426565981
	3426565982
	3426565983
	3426565984
	3426565985
	3426565986
	3426565987
	3426565988
	3426565989
	3426565990
	3426565991
	3426565992
	3426565993
	3426565994
	3426565995
	3426565996
	3426565997
	3426565998
	3426565999
	3426566000
	3426566001
	3426566002
	3426566003
	3426566004
	3426566005
	3426566006
	3426566007
	3426566008
	3426566009
	3426566010
	3426566011
	3426566012
	3426566013
	3426566014
	3426566015
	3426566016
	3426566017
	3426566018
	3426566019
	3426566020
	3426566021
	3426566022
	3426566023
	3426566024
	3426566025
	3426566026
	3426566027
	3426566028
	3426566029
	3426566030
	3426566031
	3426566032
	3426566033
	3426566034
	3426566035
	3426566036
	3426566037
	3426566038
	3426566039
	3426566040
	3426566041
	3426566042
	3426566043
	3426566044
	3426566045
	3426566046
	3426566047
	3426566048
	3426566049
	3426566050
	3426566051
	3426566052
	3426566053
	3426566054
	3426566055
	3426566056
	3426566057
	3426566058
	3426566059
	3426566060
	3426566061
	3426566062
	3426566063
	3426566064
	3426566065
	3426566066
	3426566067
	3426566068
	3426566069
	3426566070
	3426566071
	3426566072
	3426566073
	3426566074
	3426566075
	3426566076
	3426566077
	3426566078
	3426566079
	3426566080
	3426566081
	3426566082
	3426566083
	3426566084
	3426566085
	3426566086
	3426566087
	3426566088
	3426566089
	3426566090
	3426566091
	3426566092
	3426566093
	3426566094
	3426566095
	3426566096
	3426566097
	3426566098
	3426566099
	3426566100
	3426566101
	3426566102
	3426566103
	3426566104
	3426566105
	3426566106
	3426566107
	3426566108
	3426566109
	3426566110
	3426566111
	3426566112
	3426566113
	3426566114
	3426566115
	3426566116
	3426566117
	3426566118
	3426566119
	3426566120
	3426566121
	3426566122
	3426566123
	3426566124
	3426566125
	3426566126
	3426566127
	3426566128
	3426566129
	3426566130
	3426566131
	3426566132
	3426566133
	3426566134
	3426566135
	3426566136
	3426566137
	3426566138
	3426566139
	3426566140
	3426566141
	3426566142
	3426566143
	3426566144
	3426566145
	3426566146
	3426566147
	3426566148
	3426566149
	3426566150
	3426566151
	3426566152
	3426566153
	3426566154
	3426566155
	3426566156
	3426566157
	3426566158
	3426566159
	3426566160
	3426566161
	3426566162
	3426566163
	3426566164
	3426566165
	3426566166
	3426566167
	3426566168
	3426566169
	3426566170
	3426566171
	3426566172
	3426566173
	3426566174
	3426566175
	3426566176
	3426566177
	3426566178
	3426566179
	3426566180
	3426566181
	3426566182
	3426566183
	3426566184
	3426566185
	3426566186
	3426566187
	3426566188
	3426566189
	3426566190
	3426566191
	3426566192
	3426566193
	3426566194
	3426566195
	3426566196
	3426566197
	3426566198
	3426566199
	3426566200
	3426566201
	3426566202
	3426566203
	3426566204
	3426566205
	3426566206
	3426566207
	3426566208
	3426566209
	3426566210
	3426566211
	3426566212
	3426566213
	3426566214
	3426566215
	3426566216
	3426566217
	3426566218
	3426566219
	3426566220
	3426566221
	3426566222
	3426566223
	3426566224
	3426566225
	3426566226
	3426566227
	3426566228
	3426566229
	3426566230
	3426566231
	3426566232
	3426566233
	3426566234
	3426566235
	3426566236
	3426566237
	3426566238
	3426566239
	3426566240
	3426566241
	3426566242
	3426566243
	3426566244
	3426566245
	3426566246
	3426566247
	3426566248
	3426566249
	3426566250
	3426566251
	3426566252
	3426566253
	3426566254
	3426566255
	3426566256
	3426566257
	3426566258
	3426566259
	3426566260
	3426566261
	3426566262
	3426566263
	3426566264
	3426566265
	3426566266
	3426566267
	3426566268
	3426566269
	3426566270
	3426566271
	3426566272
	3426566273
	3426566274
	3426566275
	3426566276
	3426566277
	3426566278
	3426566279
	3426566280
	3426566281
	3426566282
	3426566283
	3426566284
	3426566285
	3426566286
	3426566287
	3426566288
	3426566289
	3426566290
	3426566291
	3426566292
	3426566293
	3426566294
	3426566295
	3426566296
	3426566297
	3426566298
	3426566299
	3426566300
	3426566301
	3426566302
	3426566303
	3426566304
	3426566305
	3426566306
	3426566307
	3426566308
	3426566309
	3426566310
	3426566311
	3426566312
	3426566313
	3426566314
	3426566315
	3426566316
	3426566317
	3426566318
	3426566319
	3426566320
	3426566321
	3426566322
	3426566323
	3426566324
	3426566325
	3426566326
	3426566327
	3426566328
	3426566329
	3426566330
	3426566331
	3426566332
	3426566333
	3426566334
	3426566335
	3426566336
	3426566337
	3426566338
	3426566339
	3426566340
	3426566341
	3426566342
	3426566343
	3426566344
	3426566345
	3426566346
	3426566347
	3426566348
	3426566349
	3426566350
	3426566351
	3426566352
	3426566353
	3426566354
	3426566355
	3426566356
	3426566357
	3426566358
	3426566359
	3426566360
	3426566361
	3426566362
	3426566363
	3426566364
	3426566365
	3426566366
	3426566367
	3426566368
	3426566369
	3426566370
	3426566371
	3426566372
	3426566373
	3426566374
	3426566375
	3426566376
	3426566377
	3426566378
	3426566379
	3426566380
	3426566381
	3426566382
	3426566383
	3426566384
	3426566385
	3426566386
	3426566387
	3426566388
	3426566389
	3426566390
	3426566391
	3426566392
	3426566393
	3426566394
	3426566395
	3426566396
	3426566397
	3426566398
	3426566399
	3426566400
	3426566401
	3426566402
	3426566403
	3426566404
	3426566405
	3426566406
	3426566407
	3426566408
	3426566409
	3426566410
	3426566411
	3426566412
	3426566413
	3426566414
	3426566415
	3426566416
	3426566417
	3426566418
	3426566419
	3426566420
	3426566421
	3426566422
	3426566423
	3426566424
	3426566425
	3426566426
	3426566427
	3426566428
	3426566429
	3426566430
	3426566431
	3426566432
	3426566433
	3426566434
	3426566435
	3426566436
	3426566437
	3426566438
	3426566439
	3426566440
	3426566441
	3426566442
	3426566443
	3426566444
	3426566445
	3426566446
	3426566447
	3426566448
	3426566449
	3426566450
	3426566451
	3426566452
	3426566453
	3426566454
	3426566455
	3426566456
	3426566457
	3426566458
	3426566459
	3426566460
	3426566461
	3426566462
	3426566463
	3426566464
	3426566465
	3426566466
	3426566467
	3426566468
	3426566469
	3426566470
	3426566471
	3426566472
	3426566473
	3426566474
	3426566475
	3426566476
	3426566477
	3426566478
	3426566479
	3426566480
	3426566481
	3426566482
	3426566483
	3426566484
	3426566485
	3426566486
	3426566487
	3426566488
	3426566489
	3426566490
	3426566491
	3426566492
	3426566493
	3426566494
	3426566495
	3426566496
	3426566497
	3426566498
	3426566499
	3426566500
	3426566501
	3426566502
	3426566503
	3426566504
	3426566505
	3426566506
	3426566507
	3426566508
	3426566509
	3426566510
	3426566511
	3426566512
	3426566513
	3426566514
	3426566515
	3426566516
	3426566517
	3426566518
	3426566519
	3426566520
	3426566521
	3426566522
	3426566523
	3426566524
	3426566525
	3426566526
	3426566527
	3426566528
	3426566529
	3426566530
	3426566531
	3426566532
	3426566533
	3426566534
	3426566535
	3426566536
	3426566537
	3426566538
	3426566539
	3426566540
	3426566541
	3426566542
	3426566543
	3426566544
	3426566545
	3426566546
	3426566547
	3426566548
	3426566549
	3426566550
	3426566551
	3426566552
	3426566553
	3426566554
	3426566555
	3426566556
	3426566557
	3426566558
	3426566559
	3426566560
	3426566561
	3426566562
	3426566563
	3426566564
	3426566565
	3426566566
	3426566567
	3426566568
	3426566569
	3426566570
	3426566571
	3426566572
	3426566573
	3426566574
	3426566575
	3426566576
	3426566577
	3426566578
	3426566579
	3426566580
	3426566581
	3426566582
	3426566583
	3426566584
	3426566585
	3426566586
	3426566587
	3426566588
	3426566589
	3426566590
	3426566591
	3426566592
	3426566593
	3426566594
	3426566595
	3426566596
	3426566597
	3426566598
	3426566599
	3426566600
	3426566601
	3426566602
	3426566603
	3426566604
	3426566605
	3426566606
	3426566607
	3426566608
	3426566609
	3426566610
	3426566611
	3426566612
	3426566613
	3426566614
	3426566615
	3426566616
	3426566617
	3426566618
	3426566619
	3426566620
	3426566621
	3426566622
	3426566623
	3426566624
	3426566625
	3426566626
	3426566627
	3426566628
	3426566629
	3426566630
	3426566631
	3426566632
	3426566633
	3426566634
	3426566635
	3426566636
	3426566637
	3426566638
	3426566639
	3426566640
	3426566641
	3426566642
	3426566643
	3426566644
	3426566645
	3426566646
	3426566647
	3426566648
	3426566649
	3426566650
	3426566651
	3426566652
	3426566653
	3426566654
	3426566655
	3426566656
	3426566657
	3426566658
	3426566659
	3426566660
	3426566661
	3426566662
	3426566663
	3426566664
	3426566665
	3426566666
	3426566667
	3426566668
	3426566669
	3426566670
	3426566671
	3426566672
	3426566673
	3426566674
	3426566675
	3426566676
	3426566677
	3426566678
	3426566679
	3426566680
	3426566681
	3426566682
	3426566683
	3426566684
	3426566685
	3426566686
	3426566687
	3426566688
	3426566689
	3426566690
	3426566691
	3426566692
	3426566693
	3426566694
	3426566695
	3426566696
	3426566697
	3426566698
	3426566699
	3426566700
	3426566701
	3426566702
	3426566703
	3426566704
	3426566705
	3426566706
	3426566707
	3426566708
	3426566709
	3426566710
	3426566711
	3426566712
	3426566713
	3426566714
	3426566715
	3426566716
	3426566717
	3426566718
	3426566719
	3426566720
	3426566721
	3426566722
	3426566723
	3426566724
	3426566725
	3426566726
	3426566727
	3426566728
	3426566729
	3426566730
	3426566731
	3426566732
	3426566733
	3426566734
	3426566735
	3426566736
	3426566737
	3426566738
	3426566739
	3426566740
	3426566741
	3426566742
	3426566743
	3426566744
	3426566745
	3426566746
	3426566747
	3426566748
	3426566749
	3426566750
	3426566751
	3426566752
	3426566753
	3426566754
	3426566755
	3426566756
	3426566757
	3426566758
	3426566759
	3426566760
	3426566761
	3426566762
	3426566763
	3426566764
	3426566765
	3426566766
	3426566767
	3426566768
	3426566769
	3426566770
	3426566771
	3426566772
	3426566773
	3426566774
	3426566775
	3426566776
	3426566777
	3426566778
	3426566779
	3426566780
	3426566781
	3426566782
	3426566783
	3426566784
	3426566785
	3426566786
	3426566787
	3426566788
	3426566789
	3426566790
	3426566791
	3426566792
	3426566793
	3426566794
	3426566795
	3426566796
	3426566797
	3426566798
	3426566799
	3426566800
	3426566801
	3426566802
	3426566803
	3426566804
	3426566805
	3426566806
	3426566807
	3426566808
	3426566809
	3426566810
	3426566811
	3426566812
	3426566813
	3426566814
	3426566815
	3426566816
	3426566817
	3426566818
	3426566819
	3426566820
	3426566821
	3426566822
	3426566823
	3426566824
	3426566825
	3426566826
	3426566827
	3426566828
	3426566829
	3426566830
	3426566831
	3426566832
	3426566833
	3426566834
	3426566835
	3426566836
	3426566837
	3426566838
	3426566839
	3426566840
	3426566841
	3426566842
	3426566843
	3426566844
	3426566845
	3426566846
	3426566847
	3426566848
	3426566849
	3426566850
	3426566851
	3426566852
	3426566853
	3426566854
	3426566855
	3426566856
	3426566857
	3426566858
	3426566859
	3426566860
	3426566861
	3426566862
	3426566863
	3426566864
	3426566865
	3426566866
	3426566867
	3426566868
	3426566869
	3426566870
	3426566871
	3426566872
	3426566873
	3426566874
	3426566875
	3426566876
	3426566877
	3426566878
	3426566879
	3426566880
	3426566881
	3426566882
	3426566883
	3426566884
	3426566885
	3426566886
	3426566887
	3426566888
	3426566889
	3426566890
	3426566891
	3426566892
	3426566893
	3426566894
	3426566895
	3426566896
	3426566897
	3426566898
	3426566899
	3426566900
	3426566901
	3426566902
	3426566903
	3426566904
	3426566905
	3426566906
	3426566907
	3426566908
	3426566909
	3426566910
	3426566911
	3426566912
	3426566913
	3426566914
	3426566915
	3426566916
	3426566917
	3426566918
	3426566919
	3426566920
	3426566921
	3426566922
	3426566923
	3426566924
	3426566925
	3426566926
	3426566927
	3426566928
	3426566929
	3426566930
	3426566931
	3426566932
	3426566933
	3426566934
	3426566935
	3426566936
	3426566937
	3426566938
	3426566939
	3426566940
	3426566941
	3426566942
	3426566943
	3426566944
	3426566945
	3426566946
	3426566947
	3426566948
	3426566949
	3426566950
	3426566951
	3426566952
	3426566953
	3426566954
	3426566955
	3426566956
	3426566957
	3426566958
	3426566959
	3426566960
	3426566961
	3426566962
	3426566963
	3426566964
	3426566965
	3426566966
	3426566967
	3426566968
	3426566969
	3426566970
	3426566971
	3426566972
	3426566973
	3426566974
	3426566975
	3426566976
	3426566977
	3426566978
	3426566979
	3426566980
	3426566981
	3426566982
	3426566983
	3426566984
	3426566985
	3426566986
	3426566987
	3426566988
	3426566989
	3426566990
	3426566991
	3426566992
	3426566993
	3426566994
	3426566995
	3426566996
	3426566997
	3426566998
	3426566999
	3426567000
	3426567001
	3426567002
	3426567003
	3426567004
	3426567005
	3426567006
	3426567007
	3426567008
	3426567009
	3426567010
	3426567011
	3426567012
	3426567013
	3426567014
	3426567015
	3426567016
	3426567017
	3426567018
	3426567019
	3426567020
	3426567021
	3426567022
	3426567023
	3426567024
	3426567025
	3426567026
	3426567027
	3426567028
	3426567029
	3426567030
	3426567031
	3426567032
	3426567033
	3426567034
	3426567035
	3426567036
	3426567037
	3426567038
	3426567039
	3426567040
	3426567041
	3426567042
	3426567043
	3426567044
	3426567045
	3426567046
	3426567047
	3426567048
	3426567049
	3426567050
	3426567051
	3426567052
	3426567053
	3426567054
	3426567055
	3426567056
	3426567057
	3426567058
	3426567059
	3426567060
	3426567061
	3426567062
	3426567063
	3426567064
	3426567065
	3426567066
	3426567067
	3426567068
	3426567069
	3426567070
	3426567071
	3426567072
	3426567073
	3426567074
	3426567075
	3426567076
	3426567077
	3426567078
	3426567079
	3426567080
	3426567081
	3426567082
	3426567083
	3426567084
	3426567085
	3426567086
	3426567087
	3426567088
	3426567089
	3426567090
	3426567091
	3426567092
	3426567093
	3426567094
	3426567095
	3426567096
	3426567097
	3426567098
	3426567099
	3426567100
	3426567101
	3426567102
	3426567103
	3426567104
	3426567105
	3426567106
	3426567107
	3426567108
	3426567109
	3426567110
	3426567111
	3426567112
	3426567113
	3426567114
	3426567115
	3426567116
	3426567117
	3426567118
	3426567119
	3426567120
	3426567121
	3426567122
	3426567123
	3426567124
	3426567125
	3426567126
	3426567127
	3426567128
	3426567129
	3426567130
	3426567131
	3426567132
	3426567133
	3426567134
	3426567135
	3426567136
	3426567137
	3426567138
	3426567139
	3426567140
	3426567141
	3426567142
	3426567143
	3426567144
	3426567145
	3426567146
	3426567147
	3426567148
	3426567149
	3426567150
	3426567151
	3426567152
	3426567153
	3426567154
	3426567155
	3426567156
	3426567157
	3426567158
	3426567159
	3426567160
	3426567161
	3426567162
	3426567163
	3426567164
	3426567165
	3426567166
	3426567167
	3426567168
	3426567169
	3426567170
	3426567171
	3426567172
	3426567173
	3426567174
	3426567175
	3426567176
	3426567177
	3426567178
	3426567179
	3426567180
	3426567181
	3426567182
	3426567183
	3426567184
	3426567185
	3426567186
	3426567187
	3426567188
	3426567189
	3426567190
	3426567191
	3426567192
	3426567193
	3426567194
	3426567195
	3426567196
	3426567197
	3426567198
	3426567199
	3426567200
	3426567201
	3426567202
	3426567203
	3426567204
	3426567205
	3426567206
	3426567207
	3426567208
	3426567209
	3426567210
	3426567211
	3426567212
	3426567213
	3426567214
	3426567215
	3426567216
	3426567217
	3426567218
	3426567219
	3426567220
	3426567221
	3426567222
	3426567223
	3426567224
	3426567225
	3426567226
	3426567227
	3426567228
	3426567229
	3426567230
	3426567231
	3426567232
	3426567233
	3426567234
	3426567235
	3426567236
	3426567237
	3426567238
	3426567239
	3426567240
	3426567241
	3426567242
	3426567243
	3426567244
	3426567245
	3426567246
	3426567247
	3426567248
	3426567249
	3426567250
	3426567251
	3426567252
	3426567253
	3426567254
	3426567255
	3426567256
	3426567257
	3426567258
	3426567259
	3426567260
	3426567261
	3426567262
	3426567263
	3426567264
	3426567265
	3426567266
	3426567267
	3426567268
	3426567269
	3426567270
	3426567271
	3426567272
	3426567273
	3426567274
	3426567275
	3426567276
	3426567277
	3426567278
	3426567279
	3426567280
	3426567281
	3426567282
	3426567283
	3426567284
	3426567285
	3426567286
	3426567287
	3426567288
	3426567289
	3426567290
	3426567291
	3426567292
	3426567293
	3426567294
	3426567295
	3426567296
	3426567297
	3426567298
	3426567299
	3426567300
	3426567301
	3426567302
	3426567303
	3426567304
	3426567305
	3426567306
	3426567307
	3426567308
	3426567309
	3426567310
	3426567311
	3426567312
	3426567313
	3426567314
	3426567315
	3426567316
	3426567317
	3426567318
	3426567319
	3426567320
	3426567321
	3426567322
	3426567323
	3426567324
	3426567325
	3426567326
	3426567327
	3426567328
	3426567329
	3426567330
	3426567331
	3426567332
	3426567333
	3426567334
	3426567335
	3426567336
	3426567337
	3426567338
	3426567339
	3426567340
	3426567341
	3426567342
	3426567343
	3426567344
	3426567345
	3426567346
	3426567347
	3426567348
	3426567349
	3426567350
	3426567351
	3426567352
	3426567353
	3426567354
	3426567355
	3426567356
	3426567357
	3426567358
	3426567359
	3426567360
	3426567361
	3426567362
	3426567363
	3426567364
	3426567365
	3426567366
	3426567367
	3426567368
	3426567369
	3426567370
	3426567371
	3426567372
	3426567373
	3426567374
	3426567375
	3426567376
	3426567377
	3426567378
	3426567379
	3426567380
	3426567381
	3426567382
	3426567383
	3426567384
	3426567385
	3426567386
	3426567387
	3426567388
	3426567389
	3426567390
	3426567391
	3426567392
	3426567393
	3426567394
	3426567395
	3426567396
	3426567397
	3426567398
	3426567399
	3426567400
	3426567401
	3426567402
	3426567403
	3426567404
	3426567405
	3426567406
	3426567407
	3426567408
	3426567409
	3426567410
	3426567411
	3426567412
	3426567413
	3426567414
	3426567415
	3426567416
	3426567417
	3426567418
	3426567419
	3426567420
	3426567421
	3426567422
	3426567423
	3426567424
	3426567425
	3426567426
	3426567427
	3426567428
	3426567429
	3426567430
	3426567431
	3426567432
	3426567433
	3426567434
	3426567435
	3426567436
	3426567437
	3426567438
	3426567439
	3426567440
	3426567441
	3426567442
	3426567443
	3426567444
	3426567445
	3426567446
	3426567447
	3426567448
	3426567449
	3426567450
	3426567451
	3426567452
	3426567453
	3426567454
	3426567455
	3426567456
	3426567457
	3426567458
	3426567459
	3426567460
	3426567461
	3426567462
	3426567463
	3426567464
	3426567465
	3426567466
	3426567467
	3426567468
	3426567469
	3426567470
	3426567471
	3426567472
	3426567473
	3426567474
	3426567475
	3426567476
	3426567477
	3426567478
	3426567479
	3426567480
	3426567481
	3426567482
	3426567483
	3426567484
	3426567485
	3426567486
	3426567487
	3426567488
	3426567489
	3426567490
	3426567491
	3426567492
	3426567493
	3426567494
	3426567495
	3426567496
	3426567497
	3426567498
	3426567499
	3426567500
	3426567501
	3426567502
	3426567503
	3426567504
	3426567505
	3426567506
	3426567507
	3426567508
	3426567509
	3426567510
	3426567511
	3426567512
	3426567513
	3426567514
	3426567515
	3426567516
	3426567517
	3426567518
	3426567519
	3426567520
	3426567521
	3426567522
	3426567523
	3426567524
	3426567525
	3426567526
	3426567527
	3426567528
	3426567529
	3426567530
	3426567531
	3426567532
	3426567533
	3426567534
	3426567535
	3426567536
	3426567537
	3426567538
	3426567539
	3426567540
	3426567541
	3426567542
	3426567543
	3426567544
	3426567545
	3426567546
	3426567547
	3426567548
	3426567549
	3426567550
	3426567551
	3426567552
	3426567553
	3426567554
	3426567555
	3426567556
	3426567557
	3426567558
	3426567559
	3426567560
	3426567561
	3426567562
	3426567563
	3426567564
	3426567565
	3426567566
	3426567567
	3426567568
	3426567569
	3426567570
	3426567571
	3426567572
	3426567573
	3426567574
	3426567575
	3426567576
	3426567577
	3426567578
	3426567579
	3426567580
	3426567581
	3426567582
	3426567583
	3426567584
	3426567585
	3426567586
	3426567587
	3426567588
	3426567589
	3426567590
	3426567591
	3426567592
	3426567593
	3426567594
	3426567595
	3426567596
	3426567597
	3426567598
	3426567599
	3426567600
	3426567601
	3426567602
	3426567603
	3426567604
	3426567605
	3426567606
	3426567607
	3426567608
	3426567609
	3426567610
	3426567611
	3426567612
	3426567613
	3426567614
	3426567615
	3426567616
	3426567617
	3426567618
	3426567619
	3426567620
	3426567621
	3426567622
	3426567623
	3426567624
	3426567625
	3426567626
	3426567627
	3426567628
	3426567629
	3426567630
	3426567631
	3426567632
	3426567633
	3426567634
	3426567635
	3426567636
	3426567637
	3426567638
	3426567639
	3426567640
	3426567641
	3426567642
	3426567643
	3426567644
	3426567645
	3426567646
	3426567647
	3426567648
	3426567649
	3426567650
	3426567651
	3426567652
	3426567653
	3426567654
	3426567655
	3426567656
	3426567657
	3426567658
	3426567659
	3426567660
	3426567661
	3426567662
	3426567663
	3426567664
	3426567665
	3426567666
	3426567667
	3426567668
	3426567669
	3426567670
	3426567671
	3426567672
	3426567673
	3426567674
	3426567675
	3426567676
	3426567677
	3426567678
	3426567679
	3426567680
	3426567681
	3426567682
	3426567683
	3426567684
	3426567685
	3426567686
	3426567687
	3426567688
	3426567689
	3426567690
	3426567691
	3426567692
	3426567693
	3426567694
	3426567695
	3426567696
	3426567697
	3426567698
	3426567699
	3426567700
	3426567701
	3426567702
	3426567703
	3426567704
	3426567705
	3426567706
	3426567707
	3426567708
	3426567709
	3426567710
	3426567711
	3426567712
	3426567713
	3426567714
	3426567715
	3426567716
	3426567717
	3426567718
	3426567719
	3426567720
	3426567721
	3426567722
	3426567723
	3426567724
	3426567725
	3426567726
	3426567727
	3426567728
	3426567729
	3426567730
	3426567731
	3426567732
	3426567733
	3426567734
	3426567735
	3426567736
	3426567737
	3426567738
	3426567739
	3426567740
	3426567741
	3426567742
	3426567743
	3426567744
	3426567745
	3426567746
	3426567747
	3426567748
	3426567749
	3426567750
	3426567751
	3426567752
	3426567753
	3426567754
	3426567755
	3426567756
	3426567757
	3426567758
	3426567759
	3426567760
	3426567761
	3426567762
	3426567763
	3426567764
	3426567765
	3426567766
	3426567767
	3426567768
	3426567769
	3426567770
	3426567771
	3426567772
	3426567773
	3426567774
	3426567775
	3426567776
	3426567777
	3426567778
	3426567779
	3426567780
	3426567781
	3426567782
	3426567783
	3426567784
	3426567785
	3426567786
	3426567787
	3426567788
	3426567789
	3426567790
	3426567791
	3426567792
	3426567793
	3426567794
	3426567795
	3426567796
	3426567797
	3426567798
	3426567799
	3426567800
	3426567801
	3426567802
	3426567803
	3426567804
	3426567805
	3426567806
	3426567807
	3426567808
	3426567809
	3426567810
	3426567811
	3426567812
	3426567813
	3426567814
	3426567815
	3426567816
	3426567817
	3426567818
	3426567819
	3426567820
	3426567821
	3426567822
	3426567823
	3426567824
	3426567825
	3426567826
	3426567827
	3426567828
	3426567829
	3426567830
	3426567831
	3426567832
	3426567833
	3426567834
	3426567835
	3426567836
	3426567837
	3426567838
	3426567839
	3426567840
	3426567841
	3426567842
	3426567843
	3426567844
	3426567845
	3426567846
	3426567847
	3426567848
	3426567849
	3426567850
	3426567851
	3426567852
	3426567853
	3426567854
	3426567855
	3426567856
	3426567857
	3426567858
	3426567859
	3426567860
	3426567861
	3426567862
	3426567863
	3426567864
	3426567865
	3426567866
	3426567867
	3426567868
	3426567869
	3426567870
	3426567871
	3426567872
	3426567873
	3426567874
	3426567875
	3426567876
	3426567877
	3426567878
	3426567879
	3426567880
	3426567881
	3426567882
	3426567883
	3426567884
	3426567885
	3426567886
	3426567887
	3426567888
	3426567889
	3426567890
	3426567891
	3426567892
	3426567893
	3426567894
	3426567895
	3426567896
	3426567897
	3426567898
	3426567899
	3426567900
	3426567901
	3426567902
	3426567903
	3426567904
	3426567905
	3426567906
	3426567907
	3426567908
	3426567909
	3426567910
	3426567911
	3426567912
	3426567913
	3426567914
	3426567915
	3426567916
	3426567917
	3426567918
	3426567919
	3426567920
	3426567921
	3426567922
	3426567923
	3426567924
	3426567925
	3426567926
	3426567927
	3426567928
	3426567929
	3426567930
	3426567931
	3426567932
	3426567933
	3426567934
	3426567935
	3426567936
	3426567937
	3426567938
	3426567939
	3426567940
	3426567941
	3426567942
	3426567943
	3426567944
	3426567945
	3426567946
	3426567947
	3426567948
	3426567949
	3426567950
	3426567951
	3426567952
	3426567953
	3426567954
	3426567955
	3426567956
	3426567957
	3426567958
	3426567959
	3426567960
	3426567961
	3426567962
	3426567963
	3426567964
	3426567965
	3426567966
	3426567967
	3426567968
	3426567969
	3426567970
	3426567971
	3426567972
	3426567973
	3426567974
	3426567975
	3426567976
	3426567977
	3426567978
	3426567979
	3426567980
	3426567981
	3426567982
	3426567983
	3426567984
	3426567985
	3426567986
	3426567987
	3426567988
	3426567989
	3426567990
	3426567991
	3426567992
	3426567993
	3426567994
	3426567995
	3426567996
	3426567997
	3426567998
	3426567999
	3426568000
	3426568001
	3426568002
	3426568003
	3426568004
	3426568005
	3426568006
	3426568007
	3426568008
	3426568009
	3426568010
	3426568011
	3426568012
	3426568013
	3426568014
	3426568015
	3426568016
	3426568017
	3426568018
	3426568019
	3426568020
	3426568021
	3426568022
	3426568023
	3426568024
	3426568025
	3426568026
	3426568027
	3426568028
	3426568029
	3426568030
	3426568031
	3426568032
	3426568033
	3426568034
	3426568035
	3426568036
	3426568037
	3426568038
	3426568039
	3426568040
	3426568041
	3426568042
	3426568043
	3426568044
	3426568045
	3426568046
	3426568047
	3426568048
	3426568049
	3426568050
	3426568051
	3426568052
	3426568053
	3426568054
	3426568055
	3426568056
	3426568057
	3426568058
	3426568059
	3426568060
	3426568061
	3426568062
	3426568063
	3426568064
	3426568065
	3426568066
	3426568067
	3426568068
	3426568069
	3426568070
	3426568071
	3426568072
	3426568073
	3426568074
	3426568075
	3426568076
	3426568077
	3426568078
	3426568079
	3426568080
	3426568081
	3426568082
	3426568083
	3426568084
	3426568085
	3426568086
	3426568087
	3426568088
	3426568089
	3426568090
	3426568091
	3426568092
	3426568093
	3426568094
	3426568095
	3426568096
	3426568097
	3426568098
	3426568099
	3426568100
	3426568101
	3426568102
	3426568103
	3426568104
	3426568105
	3426568106
	3426568107
	3426568108
	3426568109
	3426568110
	3426568111
	3426568112
	3426568113
	3426568114
	3426568115
	3426568116
	3426568117
	3426568118
	3426568119
	3426568120
	3426568121
	3426568122
	3426568123
	3426568124
	3426568125
	3426568126
	3426568127
	3426568128
	3426568129
	3426568130
	3426568131
	3426568132
	3426568133
	3426568134
	3426568135
	3426568136
	3426568137
	3426568138
	3426568139
	3426568140
	3426568141
	3426568142
	3426568143
	3426568144
	3426568145
	3426568146
	3426568147
	3426568148
	3426568149
	3426568150
	3426568151
	3426568152
	3426568153
	3426568154
	3426568155
	3426568156
	3426568157
	3426568158
	3426568159
	3426568160
	3426568161
	3426568162
	3426568163
	3426568164
	3426568165
	3426568166
	3426568167
	3426568168
	3426568169
	3426568170
	3426568171
	3426568172
	3426568173
	3426568174
	3426568175
	3426568176
	3426568177
	3426568178
	3426568179
	3426568180
	3426568181
	3426568182
	3426568183
	3426568184
	3426568185
	3426568186
	3426568187
	3426568188
	3426568189
	3426568190
	3426568191
	3426568192
	3426568193
	3426568194
	3426568195
	3426568196
	3426568197
	3426568198
	3426568199
	3426568200
	3426568201
	3426568202
	3426568203
	3426568204
	3426568205
	3426568206
	3426568207
	3426568208
	3426568209
	3426568210
	3426568211
	3426568212
	3426568213
	3426568214
	3426568215
	3426568216
	3426568217
	3426568218
	3426568219
	3426568220
	3426568221
	3426568222
	3426568223
	3426568224
	3426568225
	3426568226
	3426568227
	3426568228
	3426568229
	3426568230
	3426568231
	3426568232
	3426568233
	3426568234
	3426568235
	3426568236
	3426568237
	3426568238
	3426568239
	3426568240
	3426568241
	3426568242
	3426568243
	3426568244
	3426568245
	3426568246
	3426568247
	3426568248
	3426568249
	3426568250
	3426568251
	3426568252
	3426568253
	3426568254
	3426568255
	3426568256
	3426568257
	3426568258
	3426568259
	3426568260
