	3427012608
	3427012609
	3427012610
	3427012611
	3427012612
	3427012613
	3427012614
	3427012615
	3427012616
	3427012617
	3427012618
	3427012619
	3427012620
	3427012621
	3427012622
	3427012623
	3427012624
	3427012625
	3427012626
	3427012627
	3427012628
	3427012629
	3427012630
	3427012631
	3427012632
	3427012633
	3427012634
	3427012635
	3427012636
	3427012637
	3427012638
	3427012639
	3427012640
	3427012641
	3427012642
	3427012643
	3427012644
	3427012645
	3427012646
	3427012647
	3427012648
	3427012649
	3427012650
	3427012651
	3427012652
	3427012653
	3427012654
	3427012655
	3427012656
	3427012657
	3427012658
	3427012659
	3427012660
	3427012661
	3427012662
	3427012663
	3427012664
	3427012665
	3427012666
	3427012667
	3427012668
	3427012669
	3427012670
	3427012671
	3427012672
	3427012673
	3427012674
	3427012675
	3427012676
	3427012677
	3427012678
	3427012679
	3427012680
	3427012681
	3427012682
	3427012683
	3427012684
	3427012685
	3427012686
	3427012687
	3427012688
	3427012689
	3427012690
	3427012691
	3427012692
	3427012693
	3427012694
	3427012695
	3427012696
	3427012697
	3427012698
	3427012699
	3427012700
	3427012701
	3427012702
	3427012703
	3427012704
	3427012705
	3427012706
	3427012707
	3427012708
	3427012709
	3427012710
	3427012711
	3427012712
	3427012713
	3427012714
	3427012715
	3427012716
	3427012717
	3427012718
	3427012719
	3427012720
	3427012721
	3427012722
	3427012723
	3427012724
	3427012725
	3427012726
	3427012727
	3427012728
	3427012729
	3427012730
	3427012731
	3427012732
	3427012733
	3427012734
	3427012735
	3427012736
	3427012737
	3427012738
	3427012739
	3427012740
	3427012741
	3427012742
	3427012743
	3427012744
	3427012745
	3427012746
	3427012747
	3427012748
	3427012749
	3427012750
	3427012751
	3427012752
	3427012753
	3427012754
	3427012755
	3427012756
	3427012757
	3427012758
	3427012759
	3427012760
	3427012761
	3427012762
	3427012763
	3427012764
	3427012765
	3427012766
	3427012767
	3427012768
	3427012769
	3427012770
	3427012771
	3427012772
	3427012773
	3427012774
	3427012775
	3427012776
	3427012777
	3427012778
	3427012779
	3427012780
	3427012781
	3427012782
	3427012783
	3427012784
	3427012785
	3427012786
	3427012787
	3427012788
	3427012789
	3427012790
	3427012791
	3427012792
	3427012793
	3427012794
	3427012795
	3427012796
	3427012797
	3427012798
	3427012799
	3427012800
	3427012801
	3427012802
	3427012803
	3427012804
	3427012805
	3427012806
	3427012807
	3427012808
	3427012809
	3427012810
	3427012811
	3427012812
	3427012813
	3427012814
	3427012815
	3427012816
	3427012817
	3427012818
	3427012819
	3427012820
	3427012821
	3427012822
	3427012823
	3427012824
	3427012825
	3427012826
	3427012827
	3427012828
	3427012829
	3427012830
	3427012831
	3427012832
	3427012833
	3427012834
	3427012835
	3427012836
	3427012837
	3427012838
	3427012839
	3427012840
	3427012841
	3427012842
	3427012843
	3427012844
	3427012845
	3427012846
	3427012847
	3427012848
	3427012849
	3427012850
	3427012851
	3427012852
	3427012853
	3427012854
	3427012855
	3427012856
	3427012857
	3427012858
	3427012859
	3427012860
	3427012861
	3427012862
	3427012863
	3427012864
	3427012865
	3427012866
	3427012867
	3427012868
	3427012869
	3427012870
	3427012871
	3427012872
	3427012873
	3427012874
	3427012875
	3427012876
	3427012877
	3427012878
	3427012879
	3427012880
	3427012881
	3427012882
	3427012883
	3427012884
	3427012885
	3427012886
	3427012887
	3427012888
	3427012889
	3427012890
	3427012891
	3427012892
	3427012893
	3427012894
	3427012895
	3427012896
	3427012897
	3427012898
	3427012899
	3427012900
	3427012901
	3427012902
	3427012903
	3427012904
	3427012905
	3427012906
	3427012907
	3427012908
	3427012909
	3427012910
	3427012911
	3427012912
	3427012913
	3427012914
	3427012915
	3427012916
	3427012917
	3427012918
	3427012919
	3427012920
	3427012921
	3427012922
	3427012923
	3427012924
	3427012925
	3427012926
	3427012927
	3427012928
	3427012929
	3427012930
	3427012931
	3427012932
	3427012933
	3427012934
	3427012935
	3427012936
	3427012937
	3427012938
	3427012939
	3427012940
	3427012941
	3427012942
	3427012943
	3427012944
	3427012945
	3427012946
	3427012947
	3427012948
	3427012949
	3427012950
	3427012951
	3427012952
	3427012953
	3427012954
	3427012955
	3427012956
	3427012957
	3427012958
	3427012959
	3427012960
	3427012961
	3427012962
	3427012963
	3427012964
	3427012965
	3427012966
	3427012967
	3427012968
	3427012969
	3427012970
	3427012971
	3427012972
	3427012973
	3427012974
	3427012975
	3427012976
	3427012977
	3427012978
	3427012979
	3427012980
	3427012981
	3427012982
	3427012983
	3427012984
	3427012985
	3427012986
	3427012987
	3427012988
	3427012989
	3427012990
	3427012991
	3427012992
	3427012993
	3427012994
	3427012995
	3427012996
	3427012997
	3427012998
	3427012999
	3427013000
	3427013001
	3427013002
	3427013003
	3427013004
	3427013005
	3427013006
	3427013007
	3427013008
	3427013009
	3427013010
	3427013011
	3427013012
	3427013013
	3427013014
	3427013015
	3427013016
	3427013017
	3427013018
	3427013019
	3427013020
	3427013021
	3427013022
	3427013023
	3427013024
	3427013025
	3427013026
	3427013027
	3427013028
	3427013029
	3427013030
	3427013031
	3427013032
	3427013033
	3427013034
	3427013035
	3427013036
	3427013037
	3427013038
	3427013039
	3427013040
	3427013041
	3427013042
	3427013043
	3427013044
	3427013045
	3427013046
	3427013047
	3427013048
	3427013049
	3427013050
	3427013051
	3427013052
	3427013053
	3427013054
	3427013055
	3427013056
	3427013057
	3427013058
	3427013059
	3427013060
	3427013061
	3427013062
	3427013063
	3427013064
	3427013065
	3427013066
	3427013067
	3427013068
	3427013069
	3427013070
	3427013071
	3427013072
	3427013073
	3427013074
	3427013075
	3427013076
	3427013077
	3427013078
	3427013079
	3427013080
	3427013081
	3427013082
	3427013083
	3427013084
	3427013085
	3427013086
	3427013087
	3427013088
	3427013089
	3427013090
	3427013091
	3427013092
	3427013093
	3427013094
	3427013095
	3427013096
	3427013097
	3427013098
	3427013099
	3427013100
	3427013101
	3427013102
	3427013103
	3427013104
	3427013105
	3427013106
	3427013107
	3427013108
	3427013109
	3427013110
	3427013111
	3427013112
	3427013113
	3427013114
	3427013115
	3427013116
	3427013117
	3427013118
	3427013119
	3427013120
	3427013121
	3427013122
	3427013123
	3427013124
	3427013125
	3427013126
	3427013127
	3427013128
	3427013129
	3427013130
	3427013131
	3427013132
	3427013133
	3427013134
	3427013135
	3427013136
	3427013137
	3427013138
	3427013139
	3427013140
	3427013141
	3427013142
	3427013143
	3427013144
	3427013145
	3427013146
	3427013147
	3427013148
	3427013149
	3427013150
	3427013151
	3427013152
	3427013153
	3427013154
	3427013155
	3427013156
	3427013157
	3427013158
	3427013159
	3427013160
	3427013161
	3427013162
	3427013163
	3427013164
	3427013165
	3427013166
	3427013167
	3427013168
	3427013169
	3427013170
	3427013171
	3427013172
	3427013173
	3427013174
	3427013175
	3427013176
	3427013177
	3427013178
	3427013179
	3427013180
	3427013181
	3427013182
	3427013183
	3427013184
	3427013185
	3427013186
	3427013187
	3427013188
	3427013189
	3427013190
	3427013191
	3427013192
	3427013193
	3427013194
	3427013195
	3427013196
	3427013197
	3427013198
	3427013199
	3427013200
	3427013201
	3427013202
	3427013203
	3427013204
	3427013205
	3427013206
	3427013207
	3427013208
	3427013209
	3427013210
	3427013211
	3427013212
	3427013213
	3427013214
	3427013215
	3427013216
	3427013217
	3427013218
	3427013219
	3427013220
	3427013221
	3427013222
	3427013223
	3427013224
	3427013225
	3427013226
	3427013227
	3427013228
	3427013229
	3427013230
	3427013231
	3427013232
	3427013233
	3427013234
	3427013235
	3427013236
	3427013237
	3427013238
	3427013239
	3427013240
	3427013241
	3427013242
	3427013243
	3427013244
	3427013245
	3427013246
	3427013247
	3427013248
	3427013249
	3427013250
	3427013251
	3427013252
	3427013253
	3427013254
	3427013255
	3427013256
	3427013257
	3427013258
	3427013259
	3427013260
	3427013261
	3427013262
	3427013263
	3427013264
	3427013265
	3427013266
	3427013267
	3427013268
	3427013269
	3427013270
	3427013271
	3427013272
	3427013273
	3427013274
	3427013275
	3427013276
	3427013277
	3427013278
	3427013279
	3427013280
	3427013281
	3427013282
	3427013283
	3427013284
	3427013285
	3427013286
	3427013287
	3427013288
	3427013289
	3427013290
	3427013291
	3427013292
	3427013293
	3427013294
	3427013295
	3427013296
	3427013297
	3427013298
	3427013299
	3427013300
	3427013301
	3427013302
	3427013303
	3427013304
	3427013305
	3427013306
	3427013307
	3427013308
	3427013309
	3427013310
	3427013311
	3427013312
	3427013313
	3427013314
	3427013315
	3427013316
	3427013317
	3427013318
	3427013319
	3427013320
	3427013321
	3427013322
	3427013323
	3427013324
	3427013325
	3427013326
	3427013327
	3427013328
	3427013329
	3427013330
	3427013331
	3427013332
	3427013333
	3427013334
	3427013335
	3427013336
	3427013337
	3427013338
	3427013339
	3427013340
	3427013341
	3427013342
	3427013343
	3427013344
	3427013345
	3427013346
	3427013347
	3427013348
	3427013349
	3427013350
	3427013351
	3427013352
	3427013353
	3427013354
	3427013355
	3427013356
	3427013357
	3427013358
	3427013359
	3427013360
	3427013361
	3427013362
	3427013363
	3427013364
	3427013365
	3427013366
	3427013367
	3427013368
	3427013369
	3427013370
	3427013371
	3427013372
	3427013373
	3427013374
	3427013375
	3427013376
	3427013377
	3427013378
	3427013379
	3427013380
	3427013381
	3427013382
	3427013383
	3427013384
	3427013385
	3427013386
	3427013387
	3427013388
	3427013389
	3427013390
	3427013391
	3427013392
	3427013393
	3427013394
	3427013395
	3427013396
	3427013397
	3427013398
	3427013399
	3427013400
	3427013401
	3427013402
	3427013403
	3427013404
	3427013405
	3427013406
	3427013407
	3427013408
	3427013409
	3427013410
	3427013411
	3427013412
	3427013413
	3427013414
	3427013415
	3427013416
	3427013417
	3427013418
	3427013419
	3427013420
	3427013421
	3427013422
	3427013423
	3427013424
	3427013425
	3427013426
	3427013427
	3427013428
	3427013429
	3427013430
	3427013431
	3427013432
	3427013433
	3427013434
	3427013435
	3427013436
	3427013437
	3427013438
	3427013439
	3427013440
	3427013441
	3427013442
	3427013443
	3427013444
	3427013445
	3427013446
	3427013447
	3427013448
	3427013449
	3427013450
	3427013451
	3427013452
	3427013453
	3427013454
	3427013455
	3427013456
	3427013457
	3427013458
	3427013459
	3427013460
	3427013461
	3427013462
	3427013463
	3427013464
	3427013465
	3427013466
	3427013467
	3427013468
	3427013469
	3427013470
	3427013471
	3427013472
	3427013473
	3427013474
	3427013475
	3427013476
	3427013477
	3427013478
	3427013479
	3427013480
	3427013481
	3427013482
	3427013483
	3427013484
	3427013485
	3427013486
	3427013487
	3427013488
	3427013489
	3427013490
	3427013491
	3427013492
	3427013493
	3427013494
	3427013495
	3427013496
	3427013497
	3427013498
	3427013499
	3427013500
	3427013501
	3427013502
	3427013503
	3427013504
	3427013505
	3427013506
	3427013507
	3427013508
	3427013509
	3427013510
	3427013511
	3427013512
	3427013513
	3427013514
	3427013515
	3427013516
	3427013517
	3427013518
	3427013519
	3427013520
	3427013521
	3427013522
	3427013523
	3427013524
	3427013525
	3427013526
	3427013527
	3427013528
	3427013529
	3427013530
	3427013531
	3427013532
	3427013533
	3427013534
	3427013535
	3427013536
	3427013537
	3427013538
	3427013539
	3427013540
	3427013541
	3427013542
	3427013543
	3427013544
	3427013545
	3427013546
	3427013547
	3427013548
	3427013549
	3427013550
	3427013551
	3427013552
	3427013553
	3427013554
	3427013555
	3427013556
	3427013557
	3427013558
	3427013559
	3427013560
	3427013561
	3427013562
	3427013563
	3427013564
	3427013565
	3427013566
	3427013567
	3427013568
	3427013569
	3427013570
	3427013571
	3427013572
	3427013573
	3427013574
	3427013575
	3427013576
	3427013577
	3427013578
	3427013579
	3427013580
	3427013581
	3427013582
	3427013583
	3427013584
	3427013585
	3427013586
	3427013587
	3427013588
	3427013589
	3427013590
	3427013591
	3427013592
	3427013593
	3427013594
	3427013595
	3427013596
	3427013597
	3427013598
	3427013599
	3427013600
	3427013601
	3427013602
	3427013603
	3427013604
	3427013605
	3427013606
	3427013607
	3427013608
	3427013609
	3427013610
	3427013611
	3427013612
	3427013613
	3427013614
	3427013615
	3427013616
	3427013617
	3427013618
	3427013619
	3427013620
	3427013621
	3427013622
	3427013623
	3427013624
	3427013625
	3427013626
	3427013627
	3427013628
	3427013629
	3427013630
	3427013631
	3427013632
	3427013633
	3427013634
	3427013635
	3427013636
	3427013637
	3427013638
	3427013639
	3427013640
	3427013641
	3427013642
	3427013643
	3427013644
	3427013645
	3427013646
	3427013647
	3427013648
	3427013649
	3427013650
	3427013651
	3427013652
	3427013653
	3427013654
	3427013655
	3427013656
	3427013657
	3427013658
	3427013659
	3427013660
	3427013661
	3427013662
	3427013663
	3427013664
	3427013665
	3427013666
	3427013667
	3427013668
	3427013669
	3427013670
	3427013671
	3427013672
	3427013673
	3427013674
	3427013675
	3427013676
	3427013677
	3427013678
	3427013679
	3427013680
	3427013681
	3427013682
	3427013683
	3427013684
	3427013685
	3427013686
	3427013687
	3427013688
	3427013689
	3427013690
	3427013691
	3427013692
	3427013693
	3427013694
	3427013695
	3427013696
	3427013697
	3427013698
	3427013699
	3427013700
	3427013701
	3427013702
	3427013703
	3427013704
	3427013705
	3427013706
	3427013707
	3427013708
	3427013709
	3427013710
	3427013711
	3427013712
	3427013713
	3427013714
	3427013715
	3427013716
	3427013717
	3427013718
	3427013719
	3427013720
	3427013721
	3427013722
	3427013723
	3427013724
	3427013725
	3427013726
	3427013727
	3427013728
	3427013729
	3427013730
	3427013731
	3427013732
	3427013733
	3427013734
	3427013735
	3427013736
	3427013737
	3427013738
	3427013739
	3427013740
	3427013741
	3427013742
	3427013743
	3427013744
	3427013745
	3427013746
	3427013747
	3427013748
	3427013749
	3427013750
	3427013751
	3427013752
	3427013753
	3427013754
	3427013755
	3427013756
	3427013757
	3427013758
	3427013759
	3427013760
	3427013761
	3427013762
	3427013763
	3427013764
	3427013765
	3427013766
	3427013767
	3427013768
	3427013769
	3427013770
	3427013771
	3427013772
	3427013773
	3427013774
	3427013775
	3427013776
	3427013777
	3427013778
	3427013779
	3427013780
	3427013781
	3427013782
	3427013783
	3427013784
	3427013785
	3427013786
	3427013787
	3427013788
	3427013789
	3427013790
	3427013791
	3427013792
	3427013793
	3427013794
	3427013795
	3427013796
	3427013797
	3427013798
	3427013799
	3427013800
	3427013801
	3427013802
	3427013803
	3427013804
	3427013805
	3427013806
	3427013807
	3427013808
	3427013809
	3427013810
	3427013811
	3427013812
	3427013813
	3427013814
	3427013815
	3427013816
	3427013817
	3427013818
	3427013819
	3427013820
	3427013821
	3427013822
	3427013823
	3427013824
	3427013825
	3427013826
	3427013827
	3427013828
	3427013829
	3427013830
	3427013831
	3427013832
	3427013833
	3427013834
	3427013835
	3427013836
	3427013837
	3427013838
	3427013839
	3427013840
	3427013841
	3427013842
	3427013843
	3427013844
	3427013845
	3427013846
	3427013847
	3427013848
	3427013849
	3427013850
	3427013851
	3427013852
	3427013853
	3427013854
	3427013855
	3427013856
	3427013857
	3427013858
	3427013859
	3427013860
	3427013861
	3427013862
	3427013863
	3427013864
	3427013865
	3427013866
	3427013867
	3427013868
	3427013869
	3427013870
	3427013871
	3427013872
	3427013873
	3427013874
	3427013875
	3427013876
	3427013877
	3427013878
	3427013879
	3427013880
	3427013881
	3427013882
	3427013883
	3427013884
	3427013885
	3427013886
	3427013887
	3427013888
	3427013889
	3427013890
	3427013891
	3427013892
	3427013893
	3427013894
	3427013895
	3427013896
	3427013897
	3427013898
	3427013899
	3427013900
	3427013901
	3427013902
	3427013903
	3427013904
	3427013905
	3427013906
	3427013907
	3427013908
	3427013909
	3427013910
	3427013911
	3427013912
	3427013913
	3427013914
	3427013915
	3427013916
	3427013917
	3427013918
	3427013919
	3427013920
	3427013921
	3427013922
	3427013923
	3427013924
	3427013925
	3427013926
	3427013927
	3427013928
	3427013929
	3427013930
	3427013931
	3427013932
	3427013933
	3427013934
	3427013935
	3427013936
	3427013937
	3427013938
	3427013939
	3427013940
	3427013941
	3427013942
	3427013943
	3427013944
	3427013945
	3427013946
	3427013947
	3427013948
	3427013949
	3427013950
	3427013951
	3427013952
	3427013953
	3427013954
	3427013955
	3427013956
	3427013957
	3427013958
	3427013959
	3427013960
	3427013961
	3427013962
	3427013963
	3427013964
	3427013965
	3427013966
	3427013967
	3427013968
	3427013969
	3427013970
	3427013971
	3427013972
	3427013973
	3427013974
	3427013975
	3427013976
	3427013977
	3427013978
	3427013979
	3427013980
	3427013981
	3427013982
	3427013983
	3427013984
	3427013985
	3427013986
	3427013987
	3427013988
	3427013989
	3427013990
	3427013991
	3427013992
	3427013993
	3427013994
	3427013995
	3427013996
	3427013997
	3427013998
	3427013999
	3427014000
	3427014001
	3427014002
	3427014003
	3427014004
	3427014005
	3427014006
	3427014007
	3427014008
	3427014009
	3427014010
	3427014011
	3427014012
	3427014013
	3427014014
	3427014015
	3427014016
	3427014017
	3427014018
	3427014019
	3427014020
	3427014021
	3427014022
	3427014023
	3427014024
	3427014025
	3427014026
	3427014027
	3427014028
	3427014029
	3427014030
	3427014031
	3427014032
	3427014033
	3427014034
	3427014035
	3427014036
	3427014037
	3427014038
	3427014039
	3427014040
	3427014041
	3427014042
	3427014043
	3427014044
	3427014045
	3427014046
	3427014047
	3427014048
	3427014049
	3427014050
	3427014051
	3427014052
	3427014053
	3427014054
	3427014055
	3427014056
	3427014057
	3427014058
	3427014059
	3427014060
	3427014061
	3427014062
	3427014063
	3427014064
	3427014065
	3427014066
	3427014067
	3427014068
	3427014069
	3427014070
	3427014071
	3427014072
	3427014073
	3427014074
	3427014075
	3427014076
	3427014077
	3427014078
	3427014079
	3427014080
	3427014081
	3427014082
	3427014083
	3427014084
	3427014085
	3427014086
	3427014087
	3427014088
	3427014089
	3427014090
	3427014091
	3427014092
	3427014093
	3427014094
	3427014095
	3427014096
	3427014097
	3427014098
	3427014099
	3427014100
	3427014101
	3427014102
	3427014103
	3427014104
	3427014105
	3427014106
	3427014107
	3427014108
	3427014109
	3427014110
	3427014111
	3427014112
	3427014113
	3427014114
	3427014115
	3427014116
	3427014117
	3427014118
	3427014119
	3427014120
	3427014121
	3427014122
	3427014123
	3427014124
	3427014125
	3427014126
	3427014127
	3427014128
	3427014129
	3427014130
	3427014131
	3427014132
	3427014133
	3427014134
	3427014135
	3427014136
	3427014137
	3427014138
	3427014139
	3427014140
	3427014141
	3427014142
	3427014143
	3427014144
	3427014145
	3427014146
	3427014147
	3427014148
	3427014149
	3427014150
	3427014151
	3427014152
	3427014153
	3427014154
	3427014155
	3427014156
	3427014157
	3427014158
	3427014159
	3427014160
	3427014161
	3427014162
	3427014163
	3427014164
	3427014165
	3427014166
	3427014167
	3427014168
	3427014169
	3427014170
	3427014171
	3427014172
	3427014173
	3427014174
	3427014175
	3427014176
	3427014177
	3427014178
	3427014179
	3427014180
	3427014181
	3427014182
	3427014183
	3427014184
	3427014185
	3427014186
	3427014187
	3427014188
	3427014189
	3427014190
	3427014191
	3427014192
	3427014193
	3427014194
	3427014195
	3427014196
	3427014197
	3427014198
	3427014199
	3427014200
	3427014201
	3427014202
	3427014203
	3427014204
	3427014205
	3427014206
	3427014207
	3427014208
	3427014209
	3427014210
	3427014211
	3427014212
	3427014213
	3427014214
	3427014215
	3427014216
	3427014217
	3427014218
	3427014219
	3427014220
	3427014221
	3427014222
	3427014223
	3427014224
	3427014225
	3427014226
	3427014227
	3427014228
	3427014229
	3427014230
	3427014231
	3427014232
	3427014233
	3427014234
	3427014235
	3427014236
	3427014237
	3427014238
	3427014239
	3427014240
	3427014241
	3427014242
	3427014243
	3427014244
	3427014245
	3427014246
	3427014247
	3427014248
	3427014249
	3427014250
	3427014251
	3427014252
	3427014253
	3427014254
	3427014255
	3427014256
	3427014257
	3427014258
	3427014259
	3427014260
	3427014261
	3427014262
	3427014263
	3427014264
	3427014265
	3427014266
	3427014267
	3427014268
	3427014269
	3427014270
	3427014271
	3427014272
	3427014273
	3427014274
	3427014275
	3427014276
	3427014277
	3427014278
	3427014279
	3427014280
	3427014281
	3427014282
	3427014283
	3427014284
	3427014285
	3427014286
	3427014287
	3427014288
	3427014289
	3427014290
	3427014291
	3427014292
	3427014293
	3427014294
	3427014295
	3427014296
	3427014297
	3427014298
	3427014299
	3427014300
	3427014301
	3427014302
	3427014303
	3427014304
	3427014305
	3427014306
	3427014307
	3427014308
	3427014309
	3427014310
	3427014311
	3427014312
	3427014313
	3427014314
	3427014315
	3427014316
	3427014317
	3427014318
	3427014319
	3427014320
	3427014321
	3427014322
	3427014323
	3427014324
	3427014325
	3427014326
	3427014327
	3427014328
	3427014329
	3427014330
	3427014331
	3427014332
	3427014333
	3427014334
	3427014335
	3427014336
	3427014337
	3427014338
	3427014339
	3427014340
	3427014341
	3427014342
	3427014343
	3427014344
	3427014345
	3427014346
	3427014347
	3427014348
	3427014349
	3427014350
	3427014351
	3427014352
	3427014353
	3427014354
	3427014355
	3427014356
	3427014357
	3427014358
	3427014359
	3427014360
	3427014361
	3427014362
	3427014363
	3427014364
	3427014365
	3427014366
	3427014367
	3427014368
	3427014369
	3427014370
	3427014371
	3427014372
	3427014373
	3427014374
	3427014375
	3427014376
	3427014377
	3427014378
	3427014379
	3427014380
	3427014381
	3427014382
	3427014383
	3427014384
	3427014385
	3427014386
	3427014387
	3427014388
	3427014389
	3427014390
	3427014391
	3427014392
	3427014393
	3427014394
	3427014395
	3427014396
	3427014397
	3427014398
	3427014399
	3427014400
	3427014401
	3427014402
	3427014403
	3427014404
	3427014405
	3427014406
	3427014407
	3427014408
	3427014409
	3427014410
	3427014411
	3427014412
	3427014413
	3427014414
	3427014415
	3427014416
	3427014417
	3427014418
	3427014419
	3427014420
	3427014421
	3427014422
	3427014423
	3427014424
	3427014425
	3427014426
	3427014427
	3427014428
	3427014429
	3427014430
	3427014431
	3427014432
	3427014433
	3427014434
	3427014435
	3427014436
	3427014437
	3427014438
	3427014439
	3427014440
	3427014441
	3427014442
	3427014443
	3427014444
	3427014445
	3427014446
	3427014447
	3427014448
	3427014449
	3427014450
	3427014451
	3427014452
	3427014453
	3427014454
	3427014455
	3427014456
	3427014457
	3427014458
	3427014459
	3427014460
	3427014461
	3427014462
	3427014463
	3427014464
	3427014465
	3427014466
	3427014467
	3427014468
	3427014469
	3427014470
	3427014471
	3427014472
	3427014473
	3427014474
	3427014475
	3427014476
	3427014477
	3427014478
	3427014479
	3427014480
	3427014481
	3427014482
	3427014483
	3427014484
	3427014485
	3427014486
	3427014487
	3427014488
	3427014489
	3427014490
	3427014491
	3427014492
	3427014493
	3427014494
	3427014495
	3427014496
	3427014497
	3427014498
	3427014499
	3427014500
	3427014501
	3427014502
	3427014503
	3427014504
	3427014505
	3427014506
	3427014507
	3427014508
	3427014509
	3427014510
	3427014511
	3427014512
	3427014513
	3427014514
	3427014515
	3427014516
	3427014517
	3427014518
	3427014519
	3427014520
	3427014521
	3427014522
	3427014523
	3427014524
	3427014525
	3427014526
	3427014527
	3427014528
	3427014529
	3427014530
	3427014531
	3427014532
	3427014533
	3427014534
	3427014535
	3427014536
	3427014537
	3427014538
	3427014539
	3427014540
	3427014541
	3427014542
	3427014543
	3427014544
	3427014545
	3427014546
	3427014547
	3427014548
	3427014549
	3427014550
	3427014551
	3427014552
	3427014553
	3427014554
	3427014555
	3427014556
	3427014557
	3427014558
	3427014559
	3427014560
	3427014561
	3427014562
	3427014563
	3427014564
	3427014565
	3427014566
	3427014567
	3427014568
	3427014569
	3427014570
	3427014571
	3427014572
	3427014573
	3427014574
	3427014575
	3427014576
	3427014577
	3427014578
	3427014579
	3427014580
	3427014581
	3427014582
	3427014583
	3427014584
	3427014585
	3427014586
	3427014587
	3427014588
	3427014589
	3427014590
	3427014591
	3427014592
	3427014593
	3427014594
	3427014595
	3427014596
	3427014597
	3427014598
	3427014599
	3427014600
	3427014601
	3427014602
	3427014603
	3427014604
	3427014605
	3427014606
	3427014607
	3427014608
	3427014609
	3427014610
	3427014611
	3427014612
	3427014613
	3427014614
	3427014615
	3427014616
	3427014617
	3427014618
	3427014619
	3427014620
	3427014621
	3427014622
	3427014623
	3427014624
	3427014625
	3427014626
	3427014627
	3427014628
	3427014629
	3427014630
	3427014631
	3427014632
	3427014633
	3427014634
	3427014635
	3427014636
	3427014637
	3427014638
	3427014639
	3427014640
	3427014641
	3427014642
	3427014643
	3427014644
	3427014645
	3427014646
	3427014647
	3427014648
	3427014649
	3427014650
	3427014651
	3427014652
	3427014653
	3427014654
	3427014655
	3427014656
	3427014657
	3427014658
	3427014659
	3427014660
	3427014661
	3427014662
	3427014663
	3427014664
	3427014665
	3427014666
	3427014667
	3427014668
	3427014669
	3427014670
	3427014671
	3427014672
	3427014673
	3427014674
	3427014675
	3427014676
	3427014677
	3427014678
	3427014679
	3427014680
	3427014681
	3427014682
	3427014683
	3427014684
	3427014685
	3427014686
	3427014687
	3427014688
	3427014689
	3427014690
	3427014691
	3427014692
	3427014693
	3427014694
	3427014695
	3427014696
	3427014697
	3427014698
	3427014699
	3427014700
	3427014701
	3427014702
	3427014703
	3427014704
	3427014705
	3427014706
	3427014707
	3427014708
	3427014709
	3427014710
	3427014711
	3427014712
	3427014713
	3427014714
	3427014715
	3427014716
	3427014717
	3427014718
	3427014719
	3427014720
	3427014721
	3427014722
	3427014723
	3427014724
	3427014725
	3427014726
	3427014727
	3427014728
	3427014729
	3427014730
	3427014731
	3427014732
	3427014733
	3427014734
	3427014735
	3427014736
	3427014737
	3427014738
	3427014739
	3427014740
	3427014741
	3427014742
	3427014743
	3427014744
	3427014745
	3427014746
	3427014747
	3427014748
	3427014749
	3427014750
	3427014751
	3427014752
	3427014753
	3427014754
	3427014755
	3427014756
	3427014757
	3427014758
	3427014759
	3427014760
	3427014761
	3427014762
	3427014763
	3427014764
	3427014765
	3427014766
	3427014767
	3427014768
	3427014769
	3427014770
	3427014771
	3427014772
	3427014773
	3427014774
	3427014775
	3427014776
	3427014777
	3427014778
	3427014779
	3427014780
	3427014781
	3427014782
	3427014783
	3427014784
	3427014785
	3427014786
	3427014787
	3427014788
	3427014789
	3427014790
	3427014791
	3427014792
	3427014793
	3427014794
	3427014795
	3427014796
	3427014797
	3427014798
	3427014799
	3427014800
	3427014801
	3427014802
	3427014803
	3427014804
	3427014805
	3427014806
	3427014807
	3427014808
	3427014809
	3427014810
	3427014811
	3427014812
	3427014813
	3427014814
	3427014815
	3427014816
	3427014817
	3427014818
	3427014819
	3427014820
	3427014821
	3427014822
	3427014823
	3427014824
	3427014825
	3427014826
	3427014827
	3427014828
	3427014829
	3427014830
	3427014831
	3427014832
	3427014833
	3427014834
	3427014835
	3427014836
	3427014837
	3427014838
	3427014839
	3427014840
	3427014841
	3427014842
	3427014843
	3427014844
	3427014845
	3427014846
	3427014847
	3427014848
	3427014849
	3427014850
	3427014851
	3427014852
	3427014853
	3427014854
	3427014855
	3427014856
	3427014857
	3427014858
	3427014859
	3427014860
	3427014861
	3427014862
	3427014863
	3427014864
	3427014865
	3427014866
	3427014867
	3427014868
	3427014869
	3427014870
	3427014871
	3427014872
	3427014873
	3427014874
	3427014875
	3427014876
	3427014877
	3427014878
	3427014879
	3427014880
	3427014881
	3427014882
	3427014883
	3427014884
	3427014885
	3427014886
	3427014887
	3427014888
	3427014889
	3427014890
	3427014891
	3427014892
	3427014893
	3427014894
	3427014895
	3427014896
	3427014897
	3427014898
	3427014899
	3427014900
	3427014901
	3427014902
	3427014903
	3427014904
	3427014905
	3427014906
	3427014907
	3427014908
	3427014909
	3427014910
	3427014911
	3427014912
	3427014913
	3427014914
	3427014915
	3427014916
	3427014917
	3427014918
	3427014919
	3427014920
	3427014921
	3427014922
	3427014923
	3427014924
	3427014925
	3427014926
	3427014927
	3427014928
	3427014929
	3427014930
	3427014931
	3427014932
	3427014933
	3427014934
	3427014935
	3427014936
	3427014937
	3427014938
	3427014939
	3427014940
	3427014941
	3427014942
	3427014943
	3427014944
	3427014945
	3427014946
	3427014947
	3427014948
	3427014949
	3427014950
	3427014951
	3427014952
	3427014953
	3427014954
	3427014955
	3427014956
	3427014957
	3427014958
	3427014959
	3427014960
	3427014961
	3427014962
	3427014963
	3427014964
	3427014965
	3427014966
	3427014967
	3427014968
	3427014969
	3427014970
	3427014971
	3427014972
	3427014973
	3427014974
	3427014975
	3427014976
	3427014977
	3427014978
	3427014979
	3427014980
	3427014981
	3427014982
	3427014983
	3427014984
	3427014985
	3427014986
	3427014987
	3427014988
	3427014989
	3427014990
	3427014991
	3427014992
	3427014993
	3427014994
	3427014995
	3427014996
	3427014997
	3427014998
	3427014999
	3427015000
	3427015001
	3427015002
	3427015003
	3427015004
	3427015005
	3427015006
	3427015007
	3427015008
	3427015009
	3427015010
	3427015011
	3427015012
	3427015013
	3427015014
	3427015015
	3427015016
	3427015017
	3427015018
	3427015019
	3427015020
	3427015021
	3427015022
	3427015023
	3427015024
	3427015025
	3427015026
	3427015027
	3427015028
	3427015029
	3427015030
	3427015031
	3427015032
	3427015033
	3427015034
	3427015035
	3427015036
	3427015037
	3427015038
	3427015039
	3427015040
	3427015041
	3427015042
	3427015043
	3427015044
	3427015045
	3427015046
	3427015047
	3427015048
	3427015049
	3427015050
	3427015051
	3427015052
	3427015053
	3427015054
	3427015055
	3427015056
	3427015057
	3427015058
	3427015059
	3427015060
	3427015061
	3427015062
	3427015063
	3427015064
	3427015065
	3427015066
	3427015067
	3427015068
	3427015069
	3427015070
	3427015071
	3427015072
	3427015073
	3427015074
	3427015075
	3427015076
	3427015077
	3427015078
	3427015079
	3427015080
	3427015081
	3427015082
	3427015083
	3427015084
	3427015085
	3427015086
	3427015087
	3427015088
	3427015089
	3427015090
	3427015091
	3427015092
	3427015093
	3427015094
	3427015095
	3427015096
	3427015097
	3427015098
	3427015099
	3427015100
	3427015101
	3427015102
	3427015103
	3427015104
	3427015105
	3427015106
	3427015107
	3427015108
	3427015109
	3427015110
	3427015111
	3427015112
	3427015113
	3427015114
	3427015115
	3427015116
	3427015117
	3427015118
	3427015119
	3427015120
	3427015121
	3427015122
	3427015123
	3427015124
	3427015125
	3427015126
	3427015127
	3427015128
	3427015129
	3427015130
	3427015131
	3427015132
	3427015133
	3427015134
	3427015135
	3427015136
	3427015137
	3427015138
	3427015139
	3427015140
	3427015141
	3427015142
	3427015143
	3427015144
	3427015145
	3427015146
	3427015147
	3427015148
	3427015149
	3427015150
	3427015151
	3427015152
	3427015153
	3427015154
	3427015155
	3427015156
	3427015157
	3427015158
	3427015159
	3427015160
	3427015161
	3427015162
	3427015163
	3427015164
	3427015165
	3427015166
	3427015167
	3427015168
	3427015169
	3427015170
	3427015171
	3427015172
	3427015173
	3427015174
	3427015175
	3427015176
	3427015177
	3427015178
	3427015179
	3427015180
	3427015181
	3427015182
	3427015183
	3427015184
	3427015185
	3427015186
	3427015187
	3427015188
	3427015189
	3427015190
	3427015191
	3427015192
	3427015193
	3427015194
	3427015195
	3427015196
	3427015197
	3427015198
	3427015199
	3427015200
	3427015201
	3427015202
	3427015203
	3427015204
	3427015205
	3427015206
	3427015207
	3427015208
	3427015209
	3427015210
	3427015211
	3427015212
	3427015213
	3427015214
	3427015215
	3427015216
	3427015217
	3427015218
	3427015219
	3427015220
	3427015221
	3427015222
	3427015223
	3427015224
	3427015225
	3427015226
	3427015227
	3427015228
	3427015229
	3427015230
	3427015231
	3427015232
	3427015233
	3427015234
	3427015235
	3427015236
	3427015237
	3427015238
	3427015239
	3427015240
	3427015241
	3427015242
	3427015243
	3427015244
	3427015245
	3427015246
	3427015247
	3427015248
	3427015249
	3427015250
	3427015251
	3427015252
	3427015253
	3427015254
	3427015255
	3427015256
	3427015257
	3427015258
	3427015259
	3427015260
	3427015261
	3427015262
	3427015263
	3427015264
	3427015265
	3427015266
	3427015267
	3427015268
	3427015269
	3427015270
	3427015271
	3427015272
	3427015273
	3427015274
	3427015275
	3427015276
	3427015277
	3427015278
	3427015279
	3427015280
	3427015281
	3427015282
	3427015283
	3427015284
	3427015285
	3427015286
	3427015287
	3427015288
	3427015289
	3427015290
	3427015291
	3427015292
	3427015293
	3427015294
	3427015295
	3427015296
	3427015297
	3427015298
	3427015299
	3427015300
	3427015301
	3427015302
	3427015303
	3427015304
	3427015305
	3427015306
	3427015307
	3427015308
	3427015309
	3427015310
	3427015311
	3427015312
	3427015313
	3427015314
	3427015315
	3427015316
	3427015317
	3427015318
	3427015319
	3427015320
	3427015321
	3427015322
	3427015323
	3427015324
	3427015325
	3427015326
	3427015327
	3427015328
	3427015329
	3427015330
	3427015331
	3427015332
	3427015333
	3427015334
	3427015335
	3427015336
	3427015337
	3427015338
	3427015339
	3427015340
	3427015341
	3427015342
	3427015343
	3427015344
	3427015345
	3427015346
	3427015347
	3427015348
	3427015349
	3427015350
	3427015351
	3427015352
	3427015353
	3427015354
	3427015355
	3427015356
	3427015357
	3427015358
	3427015359
	3427015360
	3427015361
	3427015362
	3427015363
	3427015364
	3427015365
	3427015366
	3427015367
	3427015368
	3427015369
	3427015370
	3427015371
	3427015372
	3427015373
	3427015374
	3427015375
	3427015376
	3427015377
	3427015378
	3427015379
	3427015380
	3427015381
	3427015382
	3427015383
	3427015384
	3427015385
	3427015386
	3427015387
	3427015388
	3427015389
	3427015390
	3427015391
	3427015392
	3427015393
	3427015394
	3427015395
	3427015396
	3427015397
	3427015398
	3427015399
	3427015400
	3427015401
	3427015402
	3427015403
	3427015404
	3427015405
	3427015406
	3427015407
	3427015408
	3427015409
	3427015410
	3427015411
	3427015412
	3427015413
	3427015414
	3427015415
	3427015416
	3427015417
	3427015418
	3427015419
	3427015420
	3427015421
	3427015422
	3427015423
	3427015424
	3427015425
	3427015426
	3427015427
	3427015428
	3427015429
	3427015430
	3427015431
	3427015432
	3427015433
	3427015434
	3427015435
	3427015436
	3427015437
	3427015438
	3427015439
	3427015440
	3427015441
	3427015442
	3427015443
	3427015444
	3427015445
	3427015446
	3427015447
	3427015448
	3427015449
	3427015450
	3427015451
	3427015452
	3427015453
	3427015454
	3427015455
	3427015456
	3427015457
	3427015458
	3427015459
	3427015460
	3427015461
	3427015462
	3427015463
	3427015464
	3427015465
	3427015466
	3427015467
	3427015468
	3427015469
	3427015470
	3427015471
	3427015472
	3427015473
	3427015474
	3427015475
	3427015476
	3427015477
	3427015478
	3427015479
	3427015480
	3427015481
	3427015482
	3427015483
	3427015484
	3427015485
	3427015486
	3427015487
	3427015488
	3427015489
	3427015490
	3427015491
	3427015492
	3427015493
	3427015494
	3427015495
	3427015496
	3427015497
	3427015498
	3427015499
	3427015500
	3427015501
	3427015502
	3427015503
	3427015504
	3427015505
	3427015506
	3427015507
	3427015508
	3427015509
	3427015510
	3427015511
	3427015512
	3427015513
	3427015514
	3427015515
	3427015516
	3427015517
	3427015518
	3427015519
	3427015520
	3427015521
	3427015522
	3427015523
	3427015524
	3427015525
	3427015526
	3427015527
	3427015528
	3427015529
	3427015530
	3427015531
	3427015532
	3427015533
	3427015534
	3427015535
	3427015536
	3427015537
	3427015538
	3427015539
	3427015540
	3427015541
	3427015542
	3427015543
	3427015544
	3427015545
	3427015546
	3427015547
	3427015548
	3427015549
	3427015550
	3427015551
	3427015552
	3427015553
	3427015554
	3427015555
	3427015556
	3427015557
	3427015558
	3427015559
	3427015560
	3427015561
	3427015562
	3427015563
	3427015564
	3427015565
	3427015566
	3427015567
	3427015568
	3427015569
	3427015570
	3427015571
	3427015572
	3427015573
	3427015574
	3427015575
	3427015576
	3427015577
	3427015578
	3427015579
	3427015580
	3427015581
	3427015582
	3427015583
	3427015584
	3427015585
	3427015586
	3427015587
	3427015588
	3427015589
	3427015590
	3427015591
	3427015592
	3427015593
	3427015594
	3427015595
	3427015596
	3427015597
	3427015598
	3427015599
	3427015600
	3427015601
	3427015602
	3427015603
	3427015604
	3427015605
	3427015606
	3427015607
	3427015608
	3427015609
	3427015610
	3427015611
	3427015612
	3427015613
	3427015614
	3427015615
	3427015616
	3427015617
	3427015618
	3427015619
	3427015620
	3427015621
	3427015622
	3427015623
	3427015624
	3427015625
	3427015626
	3427015627
	3427015628
	3427015629
	3427015630
	3427015631
	3427015632
	3427015633
	3427015634
	3427015635
	3427015636
	3427015637
	3427015638
	3427015639
	3427015640
	3427015641
	3427015642
	3427015643
	3427015644
	3427015645
	3427015646
	3427015647
	3427015648
	3427015649
	3427015650
	3427015651
	3427015652
	3427015653
	3427015654
	3427015655
	3427015656
	3427015657
	3427015658
	3427015659
	3427015660
	3427015661
	3427015662
	3427015663
	3427015664
	3427015665
	3427015666
	3427015667
	3427015668
	3427015669
	3427015670
	3427015671
	3427015672
	3427015673
	3427015674
	3427015675
	3427015676
	3427015677
	3427015678
	3427015679
	3427015680
	3427015681
	3427015682
	3427015683
	3427015684
	3427015685
	3427015686
	3427015687
	3427015688
	3427015689
	3427015690
	3427015691
	3427015692
	3427015693
	3427015694
	3427015695
	3427015696
	3427015697
	3427015698
	3427015699
	3427015700
	3427015701
	3427015702
	3427015703
	3427015704
	3427015705
	3427015706
	3427015707
	3427015708
	3427015709
	3427015710
	3427015711
	3427015712
	3427015713
	3427015714
	3427015715
	3427015716
	3427015717
	3427015718
	3427015719
	3427015720
	3427015721
	3427015722
	3427015723
	3427015724
	3427015725
	3427015726
	3427015727
	3427015728
	3427015729
	3427015730
	3427015731
	3427015732
	3427015733
	3427015734
	3427015735
	3427015736
	3427015737
	3427015738
	3427015739
	3427015740
	3427015741
	3427015742
	3427015743
	3427015744
	3427015745
	3427015746
	3427015747
	3427015748
	3427015749
	3427015750
	3427015751
	3427015752
	3427015753
	3427015754
	3427015755
	3427015756
	3427015757
	3427015758
	3427015759
	3427015760
	3427015761
	3427015762
	3427015763
	3427015764
	3427015765
	3427015766
	3427015767
	3427015768
	3427015769
	3427015770
	3427015771
	3427015772
	3427015773
	3427015774
	3427015775
	3427015776
	3427015777
	3427015778
	3427015779
	3427015780
	3427015781
	3427015782
	3427015783
	3427015784
	3427015785
	3427015786
	3427015787
	3427015788
	3427015789
	3427015790
	3427015791
	3427015792
	3427015793
	3427015794
	3427015795
	3427015796
	3427015797
	3427015798
	3427015799
	3427015800
	3427015801
	3427015802
	3427015803
	3427015804
	3427015805
	3427015806
	3427015807
	3427015808
	3427015809
	3427015810
	3427015811
	3427015812
	3427015813
	3427015814
	3427015815
	3427015816
	3427015817
	3427015818
	3427015819
	3427015820
	3427015821
	3427015822
	3427015823
	3427015824
	3427015825
	3427015826
	3427015827
	3427015828
	3427015829
	3427015830
	3427015831
	3427015832
	3427015833
	3427015834
	3427015835
	3427015836
	3427015837
	3427015838
	3427015839
	3427015840
	3427015841
	3427015842
	3427015843
	3427015844
	3427015845
	3427015846
	3427015847
	3427015848
	3427015849
	3427015850
	3427015851
	3427015852
	3427015853
	3427015854
	3427015855
	3427015856
	3427015857
	3427015858
	3427015859
	3427015860
	3427015861
	3427015862
	3427015863
	3427015864
	3427015865
	3427015866
	3427015867
	3427015868
	3427015869
	3427015870
	3427015871
	3427015872
	3427015873
	3427015874
	3427015875
	3427015876
	3427015877
	3427015878
	3427015879
	3427015880
	3427015881
	3427015882
	3427015883
	3427015884
	3427015885
	3427015886
	3427015887
	3427015888
	3427015889
	3427015890
	3427015891
	3427015892
	3427015893
	3427015894
	3427015895
	3427015896
	3427015897
	3427015898
	3427015899
	3427015900
	3427015901
	3427015902
	3427015903
	3427015904
	3427015905
	3427015906
	3427015907
	3427015908
	3427015909
	3427015910
	3427015911
	3427015912
	3427015913
	3427015914
	3427015915
	3427015916
	3427015917
	3427015918
	3427015919
	3427015920
	3427015921
	3427015922
	3427015923
	3427015924
	3427015925
	3427015926
	3427015927
	3427015928
	3427015929
	3427015930
	3427015931
	3427015932
	3427015933
	3427015934
	3427015935
	3427015936
	3427015937
	3427015938
	3427015939
	3427015940
	3427015941
	3427015942
	3427015943
	3427015944
	3427015945
	3427015946
	3427015947
	3427015948
	3427015949
	3427015950
	3427015951
	3427015952
	3427015953
	3427015954
	3427015955
	3427015956
	3427015957
	3427015958
	3427015959
	3427015960
	3427015961
	3427015962
	3427015963
	3427015964
	3427015965
	3427015966
	3427015967
	3427015968
	3427015969
	3427015970
	3427015971
	3427015972
	3427015973
	3427015974
	3427015975
	3427015976
	3427015977
	3427015978
	3427015979
	3427015980
	3427015981
	3427015982
	3427015983
	3427015984
	3427015985
	3427015986
	3427015987
	3427015988
	3427015989
	3427015990
	3427015991
	3427015992
	3427015993
	3427015994
	3427015995
	3427015996
	3427015997
	3427015998
	3427015999
	3427016000
	3427016001
	3427016002
	3427016003
	3427016004
	3427016005
	3427016006
	3427016007
	3427016008
	3427016009
	3427016010
	3427016011
	3427016012
	3427016013
	3427016014
	3427016015
	3427016016
	3427016017
	3427016018
	3427016019
	3427016020
	3427016021
	3427016022
	3427016023
	3427016024
	3427016025
	3427016026
	3427016027
	3427016028
	3427016029
	3427016030
	3427016031
	3427016032
	3427016033
	3427016034
	3427016035
	3427016036
	3427016037
	3427016038
	3427016039
	3427016040
	3427016041
	3427016042
	3427016043
	3427016044
	3427016045
	3427016046
	3427016047
	3427016048
	3427016049
	3427016050
	3427016051
	3427016052
	3427016053
	3427016054
	3427016055
	3427016056
	3427016057
	3427016058
	3427016059
	3427016060
	3427016061
	3427016062
	3427016063
	3427016064
	3427016065
	3427016066
	3427016067
	3427016068
	3427016069
	3427016070
	3427016071
	3427016072
	3427016073
	3427016074
	3427016075
	3427016076
	3427016077
	3427016078
	3427016079
	3427016080
	3427016081
	3427016082
	3427016083
	3427016084
	3427016085
	3427016086
	3427016087
	3427016088
	3427016089
	3427016090
	3427016091
	3427016092
	3427016093
	3427016094
	3427016095
	3427016096
	3427016097
	3427016098
	3427016099
	3427016100
	3427016101
	3427016102
	3427016103
	3427016104
	3427016105
	3427016106
	3427016107
	3427016108
	3427016109
	3427016110
	3427016111
	3427016112
	3427016113
	3427016114
	3427016115
	3427016116
	3427016117
	3427016118
	3427016119
	3427016120
	3427016121
	3427016122
	3427016123
	3427016124
	3427016125
	3427016126
	3427016127
	3427016128
	3427016129
	3427016130
	3427016131
	3427016132
	3427016133
	3427016134
	3427016135
	3427016136
	3427016137
	3427016138
	3427016139
	3427016140
	3427016141
	3427016142
	3427016143
	3427016144
	3427016145
	3427016146
	3427016147
	3427016148
	3427016149
	3427016150
	3427016151
	3427016152
	3427016153
	3427016154
	3427016155
	3427016156
	3427016157
	3427016158
	3427016159
	3427016160
	3427016161
	3427016162
	3427016163
	3427016164
	3427016165
	3427016166
	3427016167
	3427016168
	3427016169
	3427016170
	3427016171
	3427016172
	3427016173
	3427016174
	3427016175
	3427016176
	3427016177
	3427016178
	3427016179
	3427016180
	3427016181
	3427016182
	3427016183
	3427016184
	3427016185
	3427016186
	3427016187
	3427016188
	3427016189
	3427016190
	3427016191
	3427016192
	3427016193
	3427016194
	3427016195
	3427016196
	3427016197
	3427016198
	3427016199
	3427016200
	3427016201
	3427016202
	3427016203
	3427016204
	3427016205
	3427016206
	3427016207
