	3427441790
	3427441790
	3427441791
	3427441792
	3427441793
	3427441794
	3427441795
	3427441796
	3427441797
	3427441798
	3427441799
	3427441800
	3427441801
	3427441802
	3427441803
	3427441804
	3427441805
	3427441806
	3427441807
	3427441808
	3427441809
	3427441810
	3427441811
	3427441812
	3427441813
	3427441814
	3427441815
	3427441816
	3427441817
	3427441818
	3427441819
	3427441820
	3427441821
	3427441822
	3427441823
	3427441824
	3427441825
	3427441826
	3427441827
	3427441828
	3427441829
	3427441830
	3427441831
	3427441832
	3427441833
	3427441834
	3427441835
	3427441836
	3427441837
	3427441838
	3427441839
	3427441840
	3427441841
	3427441842
	3427441843
	3427441844
	3427441845
	3427441846
	3427441847
	3427441848
	3427441849
	3427441850
	3427441851
	3427441852
	3427441853
	3427441854
	3427441855
	3427441856
	3427441857
	3427441858
	3427441859
	3427441860
	3427441861
	3427441862
	3427441863
	3427441864
	3427441865
	3427441866
	3427441867
	3427441868
	3427441869
	3427441870
	3427441871
	3427441872
	3427441873
	3427441874
	3427441875
	3427441876
	3427441877
	3427441878
	3427441879
	3427441880
	3427441881
	3427441882
	3427441883
	3427441884
	3427441885
	3427441886
	3427441887
	3427441888
	3427441889
	3427441890
	3427441891
	3427441892
	3427441893
	3427441894
	3427441895
	3427441896
	3427441897
	3427441898
	3427441899
	3427441900
	3427441901
	3427441902
	3427441903
	3427441904
	3427441905
	3427441906
	3427441907
	3427441908
	3427441909
	3427441910
	3427441911
	3427441912
	3427441913
	3427441914
	3427441915
	3427441916
	3427441917
	3427441918
	3427441919
	3427441920
	3427441921
	3427441922
	3427441923
	3427441924
	3427441925
	3427441926
	3427441927
	3427441928
	3427441929
	3427441930
	3427441931
	3427441932
	3427441933
	3427441934
	3427441935
	3427441936
	3427441937
	3427441938
	3427441939
	3427441940
	3427441941
	3427441942
	3427441943
	3427441944
	3427441945
	3427441946
	3427441947
	3427441948
	3427441949
	3427441950
	3427441951
	3427441952
	3427441953
	3427441954
	3427441955
	3427441956
	3427441957
	3427441958
	3427441959
	3427441960
	3427441961
	3427441962
	3427441963
	3427441964
	3427441965
	3427441966
	3427441967
	3427441968
	3427441969
	3427441970
	3427441971
	3427441972
	3427441973
	3427441974
	3427441975
	3427441976
	3427441977
	3427441978
	3427441979
	3427441980
	3427441981
	3427441982
	3427441983
	3427441984
	3427441985
	3427441986
	3427441987
	3427441988
	3427441989
	3427441990
	3427441991
	3427441992
	3427441993
	3427441994
	3427441995
	3427441996
	3427441997
	3427441998
	3427441999
	3427442000
	3427442001
	3427442002
	3427442003
	3427442004
	3427442005
	3427442006
	3427442007
	3427442008
	3427442009
	3427442010
	3427442011
	3427442012
	3427442013
	3427442014
	3427442015
	3427442016
	3427442017
	3427442018
	3427442019
	3427442020
	3427442021
	3427442022
	3427442023
	3427442024
	3427442025
	3427442026
	3427442027
	3427442028
	3427442029
	3427442030
	3427442031
	3427442032
	3427442033
	3427442034
	3427442035
	3427442036
	3427442037
	3427442038
	3427442039
	3427442040
	3427442041
	3427442042
	3427442043
	3427442044
	3427442045
	3427442046
	3427442047
	3427442048
	3427442049
	3427442050
	3427442051
	3427442052
	3427442053
	3427442054
	3427442055
	3427442056
	3427442057
	3427442058
	3427442059
	3427442060
	3427442061
	3427442062
	3427442063
	3427442064
	3427442065
	3427442066
	3427442067
	3427442068
	3427442069
	3427442070
	3427442071
	3427442072
	3427442073
	3427442074
	3427442075
	3427442076
	3427442077
	3427442078
	3427442079
	3427442080
	3427442081
	3427442082
	3427442083
	3427442084
	3427442085
	3427442086
	3427442087
	3427442088
	3427442089
	3427442090
	3427442091
	3427442092
	3427442093
	3427442094
	3427442095
	3427442096
	3427442097
	3427442098
	3427442099
	3427442100
	3427442101
	3427442102
	3427442103
	3427442104
	3427442105
	3427442106
	3427442107
	3427442108
	3427442109
	3427442110
	3427442111
	3427442112
	3427442113
	3427442114
	3427442115
	3427442116
	3427442117
	3427442118
	3427442119
	3427442120
	3427442121
	3427442122
	3427442123
	3427442124
	3427442125
	3427442126
	3427442127
	3427442128
	3427442129
	3427442130
	3427442131
	3427442132
	3427442133
	3427442134
	3427442135
	3427442136
	3427442137
	3427442138
	3427442139
	3427442140
	3427442141
	3427442142
	3427442143
	3427442144
	3427442145
	3427442146
	3427442147
	3427442148
	3427442149
	3427442150
	3427442151
	3427442152
	3427442153
	3427442154
	3427442155
	3427442156
	3427442157
	3427442158
	3427442159
	3427442160
	3427442161
	3427442162
	3427442163
	3427442164
	3427442165
	3427442166
	3427442167
	3427442168
	3427442169
	3427442170
	3427442171
	3427442172
	3427442173
	3427442174
	3427442175
	3427442176
	3427442177
	3427442178
	3427442179
	3427442180
	3427442181
	3427442182
	3427442183
	3427442184
	3427442185
	3427442186
	3427442187
	3427442188
	3427442189
	3427442190
	3427442191
	3427442192
	3427442193
	3427442194
	3427442195
	3427442196
	3427442197
	3427442198
	3427442199
	3427442200
	3427442201
	3427442202
	3427442203
	3427442204
	3427442205
	3427442206
	3427442207
	3427442208
	3427442209
	3427442210
	3427442211
	3427442212
	3427442213
	3427442214
	3427442215
	3427442216
	3427442217
	3427442218
	3427442219
	3427442220
	3427442221
	3427442222
	3427442223
	3427442224
	3427442225
	3427442226
	3427442227
	3427442228
	3427442229
	3427442230
	3427442231
	3427442232
	3427442233
	3427442234
	3427442235
	3427442236
	3427442237
	3427442238
	3427442239
	3427442240
	3427442241
	3427442242
	3427442243
	3427442244
	3427442245
	3427442246
	3427442247
	3427442248
	3427442249
	3427442250
	3427442251
	3427442252
	3427442253
	3427442254
	3427442255
	3427442256
	3427442257
	3427442258
	3427442259
	3427442260
	3427442261
	3427442262
	3427442263
	3427442264
	3427442265
	3427442266
	3427442267
	3427442268
	3427442269
	3427442270
	3427442271
	3427442272
	3427442273
	3427442274
	3427442275
	3427442276
	3427442277
	3427442278
	3427442279
	3427442280
	3427442281
	3427442282
	3427442283
	3427442284
	3427442285
	3427442286
	3427442287
	3427442288
	3427442289
	3427442290
	3427442291
	3427442292
	3427442293
	3427442294
	3427442295
	3427442296
	3427442297
	3427442298
	3427442299
	3427442300
	3427442301
	3427442302
	3427442303
	3427442304
	3427442305
	3427442306
	3427442307
	3427442308
	3427442309
	3427442310
	3427442311
	3427442312
	3427442313
	3427442314
	3427442315
	3427442316
	3427442317
	3427442318
	3427442319
	3427442320
	3427442321
	3427442322
	3427442323
	3427442324
	3427442325
	3427442326
	3427442327
	3427442328
	3427442329
	3427442330
	3427442331
	3427442332
	3427442333
	3427442334
	3427442335
	3427442336
	3427442337
	3427442338
	3427442339
	3427442340
	3427442341
	3427442342
	3427442343
	3427442344
	3427442345
	3427442346
	3427442347
	3427442348
	3427442349
	3427442350
	3427442351
	3427442352
	3427442353
	3427442354
	3427442355
	3427442356
	3427442357
	3427442358
	3427442359
	3427442360
	3427442361
	3427442362
	3427442363
	3427442364
	3427442365
	3427442366
	3427442367
	3427442368
	3427442369
	3427442370
	3427442371
	3427442372
	3427442373
	3427442374
	3427442375
	3427442376
	3427442377
	3427442378
	3427442379
	3427442380
	3427442381
	3427442382
	3427442383
	3427442384
	3427442385
	3427442386
	3427442387
	3427442388
	3427442389
	3427442390
	3427442391
	3427442392
	3427442393
	3427442394
	3427442395
	3427442396
	3427442397
	3427442398
	3427442399
	3427442400
	3427442401
	3427442402
	3427442403
	3427442404
	3427442405
	3427442406
	3427442407
	3427442408
	3427442409
	3427442410
	3427442411
	3427442412
	3427442413
	3427442414
	3427442415
	3427442416
	3427442417
	3427442418
	3427442419
	3427442420
	3427442421
	3427442422
	3427442423
	3427442424
	3427442425
	3427442426
	3427442427
	3427442428
	3427442429
	3427442430
	3427442431
	3427442432
	3427442433
	3427442434
	3427442435
	3427442436
	3427442437
	3427442438
	3427442439
	3427442440
	3427442441
	3427442442
	3427442443
	3427442444
	3427442445
	3427442446
	3427442447
	3427442448
	3427442449
	3427442450
	3427442451
	3427442452
	3427442453
	3427442454
	3427442455
	3427442456
	3427442457
	3427442458
	3427442459
	3427442460
	3427442461
	3427442462
	3427442463
	3427442464
	3427442465
	3427442466
	3427442467
	3427442468
	3427442469
	3427442470
	3427442471
	3427442472
	3427442473
	3427442474
	3427442475
	3427442476
	3427442477
	3427442478
	3427442479
	3427442480
	3427442481
	3427442482
	3427442483
	3427442484
	3427442485
	3427442486
	3427442487
	3427442488
	3427442489
	3427442490
	3427442491
	3427442492
	3427442493
	3427442494
	3427442495
	3427442496
	3427442497
	3427442498
	3427442499
	3427442500
	3427442501
	3427442502
	3427442503
	3427442504
	3427442505
	3427442506
	3427442507
	3427442508
	3427442509
	3427442510
	3427442511
	3427442512
	3427442513
	3427442514
	3427442515
	3427442516
	3427442517
	3427442518
	3427442519
	3427442520
	3427442521
	3427442522
	3427442523
	3427442524
	3427442525
	3427442526
	3427442527
	3427442528
	3427442529
	3427442530
	3427442531
	3427442532
	3427442533
	3427442534
	3427442535
	3427442536
	3427442537
	3427442538
	3427442539
	3427442540
	3427442541
	3427442542
	3427442543
	3427442544
	3427442545
	3427442546
	3427442547
	3427442548
	3427442549
	3427442550
	3427442551
	3427442552
	3427442553
	3427442554
	3427442555
	3427442556
	3427442557
	3427442558
	3427442559
	3427442560
	3427442561
	3427442562
	3427442563
	3427442564
	3427442565
	3427442566
	3427442567
	3427442568
	3427442569
	3427442570
	3427442571
	3427442572
	3427442573
	3427442574
	3427442575
	3427442576
	3427442577
	3427442578
	3427442579
	3427442580
	3427442581
	3427442582
	3427442583
	3427442584
	3427442585
	3427442586
	3427442587
	3427442588
	3427442589
	3427442590
	3427442591
	3427442592
	3427442593
	3427442594
	3427442595
	3427442596
	3427442597
	3427442598
	3427442599
	3427442600
	3427442601
	3427442602
	3427442603
	3427442604
	3427442605
	3427442606
	3427442607
	3427442608
	3427442609
	3427442610
	3427442611
	3427442612
	3427442613
	3427442614
	3427442615
	3427442616
	3427442617
	3427442618
	3427442619
	3427442620
	3427442621
	3427442622
	3427442623
	3427442624
	3427442625
	3427442626
	3427442627
	3427442628
	3427442629
	3427442630
	3427442631
	3427442632
	3427442633
	3427442634
	3427442635
	3427442636
	3427442637
	3427442638
	3427442639
	3427442640
	3427442641
	3427442642
	3427442643
	3427442644
	3427442645
	3427442646
	3427442647
	3427442648
	3427442649
	3427442650
	3427442651
	3427442652
	3427442653
	3427442654
	3427442655
	3427442656
	3427442657
	3427442658
	3427442659
	3427442660
	3427442661
	3427442662
	3427442663
	3427442664
	3427442665
	3427442666
	3427442667
	3427442668
	3427442669
	3427442670
	3427442671
	3427442672
	3427442673
	3427442674
	3427442675
	3427442676
	3427442677
	3427442678
	3427442679
	3427442680
	3427442681
	3427442682
	3427442683
	3427442684
	3427442685
	3427442686
	3427442687
	3427442688
	3427442689
	3427442690
	3427442691
	3427442692
	3427442693
	3427442694
	3427442695
	3427442696
	3427442697
	3427442698
	3427442699
	3427442700
	3427442701
	3427442702
	3427442703
	3427442704
	3427442705
	3427442706
	3427442707
	3427442708
	3427442709
	3427442710
	3427442711
	3427442712
	3427442713
	3427442714
	3427442715
	3427442716
	3427442717
	3427442718
	3427442719
	3427442720
	3427442721
	3427442722
	3427442723
	3427442724
	3427442725
	3427442726
	3427442727
	3427442728
	3427442729
	3427442730
	3427442731
	3427442732
	3427442733
	3427442734
	3427442735
	3427442736
	3427442737
	3427442738
	3427442739
	3427442740
	3427442741
	3427442742
	3427442743
	3427442744
	3427442745
	3427442746
	3427442747
	3427442748
	3427442749
	3427442750
	3427442751
	3427442752
	3427442753
	3427442754
	3427442755
	3427442756
	3427442757
	3427442758
	3427442759
	3427442760
	3427442761
	3427442762
	3427442763
	3427442764
	3427442765
	3427442766
	3427442767
	3427442768
	3427442769
	3427442770
	3427442771
	3427442772
	3427442773
	3427442774
	3427442775
	3427442776
	3427442777
	3427442778
	3427442779
	3427442780
	3427442781
	3427442782
	3427442783
	3427442784
	3427442785
	3427442786
	3427442787
	3427442788
	3427442789
	3427442790
	3427442791
	3427442792
	3427442793
	3427442794
	3427442795
	3427442796
	3427442797
	3427442798
	3427442799
	3427442800
	3427442801
	3427442802
	3427442803
	3427442804
	3427442805
	3427442806
	3427442807
	3427442808
	3427442809
	3427442810
	3427442811
	3427442812
	3427442813
	3427442814
	3427442815
	3427442816
	3427442817
	3427442818
	3427442819
	3427442820
	3427442821
	3427442822
	3427442823
	3427442824
	3427442825
	3427442826
	3427442827
	3427442828
	3427442829
	3427442830
	3427442831
	3427442832
	3427442833
	3427442834
	3427442835
	3427442836
	3427442837
	3427442838
	3427442839
	3427442840
	3427442841
	3427442842
	3427442843
	3427442844
	3427442845
	3427442846
	3427442847
	3427442848
	3427442849
	3427442850
	3427442851
	3427442852
	3427442853
	3427442854
	3427442855
	3427442856
	3427442857
	3427442858
	3427442859
	3427442860
	3427442861
	3427442862
	3427442863
	3427442864
	3427442865
	3427442866
	3427442867
	3427442868
	3427442869
	3427442870
	3427442871
	3427442872
	3427442873
	3427442874
	3427442875
	3427442876
	3427442877
	3427442878
	3427442879
	3427442880
	3427442881
	3427442882
	3427442883
	3427442884
	3427442885
	3427442886
	3427442887
	3427442888
	3427442889
	3427442890
	3427442891
	3427442892
	3427442893
	3427442894
	3427442895
	3427442896
	3427442897
	3427442898
	3427442899
	3427442900
	3427442901
	3427442902
	3427442903
	3427442904
	3427442905
	3427442906
	3427442907
	3427442908
	3427442909
	3427442910
	3427442911
	3427442912
	3427442913
	3427442914
	3427442915
	3427442916
	3427442917
	3427442918
	3427442919
	3427442920
	3427442921
	3427442922
	3427442923
	3427442924
	3427442925
	3427442926
	3427442927
	3427442928
	3427442929
	3427442930
	3427442931
	3427442932
	3427442933
	3427442934
	3427442935
	3427442936
	3427442937
	3427442938
	3427442939
	3427442940
	3427442941
	3427442942
	3427442943
	3427442944
	3427442945
	3427442946
	3427442947
	3427442948
	3427442949
	3427442950
	3427442951
	3427442952
	3427442953
	3427442954
	3427442955
	3427442956
	3427442957
	3427442958
	3427442959
	3427442960
	3427442961
	3427442962
	3427442963
	3427442964
	3427442965
	3427442966
	3427442967
	3427442968
	3427442969
	3427442970
	3427442971
	3427442972
	3427442973
	3427442974
	3427442975
	3427442976
	3427442977
	3427442978
	3427442979
	3427442980
	3427442981
	3427442982
	3427442983
	3427442984
	3427442985
	3427442986
	3427442987
	3427442988
	3427442989
	3427442990
	3427442991
	3427442992
	3427442993
	3427442994
	3427442995
	3427442996
	3427442997
	3427442998
	3427442999
	3427443000
	3427443001
	3427443002
	3427443003
	3427443004
	3427443005
	3427443006
	3427443007
	3427443008
	3427443009
	3427443010
	3427443011
	3427443012
	3427443013
	3427443014
	3427443015
	3427443016
	3427443017
	3427443018
	3427443019
	3427443020
	3427443021
	3427443022
	3427443023
	3427443024
	3427443025
	3427443026
	3427443027
	3427443028
	3427443029
	3427443030
	3427443031
	3427443032
	3427443033
	3427443034
	3427443035
	3427443036
	3427443037
	3427443038
	3427443039
	3427443040
	3427443041
	3427443042
	3427443043
	3427443044
	3427443045
	3427443046
	3427443047
	3427443048
	3427443049
	3427443050
	3427443051
	3427443052
	3427443053
	3427443054
	3427443055
	3427443056
	3427443057
	3427443058
	3427443059
	3427443060
	3427443061
	3427443062
	3427443063
	3427443064
	3427443065
	3427443066
	3427443067
	3427443068
	3427443069
	3427443070
	3427443071
	3427443072
	3427443073
	3427443074
	3427443075
	3427443076
	3427443077
	3427443078
	3427443079
	3427443080
	3427443081
	3427443082
	3427443083
	3427443084
	3427443085
	3427443086
	3427443087
	3427443088
	3427443089
	3427443090
	3427443091
	3427443092
	3427443093
	3427443094
	3427443095
	3427443096
	3427443097
	3427443098
	3427443099
	3427443100
	3427443101
	3427443102
	3427443103
	3427443104
	3427443105
	3427443106
	3427443107
	3427443108
	3427443109
	3427443110
	3427443111
	3427443112
	3427443113
	3427443114
	3427443115
	3427443116
	3427443117
	3427443118
	3427443119
	3427443120
	3427443121
	3427443122
	3427443123
	3427443124
	3427443125
	3427443126
	3427443127
	3427443128
	3427443129
	3427443130
	3427443131
	3427443132
	3427443133
	3427443134
	3427443135
	3427443136
	3427443137
	3427443138
	3427443139
	3427443140
	3427443141
	3427443142
	3427443143
	3427443144
	3427443145
	3427443146
	3427443147
	3427443148
	3427443149
	3427443150
	3427443151
	3427443152
	3427443153
	3427443154
	3427443155
	3427443156
	3427443157
	3427443158
	3427443159
	3427443160
	3427443161
	3427443162
	3427443163
	3427443164
	3427443165
	3427443166
	3427443167
	3427443168
	3427443169
	3427443170
	3427443171
	3427443172
	3427443173
	3427443174
	3427443175
	3427443176
	3427443177
	3427443178
	3427443179
	3427443180
	3427443181
	3427443182
	3427443183
	3427443184
	3427443185
	3427443186
	3427443187
	3427443188
	3427443189
	3427443190
	3427443191
	3427443192
	3427443193
	3427443194
	3427443195
	3427443196
	3427443197
	3427443198
	3427443199
	3427443200
	3427443201
	3427443202
	3427443203
	3427443204
	3427443205
	3427443206
	3427443207
	3427443208
	3427443209
	3427443210
	3427443211
	3427443212
	3427443213
	3427443214
	3427443215
	3427443216
	3427443217
	3427443218
	3427443219
	3427443220
	3427443221
	3427443222
	3427443223
	3427443224
	3427443225
	3427443226
	3427443227
	3427443228
	3427443229
	3427443230
	3427443231
	3427443232
	3427443233
	3427443234
	3427443235
	3427443236
	3427443237
	3427443238
	3427443239
	3427443240
	3427443241
	3427443242
	3427443243
	3427443244
	3427443245
	3427443246
	3427443247
	3427443248
	3427443249
	3427443250
	3427443251
	3427443252
	3427443253
	3427443254
	3427443255
	3427443256
	3427443257
	3427443258
	3427443259
	3427443260
	3427443261
	3427443262
	3427443263
	3427443264
	3427443265
	3427443266
	3427443267
	3427443268
	3427443269
	3427443270
	3427443271
	3427443272
	3427443273
	3427443274
	3427443275
	3427443276
	3427443277
	3427443278
	3427443279
	3427443280
	3427443281
	3427443282
	3427443283
	3427443284
	3427443285
	3427443286
	3427443287
	3427443288
	3427443289
	3427443290
	3427443291
	3427443292
	3427443293
	3427443294
	3427443295
	3427443296
	3427443297
	3427443298
	3427443299
	3427443300
	3427443301
	3427443302
	3427443303
	3427443304
	3427443305
	3427443306
	3427443307
	3427443308
	3427443309
	3427443310
	3427443311
	3427443312
	3427443313
	3427443314
	3427443315
	3427443316
	3427443317
	3427443318
	3427443319
	3427443320
	3427443321
	3427443322
	3427443323
	3427443324
	3427443325
	3427443326
	3427443327
	3427443328
	3427443329
	3427443330
	3427443331
	3427443332
	3427443333
	3427443334
	3427443335
	3427443336
	3427443337
	3427443338
	3427443339
	3427443340
	3427443341
	3427443342
	3427443343
	3427443344
	3427443345
	3427443346
	3427443347
	3427443348
	3427443349
	3427443350
	3427443351
	3427443352
	3427443353
	3427443354
	3427443355
	3427443356
	3427443357
	3427443358
	3427443359
	3427443360
	3427443361
	3427443362
	3427443363
	3427443364
	3427443365
	3427443366
	3427443367
	3427443368
	3427443369
	3427443370
	3427443371
	3427443372
	3427443373
	3427443374
	3427443375
	3427443376
	3427443377
	3427443378
	3427443379
	3427443380
	3427443381
	3427443382
	3427443383
	3427443384
	3427443385
	3427443386
	3427443387
	3427443388
	3427443389
	3427443390
	3427443391
	3427443392
	3427443393
	3427443394
	3427443395
	3427443396
	3427443397
	3427443398
	3427443399
	3427443400
	3427443401
	3427443402
	3427443403
	3427443404
	3427443405
	3427443406
	3427443407
	3427443408
	3427443409
	3427443410
	3427443411
	3427443412
	3427443413
	3427443414
	3427443415
	3427443416
	3427443417
	3427443418
	3427443419
	3427443420
	3427443421
	3427443422
	3427443423
	3427443424
	3427443425
	3427443426
	3427443427
	3427443428
	3427443429
	3427443430
	3427443431
	3427443432
	3427443433
	3427443434
	3427443435
	3427443436
	3427443437
	3427443438
	3427443439
	3427443440
	3427443441
	3427443442
	3427443443
	3427443444
	3427443445
	3427443446
	3427443447
	3427443448
	3427443449
	3427443450
	3427443451
	3427443452
	3427443453
	3427443454
	3427443455
	3427443456
	3427443457
	3427443458
	3427443459
	3427443460
	3427443461
	3427443462
	3427443463
	3427443464
	3427443465
	3427443466
	3427443467
	3427443468
	3427443469
	3427443470
	3427443471
	3427443472
	3427443473
	3427443474
	3427443475
	3427443476
	3427443477
	3427443478
	3427443479
	3427443480
	3427443481
	3427443482
	3427443483
	3427443484
	3427443485
	3427443486
	3427443487
	3427443488
	3427443489
	3427443490
	3427443491
	3427443492
	3427443493
	3427443494
	3427443495
	3427443496
	3427443497
	3427443498
	3427443499
	3427443500
	3427443501
	3427443502
	3427443503
	3427443504
	3427443505
	3427443506
	3427443507
	3427443508
	3427443509
	3427443510
	3427443511
	3427443512
	3427443513
	3427443514
	3427443515
	3427443516
	3427443517
	3427443518
	3427443519
	3427443520
	3427443521
	3427443522
	3427443523
	3427443524
	3427443525
	3427443526
	3427443527
	3427443528
	3427443529
	3427443530
	3427443531
	3427443532
	3427443533
	3427443534
	3427443535
	3427443536
	3427443537
	3427443538
	3427443539
	3427443540
	3427443541
	3427443542
	3427443543
	3427443544
	3427443545
	3427443546
	3427443547
	3427443548
	3427443549
	3427443550
	3427443551
	3427443552
	3427443553
	3427443554
	3427443555
	3427443556
	3427443557
	3427443558
	3427443559
	3427443560
	3427443561
	3427443562
	3427443563
	3427443564
	3427443565
	3427443566
	3427443567
	3427443568
	3427443569
	3427443570
	3427443571
	3427443572
	3427443573
	3427443574
	3427443575
	3427443576
	3427443577
	3427443578
	3427443579
	3427443580
	3427443581
	3427443582
	3427443583
	3427443584
	3427443585
	3427443586
	3427443587
	3427443588
	3427443589
	3427443590
	3427443591
	3427443592
	3427443593
	3427443594
	3427443595
	3427443596
	3427443597
	3427443598
	3427443599
	3427443600
	3427443601
	3427443602
	3427443603
	3427443604
	3427443605
	3427443606
	3427443607
	3427443608
	3427443609
	3427443610
	3427443611
	3427443612
	3427443613
	3427443614
	3427443615
	3427443616
	3427443617
	3427443618
	3427443619
	3427443620
	3427443621
	3427443622
	3427443623
	3427443624
	3427443625
	3427443626
	3427443627
	3427443628
	3427443629
	3427443630
	3427443631
	3427443632
	3427443633
	3427443634
	3427443635
	3427443636
	3427443637
	3427443638
	3427443639
	3427443640
	3427443641
	3427443642
	3427443643
	3427443644
	3427443645
	3427443646
	3427443647
	3427443648
	3427443649
	3427443650
	3427443651
	3427443652
	3427443653
	3427443654
	3427443655
	3427443656
	3427443657
	3427443658
	3427443659
	3427443660
	3427443661
	3427443662
	3427443663
	3427443664
	3427443665
	3427443666
	3427443667
	3427443668
	3427443669
	3427443670
	3427443671
	3427443672
	3427443673
	3427443674
	3427443675
	3427443676
	3427443677
	3427443678
	3427443679
	3427443680
	3427443681
	3427443682
	3427443683
	3427443684
	3427443685
	3427443686
	3427443687
	3427443688
	3427443689
	3427443690
	3427443691
	3427443692
	3427443693
	3427443694
	3427443695
	3427443696
	3427443697
	3427443698
	3427443699
	3427443700
	3427443701
	3427443702
	3427443703
	3427443704
	3427443705
	3427443706
	3427443707
	3427443708
	3427443709
	3427443710
	3427443711
	3427443712
	3427443713
	3427443714
	3427443715
	3427443716
	3427443717
	3427443718
	3427443719
	3427443720
	3427443721
	3427443722
	3427443723
	3427443724
	3427443725
	3427443726
	3427443727
	3427443728
	3427443729
	3427443730
	3427443731
	3427443732
	3427443733
	3427443734
	3427443735
	3427443736
	3427443737
	3427443738
	3427443739
	3427443740
	3427443741
	3427443742
	3427443743
	3427443744
	3427443745
	3427443746
	3427443747
	3427443748
	3427443749
	3427443750
	3427443751
	3427443752
	3427443753
	3427443754
	3427443755
	3427443756
	3427443757
	3427443758
	3427443759
	3427443760
	3427443761
	3427443762
	3427443763
	3427443764
	3427443765
	3427443766
	3427443767
	3427443768
	3427443769
	3427443770
	3427443771
	3427443772
	3427443773
	3427443774
	3427443775
	3427443776
	3427443777
	3427443778
	3427443779
	3427443780
	3427443781
	3427443782
	3427443783
	3427443784
	3427443785
	3427443786
	3427443787
	3427443788
	3427443789
	3427443790
	3427443791
	3427443792
	3427443793
	3427443794
	3427443795
	3427443796
	3427443797
	3427443798
	3427443799
	3427443800
	3427443801
	3427443802
	3427443803
	3427443804
	3427443805
	3427443806
	3427443807
	3427443808
	3427443809
	3427443810
	3427443811
	3427443812
	3427443813
	3427443814
	3427443815
	3427443816
	3427443817
	3427443818
	3427443819
	3427443820
	3427443821
	3427443822
	3427443823
	3427443824
	3427443825
	3427443826
	3427443827
	3427443828
	3427443829
	3427443830
	3427443831
	3427443832
	3427443833
	3427443834
	3427443835
	3427443836
	3427443837
	3427443838
	3427443839
	3427443840
	3427443841
	3427443842
	3427443843
	3427443844
	3427443845
	3427443846
	3427443847
	3427443848
	3427443849
	3427443850
	3427443851
	3427443852
	3427443853
	3427443854
	3427443855
	3427443856
	3427443857
	3427443858
	3427443859
	3427443860
	3427443861
	3427443862
	3427443863
	3427443864
	3427443865
	3427443866
	3427443867
	3427443868
	3427443869
	3427443870
	3427443871
	3427443872
	3427443873
	3427443874
	3427443875
	3427443876
	3427443877
	3427443878
	3427443879
	3427443880
	3427443881
	3427443882
	3427443883
	3427443884
	3427443885
	3427443886
	3427443887
	3427443888
	3427443889
	3427443890
	3427443891
	3427443892
	3427443893
	3427443894
	3427443895
	3427443896
	3427443897
	3427443898
	3427443899
	3427443900
	3427443901
	3427443902
	3427443903
	3427443904
	3427443905
	3427443906
	3427443907
	3427443908
	3427443909
	3427443910
	3427443911
	3427443912
	3427443913
	3427443914
	3427443915
	3427443916
	3427443917
	3427443918
	3427443919
	3427443920
	3427443921
	3427443922
	3427443923
	3427443924
	3427443925
	3427443926
	3427443927
	3427443928
	3427443929
	3427443930
	3427443931
	3427443932
	3427443933
	3427443934
	3427443935
	3427443936
	3427443937
	3427443938
	3427443939
	3427443940
	3427443941
	3427443942
	3427443943
	3427443944
	3427443945
	3427443946
	3427443947
	3427443948
	3427443949
	3427443950
	3427443951
	3427443952
	3427443953
	3427443954
	3427443955
	3427443956
	3427443957
	3427443958
	3427443959
	3427443960
	3427443961
	3427443962
	3427443963
	3427443964
	3427443965
	3427443966
	3427443967
	3427443968
	3427443969
	3427443970
	3427443971
	3427443972
	3427443973
	3427443974
	3427443975
	3427443976
	3427443977
	3427443978
	3427443979
	3427443980
	3427443981
	3427443982
	3427443983
	3427443984
	3427443985
	3427443986
	3427443987
	3427443988
	3427443989
	3427443990
	3427443991
	3427443992
	3427443993
	3427443994
	3427443995
	3427443996
	3427443997
	3427443998
	3427443999
	3427444000
	3427444001
	3427444002
	3427444003
	3427444004
	3427444005
	3427444006
	3427444007
	3427444008
	3427444009
	3427444010
	3427444011
	3427444012
	3427444013
	3427444014
	3427444015
	3427444016
	3427444017
	3427444018
	3427444019
	3427444020
	3427444021
	3427444022
	3427444023
	3427444024
	3427444025
	3427444026
	3427444027
	3427444028
	3427444029
	3427444030
	3427444031
	3427444032
	3427444033
	3427444034
	3427444035
	3427444036
	3427444037
	3427444038
	3427444039
	3427444040
	3427444041
	3427444042
	3427444043
	3427444044
	3427444045
	3427444046
	3427444047
	3427444048
	3427444049
	3427444050
	3427444051
	3427444052
	3427444053
	3427444054
	3427444055
	3427444056
	3427444057
	3427444058
	3427444059
	3427444060
	3427444061
	3427444062
	3427444063
	3427444064
	3427444065
	3427444066
	3427444067
	3427444068
	3427444069
	3427444070
	3427444071
	3427444072
	3427444073
	3427444074
	3427444075
	3427444076
	3427444077
	3427444078
	3427444079
	3427444080
	3427444081
	3427444082
	3427444083
	3427444084
	3427444085
	3427444086
	3427444087
	3427444088
	3427444089
	3427444090
	3427444091
	3427444092
	3427444093
	3427444094
	3427444095
	3427444096
	3427444097
	3427444098
	3427444099
	3427444100
	3427444101
	3427444102
	3427444103
	3427444104
	3427444105
	3427444106
	3427444107
	3427444108
	3427444109
	3427444110
	3427444111
	3427444112
	3427444113
	3427444114
	3427444115
	3427444116
	3427444117
	3427444118
	3427444119
	3427444120
	3427444121
	3427444122
	3427444123
	3427444124
	3427444125
	3427444126
	3427444127
	3427444128
	3427444129
	3427444130
	3427444131
	3427444132
	3427444133
	3427444134
	3427444135
	3427444136
	3427444137
	3427444138
	3427444139
	3427444140
	3427444141
	3427444142
	3427444143
	3427444144
	3427444145
	3427444146
	3427444147
	3427444148
	3427444149
	3427444150
	3427444151
	3427444152
	3427444153
	3427444154
	3427444155
	3427444156
	3427444157
	3427444158
	3427444159
	3427444160
	3427444161
	3427444162
	3427444163
	3427444164
	3427444165
	3427444166
	3427444167
	3427444168
	3427444169
	3427444170
	3427444171
	3427444172
	3427444173
	3427444174
	3427444175
	3427444176
	3427444177
	3427444178
	3427444179
	3427444180
	3427444181
	3427444182
	3427444183
	3427444184
	3427444185
	3427444186
	3427444187
	3427444188
	3427444189
	3427444190
	3427444191
	3427444192
	3427444193
	3427444194
	3427444195
	3427444196
	3427444197
	3427444198
	3427444199
	3427444200
	3427444201
	3427444202
	3427444203
	3427444204
	3427444205
	3427444206
	3427444207
	3427444208
	3427444209
	3427444210
	3427444211
	3427444212
	3427444213
	3427444214
	3427444215
	3427444216
	3427444217
	3427444218
	3427444219
	3427444220
	3427444221
	3427444222
	3427444223
	3427444224
	3427444225
	3427444226
	3427444227
	3427444228
	3427444229
	3427444230
	3427444231
	3427444232
	3427444233
	3427444234
	3427444235
	3427444236
	3427444237
	3427444238
	3427444239
	3427444240
	3427444241
	3427444242
	3427444243
	3427444244
	3427444245
	3427444246
	3427444247
	3427444248
	3427444249
	3427444250
	3427444251
	3427444252
	3427444253
	3427444254
	3427444255
	3427444256
	3427444257
	3427444258
	3427444259
	3427444260
	3427444261
	3427444262
	3427444263
	3427444264
	3427444265
	3427444266
	3427444267
	3427444268
	3427444269
	3427444270
	3427444271
	3427444272
	3427444273
	3427444274
	3427444275
	3427444276
	3427444277
	3427444278
	3427444279
	3427444280
	3427444281
	3427444282
	3427444283
	3427444284
	3427444285
	3427444286
	3427444287
	3427444288
	3427444289
	3427444290
	3427444291
	3427444292
	3427444293
	3427444294
	3427444295
	3427444296
	3427444297
	3427444298
	3427444299
	3427444300
	3427444301
	3427444302
	3427444303
	3427444304
	3427444305
	3427444306
	3427444307
	3427444308
	3427444309
	3427444310
	3427444311
	3427444312
	3427444313
	3427444314
	3427444315
	3427444316
	3427444317
	3427444318
	3427444319
	3427444320
	3427444321
	3427444322
	3427444323
	3427444324
	3427444325
	3427444326
	3427444327
	3427444328
	3427444329
	3427444330
	3427444331
	3427444332
	3427444333
	3427444334
	3427444335
	3427444336
	3427444337
	3427444338
	3427444339
	3427444340
	3427444341
	3427444342
	3427444343
	3427444344
	3427444345
	3427444346
	3427444347
	3427444348
	3427444349
	3427444350
	3427444351
	3427444352
	3427444353
	3427444354
	3427444355
	3427444356
	3427444357
	3427444358
	3427444359
	3427444360
	3427444361
	3427444362
	3427444363
	3427444364
	3427444365
	3427444366
	3427444367
	3427444368
	3427444369
	3427444370
	3427444371
	3427444372
	3427444373
	3427444374
	3427444375
	3427444376
	3427444377
	3427444378
	3427444379
	3427444380
	3427444381
	3427444382
	3427444383
	3427444384
	3427444385
	3427444386
	3427444387
	3427444388
	3427444389
	3427444390
	3427444391
	3427444392
	3427444393
	3427444394
	3427444395
	3427444396
	3427444397
	3427444398
	3427444399
	3427444400
	3427444401
	3427444402
	3427444403
	3427444404
	3427444405
	3427444406
	3427444407
	3427444408
	3427444409
	3427444410
	3427444411
	3427444412
	3427444413
	3427444414
	3427444415
	3427444416
	3427444417
	3427444418
	3427444419
	3427444420
	3427444421
	3427444422
	3427444423
	3427444424
	3427444425
	3427444426
	3427444427
	3427444428
	3427444429
	3427444430
	3427444431
	3427444432
	3427444433
	3427444434
	3427444435
	3427444436
	3427444437
	3427444438
	3427444439
	3427444440
	3427444441
	3427444442
	3427444443
	3427444444
	3427444445
	3427444446
	3427444447
	3427444448
	3427444449
	3427444450
	3427444451
	3427444452
	3427444453
	3427444454
	3427444455
	3427444456
	3427444457
	3427444458
	3427444459
	3427444460
	3427444461
	3427444462
	3427444463
	3427444464
	3427444465
	3427444466
	3427444467
	3427444468
	3427444469
	3427444470
	3427444471
	3427444472
	3427444473
	3427444474
	3427444475
	3427444476
	3427444477
	3427444478
	3427444479
	3427444480
	3427444481
	3427444482
	3427444483
	3427444484
	3427444485
	3427444486
	3427444487
	3427444488
	3427444489
	3427444490
	3427444491
	3427444492
	3427444493
	3427444494
	3427444495
	3427444496
	3427444497
	3427444498
	3427444499
	3427444500
	3427444501
	3427444502
	3427444503
	3427444504
	3427444505
	3427444506
	3427444507
	3427444508
	3427444509
	3427444510
	3427444511
	3427444512
	3427444513
	3427444514
	3427444515
	3427444516
	3427444517
	3427444518
	3427444519
	3427444520
	3427444521
	3427444522
	3427444523
	3427444524
	3427444525
	3427444526
	3427444527
	3427444528
	3427444529
	3427444530
	3427444531
	3427444532
	3427444533
	3427444534
	3427444535
	3427444536
	3427444537
	3427444538
	3427444539
	3427444540
	3427444541
	3427444542
	3427444543
	3427444544
	3427444545
	3427444546
	3427444547
	3427444548
	3427444549
	3427444550
	3427444551
	3427444552
	3427444553
	3427444554
	3427444555
	3427444556
	3427444557
	3427444558
	3427444559
	3427444560
	3427444561
	3427444562
	3427444563
	3427444564
	3427444565
	3427444566
	3427444567
	3427444568
	3427444569
	3427444570
	3427444571
	3427444572
	3427444573
	3427444574
	3427444575
	3427444576
	3427444577
	3427444578
	3427444579
	3427444580
	3427444581
	3427444582
	3427444583
	3427444584
	3427444585
	3427444586
	3427444587
	3427444588
	3427444589
	3427444590
	3427444591
	3427444592
	3427444593
	3427444594
	3427444595
	3427444596
	3427444597
	3427444598
	3427444599
	3427444600
	3427444601
	3427444602
	3427444603
	3427444604
	3427444605
	3427444606
	3427444607
	3427444608
	3427444609
	3427444610
	3427444611
	3427444612
	3427444613
	3427444614
	3427444615
	3427444616
	3427444617
	3427444618
	3427444619
	3427444620
	3427444621
	3427444622
	3427444623
	3427444624
	3427444625
	3427444626
	3427444627
	3427444628
	3427444629
	3427444630
	3427444631
	3427444632
	3427444633
	3427444634
	3427444635
	3427444636
	3427444637
	3427444638
	3427444639
	3427444640
	3427444641
	3427444642
	3427444643
	3427444644
	3427444645
	3427444646
	3427444647
	3427444648
	3427444649
	3427444650
	3427444651
	3427444652
	3427444653
	3427444654
	3427444655
	3427444656
	3427444657
	3427444658
	3427444659
	3427444660
	3427444661
	3427444662
	3427444663
	3427444664
	3427444665
	3427444666
	3427444667
	3427444668
	3427444669
	3427444670
	3427444671
	3427444672
	3427444673
	3427444674
	3427444675
	3427444676
	3427444677
	3427444678
	3427444679
	3427444680
	3427444681
	3427444682
	3427444683
	3427444684
	3427444685
	3427444686
	3427444687
	3427444688
	3427444689
	3427444690
	3427444691
	3427444692
	3427444693
	3427444694
	3427444695
	3427444696
	3427444697
	3427444698
	3427444699
	3427444700
	3427444701
	3427444702
	3427444703
	3427444704
	3427444705
	3427444706
	3427444707
	3427444708
	3427444709
	3427444710
	3427444711
	3427444712
	3427444713
	3427444714
	3427444715
	3427444716
	3427444717
	3427444718
	3427444719
	3427444720
	3427444721
	3427444722
	3427444723
	3427444724
	3427444725
	3427444726
	3427444727
	3427444728
	3427444729
	3427444730
	3427444731
	3427444732
	3427444733
	3427444734
	3427444735
	3427444736
	3427444737
	3427444738
	3427444739
	3427444740
	3427444741
	3427444742
	3427444743
	3427444744
	3427444745
	3427444746
	3427444747
	3427444748
	3427444749
	3427444750
	3427444751
	3427444752
	3427444753
	3427444754
	3427444755
	3427444756
	3427444757
	3427444758
	3427444759
	3427444760
	3427444761
	3427444762
	3427444763
	3427444764
	3427444765
	3427444766
	3427444767
	3427444768
	3427444769
	3427444770
	3427444771
	3427444772
	3427444773
	3427444774
	3427444775
	3427444776
	3427444777
	3427444778
	3427444779
	3427444780
	3427444781
	3427444782
	3427444783
	3427444784
	3427444785
	3427444786
	3427444787
	3427444788
	3427444789
	3427444790
	3427444791
	3427444792
	3427444793
	3427444794
	3427444795
	3427444796
	3427444797
	3427444798
	3427444799
	3427444800
	3427444801
	3427444802
	3427444803
	3427444804
	3427444805
	3427444806
	3427444807
	3427444808
	3427444809
	3427444810
	3427444811
	3427444812
	3427444813
	3427444814
	3427444815
	3427444816
	3427444817
	3427444818
	3427444819
	3427444820
	3427444821
	3427444822
	3427444823
	3427444824
	3427444825
	3427444826
	3427444827
	3427444828
	3427444829
	3427444830
	3427444831
	3427444832
	3427444833
	3427444834
	3427444835
	3427444836
	3427444837
	3427444838
	3427444839
	3427444840
	3427444841
	3427444842
	3427444843
	3427444844
	3427444845
	3427444846
	3427444847
	3427444848
	3427444849
	3427444850
	3427444851
	3427444852
	3427444853
	3427444854
	3427444855
	3427444856
	3427444857
	3427444858
	3427444859
	3427444860
	3427444861
	3427444862
	3427444863
	3427444864
	3427444865
	3427444866
	3427444867
	3427444868
	3427444869
	3427444870
	3427444871
	3427444872
	3427444873
	3427444874
	3427444875
	3427444876
	3427444877
	3427444878
	3427444879
	3427444880
	3427444881
	3427444882
	3427444883
	3427444884
	3427444885
	3427444886
	3427444887
	3427444888
	3427444889
	3427444890
	3427444891
	3427444892
	3427444893
	3427444894
	3427444895
	3427444896
	3427444897
	3427444898
	3427444899
	3427444900
	3427444901
	3427444902
	3427444903
	3427444904
	3427444905
	3427444906
	3427444907
	3427444908
	3427444909
	3427444910
	3427444911
	3427444912
	3427444913
	3427444914
	3427444915
	3427444916
	3427444917
	3427444918
	3427444919
	3427444920
	3427444921
	3427444922
	3427444923
	3427444924
	3427444925
	3427444926
	3427444927
	3427444928
	3427444929
	3427444930
	3427444931
	3427444932
	3427444933
	3427444934
	3427444935
	3427444936
	3427444937
	3427444938
	3427444939
	3427444940
	3427444941
	3427444942
	3427444943
	3427444944
	3427444945
	3427444946
	3427444947
	3427444948
	3427444949
	3427444950
	3427444951
	3427444952
	3427444953
	3427444954
	3427444955
	3427444956
	3427444957
	3427444958
	3427444959
	3427444960
	3427444961
	3427444962
	3427444963
	3427444964
	3427444965
	3427444966
	3427444967
	3427444968
	3427444969
	3427444970
	3427444971
	3427444972
	3427444973
	3427444974
	3427444975
	3427444976
	3427444977
	3427444978
	3427444979
	3427444980
	3427444981
	3427444982
	3427444983
	3427444984
	3427444985
	3427444986
	3427444987
	3427444988
	3427444989
	3427444990
	3427444991
	3427444992
	3427444993
	3427444994
	3427444995
	3427444996
	3427444997
	3427444998
	3427444999
	3427445000
	3427445001
	3427445002
	3427445003
	3427445004
	3427445005
	3427445006
	3427445007
	3427445008
	3427445009
	3427445010
	3427445011
	3427445012
	3427445013
	3427445014
	3427445015
	3427445016
	3427445017
	3427445018
	3427445019
	3427445020
	3427445021
	3427445022
	3427445023
	3427445024
	3427445025
	3427445026
	3427445027
	3427445028
	3427445029
	3427445030
	3427445031
	3427445032
	3427445033
	3427445034
	3427445035
	3427445036
	3427445037
	3427445038
	3427445039
	3427445040
	3427445041
	3427445042
	3427445043
	3427445044
	3427445045
	3427445046
	3427445047
	3427445048
	3427445049
	3427445050
	3427445051
	3427445052
	3427445053
	3427445054
	3427445055
	3427445056
	3427445057
	3427445058
	3427445059
	3427445060
	3427445061
	3427445062
	3427445063
	3427445064
	3427445065
	3427445066
	3427445067
	3427445068
	3427445069
	3427445070
	3427445071
	3427445072
	3427445073
	3427445074
	3427445075
	3427445076
	3427445077
	3427445078
	3427445079
	3427445080
	3427445081
	3427445082
	3427445083
	3427445084
	3427445085
	3427445086
	3427445087
	3427445088
	3427445089
	3427445090
	3427445091
	3427445092
	3427445093
	3427445094
	3427445095
	3427445096
	3427445097
	3427445098
	3427445099
	3427445100
	3427445101
	3427445102
	3427445103
	3427445104
	3427445105
	3427445106
	3427445107
	3427445108
	3427445109
	3427445110
	3427445111
	3427445112
	3427445113
	3427445114
	3427445115
	3427445116
	3427445117
	3427445118
	3427445119
	3427445120
	3427445121
	3427445122
	3427445123
	3427445124
	3427445125
	3427445126
	3427445127
	3427445128
	3427445129
	3427445130
	3427445131
	3427445132
	3427445133
	3427445134
	3427445135
	3427445136
	3427445137
	3427445138
	3427445139
	3427445140
	3427445141
	3427445142
	3427445143
	3427445144
	3427445145
	3427445146
	3427445147
	3427445148
	3427445149
	3427445150
	3427445151
	3427445152
	3427445153
	3427445154
	3427445155
	3427445156
	3427445157
	3427445158
	3427445159
	3427445160
	3427445161
	3427445162
	3427445163
	3427445164
	3427445165
	3427445166
	3427445167
	3427445168
	3427445169
	3427445170
	3427445171
	3427445172
	3427445173
	3427445174
	3427445175
	3427445176
	3427445177
	3427445178
	3427445179
	3427445180
	3427445181
	3427445182
	3427445183
	3427445184
	3427445185
	3427445186
	3427445187
	3427445188
	3427445189
	3427445190
	3427445191
	3427445192
	3427445193
	3427445194
	3427445195
	3427445196
	3427445197
	3427445198
	3427445199
	3427445200
	3427445201
	3427445202
	3427445203
	3427445204
	3427445205
	3427445206
	3427445207
	3427445208
	3427445209
	3427445210
	3427445211
	3427445212
	3427445213
	3427445214
	3427445215
	3427445216
	3427445217
	3427445218
	3427445219
	3427445220
	3427445221
	3427445222
	3427445223
	3427445224
	3427445225
	3427445226
	3427445227
	3427445228
	3427445229
	3427445230
	3427445231
	3427445232
	3427445233
	3427445234
	3427445235
	3427445236
	3427445237
	3427445238
	3427445239
	3427445240
	3427445241
	3427445242
	3427445243
	3427445244
	3427445245
	3427445246
	3427445247
	3427445248
	3427445249
	3427445250
	3427445251
	3427445252
	3427445253
	3427445254
	3427445255
	3427445256
	3427445257
	3427445258
	3427445259
	3427445260
	3427445261
	3427445262
	3427445263
	3427445264
	3427445265
	3427445266
	3427445267
	3427445268
	3427445269
	3427445270
	3427445271
	3427445272
	3427445273
	3427445274
	3427445275
	3427445276
	3427445277
	3427445278
	3427445279
	3427445280
	3427445281
	3427445282
	3427445283
	3427445284
	3427445285
	3427445286
	3427445287
	3427445288
	3427445289
	3427445290
	3427445291
	3427445292
	3427445293
	3427445294
	3427445295
	3427445296
	3427445297
	3427445298
	3427445299
	3427445300
	3427445301
	3427445302
	3427445303
	3427445304
	3427445305
	3427445306
	3427445307
	3427445308
	3427445309
	3427445310
	3427445311
	3427445312
	3427445313
	3427445314
	3427445315
	3427445316
	3427445317
	3427445318
	3427445319
	3427445320
	3427445321
	3427445322
	3427445323
	3427445324
	3427445325
	3427445326
	3427445327
	3427445328
	3427445329
	3427445330
	3427445331
	3427445332
	3427445333
	3427445334
	3427445335
	3427445336
	3427445337
	3427445338
	3427445339
	3427445340
	3427445341
	3427445342
	3427445343
	3427445344
	3427445345
	3427445346
	3427445347
	3427445348
	3427445349
	3427445350
	3427445351
	3427445352
	3427445353
	3427445354
	3427445355
	3427445356
	3427445357
	3427445358
	3427445359
	3427445360
	3427445361
	3427445362
	3427445363
	3427445364
	3427445365
	3427445366
	3427445367
	3427445368
	3427445369
	3427445370
	3427445371
	3427445372
	3427445373
	3427445374
	3427445375
	3427445376
	3427445377
	3427445378
	3427445379
	3427445380
	3427445381
	3427445382
	3427445383
	3427445384
	3427445385
	3427445386
	3427445387
	3427445388
