	3426677979
	3426677980
	3426677981
	3426677982
	3426677983
	3426677984
	3426677985
	3426677986
	3426677987
	3426677988
	3426677989
	3426677990
	3426677991
	3426677992
	3426677993
	3426677994
	3426677995
	3426677996
	3426677997
	3426677998
	3426677999
	3426678000
	3426678001
	3426678002
	3426678003
	3426678004
	3426678005
	3426678006
	3426678007
	3426678008
	3426678009
	3426678010
	3426678011
	3426678012
	3426678013
	3426678014
	3426678015
	3426678016
	3426678017
	3426678018
	3426678019
	3426678020
	3426678021
	3426678022
	3426678023
	3426678024
	3426678025
	3426678026
	3426678027
	3426678028
	3426678029
	3426678030
	3426678031
	3426678032
	3426678033
	3426678034
	3426678035
	3426678036
	3426678037
	3426678038
	3426678039
	3426678040
	3426678041
	3426678042
	3426678043
	3426678044
	3426678045
	3426678046
	3426678047
	3426678048
	3426678049
	3426678050
	3426678051
	3426678052
	3426678053
	3426678054
	3426678055
	3426678056
	3426678057
	3426678058
	3426678059
	3426678060
	3426678061
	3426678062
	3426678063
	3426678064
	3426678065
	3426678066
	3426678067
	3426678068
	3426678069
	3426678070
	3426678071
	3426678072
	3426678073
	3426678074
	3426678075
	3426678076
	3426678077
	3426678078
	3426678079
	3426678080
	3426678081
	3426678082
	3426678083
	3426678084
	3426678085
	3426678086
	3426678087
	3426678088
	3426678089
	3426678090
	3426678091
	3426678092
	3426678093
	3426678094
	3426678095
	3426678096
	3426678097
	3426678098
	3426678099
	3426678100
	3426678101
	3426678102
	3426678103
	3426678104
	3426678105
	3426678106
	3426678107
	3426678108
	3426678109
	3426678110
	3426678111
	3426678112
	3426678113
	3426678114
	3426678115
	3426678116
	3426678117
	3426678118
	3426678119
	3426678120
	3426678121
	3426678122
	3426678123
	3426678124
	3426678125
	3426678126
	3426678127
	3426678128
	3426678129
	3426678130
	3426678131
	3426678132
	3426678133
	3426678134
	3426678135
	3426678136
	3426678137
	3426678138
	3426678139
	3426678140
	3426678141
	3426678142
	3426678143
	3426678144
	3426678145
	3426678146
	3426678147
	3426678148
	3426678149
	3426678150
	3426678151
	3426678152
	3426678153
	3426678154
	3426678155
	3426678156
	3426678157
	3426678158
	3426678159
	3426678160
	3426678161
	3426678162
	3426678163
	3426678164
	3426678165
	3426678166
	3426678167
	3426678168
	3426678169
	3426678170
	3426678171
	3426678172
	3426678173
	3426678174
	3426678175
	3426678176
	3426678177
	3426678178
	3426678179
	3426678180
	3426678181
	3426678182
	3426678183
	3426678184
	3426678185
	3426678186
	3426678187
	3426678188
	3426678189
	3426678190
	3426678191
	3426678192
	3426678193
	3426678194
	3426678195
	3426678196
	3426678197
	3426678198
	3426678199
	3426678200
	3426678201
	3426678202
	3426678203
	3426678204
	3426678205
	3426678206
	3426678207
	3426678208
	3426678209
	3426678210
	3426678211
	3426678212
	3426678213
	3426678214
	3426678215
	3426678216
	3426678217
	3426678218
	3426678219
	3426678220
	3426678221
	3426678222
	3426678223
	3426678224
	3426678225
	3426678226
	3426678227
	3426678228
	3426678229
	3426678230
	3426678231
	3426678232
	3426678233
	3426678234
	3426678235
	3426678236
	3426678237
	3426678238
	3426678239
	3426678240
	3426678241
	3426678242
	3426678243
	3426678244
	3426678245
	3426678246
	3426678247
	3426678248
	3426678249
	3426678250
	3426678251
	3426678252
	3426678253
	3426678254
	3426678255
	3426678256
	3426678257
	3426678258
	3426678259
	3426678260
	3426678261
	3426678262
	3426678263
	3426678264
	3426678265
	3426678266
	3426678267
	3426678268
	3426678269
	3426678270
	3426678271
	3426678272
	3426678273
	3426678274
	3426678275
	3426678276
	3426678277
	3426678278
	3426678279
	3426678280
	3426678281
	3426678282
	3426678283
	3426678284
	3426678285
	3426678286
	3426678287
	3426678288
	3426678289
	3426678290
	3426678291
	3426678292
	3426678293
	3426678294
	3426678295
	3426678296
	3426678297
	3426678298
	3426678299
	3426678300
	3426678301
	3426678302
	3426678303
	3426678304
	3426678305
	3426678306
	3426678307
	3426678308
	3426678309
	3426678310
	3426678311
	3426678312
	3426678313
	3426678314
	3426678315
	3426678316
	3426678317
	3426678318
	3426678319
	3426678320
	3426678321
	3426678322
	3426678323
	3426678324
	3426678325
	3426678326
	3426678327
	3426678328
	3426678329
	3426678330
	3426678331
	3426678332
	3426678333
	3426678334
	3426678335
	3426678336
	3426678337
	3426678338
	3426678339
	3426678340
	3426678341
	3426678342
	3426678343
	3426678344
	3426678345
	3426678346
	3426678347
	3426678348
	3426678349
	3426678350
	3426678351
	3426678352
	3426678353
	3426678354
	3426678355
	3426678356
	3426678357
	3426678358
	3426678359
	3426678360
	3426678361
	3426678362
	3426678363
	3426678364
	3426678365
	3426678366
	3426678367
	3426678368
	3426678369
	3426678370
	3426678371
	3426678372
	3426678373
	3426678374
	3426678375
	3426678376
	3426678377
	3426678378
	3426678379
	3426678380
	3426678381
	3426678382
	3426678383
	3426678384
	3426678385
	3426678386
	3426678387
	3426678388
	3426678389
	3426678390
	3426678391
	3426678392
	3426678393
	3426678394
	3426678395
	3426678396
	3426678397
	3426678398
	3426678399
	3426678400
	3426678401
	3426678402
	3426678403
	3426678404
	3426678405
	3426678406
	3426678407
	3426678408
	3426678409
	3426678410
	3426678411
	3426678412
	3426678413
	3426678414
	3426678415
	3426678416
	3426678417
	3426678418
	3426678419
	3426678420
	3426678421
	3426678422
	3426678423
	3426678424
	3426678425
	3426678426
	3426678427
	3426678428
	3426678429
	3426678430
	3426678431
	3426678432
	3426678433
	3426678434
	3426678435
	3426678436
	3426678437
	3426678438
	3426678439
	3426678440
	3426678441
	3426678442
	3426678443
	3426678444
	3426678445
	3426678446
	3426678447
	3426678448
	3426678449
	3426678450
	3426678451
	3426678452
	3426678453
	3426678454
	3426678455
	3426678456
	3426678457
	3426678458
	3426678459
	3426678460
	3426678461
	3426678462
	3426678463
	3426678464
	3426678465
	3426678466
	3426678467
	3426678468
	3426678469
	3426678470
	3426678471
	3426678472
	3426678473
	3426678474
	3426678475
	3426678476
	3426678477
	3426678478
	3426678479
	3426678480
	3426678481
	3426678482
	3426678483
	3426678484
	3426678485
	3426678486
	3426678487
	3426678488
	3426678489
	3426678490
	3426678491
	3426678492
	3426678493
	3426678494
	3426678495
	3426678496
	3426678497
	3426678498
	3426678499
	3426678500
	3426678501
	3426678502
	3426678503
	3426678504
	3426678505
	3426678506
	3426678507
	3426678508
	3426678509
	3426678510
	3426678511
	3426678512
	3426678513
	3426678514
	3426678515
	3426678516
	3426678517
	3426678518
	3426678519
	3426678520
	3426678521
	3426678522
	3426678523
	3426678524
	3426678525
	3426678526
	3426678527
	3426678528
	3426678529
	3426678530
	3426678531
	3426678532
	3426678533
	3426678534
	3426678535
	3426678536
	3426678537
	3426678538
	3426678539
	3426678540
	3426678541
	3426678542
	3426678543
	3426678544
	3426678545
	3426678546
	3426678547
	3426678548
	3426678549
	3426678550
	3426678551
	3426678552
	3426678553
	3426678554
	3426678555
	3426678556
	3426678557
	3426678558
	3426678559
	3426678560
	3426678561
	3426678562
	3426678563
	3426678564
	3426678565
	3426678566
	3426678567
	3426678568
	3426678569
	3426678570
	3426678571
	3426678572
	3426678573
	3426678574
	3426678575
	3426678576
	3426678577
	3426678578
	3426678579
	3426678580
	3426678581
	3426678582
	3426678583
	3426678584
	3426678585
	3426678586
	3426678587
	3426678588
	3426678589
	3426678590
	3426678591
	3426678592
	3426678593
	3426678594
	3426678595
	3426678596
	3426678597
	3426678598
	3426678599
	3426678600
	3426678601
	3426678602
	3426678603
	3426678604
	3426678605
	3426678606
	3426678607
	3426678608
	3426678609
	3426678610
	3426678611
	3426678612
	3426678613
	3426678614
	3426678615
	3426678616
	3426678617
	3426678618
	3426678619
	3426678620
	3426678621
	3426678622
	3426678623
	3426678624
	3426678625
	3426678626
	3426678627
	3426678628
	3426678629
	3426678630
	3426678631
	3426678632
	3426678633
	3426678634
	3426678635
	3426678636
	3426678637
	3426678638
	3426678639
	3426678640
	3426678641
	3426678642
	3426678643
	3426678644
	3426678645
	3426678646
	3426678647
	3426678648
	3426678649
	3426678650
	3426678651
	3426678652
	3426678653
	3426678654
	3426678655
	3426678656
	3426678657
	3426678658
	3426678659
	3426678660
	3426678661
	3426678662
	3426678663
	3426678664
	3426678665
	3426678666
	3426678667
	3426678668
	3426678669
	3426678670
	3426678671
	3426678672
	3426678673
	3426678674
	3426678675
	3426678676
	3426678677
	3426678678
	3426678679
	3426678680
	3426678681
	3426678682
	3426678683
	3426678684
	3426678685
	3426678686
	3426678687
	3426678688
	3426678689
	3426678690
	3426678691
	3426678692
	3426678693
	3426678694
	3426678695
	3426678696
	3426678697
	3426678698
	3426678699
	3426678700
	3426678701
	3426678702
	3426678703
	3426678704
	3426678705
	3426678706
	3426678707
	3426678708
	3426678709
	3426678710
	3426678711
	3426678712
	3426678713
	3426678714
	3426678715
	3426678716
	3426678717
	3426678718
	3426678719
	3426678720
	3426678721
	3426678722
	3426678723
	3426678724
	3426678725
	3426678726
	3426678727
	3426678728
	3426678729
	3426678730
	3426678731
	3426678732
	3426678733
	3426678734
	3426678735
	3426678736
	3426678737
	3426678738
	3426678739
	3426678740
	3426678741
	3426678742
	3426678743
	3426678744
	3426678745
	3426678746
	3426678747
	3426678748
	3426678749
	3426678750
	3426678751
	3426678752
	3426678753
	3426678754
	3426678755
	3426678756
	3426678757
	3426678758
	3426678759
	3426678760
	3426678761
	3426678762
	3426678763
	3426678764
	3426678765
	3426678766
	3426678767
	3426678768
	3426678769
	3426678770
	3426678771
	3426678772
	3426678773
	3426678774
	3426678775
	3426678776
	3426678777
	3426678778
	3426678779
	3426678780
	3426678781
	3426678782
	3426678783
	3426678784
	3426678785
	3426678786
	3426678787
	3426678788
	3426678789
	3426678790
	3426678791
	3426678792
	3426678793
	3426678794
	3426678795
	3426678796
	3426678797
	3426678798
	3426678799
	3426678800
	3426678801
	3426678802
	3426678803
	3426678804
	3426678805
	3426678806
	3426678807
	3426678808
	3426678809
	3426678810
	3426678811
	3426678812
	3426678813
	3426678814
	3426678815
	3426678816
	3426678817
	3426678818
	3426678819
	3426678820
	3426678821
	3426678822
	3426678823
	3426678824
	3426678825
	3426678826
	3426678827
	3426678828
	3426678829
	3426678830
	3426678831
	3426678832
	3426678833
	3426678834
	3426678835
	3426678836
	3426678837
	3426678838
	3426678839
	3426678840
	3426678841
	3426678842
	3426678843
	3426678844
	3426678845
	3426678846
	3426678847
	3426678848
	3426678849
	3426678850
	3426678851
	3426678852
	3426678853
	3426678854
	3426678855
	3426678856
	3426678857
	3426678858
	3426678859
	3426678860
	3426678861
	3426678862
	3426678863
	3426678864
	3426678865
	3426678866
	3426678867
	3426678868
	3426678869
	3426678870
	3426678871
	3426678872
	3426678873
	3426678874
	3426678875
	3426678876
	3426678877
	3426678878
	3426678879
	3426678880
	3426678881
	3426678882
	3426678883
	3426678884
	3426678885
	3426678886
	3426678887
	3426678888
	3426678889
	3426678890
	3426678891
	3426678892
	3426678893
	3426678894
	3426678895
	3426678896
	3426678897
	3426678898
	3426678899
	3426678900
	3426678901
	3426678902
	3426678903
	3426678904
	3426678905
	3426678906
	3426678907
	3426678908
	3426678909
	3426678910
	3426678911
	3426678912
	3426678913
	3426678914
	3426678915
	3426678916
	3426678917
	3426678918
	3426678919
	3426678920
	3426678921
	3426678922
	3426678923
	3426678924
	3426678925
	3426678926
	3426678927
	3426678928
	3426678929
	3426678930
	3426678931
	3426678932
	3426678933
	3426678934
	3426678935
	3426678936
	3426678937
	3426678938
	3426678939
	3426678940
	3426678941
	3426678942
	3426678943
	3426678944
	3426678945
	3426678946
	3426678947
	3426678948
	3426678949
	3426678950
	3426678951
	3426678952
	3426678953
	3426678954
	3426678955
	3426678956
	3426678957
	3426678958
	3426678959
	3426678960
	3426678961
	3426678962
	3426678963
	3426678964
	3426678965
	3426678966
	3426678967
	3426678968
	3426678969
	3426678970
	3426678971
	3426678972
	3426678973
	3426678974
	3426678975
	3426678976
	3426678977
	3426678978
	3426678979
	3426678980
	3426678981
	3426678982
	3426678983
	3426678984
	3426678985
	3426678986
	3426678987
	3426678988
	3426678989
	3426678990
	3426678991
	3426678992
	3426678993
	3426678994
	3426678995
	3426678996
	3426678997
	3426678998
	3426678999
	3426679000
	3426679001
	3426679002
	3426679003
	3426679004
	3426679005
	3426679006
	3426679007
	3426679008
	3426679009
	3426679010
	3426679011
	3426679012
	3426679013
	3426679014
	3426679015
	3426679016
	3426679017
	3426679018
	3426679019
	3426679020
	3426679021
	3426679022
	3426679023
	3426679024
	3426679025
	3426679026
	3426679027
	3426679028
	3426679029
	3426679030
	3426679031
	3426679032
	3426679033
	3426679034
	3426679035
	3426679036
	3426679037
	3426679038
	3426679039
	3426679040
	3426679041
	3426679042
	3426679043
	3426679044
	3426679045
	3426679046
	3426679047
	3426679048
	3426679049
	3426679050
	3426679051
	3426679052
	3426679053
	3426679054
	3426679055
	3426679056
	3426679057
	3426679058
	3426679059
	3426679060
	3426679061
	3426679062
	3426679063
	3426679064
	3426679065
	3426679066
	3426679067
	3426679068
	3426679069
	3426679070
	3426679071
	3426679072
	3426679073
	3426679074
	3426679075
	3426679076
	3426679077
	3426679078
	3426679079
	3426679080
	3426679081
	3426679082
	3426679083
	3426679084
	3426679085
	3426679086
	3426679087
	3426679088
	3426679089
	3426679090
	3426679091
	3426679092
	3426679093
	3426679094
	3426679095
	3426679096
	3426679097
	3426679098
	3426679099
	3426679100
	3426679101
	3426679102
	3426679103
	3426679104
	3426679105
	3426679106
	3426679107
	3426679108
	3426679109
	3426679110
	3426679111
	3426679112
	3426679113
	3426679114
	3426679115
	3426679116
	3426679117
	3426679118
	3426679119
	3426679120
	3426679121
	3426679122
	3426679123
	3426679124
	3426679125
	3426679126
	3426679127
	3426679128
	3426679129
	3426679130
	3426679131
	3426679132
	3426679133
	3426679134
	3426679135
	3426679136
	3426679137
	3426679138
	3426679139
	3426679140
	3426679141
	3426679142
	3426679143
	3426679144
	3426679145
	3426679146
	3426679147
	3426679148
	3426679149
	3426679150
	3426679151
	3426679152
	3426679153
	3426679154
	3426679155
	3426679156
	3426679157
	3426679158
	3426679159
	3426679160
	3426679161
	3426679162
	3426679163
	3426679164
	3426679165
	3426679166
	3426679167
	3426679168
	3426679169
	3426679170
	3426679171
	3426679172
	3426679173
	3426679174
	3426679175
	3426679176
	3426679177
	3426679178
	3426679179
	3426679180
	3426679181
	3426679182
	3426679183
	3426679184
	3426679185
	3426679186
	3426679187
	3426679188
	3426679189
	3426679190
	3426679191
	3426679192
	3426679193
	3426679194
	3426679195
	3426679196
	3426679197
	3426679198
	3426679199
	3426679200
	3426679201
	3426679202
	3426679203
	3426679204
	3426679205
	3426679206
	3426679207
	3426679208
	3426679209
	3426679210
	3426679211
	3426679212
	3426679213
	3426679214
	3426679215
	3426679216
	3426679217
	3426679218
	3426679219
	3426679220
	3426679221
	3426679222
	3426679223
	3426679224
	3426679225
	3426679226
	3426679227
	3426679228
	3426679229
	3426679230
	3426679231
	3426679232
	3426679233
	3426679234
	3426679235
	3426679236
	3426679237
	3426679238
	3426679239
	3426679240
	3426679241
	3426679242
	3426679243
	3426679244
	3426679245
	3426679246
	3426679247
	3426679248
	3426679249
	3426679250
	3426679251
	3426679252
	3426679253
	3426679254
	3426679255
	3426679256
	3426679257
	3426679258
	3426679259
	3426679260
	3426679261
	3426679262
	3426679263
	3426679264
	3426679265
	3426679266
	3426679267
	3426679268
	3426679269
	3426679270
	3426679271
	3426679272
	3426679273
	3426679274
	3426679275
	3426679276
	3426679277
	3426679278
	3426679279
	3426679280
	3426679281
	3426679282
	3426679283
	3426679284
	3426679285
	3426679286
	3426679287
	3426679288
	3426679289
	3426679290
	3426679291
	3426679292
	3426679293
	3426679294
	3426679295
	3426679296
	3426679297
	3426679298
	3426679299
	3426679300
	3426679301
	3426679302
	3426679303
	3426679304
	3426679305
	3426679306
	3426679307
	3426679308
	3426679309
	3426679310
	3426679311
	3426679312
	3426679313
	3426679314
	3426679315
	3426679316
	3426679317
	3426679318
	3426679319
	3426679320
	3426679321
	3426679322
	3426679323
	3426679324
	3426679325
	3426679326
	3426679327
	3426679328
	3426679329
	3426679330
	3426679331
	3426679332
	3426679333
	3426679334
	3426679335
	3426679336
	3426679337
	3426679338
	3426679339
	3426679340
	3426679341
	3426679342
	3426679343
	3426679344
	3426679345
	3426679346
	3426679347
	3426679348
	3426679349
	3426679350
	3426679351
	3426679352
	3426679353
	3426679354
	3426679355
	3426679356
	3426679357
	3426679358
	3426679359
	3426679360
	3426679361
	3426679362
	3426679363
	3426679364
	3426679365
	3426679366
	3426679367
	3426679368
	3426679369
	3426679370
	3426679371
	3426679372
	3426679373
	3426679374
	3426679375
	3426679376
	3426679377
	3426679378
	3426679379
	3426679380
	3426679381
	3426679382
	3426679383
	3426679384
	3426679385
	3426679386
	3426679387
	3426679388
	3426679389
	3426679390
	3426679391
	3426679392
	3426679393
	3426679394
	3426679395
	3426679396
	3426679397
	3426679398
	3426679399
	3426679400
	3426679401
	3426679402
	3426679403
	3426679404
	3426679405
	3426679406
	3426679407
	3426679408
	3426679409
	3426679410
	3426679411
	3426679412
	3426679413
	3426679414
	3426679415
	3426679416
	3426679417
	3426679418
	3426679419
	3426679420
	3426679421
	3426679422
	3426679423
	3426679424
	3426679425
	3426679426
	3426679427
	3426679428
	3426679429
	3426679430
	3426679431
	3426679432
	3426679433
	3426679434
	3426679435
	3426679436
	3426679437
	3426679438
	3426679439
	3426679440
	3426679441
	3426679442
	3426679443
	3426679444
	3426679445
	3426679446
	3426679447
	3426679448
	3426679449
	3426679450
	3426679451
	3426679452
	3426679453
	3426679454
	3426679455
	3426679456
	3426679457
	3426679458
	3426679459
	3426679460
	3426679461
	3426679462
	3426679463
	3426679464
	3426679465
	3426679466
	3426679467
	3426679468
	3426679469
	3426679470
	3426679471
	3426679472
	3426679473
	3426679474
	3426679475
	3426679476
	3426679477
	3426679478
	3426679479
	3426679480
	3426679481
	3426679482
	3426679483
	3426679484
	3426679485
	3426679486
	3426679487
	3426679488
	3426679489
	3426679490
	3426679491
	3426679492
	3426679493
	3426679494
	3426679495
	3426679496
	3426679497
	3426679498
	3426679499
	3426679500
	3426679501
	3426679502
	3426679503
	3426679504
	3426679505
	3426679506
	3426679507
	3426679508
	3426679509
	3426679510
	3426679511
	3426679512
	3426679513
	3426679514
	3426679515
	3426679516
	3426679517
	3426679518
	3426679519
	3426679520
	3426679521
	3426679522
	3426679523
	3426679524
	3426679525
	3426679526
	3426679527
	3426679528
	3426679529
	3426679530
	3426679531
	3426679532
	3426679533
	3426679534
	3426679535
	3426679536
	3426679537
	3426679538
	3426679539
	3426679540
	3426679541
	3426679542
	3426679543
	3426679544
	3426679545
	3426679546
	3426679547
	3426679548
	3426679549
	3426679550
	3426679551
	3426679552
	3426679553
	3426679554
	3426679555
	3426679556
	3426679557
	3426679558
	3426679559
	3426679560
	3426679561
	3426679562
	3426679563
	3426679564
	3426679565
	3426679566
	3426679567
	3426679568
	3426679569
	3426679570
	3426679571
	3426679572
	3426679573
	3426679574
	3426679575
	3426679576
	3426679577
	3426679578
	3426679579
	3426679580
	3426679581
	3426679582
	3426679583
	3426679584
	3426679585
	3426679586
	3426679587
	3426679588
	3426679589
	3426679590
	3426679591
	3426679592
	3426679593
	3426679594
	3426679595
	3426679596
	3426679597
	3426679598
	3426679599
	3426679600
	3426679601
	3426679602
	3426679603
	3426679604
	3426679605
	3426679606
	3426679607
	3426679608
	3426679609
	3426679610
	3426679611
	3426679612
	3426679613
	3426679614
	3426679615
	3426679616
	3426679617
	3426679618
	3426679619
	3426679620
	3426679621
	3426679622
	3426679623
	3426679624
	3426679625
	3426679626
	3426679627
	3426679628
	3426679629
	3426679630
	3426679631
	3426679632
	3426679633
	3426679634
	3426679635
	3426679636
	3426679637
	3426679638
	3426679639
	3426679640
	3426679641
	3426679642
	3426679643
	3426679644
	3426679645
	3426679646
	3426679647
	3426679648
	3426679649
	3426679650
	3426679651
	3426679652
	3426679653
	3426679654
	3426679655
	3426679656
	3426679657
	3426679658
	3426679659
	3426679660
	3426679661
	3426679662
	3426679663
	3426679664
	3426679665
	3426679666
	3426679667
	3426679668
	3426679669
	3426679670
	3426679671
	3426679672
	3426679673
	3426679674
	3426679675
	3426679676
	3426679677
	3426679678
	3426679679
	3426679680
	3426679681
	3426679682
	3426679683
	3426679684
	3426679685
	3426679686
	3426679687
	3426679688
	3426679689
	3426679690
	3426679691
	3426679692
	3426679693
	3426679694
	3426679695
	3426679696
	3426679697
	3426679698
	3426679699
	3426679700
	3426679701
	3426679702
	3426679703
	3426679704
	3426679705
	3426679706
	3426679707
	3426679708
	3426679709
	3426679710
	3426679711
	3426679712
	3426679713
	3426679714
	3426679715
	3426679716
	3426679717
	3426679718
	3426679719
	3426679720
	3426679721
	3426679722
	3426679723
	3426679724
	3426679725
	3426679726
	3426679727
	3426679728
	3426679729
	3426679730
	3426679731
	3426679732
	3426679733
	3426679734
	3426679735
	3426679736
	3426679737
	3426679738
	3426679739
	3426679740
	3426679741
	3426679742
	3426679743
	3426679744
	3426679745
	3426679746
	3426679747
	3426679748
	3426679749
	3426679750
	3426679751
	3426679752
	3426679753
	3426679754
	3426679755
	3426679756
	3426679757
	3426679758
	3426679759
	3426679760
	3426679761
	3426679762
	3426679763
	3426679764
	3426679765
	3426679766
	3426679767
	3426679768
	3426679769
	3426679770
	3426679771
	3426679772
	3426679773
	3426679774
	3426679775
	3426679776
	3426679777
	3426679778
	3426679779
	3426679780
	3426679781
	3426679782
	3426679783
	3426679784
	3426679785
	3426679786
	3426679787
	3426679788
	3426679789
	3426679790
	3426679791
	3426679792
	3426679793
	3426679794
	3426679795
	3426679796
	3426679797
	3426679798
	3426679799
	3426679800
	3426679801
	3426679802
	3426679803
	3426679804
	3426679805
	3426679806
	3426679807
	3426679808
	3426679809
	3426679810
	3426679811
	3426679812
	3426679813
	3426679814
	3426679815
	3426679816
	3426679817
	3426679818
	3426679819
	3426679820
	3426679821
	3426679822
	3426679823
	3426679824
	3426679825
	3426679826
	3426679827
	3426679828
	3426679829
	3426679830
	3426679831
	3426679832
	3426679833
	3426679834
	3426679835
	3426679836
	3426679837
	3426679838
	3426679839
	3426679840
	3426679841
	3426679842
	3426679843
	3426679844
	3426679845
	3426679846
	3426679847
	3426679848
	3426679849
	3426679850
	3426679851
	3426679852
	3426679853
	3426679854
	3426679855
	3426679856
	3426679857
	3426679858
	3426679859
	3426679860
	3426679861
	3426679862
	3426679863
	3426679864
	3426679865
	3426679866
	3426679867
	3426679868
	3426679869
	3426679870
	3426679871
	3426679872
	3426679873
	3426679874
	3426679875
	3426679876
	3426679877
	3426679878
	3426679879
	3426679880
	3426679881
	3426679882
	3426679883
	3426679884
	3426679885
	3426679886
	3426679887
	3426679888
	3426679889
	3426679890
	3426679891
	3426679892
	3426679893
	3426679894
	3426679895
	3426679896
	3426679897
	3426679898
	3426679899
	3426679900
	3426679901
	3426679902
	3426679903
	3426679904
	3426679905
	3426679906
	3426679907
	3426679908
	3426679909
	3426679910
	3426679911
	3426679912
	3426679913
	3426679914
	3426679915
	3426679916
	3426679917
	3426679918
	3426679919
	3426679920
	3426679921
	3426679922
	3426679923
	3426679924
	3426679925
	3426679926
	3426679927
	3426679928
	3426679929
	3426679930
	3426679931
	3426679932
	3426679933
	3426679934
	3426679935
	3426679936
	3426679937
	3426679938
	3426679939
	3426679940
	3426679941
	3426679942
	3426679943
	3426679944
	3426679945
	3426679946
	3426679947
	3426679948
	3426679949
	3426679950
	3426679951
	3426679952
	3426679953
	3426679954
	3426679955
	3426679956
	3426679957
	3426679958
	3426679959
	3426679960
	3426679961
	3426679962
	3426679963
	3426679964
	3426679965
	3426679966
	3426679967
	3426679968
	3426679969
	3426679970
	3426679971
	3426679972
	3426679973
	3426679974
	3426679975
	3426679976
	3426679977
	3426679978
	3426679979
	3426679980
	3426679981
	3426679982
	3426679983
	3426679984
	3426679985
	3426679986
	3426679987
	3426679988
	3426679989
	3426679990
	3426679991
	3426679992
	3426679993
	3426679994
	3426679995
	3426679996
	3426679997
	3426679998
	3426679999
	3426680000
	3426680001
	3426680002
	3426680003
	3426680004
	3426680005
	3426680006
	3426680007
	3426680008
	3426680009
	3426680010
	3426680011
	3426680012
	3426680013
	3426680014
	3426680015
	3426680016
	3426680017
	3426680018
	3426680019
	3426680020
	3426680021
	3426680022
	3426680023
	3426680024
	3426680025
	3426680026
	3426680027
	3426680028
	3426680029
	3426680030
	3426680031
	3426680032
	3426680033
	3426680034
	3426680035
	3426680036
	3426680037
	3426680038
	3426680039
	3426680040
	3426680041
	3426680042
	3426680043
	3426680044
	3426680045
	3426680046
	3426680047
	3426680048
	3426680049
	3426680050
	3426680051
	3426680052
	3426680053
	3426680054
	3426680055
	3426680056
	3426680057
	3426680058
	3426680059
	3426680060
	3426680061
	3426680062
	3426680063
	3426680064
	3426680065
	3426680066
	3426680067
	3426680068
	3426680069
	3426680070
	3426680071
	3426680072
	3426680073
	3426680074
	3426680075
	3426680076
	3426680077
	3426680078
	3426680079
	3426680080
	3426680081
	3426680082
	3426680083
	3426680084
	3426680085
	3426680086
	3426680087
	3426680088
	3426680089
	3426680090
	3426680091
	3426680092
	3426680093
	3426680094
	3426680095
	3426680096
	3426680097
	3426680098
	3426680099
	3426680100
	3426680101
	3426680102
	3426680103
	3426680104
	3426680105
	3426680106
	3426680107
	3426680108
	3426680109
	3426680110
	3426680111
	3426680112
	3426680113
	3426680114
	3426680115
	3426680116
	3426680117
	3426680118
	3426680119
	3426680120
	3426680121
	3426680122
	3426680123
	3426680124
	3426680125
	3426680126
	3426680127
	3426680128
	3426680129
	3426680130
	3426680131
	3426680132
	3426680133
	3426680134
	3426680135
	3426680136
	3426680137
	3426680138
	3426680139
	3426680140
	3426680141
	3426680142
	3426680143
	3426680144
	3426680145
	3426680146
	3426680147
	3426680148
	3426680149
	3426680150
	3426680151
	3426680152
	3426680153
	3426680154
	3426680155
	3426680156
	3426680157
	3426680158
	3426680159
	3426680160
	3426680161
	3426680162
	3426680163
	3426680164
	3426680165
	3426680166
	3426680167
	3426680168
	3426680169
	3426680170
	3426680171
	3426680172
	3426680173
	3426680174
	3426680175
	3426680176
	3426680177
	3426680178
	3426680179
	3426680180
	3426680181
	3426680182
	3426680183
	3426680184
	3426680185
	3426680186
	3426680187
	3426680188
	3426680189
	3426680190
	3426680191
	3426680192
	3426680193
	3426680194
	3426680195
	3426680196
	3426680197
	3426680198
	3426680199
	3426680200
	3426680201
	3426680202
	3426680203
	3426680204
	3426680205
	3426680206
	3426680207
	3426680208
	3426680209
	3426680210
	3426680211
	3426680212
	3426680213
	3426680214
	3426680215
	3426680216
	3426680217
	3426680218
	3426680219
	3426680220
	3426680221
	3426680222
	3426680223
	3426680224
	3426680225
	3426680226
	3426680227
	3426680228
	3426680229
	3426680230
	3426680231
	3426680232
	3426680233
	3426680234
	3426680235
	3426680236
	3426680237
	3426680238
	3426680239
	3426680240
	3426680241
	3426680242
	3426680243
	3426680244
	3426680245
	3426680246
	3426680247
	3426680248
	3426680249
	3426680250
	3426680251
	3426680252
	3426680253
	3426680254
	3426680255
	3426680256
	3426680257
	3426680258
	3426680259
	3426680260
	3426680261
	3426680262
	3426680263
	3426680264
	3426680265
	3426680266
	3426680267
	3426680268
	3426680269
	3426680270
	3426680271
	3426680272
	3426680273
	3426680274
	3426680275
	3426680276
	3426680277
	3426680278
	3426680279
	3426680280
	3426680281
	3426680282
	3426680283
	3426680284
	3426680285
	3426680286
	3426680287
	3426680288
	3426680289
	3426680290
	3426680291
	3426680292
	3426680293
	3426680294
	3426680295
	3426680296
	3426680297
	3426680298
	3426680299
	3426680300
	3426680301
	3426680302
	3426680303
	3426680304
	3426680305
	3426680306
	3426680307
	3426680308
	3426680309
	3426680310
	3426680311
	3426680312
	3426680313
	3426680314
	3426680315
	3426680316
	3426680317
	3426680318
	3426680319
	3426680320
	3426680321
	3426680322
	3426680323
	3426680324
	3426680325
	3426680326
	3426680327
	3426680328
	3426680329
	3426680330
	3426680331
	3426680332
	3426680333
	3426680334
	3426680335
	3426680336
	3426680337
	3426680338
	3426680339
	3426680340
	3426680341
	3426680342
	3426680343
	3426680344
	3426680345
	3426680346
	3426680347
	3426680348
	3426680349
	3426680350
	3426680351
	3426680352
	3426680353
	3426680354
	3426680355
	3426680356
	3426680357
	3426680358
	3426680359
	3426680360
	3426680361
	3426680362
	3426680363
	3426680364
	3426680365
	3426680366
	3426680367
	3426680368
	3426680369
	3426680370
	3426680371
	3426680372
	3426680373
	3426680374
	3426680375
	3426680376
	3426680377
	3426680378
	3426680379
	3426680380
	3426680381
	3426680382
	3426680383
	3426680384
	3426680385
	3426680386
	3426680387
	3426680388
	3426680389
	3426680390
	3426680391
	3426680392
	3426680393
	3426680394
	3426680395
	3426680396
	3426680397
	3426680398
	3426680399
	3426680400
	3426680401
	3426680402
	3426680403
	3426680404
	3426680405
	3426680406
	3426680407
	3426680408
	3426680409
	3426680410
	3426680411
	3426680412
	3426680413
	3426680414
	3426680415
	3426680416
	3426680417
	3426680418
	3426680419
	3426680420
	3426680421
	3426680422
	3426680423
	3426680424
	3426680425
	3426680426
	3426680427
	3426680428
	3426680429
	3426680430
	3426680431
	3426680432
	3426680433
	3426680434
	3426680435
	3426680436
	3426680437
	3426680438
	3426680439
	3426680440
	3426680441
	3426680442
	3426680443
	3426680444
	3426680445
	3426680446
	3426680447
	3426680448
	3426680449
	3426680450
	3426680451
	3426680452
	3426680453
	3426680454
	3426680455
	3426680456
	3426680457
	3426680458
	3426680459
	3426680460
	3426680461
	3426680462
	3426680463
	3426680464
	3426680465
	3426680466
	3426680467
	3426680468
	3426680469
	3426680470
	3426680471
	3426680472
	3426680473
	3426680474
	3426680475
	3426680476
	3426680477
	3426680478
	3426680479
	3426680480
	3426680481
	3426680482
	3426680483
	3426680484
	3426680485
	3426680486
	3426680487
	3426680488
	3426680489
	3426680490
	3426680491
	3426680492
	3426680493
	3426680494
	3426680495
	3426680496
	3426680497
	3426680498
	3426680499
	3426680500
	3426680501
	3426680502
	3426680503
	3426680504
	3426680505
	3426680506
	3426680507
	3426680508
	3426680509
	3426680510
	3426680511
	3426680512
	3426680513
	3426680514
	3426680515
	3426680516
	3426680517
	3426680518
	3426680519
	3426680520
	3426680521
	3426680522
	3426680523
	3426680524
	3426680525
	3426680526
	3426680527
	3426680528
	3426680529
	3426680530
	3426680531
	3426680532
	3426680533
	3426680534
	3426680535
	3426680536
	3426680537
	3426680538
	3426680539
	3426680540
	3426680541
	3426680542
	3426680543
	3426680544
	3426680545
	3426680546
	3426680547
	3426680548
	3426680549
	3426680550
	3426680551
	3426680552
	3426680553
	3426680554
	3426680555
	3426680556
	3426680557
	3426680558
	3426680559
	3426680560
	3426680561
	3426680562
	3426680563
	3426680564
	3426680565
	3426680566
	3426680567
	3426680568
	3426680569
	3426680570
	3426680571
	3426680572
	3426680573
	3426680574
	3426680575
	3426680576
	3426680577
	3426680578
	3426680579
	3426680580
	3426680581
	3426680582
	3426680583
	3426680584
	3426680585
	3426680586
	3426680587
	3426680588
	3426680589
	3426680590
	3426680591
	3426680592
	3426680593
	3426680594
	3426680595
	3426680596
	3426680597
	3426680598
	3426680599
	3426680600
	3426680601
	3426680602
	3426680603
	3426680604
	3426680605
	3426680606
	3426680607
	3426680608
	3426680609
	3426680610
	3426680611
	3426680612
	3426680613
	3426680614
	3426680615
	3426680616
	3426680617
	3426680618
	3426680619
	3426680620
	3426680621
	3426680622
	3426680623
	3426680624
	3426680625
	3426680626
	3426680627
	3426680628
	3426680629
	3426680630
	3426680631
	3426680632
	3426680633
	3426680634
	3426680635
	3426680636
	3426680637
	3426680638
	3426680639
	3426680640
	3426680641
	3426680642
	3426680643
	3426680644
	3426680645
	3426680646
	3426680647
	3426680648
	3426680649
	3426680650
	3426680651
	3426680652
	3426680653
	3426680654
	3426680655
	3426680656
	3426680657
	3426680658
	3426680659
	3426680660
	3426680661
	3426680662
	3426680663
	3426680664
	3426680665
	3426680666
	3426680667
	3426680668
	3426680669
	3426680670
	3426680671
	3426680672
	3426680673
	3426680674
	3426680675
	3426680676
	3426680677
	3426680678
	3426680679
	3426680680
	3426680681
	3426680682
	3426680683
	3426680684
	3426680685
	3426680686
	3426680687
	3426680688
	3426680689
	3426680690
	3426680691
	3426680692
	3426680693
	3426680694
	3426680695
	3426680696
	3426680697
	3426680698
	3426680699
	3426680700
	3426680701
	3426680702
	3426680703
	3426680704
	3426680705
	3426680706
	3426680707
	3426680708
	3426680709
	3426680710
	3426680711
	3426680712
	3426680713
	3426680714
	3426680715
	3426680716
	3426680717
	3426680718
	3426680719
	3426680720
	3426680721
	3426680722
	3426680723
	3426680724
	3426680725
	3426680726
	3426680727
	3426680728
	3426680729
	3426680730
	3426680731
	3426680732
	3426680733
	3426680734
	3426680735
	3426680736
	3426680737
	3426680738
	3426680739
	3426680740
	3426680741
	3426680742
	3426680743
	3426680744
	3426680745
	3426680746
	3426680747
	3426680748
	3426680749
	3426680750
	3426680751
	3426680752
	3426680753
	3426680754
	3426680755
	3426680756
	3426680757
	3426680758
	3426680759
	3426680760
	3426680761
	3426680762
	3426680763
	3426680764
	3426680765
	3426680766
	3426680767
	3426680768
	3426680769
	3426680770
	3426680771
	3426680772
	3426680773
	3426680774
	3426680775
	3426680776
	3426680777
	3426680778
	3426680779
	3426680780
	3426680781
	3426680782
	3426680783
	3426680784
	3426680785
	3426680786
	3426680787
	3426680788
	3426680789
	3426680790
	3426680791
	3426680792
	3426680793
	3426680794
	3426680795
	3426680796
	3426680797
	3426680798
	3426680799
	3426680800
	3426680801
	3426680802
	3426680803
	3426680804
	3426680805
	3426680806
	3426680807
	3426680808
	3426680809
	3426680810
	3426680811
	3426680812
	3426680813
	3426680814
	3426680815
	3426680816
	3426680817
	3426680818
	3426680819
	3426680820
	3426680821
	3426680822
	3426680823
	3426680824
	3426680825
	3426680826
	3426680827
	3426680828
	3426680829
	3426680830
	3426680831
	3426680832
	3426680833
	3426680834
	3426680835
	3426680836
	3426680837
	3426680838
	3426680839
	3426680840
	3426680841
	3426680842
	3426680843
	3426680844
	3426680845
	3426680846
	3426680847
	3426680848
	3426680849
	3426680850
	3426680851
	3426680852
	3426680853
	3426680854
	3426680855
	3426680856
	3426680857
	3426680858
	3426680859
	3426680860
	3426680861
	3426680862
	3426680863
	3426680864
	3426680865
	3426680866
	3426680867
	3426680868
	3426680869
	3426680870
	3426680871
	3426680872
	3426680873
	3426680874
	3426680875
	3426680876
	3426680877
	3426680878
	3426680879
	3426680880
	3426680881
	3426680882
	3426680883
	3426680884
	3426680885
	3426680886
	3426680887
	3426680888
	3426680889
	3426680890
	3426680891
	3426680892
	3426680893
	3426680894
	3426680895
	3426680896
	3426680897
	3426680898
	3426680899
	3426680900
	3426680901
	3426680902
	3426680903
	3426680904
	3426680905
	3426680906
	3426680907
	3426680908
	3426680909
	3426680910
	3426680911
	3426680912
	3426680913
	3426680914
	3426680915
	3426680916
	3426680917
	3426680918
	3426680919
	3426680920
	3426680921
	3426680922
	3426680923
	3426680924
	3426680925
	3426680926
	3426680927
	3426680928
	3426680929
	3426680930
	3426680931
	3426680932
	3426680933
	3426680934
	3426680935
	3426680936
	3426680937
	3426680938
	3426680939
	3426680940
	3426680941
	3426680942
	3426680943
	3426680944
	3426680945
	3426680946
	3426680947
	3426680948
	3426680949
	3426680950
	3426680951
	3426680952
	3426680953
	3426680954
	3426680955
	3426680956
	3426680957
	3426680958
	3426680959
	3426680960
	3426680961
	3426680962
	3426680963
	3426680964
	3426680965
	3426680966
	3426680967
	3426680968
	3426680969
	3426680970
	3426680971
	3426680972
	3426680973
	3426680974
	3426680975
	3426680976
	3426680977
	3426680978
	3426680979
	3426680980
	3426680981
	3426680982
	3426680983
	3426680984
	3426680985
	3426680986
	3426680987
	3426680988
	3426680989
	3426680990
	3426680991
	3426680992
	3426680993
	3426680994
	3426680995
	3426680996
	3426680997
	3426680998
	3426680999
	3426681000
	3426681001
	3426681002
	3426681003
	3426681004
	3426681005
	3426681006
	3426681007
	3426681008
	3426681009
	3426681010
	3426681011
	3426681012
	3426681013
	3426681014
	3426681015
	3426681016
	3426681017
	3426681018
	3426681019
	3426681020
	3426681021
	3426681022
	3426681023
	3426681024
	3426681025
	3426681026
	3426681027
	3426681028
	3426681029
	3426681030
	3426681031
	3426681032
	3426681033
	3426681034
	3426681035
	3426681036
	3426681037
	3426681038
	3426681039
	3426681040
	3426681041
	3426681042
	3426681043
	3426681044
	3426681045
	3426681046
	3426681047
	3426681048
	3426681049
	3426681050
	3426681051
	3426681052
	3426681053
	3426681054
	3426681055
	3426681056
	3426681057
	3426681058
	3426681059
	3426681060
	3426681061
	3426681062
	3426681063
	3426681064
	3426681065
	3426681066
	3426681067
	3426681068
	3426681069
	3426681070
	3426681071
	3426681072
	3426681073
	3426681074
	3426681075
	3426681076
	3426681077
	3426681078
	3426681079
	3426681080
	3426681081
	3426681082
	3426681083
	3426681084
	3426681085
	3426681086
	3426681087
	3426681088
	3426681089
	3426681090
	3426681091
	3426681092
	3426681093
	3426681094
	3426681095
	3426681096
	3426681097
	3426681098
	3426681099
	3426681100
	3426681101
	3426681102
	3426681103
	3426681104
	3426681105
	3426681106
	3426681107
	3426681108
	3426681109
	3426681110
	3426681111
	3426681112
	3426681113
	3426681114
	3426681115
	3426681116
	3426681117
	3426681118
	3426681119
	3426681120
	3426681121
	3426681122
	3426681123
	3426681124
	3426681125
	3426681126
	3426681127
	3426681128
	3426681129
	3426681130
	3426681131
	3426681132
	3426681133
	3426681134
	3426681135
	3426681136
	3426681137
	3426681138
	3426681139
	3426681140
	3426681141
	3426681142
	3426681143
	3426681144
	3426681145
	3426681146
	3426681147
	3426681148
	3426681149
	3426681150
	3426681151
	3426681152
	3426681153
	3426681154
	3426681155
	3426681156
	3426681157
	3426681158
	3426681159
	3426681160
	3426681161
	3426681162
	3426681163
	3426681164
	3426681165
	3426681166
	3426681167
	3426681168
	3426681169
	3426681170
	3426681171
	3426681172
	3426681173
	3426681174
	3426681175
	3426681176
	3426681177
	3426681178
	3426681179
	3426681180
	3426681181
	3426681182
	3426681183
	3426681184
	3426681185
	3426681186
	3426681187
	3426681188
	3426681189
	3426681190
	3426681191
	3426681192
	3426681193
	3426681194
	3426681195
	3426681196
	3426681197
	3426681198
	3426681199
	3426681200
	3426681201
	3426681202
	3426681203
	3426681204
	3426681205
	3426681206
	3426681207
	3426681208
	3426681209
	3426681210
	3426681211
	3426681212
	3426681213
	3426681214
	3426681215
	3426681216
	3426681217
	3426681218
	3426681219
	3426681220
	3426681221
	3426681222
	3426681223
	3426681224
	3426681225
	3426681226
	3426681227
	3426681228
	3426681229
	3426681230
	3426681231
	3426681232
	3426681233
	3426681234
	3426681235
	3426681236
	3426681237
	3426681238
	3426681239
	3426681240
	3426681241
	3426681242
	3426681243
	3426681244
	3426681245
	3426681246
	3426681247
	3426681248
	3426681249
	3426681250
	3426681251
	3426681252
	3426681253
	3426681254
	3426681255
	3426681256
	3426681257
	3426681258
	3426681259
	3426681260
	3426681261
	3426681262
	3426681263
	3426681264
	3426681265
	3426681266
	3426681267
	3426681268
	3426681269
	3426681270
	3426681271
	3426681272
	3426681273
	3426681274
	3426681275
	3426681276
	3426681277
	3426681278
	3426681279
	3426681280
	3426681281
	3426681282
	3426681283
	3426681284
	3426681285
	3426681286
	3426681287
	3426681288
	3426681289
	3426681290
	3426681291
	3426681292
	3426681293
	3426681294
	3426681295
	3426681296
	3426681297
	3426681298
	3426681299
	3426681300
	3426681301
	3426681302
	3426681303
	3426681304
	3426681305
	3426681306
	3426681307
	3426681308
	3426681309
	3426681310
	3426681311
	3426681312
	3426681313
	3426681314
	3426681315
	3426681316
	3426681317
	3426681318
	3426681319
	3426681320
	3426681321
	3426681322
	3426681323
	3426681324
	3426681325
	3426681326
	3426681327
	3426681328
	3426681329
	3426681330
	3426681331
	3426681332
	3426681333
	3426681334
	3426681335
	3426681336
	3426681337
	3426681338
	3426681339
	3426681340
	3426681341
	3426681342
	3426681343
	3426681344
	3426681345
	3426681346
	3426681347
	3426681348
	3426681349
	3426681350
	3426681351
	3426681352
	3426681353
	3426681354
	3426681355
	3426681356
	3426681357
	3426681358
	3426681359
	3426681360
	3426681361
	3426681362
	3426681363
	3426681364
	3426681365
	3426681366
	3426681367
	3426681368
	3426681369
	3426681370
	3426681371
	3426681372
	3426681373
	3426681374
	3426681375
	3426681376
	3426681377
	3426681378
	3426681379
	3426681380
	3426681381
	3426681382
	3426681383
	3426681384
	3426681385
	3426681386
	3426681387
	3426681388
	3426681389
	3426681390
	3426681391
	3426681392
	3426681393
	3426681394
	3426681395
	3426681396
	3426681397
	3426681398
	3426681399
	3426681400
	3426681401
	3426681402
	3426681403
	3426681404
	3426681405
	3426681406
	3426681407
	3426681408
	3426681409
	3426681410
	3426681411
	3426681412
	3426681413
	3426681414
	3426681415
	3426681416
	3426681417
	3426681418
	3426681419
	3426681420
	3426681421
	3426681422
	3426681423
	3426681424
	3426681425
	3426681426
	3426681427
	3426681428
	3426681429
	3426681430
	3426681431
	3426681432
	3426681433
	3426681434
	3426681435
	3426681436
	3426681437
	3426681438
	3426681439
	3426681440
	3426681441
	3426681442
	3426681443
	3426681444
	3426681445
	3426681446
	3426681447
	3426681448
	3426681449
	3426681450
	3426681451
	3426681452
	3426681453
	3426681454
	3426681455
	3426681456
	3426681457
	3426681458
	3426681459
	3426681460
	3426681461
	3426681462
	3426681463
	3426681464
	3426681465
	3426681466
	3426681467
	3426681468
	3426681469
	3426681470
	3426681471
	3426681472
	3426681473
	3426681474
	3426681475
	3426681476
	3426681477
	3426681478
	3426681479
	3426681480
	3426681481
	3426681482
	3426681483
	3426681484
	3426681485
	3426681486
	3426681487
	3426681488
	3426681489
	3426681490
	3426681491
	3426681492
	3426681493
	3426681494
	3426681495
	3426681496
	3426681497
	3426681498
	3426681499
	3426681500
	3426681501
	3426681502
	3426681503
	3426681504
	3426681505
	3426681506
	3426681507
	3426681508
	3426681509
	3426681510
	3426681511
	3426681512
	3426681513
	3426681514
	3426681515
	3426681516
	3426681517
	3426681518
	3426681519
	3426681520
	3426681521
	3426681522
	3426681523
	3426681524
	3426681525
	3426681526
	3426681527
	3426681528
	3426681529
	3426681530
	3426681531
	3426681532
	3426681533
	3426681534
	3426681535
	3426681536
	3426681537
	3426681538
	3426681539
	3426681540
	3426681541
	3426681542
	3426681543
	3426681544
	3426681545
	3426681546
	3426681547
	3426681548
	3426681549
	3426681550
	3426681551
	3426681552
	3426681553
	3426681554
	3426681555
	3426681556
	3426681557
	3426681558
	3426681559
	3426681560
	3426681561
	3426681562
	3426681563
	3426681564
	3426681565
	3426681566
	3426681567
	3426681568
	3426681569
	3426681570
	3426681571
	3426681572
	3426681573
	3426681574
	3426681575
	3426681576
	3426681577
	3426681578
