	3426932549
	3426932550
	3426932551
	3426932552
	3426932553
	3426932554
	3426932555
	3426932556
	3426932557
	3426932558
	3426932559
	3426932560
	3426932561
	3426932562
	3426932563
	3426932564
	3426932565
	3426932566
	3426932567
	3426932568
	3426932569
	3426932570
	3426932571
	3426932572
	3426932573
	3426932574
	3426932575
	3426932576
	3426932577
	3426932578
	3426932579
	3426932580
	3426932581
	3426932582
	3426932583
	3426932584
	3426932585
	3426932586
	3426932587
	3426932588
	3426932589
	3426932590
	3426932591
	3426932592
	3426932593
	3426932594
	3426932595
	3426932596
	3426932597
	3426932598
	3426932599
	3426932600
	3426932601
	3426932602
	3426932603
	3426932604
	3426932605
	3426932606
	3426932607
	3426932608
	3426932609
	3426932610
	3426932611
	3426932612
	3426932613
	3426932614
	3426932615
	3426932616
	3426932617
	3426932618
	3426932619
	3426932620
	3426932621
	3426932622
	3426932623
	3426932624
	3426932625
	3426932626
	3426932627
	3426932628
	3426932629
	3426932630
	3426932631
	3426932632
	3426932633
	3426932634
	3426932635
	3426932636
	3426932637
	3426932638
	3426932639
	3426932640
	3426932641
	3426932642
	3426932643
	3426932644
	3426932645
	3426932646
	3426932647
	3426932648
	3426932649
	3426932650
	3426932651
	3426932652
	3426932653
	3426932654
	3426932655
	3426932656
	3426932657
	3426932658
	3426932659
	3426932660
	3426932661
	3426932662
	3426932663
	3426932664
	3426932665
	3426932666
	3426932667
	3426932668
	3426932669
	3426932670
	3426932671
	3426932672
	3426932673
	3426932674
	3426932675
	3426932676
	3426932677
	3426932678
	3426932679
	3426932680
	3426932681
	3426932682
	3426932683
	3426932684
	3426932685
	3426932686
	3426932687
	3426932688
	3426932689
	3426932690
	3426932691
	3426932692
	3426932693
	3426932694
	3426932695
	3426932696
	3426932697
	3426932698
	3426932699
	3426932700
	3426932701
	3426932702
	3426932703
	3426932704
	3426932705
	3426932706
	3426932707
	3426932708
	3426932709
	3426932710
	3426932711
	3426932712
	3426932713
	3426932714
	3426932715
	3426932716
	3426932717
	3426932718
	3426932719
	3426932720
	3426932721
	3426932722
	3426932723
	3426932724
	3426932725
	3426932726
	3426932727
	3426932728
	3426932729
	3426932730
	3426932731
	3426932732
	3426932733
	3426932734
	3426932735
	3426932736
	3426932737
	3426932738
	3426932739
	3426932740
	3426932741
	3426932742
	3426932743
	3426932744
	3426932745
	3426932746
	3426932747
	3426932748
	3426932749
	3426932750
	3426932751
	3426932752
	3426932753
	3426932754
	3426932755
	3426932756
	3426932757
	3426932758
	3426932759
	3426932760
	3426932761
	3426932762
	3426932763
	3426932764
	3426932765
	3426932766
	3426932767
	3426932768
	3426932769
	3426932770
	3426932771
	3426932772
	3426932773
	3426932774
	3426932775
	3426932776
	3426932777
	3426932778
	3426932779
	3426932780
	3426932781
	3426932782
	3426932783
	3426932784
	3426932785
	3426932786
	3426932787
	3426932788
	3426932789
	3426932790
	3426932791
	3426932792
	3426932793
	3426932794
	3426932795
	3426932796
	3426932797
	3426932798
	3426932799
	3426932800
	3426932801
	3426932802
	3426932803
	3426932804
	3426932805
	3426932806
	3426932807
	3426932808
	3426932809
	3426932810
	3426932811
	3426932812
	3426932813
	3426932814
	3426932815
	3426932816
	3426932817
	3426932818
	3426932819
	3426932820
	3426932821
	3426932822
	3426932823
	3426932824
	3426932825
	3426932826
	3426932827
	3426932828
	3426932829
	3426932830
	3426932831
	3426932832
	3426932833
	3426932834
	3426932835
	3426932836
	3426932837
	3426932838
	3426932839
	3426932840
	3426932841
	3426932842
	3426932843
	3426932844
	3426932845
	3426932846
	3426932847
	3426932848
	3426932849
	3426932850
	3426932851
	3426932852
	3426932853
	3426932854
	3426932855
	3426932856
	3426932857
	3426932858
	3426932859
	3426932860
	3426932861
	3426932862
	3426932863
	3426932864
	3426932865
	3426932866
	3426932867
	3426932868
	3426932869
	3426932870
	3426932871
	3426932872
	3426932873
	3426932874
	3426932875
	3426932876
	3426932877
	3426932878
	3426932879
	3426932880
	3426932881
	3426932882
	3426932883
	3426932884
	3426932885
	3426932886
	3426932887
	3426932888
	3426932889
	3426932890
	3426932891
	3426932892
	3426932893
	3426932894
	3426932895
	3426932896
	3426932897
	3426932898
	3426932899
	3426932900
	3426932901
	3426932902
	3426932903
	3426932904
	3426932905
	3426932906
	3426932907
	3426932908
	3426932909
	3426932910
	3426932911
	3426932912
	3426932913
	3426932914
	3426932915
	3426932916
	3426932917
	3426932918
	3426932919
	3426932920
	3426932921
	3426932922
	3426932923
	3426932924
	3426932925
	3426932926
	3426932927
	3426932928
	3426932929
	3426932930
	3426932931
	3426932932
	3426932933
	3426932934
	3426932935
	3426932936
	3426932937
	3426932938
	3426932939
	3426932940
	3426932941
	3426932942
	3426932943
	3426932944
	3426932945
	3426932946
	3426932947
	3426932948
	3426932949
	3426932950
	3426932951
	3426932952
	3426932953
	3426932954
	3426932955
	3426932956
	3426932957
	3426932958
	3426932959
	3426932960
	3426932961
	3426932962
	3426932963
	3426932964
	3426932965
	3426932966
	3426932967
	3426932968
	3426932969
	3426932970
	3426932971
	3426932972
	3426932973
	3426932974
	3426932975
	3426932976
	3426932977
	3426932978
	3426932979
	3426932980
	3426932981
	3426932982
	3426932983
	3426932984
	3426932985
	3426932986
	3426932987
	3426932988
	3426932989
	3426932990
	3426932991
	3426932992
	3426932993
	3426932994
	3426932995
	3426932996
	3426932997
	3426932998
	3426932999
	3426933000
	3426933001
	3426933002
	3426933003
	3426933004
	3426933005
	3426933006
	3426933007
	3426933008
	3426933009
	3426933010
	3426933011
	3426933012
	3426933013
	3426933014
	3426933015
	3426933016
	3426933017
	3426933018
	3426933019
	3426933020
	3426933021
	3426933022
	3426933023
	3426933024
	3426933025
	3426933026
	3426933027
	3426933028
	3426933029
	3426933030
	3426933031
	3426933032
	3426933033
	3426933034
	3426933035
	3426933036
	3426933037
	3426933038
	3426933039
	3426933040
	3426933041
	3426933042
	3426933043
	3426933044
	3426933045
	3426933046
	3426933047
	3426933048
	3426933049
	3426933050
	3426933051
	3426933052
	3426933053
	3426933054
	3426933055
	3426933056
	3426933057
	3426933058
	3426933059
	3426933060
	3426933061
	3426933062
	3426933063
	3426933064
	3426933065
	3426933066
	3426933067
	3426933068
	3426933069
	3426933070
	3426933071
	3426933072
	3426933073
	3426933074
	3426933075
	3426933076
	3426933077
	3426933078
	3426933079
	3426933080
	3426933081
	3426933082
	3426933083
	3426933084
	3426933085
	3426933086
	3426933087
	3426933088
	3426933089
	3426933090
	3426933091
	3426933092
	3426933093
	3426933094
	3426933095
	3426933096
	3426933097
	3426933098
	3426933099
	3426933100
	3426933101
	3426933102
	3426933103
	3426933104
	3426933105
	3426933106
	3426933107
	3426933108
	3426933109
	3426933110
	3426933111
	3426933112
	3426933113
	3426933114
	3426933115
	3426933116
	3426933117
	3426933118
	3426933119
	3426933120
	3426933121
	3426933122
	3426933123
	3426933124
	3426933125
	3426933126
	3426933127
	3426933128
	3426933129
	3426933130
	3426933131
	3426933132
	3426933133
	3426933134
	3426933135
	3426933136
	3426933137
	3426933138
	3426933139
	3426933140
	3426933141
	3426933142
	3426933143
	3426933144
	3426933145
	3426933146
	3426933147
	3426933148
	3426933149
	3426933150
	3426933151
	3426933152
	3426933153
	3426933154
	3426933155
	3426933156
	3426933157
	3426933158
	3426933159
	3426933160
	3426933161
	3426933162
	3426933163
	3426933164
	3426933165
	3426933166
	3426933167
	3426933168
	3426933169
	3426933170
	3426933171
	3426933172
	3426933173
	3426933174
	3426933175
	3426933176
	3426933177
	3426933178
	3426933179
	3426933180
	3426933181
	3426933182
	3426933183
	3426933184
	3426933185
	3426933186
	3426933187
	3426933188
	3426933189
	3426933190
	3426933191
	3426933192
	3426933193
	3426933194
	3426933195
	3426933196
	3426933197
	3426933198
	3426933199
	3426933200
	3426933201
	3426933202
	3426933203
	3426933204
	3426933205
	3426933206
	3426933207
	3426933208
	3426933209
	3426933210
	3426933211
	3426933212
	3426933213
	3426933214
	3426933215
	3426933216
	3426933217
	3426933218
	3426933219
	3426933220
	3426933221
	3426933222
	3426933223
	3426933224
	3426933225
	3426933226
	3426933227
	3426933228
	3426933229
	3426933230
	3426933231
	3426933232
	3426933233
	3426933234
	3426933235
	3426933236
	3426933237
	3426933238
	3426933239
	3426933240
	3426933241
	3426933242
	3426933243
	3426933244
	3426933245
	3426933246
	3426933247
	3426933248
	3426933249
	3426933250
	3426933251
	3426933252
	3426933253
	3426933254
	3426933255
	3426933256
	3426933257
	3426933258
	3426933259
	3426933260
	3426933261
	3426933262
	3426933263
	3426933264
	3426933265
	3426933266
	3426933267
	3426933268
	3426933269
	3426933270
	3426933271
	3426933272
	3426933273
	3426933274
	3426933275
	3426933276
	3426933277
	3426933278
	3426933279
	3426933280
	3426933281
	3426933282
	3426933283
	3426933284
	3426933285
	3426933286
	3426933287
	3426933288
	3426933289
	3426933290
	3426933291
	3426933292
	3426933293
	3426933294
	3426933295
	3426933296
	3426933297
	3426933298
	3426933299
	3426933300
	3426933301
	3426933302
	3426933303
	3426933304
	3426933305
	3426933306
	3426933307
	3426933308
	3426933309
	3426933310
	3426933311
	3426933312
	3426933313
	3426933314
	3426933315
	3426933316
	3426933317
	3426933318
	3426933319
	3426933320
	3426933321
	3426933322
	3426933323
	3426933324
	3426933325
	3426933326
	3426933327
	3426933328
	3426933329
	3426933330
	3426933331
	3426933332
	3426933333
	3426933334
	3426933335
	3426933336
	3426933337
	3426933338
	3426933339
	3426933340
	3426933341
	3426933342
	3426933343
	3426933344
	3426933345
	3426933346
	3426933347
	3426933348
	3426933349
	3426933350
	3426933351
	3426933352
	3426933353
	3426933354
	3426933355
	3426933356
	3426933357
	3426933358
	3426933359
	3426933360
	3426933361
	3426933362
	3426933363
	3426933364
	3426933365
	3426933366
	3426933367
	3426933368
	3426933369
	3426933370
	3426933371
	3426933372
	3426933373
	3426933374
	3426933375
	3426933376
	3426933377
	3426933378
	3426933379
	3426933380
	3426933381
	3426933382
	3426933383
	3426933384
	3426933385
	3426933386
	3426933387
	3426933388
	3426933389
	3426933390
	3426933391
	3426933392
	3426933393
	3426933394
	3426933395
	3426933396
	3426933397
	3426933398
	3426933399
	3426933400
	3426933401
	3426933402
	3426933403
	3426933404
	3426933405
	3426933406
	3426933407
	3426933408
	3426933409
	3426933410
	3426933411
	3426933412
	3426933413
	3426933414
	3426933415
	3426933416
	3426933417
	3426933418
	3426933419
	3426933420
	3426933421
	3426933422
	3426933423
	3426933424
	3426933425
	3426933426
	3426933427
	3426933428
	3426933429
	3426933430
	3426933431
	3426933432
	3426933433
	3426933434
	3426933435
	3426933436
	3426933437
	3426933438
	3426933439
	3426933440
	3426933441
	3426933442
	3426933443
	3426933444
	3426933445
	3426933446
	3426933447
	3426933448
	3426933449
	3426933450
	3426933451
	3426933452
	3426933453
	3426933454
	3426933455
	3426933456
	3426933457
	3426933458
	3426933459
	3426933460
	3426933461
	3426933462
	3426933463
	3426933464
	3426933465
	3426933466
	3426933467
	3426933468
	3426933469
	3426933470
	3426933471
	3426933472
	3426933473
	3426933474
	3426933475
	3426933476
	3426933477
	3426933478
	3426933479
	3426933480
	3426933481
	3426933482
	3426933483
	3426933484
	3426933485
	3426933486
	3426933487
	3426933488
	3426933489
	3426933490
	3426933491
	3426933492
	3426933493
	3426933494
	3426933495
	3426933496
	3426933497
	3426933498
	3426933499
	3426933500
	3426933501
	3426933502
	3426933503
	3426933504
	3426933505
	3426933506
	3426933507
	3426933508
	3426933509
	3426933510
	3426933511
	3426933512
	3426933513
	3426933514
	3426933515
	3426933516
	3426933517
	3426933518
	3426933519
	3426933520
	3426933521
	3426933522
	3426933523
	3426933524
	3426933525
	3426933526
	3426933527
	3426933528
	3426933529
	3426933530
	3426933531
	3426933532
	3426933533
	3426933534
	3426933535
	3426933536
	3426933537
	3426933538
	3426933539
	3426933540
	3426933541
	3426933542
	3426933543
	3426933544
	3426933545
	3426933546
	3426933547
	3426933548
	3426933549
	3426933550
	3426933551
	3426933552
	3426933553
	3426933554
	3426933555
	3426933556
	3426933557
	3426933558
	3426933559
	3426933560
	3426933561
	3426933562
	3426933563
	3426933564
	3426933565
	3426933566
	3426933567
	3426933568
	3426933569
	3426933570
	3426933571
	3426933572
	3426933573
	3426933574
	3426933575
	3426933576
	3426933577
	3426933578
	3426933579
	3426933580
	3426933581
	3426933582
	3426933583
	3426933584
	3426933585
	3426933586
	3426933587
	3426933588
	3426933589
	3426933590
	3426933591
	3426933592
	3426933593
	3426933594
	3426933595
	3426933596
	3426933597
	3426933598
	3426933599
	3426933600
	3426933601
	3426933602
	3426933603
	3426933604
	3426933605
	3426933606
	3426933607
	3426933608
	3426933609
	3426933610
	3426933611
	3426933612
	3426933613
	3426933614
	3426933615
	3426933616
	3426933617
	3426933618
	3426933619
	3426933620
	3426933621
	3426933622
	3426933623
	3426933624
	3426933625
	3426933626
	3426933627
	3426933628
	3426933629
	3426933630
	3426933631
	3426933632
	3426933633
	3426933634
	3426933635
	3426933636
	3426933637
	3426933638
	3426933639
	3426933640
	3426933641
	3426933642
	3426933643
	3426933644
	3426933645
	3426933646
	3426933647
	3426933648
	3426933649
	3426933650
	3426933651
	3426933652
	3426933653
	3426933654
	3426933655
	3426933656
	3426933657
	3426933658
	3426933659
	3426933660
	3426933661
	3426933662
	3426933663
	3426933664
	3426933665
	3426933666
	3426933667
	3426933668
	3426933669
	3426933670
	3426933671
	3426933672
	3426933673
	3426933674
	3426933675
	3426933676
	3426933677
	3426933678
	3426933679
	3426933680
	3426933681
	3426933682
	3426933683
	3426933684
	3426933685
	3426933686
	3426933687
	3426933688
	3426933689
	3426933690
	3426933691
	3426933692
	3426933693
	3426933694
	3426933695
	3426933696
	3426933697
	3426933698
	3426933699
	3426933700
	3426933701
	3426933702
	3426933703
	3426933704
	3426933705
	3426933706
	3426933707
	3426933708
	3426933709
	3426933710
	3426933711
	3426933712
	3426933713
	3426933714
	3426933715
	3426933716
	3426933717
	3426933718
	3426933719
	3426933720
	3426933721
	3426933722
	3426933723
	3426933724
	3426933725
	3426933726
	3426933727
	3426933728
	3426933729
	3426933730
	3426933731
	3426933732
	3426933733
	3426933734
	3426933735
	3426933736
	3426933737
	3426933738
	3426933739
	3426933740
	3426933741
	3426933742
	3426933743
	3426933744
	3426933745
	3426933746
	3426933747
	3426933748
	3426933749
	3426933750
	3426933751
	3426933752
	3426933753
	3426933754
	3426933755
	3426933756
	3426933757
	3426933758
	3426933759
	3426933760
	3426933761
	3426933762
	3426933763
	3426933764
	3426933765
	3426933766
	3426933767
	3426933768
	3426933769
	3426933770
	3426933771
	3426933772
	3426933773
	3426933774
	3426933775
	3426933776
	3426933777
	3426933778
	3426933779
	3426933780
	3426933781
	3426933782
	3426933783
	3426933784
	3426933785
	3426933786
	3426933787
	3426933788
	3426933789
	3426933790
	3426933791
	3426933792
	3426933793
	3426933794
	3426933795
	3426933796
	3426933797
	3426933798
	3426933799
	3426933800
	3426933801
	3426933802
	3426933803
	3426933804
	3426933805
	3426933806
	3426933807
	3426933808
	3426933809
	3426933810
	3426933811
	3426933812
	3426933813
	3426933814
	3426933815
	3426933816
	3426933817
	3426933818
	3426933819
	3426933820
	3426933821
	3426933822
	3426933823
	3426933824
	3426933825
	3426933826
	3426933827
	3426933828
	3426933829
	3426933830
	3426933831
	3426933832
	3426933833
	3426933834
	3426933835
	3426933836
	3426933837
	3426933838
	3426933839
	3426933840
	3426933841
	3426933842
	3426933843
	3426933844
	3426933845
	3426933846
	3426933847
	3426933848
	3426933849
	3426933850
	3426933851
	3426933852
	3426933853
	3426933854
	3426933855
	3426933856
	3426933857
	3426933858
	3426933859
	3426933860
	3426933861
	3426933862
	3426933863
	3426933864
	3426933865
	3426933866
	3426933867
	3426933868
	3426933869
	3426933870
	3426933871
	3426933872
	3426933873
	3426933874
	3426933875
	3426933876
	3426933877
	3426933878
	3426933879
	3426933880
	3426933881
	3426933882
	3426933883
	3426933884
	3426933885
	3426933886
	3426933887
	3426933888
	3426933889
	3426933890
	3426933891
	3426933892
	3426933893
	3426933894
	3426933895
	3426933896
	3426933897
	3426933898
	3426933899
	3426933900
	3426933901
	3426933902
	3426933903
	3426933904
	3426933905
	3426933906
	3426933907
	3426933908
	3426933909
	3426933910
	3426933911
	3426933912
	3426933913
	3426933914
	3426933915
	3426933916
	3426933917
	3426933918
	3426933919
	3426933920
	3426933921
	3426933922
	3426933923
	3426933924
	3426933925
	3426933926
	3426933927
	3426933928
	3426933929
	3426933930
	3426933931
	3426933932
	3426933933
	3426933934
	3426933935
	3426933936
	3426933937
	3426933938
	3426933939
	3426933940
	3426933941
	3426933942
	3426933943
	3426933944
	3426933945
	3426933946
	3426933947
	3426933948
	3426933949
	3426933950
	3426933951
	3426933952
	3426933953
	3426933954
	3426933955
	3426933956
	3426933957
	3426933958
	3426933959
	3426933960
	3426933961
	3426933962
	3426933963
	3426933964
	3426933965
	3426933966
	3426933967
	3426933968
	3426933969
	3426933970
	3426933971
	3426933972
	3426933973
	3426933974
	3426933975
	3426933976
	3426933977
	3426933978
	3426933979
	3426933980
	3426933981
	3426933982
	3426933983
	3426933984
	3426933985
	3426933986
	3426933987
	3426933988
	3426933989
	3426933990
	3426933991
	3426933992
	3426933993
	3426933994
	3426933995
	3426933996
	3426933997
	3426933998
	3426933999
	3426934000
	3426934001
	3426934002
	3426934003
	3426934004
	3426934005
	3426934006
	3426934007
	3426934008
	3426934009
	3426934010
	3426934011
	3426934012
	3426934013
	3426934014
	3426934015
	3426934016
	3426934017
	3426934018
	3426934019
	3426934020
	3426934021
	3426934022
	3426934023
	3426934024
	3426934025
	3426934026
	3426934027
	3426934028
	3426934029
	3426934030
	3426934031
	3426934032
	3426934033
	3426934034
	3426934035
	3426934036
	3426934037
	3426934038
	3426934039
	3426934040
	3426934041
	3426934042
	3426934043
	3426934044
	3426934045
	3426934046
	3426934047
	3426934048
	3426934049
	3426934050
	3426934051
	3426934052
	3426934053
	3426934054
	3426934055
	3426934056
	3426934057
	3426934058
	3426934059
	3426934060
	3426934061
	3426934062
	3426934063
	3426934064
	3426934065
	3426934066
	3426934067
	3426934068
	3426934069
	3426934070
	3426934071
	3426934072
	3426934073
	3426934074
	3426934075
	3426934076
	3426934077
	3426934078
	3426934079
	3426934080
	3426934081
	3426934082
	3426934083
	3426934084
	3426934085
	3426934086
	3426934087
	3426934088
	3426934089
	3426934090
	3426934091
	3426934092
	3426934093
	3426934094
	3426934095
	3426934096
	3426934097
	3426934098
	3426934099
	3426934100
	3426934101
	3426934102
	3426934103
	3426934104
	3426934105
	3426934106
	3426934107
	3426934108
	3426934109
	3426934110
	3426934111
	3426934112
	3426934113
	3426934114
	3426934115
	3426934116
	3426934117
	3426934118
	3426934119
	3426934120
	3426934121
	3426934122
	3426934123
	3426934124
	3426934125
	3426934126
	3426934127
	3426934128
	3426934129
	3426934130
	3426934131
	3426934132
	3426934133
	3426934134
	3426934135
	3426934136
	3426934137
	3426934138
	3426934139
	3426934140
	3426934141
	3426934142
	3426934143
	3426934144
	3426934145
	3426934146
	3426934147
	3426934148
	3426934149
	3426934150
	3426934151
	3426934152
	3426934153
	3426934154
	3426934155
	3426934156
	3426934157
	3426934158
	3426934159
	3426934160
	3426934161
	3426934162
	3426934163
	3426934164
	3426934165
	3426934166
	3426934167
	3426934168
	3426934169
	3426934170
	3426934171
	3426934172
	3426934173
	3426934174
	3426934175
	3426934176
	3426934177
	3426934178
	3426934179
	3426934180
	3426934181
	3426934182
	3426934183
	3426934184
	3426934185
	3426934186
	3426934187
	3426934188
	3426934189
	3426934190
	3426934191
	3426934192
	3426934193
	3426934194
	3426934195
	3426934196
	3426934197
	3426934198
	3426934199
	3426934200
	3426934201
	3426934202
	3426934203
	3426934204
	3426934205
	3426934206
	3426934207
	3426934208
	3426934209
	3426934210
	3426934211
	3426934212
	3426934213
	3426934214
	3426934215
	3426934216
	3426934217
	3426934218
	3426934219
	3426934220
	3426934221
	3426934222
	3426934223
	3426934224
	3426934225
	3426934226
	3426934227
	3426934228
	3426934229
	3426934230
	3426934231
	3426934232
	3426934233
	3426934234
	3426934235
	3426934236
	3426934237
	3426934238
	3426934239
	3426934240
	3426934241
	3426934242
	3426934243
	3426934244
	3426934245
	3426934246
	3426934247
	3426934248
	3426934249
	3426934250
	3426934251
	3426934252
	3426934253
	3426934254
	3426934255
	3426934256
	3426934257
	3426934258
	3426934259
	3426934260
	3426934261
	3426934262
	3426934263
	3426934264
	3426934265
	3426934266
	3426934267
	3426934268
	3426934269
	3426934270
	3426934271
	3426934272
	3426934273
	3426934274
	3426934275
	3426934276
	3426934277
	3426934278
	3426934279
	3426934280
	3426934281
	3426934282
	3426934283
	3426934284
	3426934285
	3426934286
	3426934287
	3426934288
	3426934289
	3426934290
	3426934291
	3426934292
	3426934293
	3426934294
	3426934295
	3426934296
	3426934297
	3426934298
	3426934299
	3426934300
	3426934301
	3426934302
	3426934303
	3426934304
	3426934305
	3426934306
	3426934307
	3426934308
	3426934309
	3426934310
	3426934311
	3426934312
	3426934313
	3426934314
	3426934315
	3426934316
	3426934317
	3426934318
	3426934319
	3426934320
	3426934321
	3426934322
	3426934323
	3426934324
	3426934325
	3426934326
	3426934327
	3426934328
	3426934329
	3426934330
	3426934331
	3426934332
	3426934333
	3426934334
	3426934335
	3426934336
	3426934337
	3426934338
	3426934339
	3426934340
	3426934341
	3426934342
	3426934343
	3426934344
	3426934345
	3426934346
	3426934347
	3426934348
	3426934349
	3426934350
	3426934351
	3426934352
	3426934353
	3426934354
	3426934355
	3426934356
	3426934357
	3426934358
	3426934359
	3426934360
	3426934361
	3426934362
	3426934363
	3426934364
	3426934365
	3426934366
	3426934367
	3426934368
	3426934369
	3426934370
	3426934371
	3426934372
	3426934373
	3426934374
	3426934375
	3426934376
	3426934377
	3426934378
	3426934379
	3426934380
	3426934381
	3426934382
	3426934383
	3426934384
	3426934385
	3426934386
	3426934387
	3426934388
	3426934389
	3426934390
	3426934391
	3426934392
	3426934393
	3426934394
	3426934395
	3426934396
	3426934397
	3426934398
	3426934399
	3426934400
	3426934401
	3426934402
	3426934403
	3426934404
	3426934405
	3426934406
	3426934407
	3426934408
	3426934409
	3426934410
	3426934411
	3426934412
	3426934413
	3426934414
	3426934415
	3426934416
	3426934417
	3426934418
	3426934419
	3426934420
	3426934421
	3426934422
	3426934423
	3426934424
	3426934425
	3426934426
	3426934427
	3426934428
	3426934429
	3426934430
	3426934431
	3426934432
	3426934433
	3426934434
	3426934435
	3426934436
	3426934437
	3426934438
	3426934439
	3426934440
	3426934441
	3426934442
	3426934443
	3426934444
	3426934445
	3426934446
	3426934447
	3426934448
	3426934449
	3426934450
	3426934451
	3426934452
	3426934453
	3426934454
	3426934455
	3426934456
	3426934457
	3426934458
	3426934459
	3426934460
	3426934461
	3426934462
	3426934463
	3426934464
	3426934465
	3426934466
	3426934467
	3426934468
	3426934469
	3426934470
	3426934471
	3426934472
	3426934473
	3426934474
	3426934475
	3426934476
	3426934477
	3426934478
	3426934479
	3426934480
	3426934481
	3426934482
	3426934483
	3426934484
	3426934485
	3426934486
	3426934487
	3426934488
	3426934489
	3426934490
	3426934491
	3426934492
	3426934493
	3426934494
	3426934495
	3426934496
	3426934497
	3426934498
	3426934499
	3426934500
	3426934501
	3426934502
	3426934503
	3426934504
	3426934505
	3426934506
	3426934507
	3426934508
	3426934509
	3426934510
	3426934511
	3426934512
	3426934513
	3426934514
	3426934515
	3426934516
	3426934517
	3426934518
	3426934519
	3426934520
	3426934521
	3426934522
	3426934523
	3426934524
	3426934525
	3426934526
	3426934527
	3426934528
	3426934529
	3426934530
	3426934531
	3426934532
	3426934533
	3426934534
	3426934535
	3426934536
	3426934537
	3426934538
	3426934539
	3426934540
	3426934541
	3426934542
	3426934543
	3426934544
	3426934545
	3426934546
	3426934547
	3426934548
	3426934549
	3426934550
	3426934551
	3426934552
	3426934553
	3426934554
	3426934555
	3426934556
	3426934557
	3426934558
	3426934559
	3426934560
	3426934561
	3426934562
	3426934563
	3426934564
	3426934565
	3426934566
	3426934567
	3426934568
	3426934569
	3426934570
	3426934571
	3426934572
	3426934573
	3426934574
	3426934575
	3426934576
	3426934577
	3426934578
	3426934579
	3426934580
	3426934581
	3426934582
	3426934583
	3426934584
	3426934585
	3426934586
	3426934587
	3426934588
	3426934589
	3426934590
	3426934591
	3426934592
	3426934593
	3426934594
	3426934595
	3426934596
	3426934597
	3426934598
	3426934599
	3426934600
	3426934601
	3426934602
	3426934603
	3426934604
	3426934605
	3426934606
	3426934607
	3426934608
	3426934609
	3426934610
	3426934611
	3426934612
	3426934613
	3426934614
	3426934615
	3426934616
	3426934617
	3426934618
	3426934619
	3426934620
	3426934621
	3426934622
	3426934623
	3426934624
	3426934625
	3426934626
	3426934627
	3426934628
	3426934629
	3426934630
	3426934631
	3426934632
	3426934633
	3426934634
	3426934635
	3426934636
	3426934637
	3426934638
	3426934639
	3426934640
	3426934641
	3426934642
	3426934643
	3426934644
	3426934645
	3426934646
	3426934647
	3426934648
	3426934649
	3426934650
	3426934651
	3426934652
	3426934653
	3426934654
	3426934655
	3426934656
	3426934657
	3426934658
	3426934659
	3426934660
	3426934661
	3426934662
	3426934663
	3426934664
	3426934665
	3426934666
	3426934667
	3426934668
	3426934669
	3426934670
	3426934671
	3426934672
	3426934673
	3426934674
	3426934675
	3426934676
	3426934677
	3426934678
	3426934679
	3426934680
	3426934681
	3426934682
	3426934683
	3426934684
	3426934685
	3426934686
	3426934687
	3426934688
	3426934689
	3426934690
	3426934691
	3426934692
	3426934693
	3426934694
	3426934695
	3426934696
	3426934697
	3426934698
	3426934699
	3426934700
	3426934701
	3426934702
	3426934703
	3426934704
	3426934705
	3426934706
	3426934707
	3426934708
	3426934709
	3426934710
	3426934711
	3426934712
	3426934713
	3426934714
	3426934715
	3426934716
	3426934717
	3426934718
	3426934719
	3426934720
	3426934721
	3426934722
	3426934723
	3426934724
	3426934725
	3426934726
	3426934727
	3426934728
	3426934729
	3426934730
	3426934731
	3426934732
	3426934733
	3426934734
	3426934735
	3426934736
	3426934737
	3426934738
	3426934739
	3426934740
	3426934741
	3426934742
	3426934743
	3426934744
	3426934745
	3426934746
	3426934747
	3426934748
	3426934749
	3426934750
	3426934751
	3426934752
	3426934753
	3426934754
	3426934755
	3426934756
	3426934757
	3426934758
	3426934759
	3426934760
	3426934761
	3426934762
	3426934763
	3426934764
	3426934765
	3426934766
	3426934767
	3426934768
	3426934769
	3426934770
	3426934771
	3426934772
	3426934773
	3426934774
	3426934775
	3426934776
	3426934777
	3426934778
	3426934779
	3426934780
	3426934781
	3426934782
	3426934783
	3426934784
	3426934785
	3426934786
	3426934787
	3426934788
	3426934789
	3426934790
	3426934791
	3426934792
	3426934793
	3426934794
	3426934795
	3426934796
	3426934797
	3426934798
	3426934799
	3426934800
	3426934801
	3426934802
	3426934803
	3426934804
	3426934805
	3426934806
	3426934807
	3426934808
	3426934809
	3426934810
	3426934811
	3426934812
	3426934813
	3426934814
	3426934815
	3426934816
	3426934817
	3426934818
	3426934819
	3426934820
	3426934821
	3426934822
	3426934823
	3426934824
	3426934825
	3426934826
	3426934827
	3426934828
	3426934829
	3426934830
	3426934831
	3426934832
	3426934833
	3426934834
	3426934835
	3426934836
	3426934837
	3426934838
	3426934839
	3426934840
	3426934841
	3426934842
	3426934843
	3426934844
	3426934845
	3426934846
	3426934847
	3426934848
	3426934849
	3426934850
	3426934851
	3426934852
	3426934853
	3426934854
	3426934855
	3426934856
	3426934857
	3426934858
	3426934859
	3426934860
	3426934861
	3426934862
	3426934863
	3426934864
	3426934865
	3426934866
	3426934867
	3426934868
	3426934869
	3426934870
	3426934871
	3426934872
	3426934873
	3426934874
	3426934875
	3426934876
	3426934877
	3426934878
	3426934879
	3426934880
	3426934881
	3426934882
	3426934883
	3426934884
	3426934885
	3426934886
	3426934887
	3426934888
	3426934889
	3426934890
	3426934891
	3426934892
	3426934893
	3426934894
	3426934895
	3426934896
	3426934897
	3426934898
	3426934899
	3426934900
	3426934901
	3426934902
	3426934903
	3426934904
	3426934905
	3426934906
	3426934907
	3426934908
	3426934909
	3426934910
	3426934911
	3426934912
	3426934913
	3426934914
	3426934915
	3426934916
	3426934917
	3426934918
	3426934919
	3426934920
	3426934921
	3426934922
	3426934923
	3426934924
	3426934925
	3426934926
	3426934927
	3426934928
	3426934929
	3426934930
	3426934931
	3426934932
	3426934933
	3426934934
	3426934935
	3426934936
	3426934937
	3426934938
	3426934939
	3426934940
	3426934941
	3426934942
	3426934943
	3426934944
	3426934945
	3426934946
	3426934947
	3426934948
	3426934949
	3426934950
	3426934951
	3426934952
	3426934953
	3426934954
	3426934955
	3426934956
	3426934957
	3426934958
	3426934959
	3426934960
	3426934961
	3426934962
	3426934963
	3426934964
	3426934965
	3426934966
	3426934967
	3426934968
	3426934969
	3426934970
	3426934971
	3426934972
	3426934973
	3426934974
	3426934975
	3426934976
	3426934977
	3426934978
	3426934979
	3426934980
	3426934981
	3426934982
	3426934983
	3426934984
	3426934985
	3426934986
	3426934987
	3426934988
	3426934989
	3426934990
	3426934991
	3426934992
	3426934993
	3426934994
	3426934995
	3426934996
	3426934997
	3426934998
	3426934999
	3426935000
	3426935001
	3426935002
	3426935003
	3426935004
	3426935005
	3426935006
	3426935007
	3426935008
	3426935009
	3426935010
	3426935011
	3426935012
	3426935013
	3426935014
	3426935015
	3426935016
	3426935017
	3426935018
	3426935019
	3426935020
	3426935021
	3426935022
	3426935023
	3426935024
	3426935025
	3426935026
	3426935027
	3426935028
	3426935029
	3426935030
	3426935031
	3426935032
	3426935033
	3426935034
	3426935035
	3426935036
	3426935037
	3426935038
	3426935039
	3426935040
	3426935041
	3426935042
	3426935043
	3426935044
	3426935045
	3426935046
	3426935047
	3426935048
	3426935049
	3426935050
	3426935051
	3426935052
	3426935053
	3426935054
	3426935055
	3426935056
	3426935057
	3426935058
	3426935059
	3426935060
	3426935061
	3426935062
	3426935063
	3426935064
	3426935065
	3426935066
	3426935067
	3426935068
	3426935069
	3426935070
	3426935071
	3426935072
	3426935073
	3426935074
	3426935075
	3426935076
	3426935077
	3426935078
	3426935079
	3426935080
	3426935081
	3426935082
	3426935083
	3426935084
	3426935085
	3426935086
	3426935087
	3426935088
	3426935089
	3426935090
	3426935091
	3426935092
	3426935093
	3426935094
	3426935095
	3426935096
	3426935097
	3426935098
	3426935099
	3426935100
	3426935101
	3426935102
	3426935103
	3426935104
	3426935105
	3426935106
	3426935107
	3426935108
	3426935109
	3426935110
	3426935111
	3426935112
	3426935113
	3426935114
	3426935115
	3426935116
	3426935117
	3426935118
	3426935119
	3426935120
	3426935121
	3426935122
	3426935123
	3426935124
	3426935125
	3426935126
	3426935127
	3426935128
	3426935129
	3426935130
	3426935131
	3426935132
	3426935133
	3426935134
	3426935135
	3426935136
	3426935137
	3426935138
	3426935139
	3426935140
	3426935141
	3426935142
	3426935143
	3426935144
	3426935145
	3426935146
	3426935147
	3426935148
	3426935149
	3426935150
	3426935151
	3426935152
	3426935153
	3426935154
	3426935155
	3426935156
	3426935157
	3426935158
	3426935159
	3426935160
	3426935161
	3426935162
	3426935163
	3426935164
	3426935165
	3426935166
	3426935167
	3426935168
	3426935169
	3426935170
	3426935171
	3426935172
	3426935173
	3426935174
	3426935175
	3426935176
	3426935177
	3426935178
	3426935179
	3426935180
	3426935181
	3426935182
	3426935183
	3426935184
	3426935185
	3426935186
	3426935187
	3426935188
	3426935189
	3426935190
	3426935191
	3426935192
	3426935193
	3426935194
	3426935195
	3426935196
	3426935197
	3426935198
	3426935199
	3426935200
	3426935201
	3426935202
	3426935203
	3426935204
	3426935205
	3426935206
	3426935207
	3426935208
	3426935209
	3426935210
	3426935211
	3426935212
	3426935213
	3426935214
	3426935215
	3426935216
	3426935217
	3426935218
	3426935219
	3426935220
	3426935221
	3426935222
	3426935223
	3426935224
	3426935225
	3426935226
	3426935227
	3426935228
	3426935229
	3426935230
	3426935231
	3426935232
	3426935233
	3426935234
	3426935235
	3426935236
	3426935237
	3426935238
	3426935239
	3426935240
	3426935241
	3426935242
	3426935243
	3426935244
	3426935245
	3426935246
	3426935247
	3426935248
	3426935249
	3426935250
	3426935251
	3426935252
	3426935253
	3426935254
	3426935255
	3426935256
	3426935257
	3426935258
	3426935259
	3426935260
	3426935261
	3426935262
	3426935263
	3426935264
	3426935265
	3426935266
	3426935267
	3426935268
	3426935269
	3426935270
	3426935271
	3426935272
	3426935273
	3426935274
	3426935275
	3426935276
	3426935277
	3426935278
	3426935279
	3426935280
	3426935281
	3426935282
	3426935283
	3426935284
	3426935285
	3426935286
	3426935287
	3426935288
	3426935289
	3426935290
	3426935291
	3426935292
	3426935293
	3426935294
	3426935295
	3426935296
	3426935297
	3426935298
	3426935299
	3426935300
	3426935301
	3426935302
	3426935303
	3426935304
	3426935305
	3426935306
	3426935307
	3426935308
	3426935309
	3426935310
	3426935311
	3426935312
	3426935313
	3426935314
	3426935315
	3426935316
	3426935317
	3426935318
	3426935319
	3426935320
	3426935321
	3426935322
	3426935323
	3426935324
	3426935325
	3426935326
	3426935327
	3426935328
	3426935329
	3426935330
	3426935331
	3426935332
	3426935333
	3426935334
	3426935335
	3426935336
	3426935337
	3426935338
	3426935339
	3426935340
	3426935341
	3426935342
	3426935343
	3426935344
	3426935345
	3426935346
	3426935347
	3426935348
	3426935349
	3426935350
	3426935351
	3426935352
	3426935353
	3426935354
	3426935355
	3426935356
	3426935357
	3426935358
	3426935359
	3426935360
	3426935361
	3426935362
	3426935363
	3426935364
	3426935365
	3426935366
	3426935367
	3426935368
	3426935369
	3426935370
	3426935371
	3426935372
	3426935373
	3426935374
	3426935375
	3426935376
	3426935377
	3426935378
	3426935379
	3426935380
	3426935381
	3426935382
	3426935383
	3426935384
	3426935385
	3426935386
	3426935387
	3426935388
	3426935389
	3426935390
	3426935391
	3426935392
	3426935393
	3426935394
	3426935395
	3426935396
	3426935397
	3426935398
	3426935399
	3426935400
	3426935401
	3426935402
	3426935403
	3426935404
	3426935405
	3426935406
	3426935407
	3426935408
	3426935409
	3426935410
	3426935411
	3426935412
	3426935413
	3426935414
	3426935415
	3426935416
	3426935417
	3426935418
	3426935419
	3426935420
	3426935421
	3426935422
	3426935423
	3426935424
	3426935425
	3426935426
	3426935427
	3426935428
	3426935429
	3426935430
	3426935431
	3426935432
	3426935433
	3426935434
	3426935435
	3426935436
	3426935437
	3426935438
	3426935439
	3426935440
	3426935441
	3426935442
	3426935443
	3426935444
	3426935445
	3426935446
	3426935447
	3426935448
	3426935449
	3426935450
	3426935451
	3426935452
	3426935453
	3426935454
	3426935455
	3426935456
	3426935457
	3426935458
	3426935459
	3426935460
	3426935461
	3426935462
	3426935463
	3426935464
	3426935465
	3426935466
	3426935467
	3426935468
	3426935469
	3426935470
	3426935471
	3426935472
	3426935473
	3426935474
	3426935475
	3426935476
	3426935477
	3426935478
	3426935479
	3426935480
	3426935481
	3426935482
	3426935483
	3426935484
	3426935485
	3426935486
	3426935487
	3426935488
	3426935489
	3426935490
	3426935491
	3426935492
	3426935493
	3426935494
	3426935495
	3426935496
	3426935497
	3426935498
	3426935499
	3426935500
	3426935501
	3426935502
	3426935503
	3426935504
	3426935505
	3426935506
	3426935507
	3426935508
	3426935509
	3426935510
	3426935511
	3426935512
	3426935513
	3426935514
	3426935515
	3426935516
	3426935517
	3426935518
	3426935519
	3426935520
	3426935521
	3426935522
	3426935523
	3426935524
	3426935525
	3426935526
	3426935527
	3426935528
	3426935529
	3426935530
	3426935531
	3426935532
	3426935533
	3426935534
	3426935535
	3426935536
	3426935537
	3426935538
	3426935539
	3426935540
	3426935541
	3426935542
	3426935543
	3426935544
	3426935545
	3426935546
	3426935547
	3426935548
	3426935549
	3426935550
	3426935551
	3426935552
	3426935553
	3426935554
	3426935555
	3426935556
	3426935557
	3426935558
	3426935559
	3426935560
	3426935561
	3426935562
	3426935563
	3426935564
	3426935565
	3426935566
	3426935567
	3426935568
	3426935569
	3426935570
	3426935571
	3426935572
	3426935573
	3426935574
	3426935575
	3426935576
	3426935577
	3426935578
	3426935579
	3426935580
	3426935581
	3426935582
	3426935583
	3426935584
	3426935585
	3426935586
	3426935587
	3426935588
	3426935589
	3426935590
	3426935591
	3426935592
	3426935593
	3426935594
	3426935595
	3426935596
	3426935597
	3426935598
	3426935599
	3426935600
	3426935601
	3426935602
	3426935603
	3426935604
	3426935605
	3426935606
	3426935607
	3426935608
	3426935609
	3426935610
	3426935611
	3426935612
	3426935613
	3426935614
	3426935615
	3426935616
	3426935617
	3426935618
	3426935619
	3426935620
	3426935621
	3426935622
	3426935623
	3426935624
	3426935625
	3426935626
	3426935627
	3426935628
	3426935629
	3426935630
	3426935631
	3426935632
	3426935633
	3426935634
	3426935635
	3426935636
	3426935637
	3426935638
	3426935639
	3426935640
	3426935641
	3426935642
	3426935643
	3426935644
	3426935645
	3426935646
	3426935647
	3426935648
	3426935649
	3426935650
	3426935651
	3426935652
	3426935653
	3426935654
	3426935655
	3426935656
	3426935657
	3426935658
	3426935659
	3426935660
	3426935661
	3426935662
	3426935663
	3426935664
	3426935665
	3426935666
	3426935667
	3426935668
	3426935669
	3426935670
	3426935671
	3426935672
	3426935673
	3426935674
	3426935675
	3426935676
	3426935677
	3426935678
	3426935679
	3426935680
	3426935681
	3426935682
	3426935683
	3426935684
	3426935685
	3426935686
	3426935687
	3426935688
	3426935689
	3426935690
	3426935691
	3426935692
	3426935693
	3426935694
	3426935695
	3426935696
	3426935697
	3426935698
	3426935699
	3426935700
	3426935701
	3426935702
	3426935703
	3426935704
	3426935705
	3426935706
	3426935707
	3426935708
	3426935709
	3426935710
	3426935711
	3426935712
	3426935713
	3426935714
	3426935715
	3426935716
	3426935717
	3426935718
	3426935719
	3426935720
	3426935721
	3426935722
	3426935723
	3426935724
	3426935725
	3426935726
	3426935727
	3426935728
	3426935729
	3426935730
	3426935731
	3426935732
	3426935733
	3426935734
	3426935735
	3426935736
	3426935737
	3426935738
	3426935739
	3426935740
	3426935741
	3426935742
	3426935743
	3426935744
	3426935745
	3426935746
	3426935747
	3426935748
	3426935749
	3426935750
	3426935751
	3426935752
	3426935753
	3426935754
	3426935755
	3426935756
	3426935757
	3426935758
	3426935759
	3426935760
	3426935761
	3426935762
	3426935763
	3426935764
	3426935765
	3426935766
	3426935767
	3426935768
	3426935769
	3426935770
	3426935771
	3426935772
	3426935773
	3426935774
	3426935775
	3426935776
	3426935777
	3426935778
	3426935779
	3426935780
	3426935781
	3426935782
	3426935783
	3426935784
	3426935785
	3426935786
	3426935787
	3426935788
	3426935789
	3426935790
	3426935791
	3426935792
	3426935793
	3426935794
	3426935795
	3426935796
	3426935797
	3426935798
	3426935799
	3426935800
	3426935801
	3426935802
	3426935803
	3426935804
	3426935805
	3426935806
	3426935807
	3426935808
	3426935809
	3426935810
	3426935811
	3426935812
	3426935813
	3426935814
	3426935815
	3426935816
	3426935817
	3426935818
	3426935819
	3426935820
	3426935821
	3426935822
	3426935823
	3426935824
	3426935825
	3426935826
	3426935827
	3426935828
	3426935829
	3426935830
	3426935831
	3426935832
	3426935833
	3426935834
	3426935835
	3426935836
	3426935837
	3426935838
	3426935839
	3426935840
	3426935841
	3426935842
	3426935843
	3426935844
	3426935845
	3426935846
	3426935847
	3426935848
	3426935849
	3426935850
	3426935851
	3426935852
	3426935853
	3426935854
	3426935855
	3426935856
	3426935857
	3426935858
	3426935859
	3426935860
	3426935861
	3426935862
	3426935863
	3426935864
	3426935865
	3426935866
	3426935867
	3426935868
	3426935869
	3426935870
	3426935871
	3426935872
	3426935873
	3426935874
	3426935875
	3426935876
	3426935877
	3426935878
	3426935879
	3426935880
	3426935881
	3426935882
	3426935883
	3426935884
	3426935885
	3426935886
	3426935887
	3426935888
	3426935889
	3426935890
	3426935891
	3426935892
	3426935893
	3426935894
	3426935895
	3426935896
	3426935897
	3426935898
	3426935899
	3426935900
	3426935901
	3426935902
	3426935903
	3426935904
	3426935905
	3426935906
	3426935907
	3426935908
	3426935909
	3426935910
	3426935911
	3426935912
	3426935913
	3426935914
	3426935915
	3426935916
	3426935917
	3426935918
	3426935919
	3426935920
	3426935921
	3426935922
	3426935923
	3426935924
	3426935925
	3426935926
	3426935927
	3426935928
	3426935929
	3426935930
	3426935931
	3426935932
	3426935933
	3426935934
	3426935935
	3426935936
	3426935937
	3426935938
	3426935939
	3426935940
	3426935941
	3426935942
	3426935943
	3426935944
	3426935945
	3426935946
	3426935947
	3426935948
	3426935949
	3426935950
	3426935951
	3426935952
	3426935953
	3426935954
	3426935955
	3426935956
	3426935957
	3426935958
	3426935959
	3426935960
	3426935961
	3426935962
	3426935963
	3426935964
	3426935965
	3426935966
	3426935967
	3426935968
	3426935969
	3426935970
	3426935971
	3426935972
	3426935973
	3426935974
	3426935975
	3426935976
	3426935977
	3426935978
	3426935979
	3426935980
	3426935981
	3426935982
	3426935983
	3426935984
	3426935985
	3426935986
	3426935987
	3426935988
	3426935989
	3426935990
	3426935991
	3426935992
	3426935993
	3426935994
	3426935995
	3426935996
	3426935997
	3426935998
	3426935999
	3426936000
	3426936001
	3426936002
	3426936003
	3426936004
	3426936005
	3426936006
	3426936007
	3426936008
	3426936009
	3426936010
	3426936011
	3426936012
	3426936013
	3426936014
	3426936015
	3426936016
	3426936017
	3426936018
	3426936019
	3426936020
	3426936021
	3426936022
	3426936023
	3426936024
	3426936025
	3426936026
	3426936027
	3426936028
	3426936029
	3426936030
	3426936031
	3426936032
	3426936033
	3426936034
	3426936035
	3426936036
	3426936037
	3426936038
	3426936039
	3426936040
	3426936041
	3426936042
	3426936043
	3426936044
	3426936045
	3426936046
	3426936047
	3426936048
	3426936049
	3426936050
	3426936051
	3426936052
	3426936053
	3426936054
	3426936055
	3426936056
	3426936057
	3426936058
	3426936059
	3426936060
	3426936061
	3426936062
	3426936063
	3426936064
	3426936065
	3426936066
	3426936067
	3426936068
	3426936069
	3426936070
	3426936071
	3426936072
	3426936073
	3426936074
	3426936075
	3426936076
	3426936077
	3426936078
	3426936079
	3426936080
	3426936081
	3426936082
	3426936083
	3426936084
	3426936085
	3426936086
	3426936087
	3426936088
	3426936089
	3426936090
	3426936091
	3426936092
	3426936093
	3426936094
	3426936095
	3426936096
	3426936097
	3426936098
	3426936099
	3426936100
	3426936101
	3426936102
	3426936103
	3426936104
	3426936105
	3426936106
	3426936107
	3426936108
	3426936109
	3426936110
	3426936111
	3426936112
	3426936113
	3426936114
	3426936115
	3426936116
	3426936117
	3426936118
	3426936119
	3426936120
	3426936121
	3426936122
	3426936123
	3426936124
	3426936125
	3426936126
	3426936127
	3426936128
	3426936129
	3426936130
	3426936131
	3426936132
	3426936133
	3426936134
	3426936135
	3426936136
	3426936137
	3426936138
	3426936139
	3426936140
	3426936141
	3426936142
	3426936143
	3426936144
	3426936145
	3426936146
	3426936147
	3426936148
