	3427023408
	3427023409
	3427023410
	3427023411
	3427023412
	3427023413
	3427023414
	3427023415
	3427023416
	3427023417
	3427023418
	3427023419
	3427023420
	3427023421
	3427023422
	3427023423
	3427023424
	3427023425
	3427023426
	3427023427
	3427023428
	3427023429
	3427023430
	3427023431
	3427023432
	3427023433
	3427023434
	3427023435
	3427023436
	3427023437
	3427023438
	3427023439
	3427023440
	3427023441
	3427023442
	3427023443
	3427023444
	3427023445
	3427023446
	3427023447
	3427023448
	3427023449
	3427023450
	3427023451
	3427023452
	3427023453
	3427023454
	3427023455
	3427023456
	3427023457
	3427023458
	3427023459
	3427023460
	3427023461
	3427023462
	3427023463
	3427023464
	3427023465
	3427023466
	3427023467
	3427023468
	3427023469
	3427023470
	3427023471
	3427023472
	3427023473
	3427023474
	3427023475
	3427023476
	3427023477
	3427023478
	3427023479
	3427023480
	3427023481
	3427023482
	3427023483
	3427023484
	3427023485
	3427023486
	3427023487
	3427023488
	3427023489
	3427023490
	3427023491
	3427023492
	3427023493
	3427023494
	3427023495
	3427023496
	3427023497
	3427023498
	3427023499
	3427023500
	3427023501
	3427023502
	3427023503
	3427023504
	3427023505
	3427023506
	3427023507
	3427023508
	3427023509
	3427023510
	3427023511
	3427023512
	3427023513
	3427023514
	3427023515
	3427023516
	3427023517
	3427023518
	3427023519
	3427023520
	3427023521
	3427023522
	3427023523
	3427023524
	3427023525
	3427023526
	3427023527
	3427023528
	3427023529
	3427023530
	3427023531
	3427023532
	3427023533
	3427023534
	3427023535
	3427023536
	3427023537
	3427023538
	3427023539
	3427023540
	3427023541
	3427023542
	3427023543
	3427023544
	3427023545
	3427023546
	3427023547
	3427023548
	3427023549
	3427023550
	3427023551
	3427023552
	3427023553
	3427023554
	3427023555
	3427023556
	3427023557
	3427023558
	3427023559
	3427023560
	3427023561
	3427023562
	3427023563
	3427023564
	3427023565
	3427023566
	3427023567
	3427023568
	3427023569
	3427023570
	3427023571
	3427023572
	3427023573
	3427023574
	3427023575
	3427023576
	3427023577
	3427023578
	3427023579
	3427023580
	3427023581
	3427023582
	3427023583
	3427023584
	3427023585
	3427023586
	3427023587
	3427023588
	3427023589
	3427023590
	3427023591
	3427023592
	3427023593
	3427023594
	3427023595
	3427023596
	3427023597
	3427023598
	3427023599
	3427023600
	3427023601
	3427023602
	3427023603
	3427023604
	3427023605
	3427023606
	3427023607
	3427023608
	3427023609
	3427023610
	3427023611
	3427023612
	3427023613
	3427023614
	3427023615
	3427023616
	3427023617
	3427023618
	3427023619
	3427023620
	3427023621
	3427023622
	3427023623
	3427023624
	3427023625
	3427023626
	3427023627
	3427023628
	3427023629
	3427023630
	3427023631
	3427023632
	3427023633
	3427023634
	3427023635
	3427023636
	3427023637
	3427023638
	3427023639
	3427023640
	3427023641
	3427023642
	3427023643
	3427023644
	3427023645
	3427023646
	3427023647
	3427023648
	3427023649
	3427023650
	3427023651
	3427023652
	3427023653
	3427023654
	3427023655
	3427023656
	3427023657
	3427023658
	3427023659
	3427023660
	3427023661
	3427023662
	3427023663
	3427023664
	3427023665
	3427023666
	3427023667
	3427023668
	3427023669
	3427023670
	3427023671
	3427023672
	3427023673
	3427023674
	3427023675
	3427023676
	3427023677
	3427023678
	3427023679
	3427023680
	3427023681
	3427023682
	3427023683
	3427023684
	3427023685
	3427023686
	3427023687
	3427023688
	3427023689
	3427023690
	3427023691
	3427023692
	3427023693
	3427023694
	3427023695
	3427023696
	3427023697
	3427023698
	3427023699
	3427023700
	3427023701
	3427023702
	3427023703
	3427023704
	3427023705
	3427023706
	3427023707
	3427023708
	3427023709
	3427023710
	3427023711
	3427023712
	3427023713
	3427023714
	3427023715
	3427023716
	3427023717
	3427023718
	3427023719
	3427023720
	3427023721
	3427023722
	3427023723
	3427023724
	3427023725
	3427023726
	3427023727
	3427023728
	3427023729
	3427023730
	3427023731
	3427023732
	3427023733
	3427023734
	3427023735
	3427023736
	3427023737
	3427023738
	3427023739
	3427023740
	3427023741
	3427023742
	3427023743
	3427023744
	3427023745
	3427023746
	3427023747
	3427023748
	3427023749
	3427023750
	3427023751
	3427023752
	3427023753
	3427023754
	3427023755
	3427023756
	3427023757
	3427023758
	3427023759
	3427023760
	3427023761
	3427023762
	3427023763
	3427023764
	3427023765
	3427023766
	3427023767
	3427023768
	3427023769
	3427023770
	3427023771
	3427023772
	3427023773
	3427023774
	3427023775
	3427023776
	3427023777
	3427023778
	3427023779
	3427023780
	3427023781
	3427023782
	3427023783
	3427023784
	3427023785
	3427023786
	3427023787
	3427023788
	3427023789
	3427023790
	3427023791
	3427023792
	3427023793
	3427023794
	3427023795
	3427023796
	3427023797
	3427023798
	3427023799
	3427023800
	3427023801
	3427023802
	3427023803
	3427023804
	3427023805
	3427023806
	3427023807
	3427023808
	3427023809
	3427023810
	3427023811
	3427023812
	3427023813
	3427023814
	3427023815
	3427023816
	3427023817
	3427023818
	3427023819
	3427023820
	3427023821
	3427023822
	3427023823
	3427023824
	3427023825
	3427023826
	3427023827
	3427023828
	3427023829
	3427023830
	3427023831
	3427023832
	3427023833
	3427023834
	3427023835
	3427023836
	3427023837
	3427023838
	3427023839
	3427023840
	3427023841
	3427023842
	3427023843
	3427023844
	3427023845
	3427023846
	3427023847
	3427023848
	3427023849
	3427023850
	3427023851
	3427023852
	3427023853
	3427023854
	3427023855
	3427023856
	3427023857
	3427023858
	3427023859
	3427023860
	3427023861
	3427023862
	3427023863
	3427023864
	3427023865
	3427023866
	3427023867
	3427023868
	3427023869
	3427023870
	3427023871
	3427023872
	3427023873
	3427023874
	3427023875
	3427023876
	3427023877
	3427023878
	3427023879
	3427023880
	3427023881
	3427023882
	3427023883
	3427023884
	3427023885
	3427023886
	3427023887
	3427023888
	3427023889
	3427023890
	3427023891
	3427023892
	3427023893
	3427023894
	3427023895
	3427023896
	3427023897
	3427023898
	3427023899
	3427023900
	3427023901
	3427023902
	3427023903
	3427023904
	3427023905
	3427023906
	3427023907
	3427023908
	3427023909
	3427023910
	3427023911
	3427023912
	3427023913
	3427023914
	3427023915
	3427023916
	3427023917
	3427023918
	3427023919
	3427023920
	3427023921
	3427023922
	3427023923
	3427023924
	3427023925
	3427023926
	3427023927
	3427023928
	3427023929
	3427023930
	3427023931
	3427023932
	3427023933
	3427023934
	3427023935
	3427023936
	3427023937
	3427023938
	3427023939
	3427023940
	3427023941
	3427023942
	3427023943
	3427023944
	3427023945
	3427023946
	3427023947
	3427023948
	3427023949
	3427023950
	3427023951
	3427023952
	3427023953
	3427023954
	3427023955
	3427023956
	3427023957
	3427023958
	3427023959
	3427023960
	3427023961
	3427023962
	3427023963
	3427023964
	3427023965
	3427023966
	3427023967
	3427023968
	3427023969
	3427023970
	3427023971
	3427023972
	3427023973
	3427023974
	3427023975
	3427023976
	3427023977
	3427023978
	3427023979
	3427023980
	3427023981
	3427023982
	3427023983
	3427023984
	3427023985
	3427023986
	3427023987
	3427023988
	3427023989
	3427023990
	3427023991
	3427023992
	3427023993
	3427023994
	3427023995
	3427023996
	3427023997
	3427023998
	3427023999
	3427024000
	3427024001
	3427024002
	3427024003
	3427024004
	3427024005
	3427024006
	3427024007
	3427024008
	3427024009
	3427024010
	3427024011
	3427024012
	3427024013
	3427024014
	3427024015
	3427024016
	3427024017
	3427024018
	3427024019
	3427024020
	3427024021
	3427024022
	3427024023
	3427024024
	3427024025
	3427024026
	3427024027
	3427024028
	3427024029
	3427024030
	3427024031
	3427024032
	3427024033
	3427024034
	3427024035
	3427024036
	3427024037
	3427024038
	3427024039
	3427024040
	3427024041
	3427024042
	3427024043
	3427024044
	3427024045
	3427024046
	3427024047
	3427024048
	3427024049
	3427024050
	3427024051
	3427024052
	3427024053
	3427024054
	3427024055
	3427024056
	3427024057
	3427024058
	3427024059
	3427024060
	3427024061
	3427024062
	3427024063
	3427024064
	3427024065
	3427024066
	3427024067
	3427024068
	3427024069
	3427024070
	3427024071
	3427024072
	3427024073
	3427024074
	3427024075
	3427024076
	3427024077
	3427024078
	3427024079
	3427024080
	3427024081
	3427024082
	3427024083
	3427024084
	3427024085
	3427024086
	3427024087
	3427024088
	3427024089
	3427024090
	3427024091
	3427024092
	3427024093
	3427024094
	3427024095
	3427024096
	3427024097
	3427024098
	3427024099
	3427024100
	3427024101
	3427024102
	3427024103
	3427024104
	3427024105
	3427024106
	3427024107
	3427024108
	3427024109
	3427024110
	3427024111
	3427024112
	3427024113
	3427024114
	3427024115
	3427024116
	3427024117
	3427024118
	3427024119
	3427024120
	3427024121
	3427024122
	3427024123
	3427024124
	3427024125
	3427024126
	3427024127
	3427024128
	3427024129
	3427024130
	3427024131
	3427024132
	3427024133
	3427024134
	3427024135
	3427024136
	3427024137
	3427024138
	3427024139
	3427024140
	3427024141
	3427024142
	3427024143
	3427024144
	3427024145
	3427024146
	3427024147
	3427024148
	3427024149
	3427024150
	3427024151
	3427024152
	3427024153
	3427024154
	3427024155
	3427024156
	3427024157
	3427024158
	3427024159
	3427024160
	3427024161
	3427024162
	3427024163
	3427024164
	3427024165
	3427024166
	3427024167
	3427024168
	3427024169
	3427024170
	3427024171
	3427024172
	3427024173
	3427024174
	3427024175
	3427024176
	3427024177
	3427024178
	3427024179
	3427024180
	3427024181
	3427024182
	3427024183
	3427024184
	3427024185
	3427024186
	3427024187
	3427024188
	3427024189
	3427024190
	3427024191
	3427024192
	3427024193
	3427024194
	3427024195
	3427024196
	3427024197
	3427024198
	3427024199
	3427024200
	3427024201
	3427024202
	3427024203
	3427024204
	3427024205
	3427024206
	3427024207
	3427024208
	3427024209
	3427024210
	3427024211
	3427024212
	3427024213
	3427024214
	3427024215
	3427024216
	3427024217
	3427024218
	3427024219
	3427024220
	3427024221
	3427024222
	3427024223
	3427024224
	3427024225
	3427024226
	3427024227
	3427024228
	3427024229
	3427024230
	3427024231
	3427024232
	3427024233
	3427024234
	3427024235
	3427024236
	3427024237
	3427024238
	3427024239
	3427024240
	3427024241
	3427024242
	3427024243
	3427024244
	3427024245
	3427024246
	3427024247
	3427024248
	3427024249
	3427024250
	3427024251
	3427024252
	3427024253
	3427024254
	3427024255
	3427024256
	3427024257
	3427024258
	3427024259
	3427024260
	3427024261
	3427024262
	3427024263
	3427024264
	3427024265
	3427024266
	3427024267
	3427024268
	3427024269
	3427024270
	3427024271
	3427024272
	3427024273
	3427024274
	3427024275
	3427024276
	3427024277
	3427024278
	3427024279
	3427024280
	3427024281
	3427024282
	3427024283
	3427024284
	3427024285
	3427024286
	3427024287
	3427024288
	3427024289
	3427024290
	3427024291
	3427024292
	3427024293
	3427024294
	3427024295
	3427024296
	3427024297
	3427024298
	3427024299
	3427024300
	3427024301
	3427024302
	3427024303
	3427024304
	3427024305
	3427024306
	3427024307
	3427024308
	3427024309
	3427024310
	3427024311
	3427024312
	3427024313
	3427024314
	3427024315
	3427024316
	3427024317
	3427024318
	3427024319
	3427024320
	3427024321
	3427024322
	3427024323
	3427024324
	3427024325
	3427024326
	3427024327
	3427024328
	3427024329
	3427024330
	3427024331
	3427024332
	3427024333
	3427024334
	3427024335
	3427024336
	3427024337
	3427024338
	3427024339
	3427024340
	3427024341
	3427024342
	3427024343
	3427024344
	3427024345
	3427024346
	3427024347
	3427024348
	3427024349
	3427024350
	3427024351
	3427024352
	3427024353
	3427024354
	3427024355
	3427024356
	3427024357
	3427024358
	3427024359
	3427024360
	3427024361
	3427024362
	3427024363
	3427024364
	3427024365
	3427024366
	3427024367
	3427024368
	3427024369
	3427024370
	3427024371
	3427024372
	3427024373
	3427024374
	3427024375
	3427024376
	3427024377
	3427024378
	3427024379
	3427024380
	3427024381
	3427024382
	3427024383
	3427024384
	3427024385
	3427024386
	3427024387
	3427024388
	3427024389
	3427024390
	3427024391
	3427024392
	3427024393
	3427024394
	3427024395
	3427024396
	3427024397
	3427024398
	3427024399
	3427024400
	3427024401
	3427024402
	3427024403
	3427024404
	3427024405
	3427024406
	3427024407
	3427024408
	3427024409
	3427024410
	3427024411
	3427024412
	3427024413
	3427024414
	3427024415
	3427024416
	3427024417
	3427024418
	3427024419
	3427024420
	3427024421
	3427024422
	3427024423
	3427024424
	3427024425
	3427024426
	3427024427
	3427024428
	3427024429
	3427024430
	3427024431
	3427024432
	3427024433
	3427024434
	3427024435
	3427024436
	3427024437
	3427024438
	3427024439
	3427024440
	3427024441
	3427024442
	3427024443
	3427024444
	3427024445
	3427024446
	3427024447
	3427024448
	3427024449
	3427024450
	3427024451
	3427024452
	3427024453
	3427024454
	3427024455
	3427024456
	3427024457
	3427024458
	3427024459
	3427024460
	3427024461
	3427024462
	3427024463
	3427024464
	3427024465
	3427024466
	3427024467
	3427024468
	3427024469
	3427024470
	3427024471
	3427024472
	3427024473
	3427024474
	3427024475
	3427024476
	3427024477
	3427024478
	3427024479
	3427024480
	3427024481
	3427024482
	3427024483
	3427024484
	3427024485
	3427024486
	3427024487
	3427024488
	3427024489
	3427024490
	3427024491
	3427024492
	3427024493
	3427024494
	3427024495
	3427024496
	3427024497
	3427024498
	3427024499
	3427024500
	3427024501
	3427024502
	3427024503
	3427024504
	3427024505
	3427024506
	3427024507
	3427024508
	3427024509
	3427024510
	3427024511
	3427024512
	3427024513
	3427024514
	3427024515
	3427024516
	3427024517
	3427024518
	3427024519
	3427024520
	3427024521
	3427024522
	3427024523
	3427024524
	3427024525
	3427024526
	3427024527
	3427024528
	3427024529
	3427024530
	3427024531
	3427024532
	3427024533
	3427024534
	3427024535
	3427024536
	3427024537
	3427024538
	3427024539
	3427024540
	3427024541
	3427024542
	3427024543
	3427024544
	3427024545
	3427024546
	3427024547
	3427024548
	3427024549
	3427024550
	3427024551
	3427024552
	3427024553
	3427024554
	3427024555
	3427024556
	3427024557
	3427024558
	3427024559
	3427024560
	3427024561
	3427024562
	3427024563
	3427024564
	3427024565
	3427024566
	3427024567
	3427024568
	3427024569
	3427024570
	3427024571
	3427024572
	3427024573
	3427024574
	3427024575
	3427024576
	3427024577
	3427024578
	3427024579
	3427024580
	3427024581
	3427024582
	3427024583
	3427024584
	3427024585
	3427024586
	3427024587
	3427024588
	3427024589
	3427024590
	3427024591
	3427024592
	3427024593
	3427024594
	3427024595
	3427024596
	3427024597
	3427024598
	3427024599
	3427024600
	3427024601
	3427024602
	3427024603
	3427024604
	3427024605
	3427024606
	3427024607
	3427024608
	3427024609
	3427024610
	3427024611
	3427024612
	3427024613
	3427024614
	3427024615
	3427024616
	3427024617
	3427024618
	3427024619
	3427024620
	3427024621
	3427024622
	3427024623
	3427024624
	3427024625
	3427024626
	3427024627
	3427024628
	3427024629
	3427024630
	3427024631
	3427024632
	3427024633
	3427024634
	3427024635
	3427024636
	3427024637
	3427024638
	3427024639
	3427024640
	3427024641
	3427024642
	3427024643
	3427024644
	3427024645
	3427024646
	3427024647
	3427024648
	3427024649
	3427024650
	3427024651
	3427024652
	3427024653
	3427024654
	3427024655
	3427024656
	3427024657
	3427024658
	3427024659
	3427024660
	3427024661
	3427024662
	3427024663
	3427024664
	3427024665
	3427024666
	3427024667
	3427024668
	3427024669
	3427024670
	3427024671
	3427024672
	3427024673
	3427024674
	3427024675
	3427024676
	3427024677
	3427024678
	3427024679
	3427024680
	3427024681
	3427024682
	3427024683
	3427024684
	3427024685
	3427024686
	3427024687
	3427024688
	3427024689
	3427024690
	3427024691
	3427024692
	3427024693
	3427024694
	3427024695
	3427024696
	3427024697
	3427024698
	3427024699
	3427024700
	3427024701
	3427024702
	3427024703
	3427024704
	3427024705
	3427024706
	3427024707
	3427024708
	3427024709
	3427024710
	3427024711
	3427024712
	3427024713
	3427024714
	3427024715
	3427024716
	3427024717
	3427024718
	3427024719
	3427024720
	3427024721
	3427024722
	3427024723
	3427024724
	3427024725
	3427024726
	3427024727
	3427024728
	3427024729
	3427024730
	3427024731
	3427024732
	3427024733
	3427024734
	3427024735
	3427024736
	3427024737
	3427024738
	3427024739
	3427024740
	3427024741
	3427024742
	3427024743
	3427024744
	3427024745
	3427024746
	3427024747
	3427024748
	3427024749
	3427024750
	3427024751
	3427024752
	3427024753
	3427024754
	3427024755
	3427024756
	3427024757
	3427024758
	3427024759
	3427024760
	3427024761
	3427024762
	3427024763
	3427024764
	3427024765
	3427024766
	3427024767
	3427024768
	3427024769
	3427024770
	3427024771
	3427024772
	3427024773
	3427024774
	3427024775
	3427024776
	3427024777
	3427024778
	3427024779
	3427024780
	3427024781
	3427024782
	3427024783
	3427024784
	3427024785
	3427024786
	3427024787
	3427024788
	3427024789
	3427024790
	3427024791
	3427024792
	3427024793
	3427024794
	3427024795
	3427024796
	3427024797
	3427024798
	3427024799
	3427024800
	3427024801
	3427024802
	3427024803
	3427024804
	3427024805
	3427024806
	3427024807
	3427024808
	3427024809
	3427024810
	3427024811
	3427024812
	3427024813
	3427024814
	3427024815
	3427024816
	3427024817
	3427024818
	3427024819
	3427024820
	3427024821
	3427024822
	3427024823
	3427024824
	3427024825
	3427024826
	3427024827
	3427024828
	3427024829
	3427024830
	3427024831
	3427024832
	3427024833
	3427024834
	3427024835
	3427024836
	3427024837
	3427024838
	3427024839
	3427024840
	3427024841
	3427024842
	3427024843
	3427024844
	3427024845
	3427024846
	3427024847
	3427024848
	3427024849
	3427024850
	3427024851
	3427024852
	3427024853
	3427024854
	3427024855
	3427024856
	3427024857
	3427024858
	3427024859
	3427024860
	3427024861
	3427024862
	3427024863
	3427024864
	3427024865
	3427024866
	3427024867
	3427024868
	3427024869
	3427024870
	3427024871
	3427024872
	3427024873
	3427024874
	3427024875
	3427024876
	3427024877
	3427024878
	3427024879
	3427024880
	3427024881
	3427024882
	3427024883
	3427024884
	3427024885
	3427024886
	3427024887
	3427024888
	3427024889
	3427024890
	3427024891
	3427024892
	3427024893
	3427024894
	3427024895
	3427024896
	3427024897
	3427024898
	3427024899
	3427024900
	3427024901
	3427024902
	3427024903
	3427024904
	3427024905
	3427024906
	3427024907
	3427024908
	3427024909
	3427024910
	3427024911
	3427024912
	3427024913
	3427024914
	3427024915
	3427024916
	3427024917
	3427024918
	3427024919
	3427024920
	3427024921
	3427024922
	3427024923
	3427024924
	3427024925
	3427024926
	3427024927
	3427024928
	3427024929
	3427024930
	3427024931
	3427024932
	3427024933
	3427024934
	3427024935
	3427024936
	3427024937
	3427024938
	3427024939
	3427024940
	3427024941
	3427024942
	3427024943
	3427024944
	3427024945
	3427024946
	3427024947
	3427024948
	3427024949
	3427024950
	3427024951
	3427024952
	3427024953
	3427024954
	3427024955
	3427024956
	3427024957
	3427024958
	3427024959
	3427024960
	3427024961
	3427024962
	3427024963
	3427024964
	3427024965
	3427024966
	3427024967
	3427024968
	3427024969
	3427024970
	3427024971
	3427024972
	3427024973
	3427024974
	3427024975
	3427024976
	3427024977
	3427024978
	3427024979
	3427024980
	3427024981
	3427024982
	3427024983
	3427024984
	3427024985
	3427024986
	3427024987
	3427024988
	3427024989
	3427024990
	3427024991
	3427024992
	3427024993
	3427024994
	3427024995
	3427024996
	3427024997
	3427024998
	3427024999
	3427025000
	3427025001
	3427025002
	3427025003
	3427025004
	3427025005
	3427025006
	3427025007
	3427025008
	3427025009
	3427025010
	3427025011
	3427025012
	3427025013
	3427025014
	3427025015
	3427025016
	3427025017
	3427025018
	3427025019
	3427025020
	3427025021
	3427025022
	3427025023
	3427025024
	3427025025
	3427025026
	3427025027
	3427025028
	3427025029
	3427025030
	3427025031
	3427025032
	3427025033
	3427025034
	3427025035
	3427025036
	3427025037
	3427025038
	3427025039
	3427025040
	3427025041
	3427025042
	3427025043
	3427025044
	3427025045
	3427025046
	3427025047
	3427025048
	3427025049
	3427025050
	3427025051
	3427025052
	3427025053
	3427025054
	3427025055
	3427025056
	3427025057
	3427025058
	3427025059
	3427025060
	3427025061
	3427025062
	3427025063
	3427025064
	3427025065
	3427025066
	3427025067
	3427025068
	3427025069
	3427025070
	3427025071
	3427025072
	3427025073
	3427025074
	3427025075
	3427025076
	3427025077
	3427025078
	3427025079
	3427025080
	3427025081
	3427025082
	3427025083
	3427025084
	3427025085
	3427025086
	3427025087
	3427025088
	3427025089
	3427025090
	3427025091
	3427025092
	3427025093
	3427025094
	3427025095
	3427025096
	3427025097
	3427025098
	3427025099
	3427025100
	3427025101
	3427025102
	3427025103
	3427025104
	3427025105
	3427025106
	3427025107
	3427025108
	3427025109
	3427025110
	3427025111
	3427025112
	3427025113
	3427025114
	3427025115
	3427025116
	3427025117
	3427025118
	3427025119
	3427025120
	3427025121
	3427025122
	3427025123
	3427025124
	3427025125
	3427025126
	3427025127
	3427025128
	3427025129
	3427025130
	3427025131
	3427025132
	3427025133
	3427025134
	3427025135
	3427025136
	3427025137
	3427025138
	3427025139
	3427025140
	3427025141
	3427025142
	3427025143
	3427025144
	3427025145
	3427025146
	3427025147
	3427025148
	3427025149
	3427025150
	3427025151
	3427025152
	3427025153
	3427025154
	3427025155
	3427025156
	3427025157
	3427025158
	3427025159
	3427025160
	3427025161
	3427025162
	3427025163
	3427025164
	3427025165
	3427025166
	3427025167
	3427025168
	3427025169
	3427025170
	3427025171
	3427025172
	3427025173
	3427025174
	3427025175
	3427025176
	3427025177
	3427025178
	3427025179
	3427025180
	3427025181
	3427025182
	3427025183
	3427025184
	3427025185
	3427025186
	3427025187
	3427025188
	3427025189
	3427025190
	3427025191
	3427025192
	3427025193
	3427025194
	3427025195
	3427025196
	3427025197
	3427025198
	3427025199
	3427025200
	3427025201
	3427025202
	3427025203
	3427025204
	3427025205
	3427025206
	3427025207
	3427025208
	3427025209
	3427025210
	3427025211
	3427025212
	3427025213
	3427025214
	3427025215
	3427025216
	3427025217
	3427025218
	3427025219
	3427025220
	3427025221
	3427025222
	3427025223
	3427025224
	3427025225
	3427025226
	3427025227
	3427025228
	3427025229
	3427025230
	3427025231
	3427025232
	3427025233
	3427025234
	3427025235
	3427025236
	3427025237
	3427025238
	3427025239
	3427025240
	3427025241
	3427025242
	3427025243
	3427025244
	3427025245
	3427025246
	3427025247
	3427025248
	3427025249
	3427025250
	3427025251
	3427025252
	3427025253
	3427025254
	3427025255
	3427025256
	3427025257
	3427025258
	3427025259
	3427025260
	3427025261
	3427025262
	3427025263
	3427025264
	3427025265
	3427025266
	3427025267
	3427025268
	3427025269
	3427025270
	3427025271
	3427025272
	3427025273
	3427025274
	3427025275
	3427025276
	3427025277
	3427025278
	3427025279
	3427025280
	3427025281
	3427025282
	3427025283
	3427025284
	3427025285
	3427025286
	3427025287
	3427025288
	3427025289
	3427025290
	3427025291
	3427025292
	3427025293
	3427025294
	3427025295
	3427025296
	3427025297
	3427025298
	3427025299
	3427025300
	3427025301
	3427025302
	3427025303
	3427025304
	3427025305
	3427025306
	3427025307
	3427025308
	3427025309
	3427025310
	3427025311
	3427025312
	3427025313
	3427025314
	3427025315
	3427025316
	3427025317
	3427025318
	3427025319
	3427025320
	3427025321
	3427025322
	3427025323
	3427025324
	3427025325
	3427025326
	3427025327
	3427025328
	3427025329
	3427025330
	3427025331
	3427025332
	3427025333
	3427025334
	3427025335
	3427025336
	3427025337
	3427025338
	3427025339
	3427025340
	3427025341
	3427025342
	3427025343
	3427025344
	3427025345
	3427025346
	3427025347
	3427025348
	3427025349
	3427025350
	3427025351
	3427025352
	3427025353
	3427025354
	3427025355
	3427025356
	3427025357
	3427025358
	3427025359
	3427025360
	3427025361
	3427025362
	3427025363
	3427025364
	3427025365
	3427025366
	3427025367
	3427025368
	3427025369
	3427025370
	3427025371
	3427025372
	3427025373
	3427025374
	3427025375
	3427025376
	3427025377
	3427025378
	3427025379
	3427025380
	3427025381
	3427025382
	3427025383
	3427025384
	3427025385
	3427025386
	3427025387
	3427025388
	3427025389
	3427025390
	3427025391
	3427025392
	3427025393
	3427025394
	3427025395
	3427025396
	3427025397
	3427025398
	3427025399
	3427025400
	3427025401
	3427025402
	3427025403
	3427025404
	3427025405
	3427025406
	3427025407
	3427025408
	3427025409
	3427025410
	3427025411
	3427025412
	3427025413
	3427025414
	3427025415
	3427025416
	3427025417
	3427025418
	3427025419
	3427025420
	3427025421
	3427025422
	3427025423
	3427025424
	3427025425
	3427025426
	3427025427
	3427025428
	3427025429
	3427025430
	3427025431
	3427025432
	3427025433
	3427025434
	3427025435
	3427025436
	3427025437
	3427025438
	3427025439
	3427025440
	3427025441
	3427025442
	3427025443
	3427025444
	3427025445
	3427025446
	3427025447
	3427025448
	3427025449
	3427025450
	3427025451
	3427025452
	3427025453
	3427025454
	3427025455
	3427025456
	3427025457
	3427025458
	3427025459
	3427025460
	3427025461
	3427025462
	3427025463
	3427025464
	3427025465
	3427025466
	3427025467
	3427025468
	3427025469
	3427025470
	3427025471
	3427025472
	3427025473
	3427025474
	3427025475
	3427025476
	3427025477
	3427025478
	3427025479
	3427025480
	3427025481
	3427025482
	3427025483
	3427025484
	3427025485
	3427025486
	3427025487
	3427025488
	3427025489
	3427025490
	3427025491
	3427025492
	3427025493
	3427025494
	3427025495
	3427025496
	3427025497
	3427025498
	3427025499
	3427025500
	3427025501
	3427025502
	3427025503
	3427025504
	3427025505
	3427025506
	3427025507
	3427025508
	3427025509
	3427025510
	3427025511
	3427025512
	3427025513
	3427025514
	3427025515
	3427025516
	3427025517
	3427025518
	3427025519
	3427025520
	3427025521
	3427025522
	3427025523
	3427025524
	3427025525
	3427025526
	3427025527
	3427025528
	3427025529
	3427025530
	3427025531
	3427025532
	3427025533
	3427025534
	3427025535
	3427025536
	3427025537
	3427025538
	3427025539
	3427025540
	3427025541
	3427025542
	3427025543
	3427025544
	3427025545
	3427025546
	3427025547
	3427025548
	3427025549
	3427025550
	3427025551
	3427025552
	3427025553
	3427025554
	3427025555
	3427025556
	3427025557
	3427025558
	3427025559
	3427025560
	3427025561
	3427025562
	3427025563
	3427025564
	3427025565
	3427025566
	3427025567
	3427025568
	3427025569
	3427025570
	3427025571
	3427025572
	3427025573
	3427025574
	3427025575
	3427025576
	3427025577
	3427025578
	3427025579
	3427025580
	3427025581
	3427025582
	3427025583
	3427025584
	3427025585
	3427025586
	3427025587
	3427025588
	3427025589
	3427025590
	3427025591
	3427025592
	3427025593
	3427025594
	3427025595
	3427025596
	3427025597
	3427025598
	3427025599
	3427025600
	3427025601
	3427025602
	3427025603
	3427025604
	3427025605
	3427025606
	3427025607
	3427025608
	3427025609
	3427025610
	3427025611
	3427025612
	3427025613
	3427025614
	3427025615
	3427025616
	3427025617
	3427025618
	3427025619
	3427025620
	3427025621
	3427025622
	3427025623
	3427025624
	3427025625
	3427025626
	3427025627
	3427025628
	3427025629
	3427025630
	3427025631
	3427025632
	3427025633
	3427025634
	3427025635
	3427025636
	3427025637
	3427025638
	3427025639
	3427025640
	3427025641
	3427025642
	3427025643
	3427025644
	3427025645
	3427025646
	3427025647
	3427025648
	3427025649
	3427025650
	3427025651
	3427025652
	3427025653
	3427025654
	3427025655
	3427025656
	3427025657
	3427025658
	3427025659
	3427025660
	3427025661
	3427025662
	3427025663
	3427025664
	3427025665
	3427025666
	3427025667
	3427025668
	3427025669
	3427025670
	3427025671
	3427025672
	3427025673
	3427025674
	3427025675
	3427025676
	3427025677
	3427025678
	3427025679
	3427025680
	3427025681
	3427025682
	3427025683
	3427025684
	3427025685
	3427025686
	3427025687
	3427025688
	3427025689
	3427025690
	3427025691
	3427025692
	3427025693
	3427025694
	3427025695
	3427025696
	3427025697
	3427025698
	3427025699
	3427025700
	3427025701
	3427025702
	3427025703
	3427025704
	3427025705
	3427025706
	3427025707
	3427025708
	3427025709
	3427025710
	3427025711
	3427025712
	3427025713
	3427025714
	3427025715
	3427025716
	3427025717
	3427025718
	3427025719
	3427025720
	3427025721
	3427025722
	3427025723
	3427025724
	3427025725
	3427025726
	3427025727
	3427025728
	3427025729
	3427025730
	3427025731
	3427025732
	3427025733
	3427025734
	3427025735
	3427025736
	3427025737
	3427025738
	3427025739
	3427025740
	3427025741
	3427025742
	3427025743
	3427025744
	3427025745
	3427025746
	3427025747
	3427025748
	3427025749
	3427025750
	3427025751
	3427025752
	3427025753
	3427025754
	3427025755
	3427025756
	3427025757
	3427025758
	3427025759
	3427025760
	3427025761
	3427025762
	3427025763
	3427025764
	3427025765
	3427025766
	3427025767
	3427025768
	3427025769
	3427025770
	3427025771
	3427025772
	3427025773
	3427025774
	3427025775
	3427025776
	3427025777
	3427025778
	3427025779
	3427025780
	3427025781
	3427025782
	3427025783
	3427025784
	3427025785
	3427025786
	3427025787
	3427025788
	3427025789
	3427025790
	3427025791
	3427025792
	3427025793
	3427025794
	3427025795
	3427025796
	3427025797
	3427025798
	3427025799
	3427025800
	3427025801
	3427025802
	3427025803
	3427025804
	3427025805
	3427025806
	3427025807
	3427025808
	3427025809
	3427025810
	3427025811
	3427025812
	3427025813
	3427025814
	3427025815
	3427025816
	3427025817
	3427025818
	3427025819
	3427025820
	3427025821
	3427025822
	3427025823
	3427025824
	3427025825
	3427025826
	3427025827
	3427025828
	3427025829
	3427025830
	3427025831
	3427025832
	3427025833
	3427025834
	3427025835
	3427025836
	3427025837
	3427025838
	3427025839
	3427025840
	3427025841
	3427025842
	3427025843
	3427025844
	3427025845
	3427025846
	3427025847
	3427025848
	3427025849
	3427025850
	3427025851
	3427025852
	3427025853
	3427025854
	3427025855
	3427025856
	3427025857
	3427025858
	3427025859
	3427025860
	3427025861
	3427025862
	3427025863
	3427025864
	3427025865
	3427025866
	3427025867
	3427025868
	3427025869
	3427025870
	3427025871
	3427025872
	3427025873
	3427025874
	3427025875
	3427025876
	3427025877
	3427025878
	3427025879
	3427025880
	3427025881
	3427025882
	3427025883
	3427025884
	3427025885
	3427025886
	3427025887
	3427025888
	3427025889
	3427025890
	3427025891
	3427025892
	3427025893
	3427025894
	3427025895
	3427025896
	3427025897
	3427025898
	3427025899
	3427025900
	3427025901
	3427025902
	3427025903
	3427025904
	3427025905
	3427025906
	3427025907
	3427025908
	3427025909
	3427025910
	3427025911
	3427025912
	3427025913
	3427025914
	3427025915
	3427025916
	3427025917
	3427025918
	3427025919
	3427025920
	3427025921
	3427025922
	3427025923
	3427025924
	3427025925
	3427025926
	3427025927
	3427025928
	3427025929
	3427025930
	3427025931
	3427025932
	3427025933
	3427025934
	3427025935
	3427025936
	3427025937
	3427025938
	3427025939
	3427025940
	3427025941
	3427025942
	3427025943
	3427025944
	3427025945
	3427025946
	3427025947
	3427025948
	3427025949
	3427025950
	3427025951
	3427025952
	3427025953
	3427025954
	3427025955
	3427025956
	3427025957
	3427025958
	3427025959
	3427025960
	3427025961
	3427025962
	3427025963
	3427025964
	3427025965
	3427025966
	3427025967
	3427025968
	3427025969
	3427025970
	3427025971
	3427025972
	3427025973
	3427025974
	3427025975
	3427025976
	3427025977
	3427025978
	3427025979
	3427025980
	3427025981
	3427025982
	3427025983
	3427025984
	3427025985
	3427025986
	3427025987
	3427025988
	3427025989
	3427025990
	3427025991
	3427025992
	3427025993
	3427025994
	3427025995
	3427025996
	3427025997
	3427025998
	3427025999
	3427026000
	3427026001
	3427026002
	3427026003
	3427026004
	3427026005
	3427026006
	3427026007
	3427026008
	3427026009
	3427026010
	3427026011
	3427026012
	3427026013
	3427026014
	3427026015
	3427026016
	3427026017
	3427026018
	3427026019
	3427026020
	3427026021
	3427026022
	3427026023
	3427026024
	3427026025
	3427026026
	3427026027
	3427026028
	3427026029
	3427026030
	3427026031
	3427026032
	3427026033
	3427026034
	3427026035
	3427026036
	3427026037
	3427026038
	3427026039
	3427026040
	3427026041
	3427026042
	3427026043
	3427026044
	3427026045
	3427026046
	3427026047
	3427026048
	3427026049
	3427026050
	3427026051
	3427026052
	3427026053
	3427026054
	3427026055
	3427026056
	3427026057
	3427026058
	3427026059
	3427026060
	3427026061
	3427026062
	3427026063
	3427026064
	3427026065
	3427026066
	3427026067
	3427026068
	3427026069
	3427026070
	3427026071
	3427026072
	3427026073
	3427026074
	3427026075
	3427026076
	3427026077
	3427026078
	3427026079
	3427026080
	3427026081
	3427026082
	3427026083
	3427026084
	3427026085
	3427026086
	3427026087
	3427026088
	3427026089
	3427026090
	3427026091
	3427026092
	3427026093
	3427026094
	3427026095
	3427026096
	3427026097
	3427026098
	3427026099
	3427026100
	3427026101
	3427026102
	3427026103
	3427026104
	3427026105
	3427026106
	3427026107
	3427026108
	3427026109
	3427026110
	3427026111
	3427026112
	3427026113
	3427026114
	3427026115
	3427026116
	3427026117
	3427026118
	3427026119
	3427026120
	3427026121
	3427026122
	3427026123
	3427026124
	3427026125
	3427026126
	3427026127
	3427026128
	3427026129
	3427026130
	3427026131
	3427026132
	3427026133
	3427026134
	3427026135
	3427026136
	3427026137
	3427026138
	3427026139
	3427026140
	3427026141
	3427026142
	3427026143
	3427026144
	3427026145
	3427026146
	3427026147
	3427026148
	3427026149
	3427026150
	3427026151
	3427026152
	3427026153
	3427026154
	3427026155
	3427026156
	3427026157
	3427026158
	3427026159
	3427026160
	3427026161
	3427026162
	3427026163
	3427026164
	3427026165
	3427026166
	3427026167
	3427026168
	3427026169
	3427026170
	3427026171
	3427026172
	3427026173
	3427026174
	3427026175
	3427026176
	3427026177
	3427026178
	3427026179
	3427026180
	3427026181
	3427026182
	3427026183
	3427026184
	3427026185
	3427026186
	3427026187
	3427026188
	3427026189
	3427026190
	3427026191
	3427026192
	3427026193
	3427026194
	3427026195
	3427026196
	3427026197
	3427026198
	3427026199
	3427026200
	3427026201
	3427026202
	3427026203
	3427026204
	3427026205
	3427026206
	3427026207
	3427026208
	3427026209
	3427026210
	3427026211
	3427026212
	3427026213
	3427026214
	3427026215
	3427026216
	3427026217
	3427026218
	3427026219
	3427026220
	3427026221
	3427026222
	3427026223
	3427026224
	3427026225
	3427026226
	3427026227
	3427026228
	3427026229
	3427026230
	3427026231
	3427026232
	3427026233
	3427026234
	3427026235
	3427026236
	3427026237
	3427026238
	3427026239
	3427026240
	3427026241
	3427026242
	3427026243
	3427026244
	3427026245
	3427026246
	3427026247
	3427026248
	3427026249
	3427026250
	3427026251
	3427026252
	3427026253
	3427026254
	3427026255
	3427026256
	3427026257
	3427026258
	3427026259
	3427026260
	3427026261
	3427026262
	3427026263
	3427026264
	3427026265
	3427026266
	3427026267
	3427026268
	3427026269
	3427026270
	3427026271
	3427026272
	3427026273
	3427026274
	3427026275
	3427026276
	3427026277
	3427026278
	3427026279
	3427026280
	3427026281
	3427026282
	3427026283
	3427026284
	3427026285
	3427026286
	3427026287
	3427026288
	3427026289
	3427026290
	3427026291
	3427026292
	3427026293
	3427026294
	3427026295
	3427026296
	3427026297
	3427026298
	3427026299
	3427026300
	3427026301
	3427026302
	3427026303
	3427026304
	3427026305
	3427026306
	3427026307
	3427026308
	3427026309
	3427026310
	3427026311
	3427026312
	3427026313
	3427026314
	3427026315
	3427026316
	3427026317
	3427026318
	3427026319
	3427026320
	3427026321
	3427026322
	3427026323
	3427026324
	3427026325
	3427026326
	3427026327
	3427026328
	3427026329
	3427026330
	3427026331
	3427026332
	3427026333
	3427026334
	3427026335
	3427026336
	3427026337
	3427026338
	3427026339
	3427026340
	3427026341
	3427026342
	3427026343
	3427026344
	3427026345
	3427026346
	3427026347
	3427026348
	3427026349
	3427026350
	3427026351
	3427026352
	3427026353
	3427026354
	3427026355
	3427026356
	3427026357
	3427026358
	3427026359
	3427026360
	3427026361
	3427026362
	3427026363
	3427026364
	3427026365
	3427026366
	3427026367
	3427026368
	3427026369
	3427026370
	3427026371
	3427026372
	3427026373
	3427026374
	3427026375
	3427026376
	3427026377
	3427026378
	3427026379
	3427026380
	3427026381
	3427026382
	3427026383
	3427026384
	3427026385
	3427026386
	3427026387
	3427026388
	3427026389
	3427026390
	3427026391
	3427026392
	3427026393
	3427026394
	3427026395
	3427026396
	3427026397
	3427026398
	3427026399
	3427026400
	3427026401
	3427026402
	3427026403
	3427026404
	3427026405
	3427026406
	3427026407
	3427026408
	3427026409
	3427026410
	3427026411
	3427026412
	3427026413
	3427026414
	3427026415
	3427026416
	3427026417
	3427026418
	3427026419
	3427026420
	3427026421
	3427026422
	3427026423
	3427026424
	3427026425
	3427026426
	3427026427
	3427026428
	3427026429
	3427026430
	3427026431
	3427026432
	3427026433
	3427026434
	3427026435
	3427026436
	3427026437
	3427026438
	3427026439
	3427026440
	3427026441
	3427026442
	3427026443
	3427026444
	3427026445
	3427026446
	3427026447
	3427026448
	3427026449
	3427026450
	3427026451
	3427026452
	3427026453
	3427026454
	3427026455
	3427026456
	3427026457
	3427026458
	3427026459
	3427026460
	3427026461
	3427026462
	3427026463
	3427026464
	3427026465
	3427026466
	3427026467
	3427026468
	3427026469
	3427026470
	3427026471
	3427026472
	3427026473
	3427026474
	3427026475
	3427026476
	3427026477
	3427026478
	3427026479
	3427026480
	3427026481
	3427026482
	3427026483
	3427026484
	3427026485
	3427026486
	3427026487
	3427026488
	3427026489
	3427026490
	3427026491
	3427026492
	3427026493
	3427026494
	3427026495
	3427026496
	3427026497
	3427026498
	3427026499
	3427026500
	3427026501
	3427026502
	3427026503
	3427026504
	3427026505
	3427026506
	3427026507
	3427026508
	3427026509
	3427026510
	3427026511
	3427026512
	3427026513
	3427026514
	3427026515
	3427026516
	3427026517
	3427026518
	3427026519
	3427026520
	3427026521
	3427026522
	3427026523
	3427026524
	3427026525
	3427026526
	3427026527
	3427026528
	3427026529
	3427026530
	3427026531
	3427026532
	3427026533
	3427026534
	3427026535
	3427026536
	3427026537
	3427026538
	3427026539
	3427026540
	3427026541
	3427026542
	3427026543
	3427026544
	3427026545
	3427026546
	3427026547
	3427026548
	3427026549
	3427026550
	3427026551
	3427026552
	3427026553
	3427026554
	3427026555
	3427026556
	3427026557
	3427026558
	3427026559
	3427026560
	3427026561
	3427026562
	3427026563
	3427026564
	3427026565
	3427026566
	3427026567
	3427026568
	3427026569
	3427026570
	3427026571
	3427026572
	3427026573
	3427026574
	3427026575
	3427026576
	3427026577
	3427026578
	3427026579
	3427026580
	3427026581
	3427026582
	3427026583
	3427026584
	3427026585
	3427026586
	3427026587
	3427026588
	3427026589
	3427026590
	3427026591
	3427026592
	3427026593
	3427026594
	3427026595
	3427026596
	3427026597
	3427026598
	3427026599
	3427026600
	3427026601
	3427026602
	3427026603
	3427026604
	3427026605
	3427026606
	3427026607
	3427026608
	3427026609
	3427026610
	3427026611
	3427026612
	3427026613
	3427026614
	3427026615
	3427026616
	3427026617
	3427026618
	3427026619
	3427026620
	3427026621
	3427026622
	3427026623
	3427026624
	3427026625
	3427026626
	3427026627
	3427026628
	3427026629
	3427026630
	3427026631
	3427026632
	3427026633
	3427026634
	3427026635
	3427026636
	3427026637
	3427026638
	3427026639
	3427026640
	3427026641
	3427026642
	3427026643
	3427026644
	3427026645
	3427026646
	3427026647
	3427026648
	3427026649
	3427026650
	3427026651
	3427026652
	3427026653
	3427026654
	3427026655
	3427026656
	3427026657
	3427026658
	3427026659
	3427026660
	3427026661
	3427026662
	3427026663
	3427026664
	3427026665
	3427026666
	3427026667
	3427026668
	3427026669
	3427026670
	3427026671
	3427026672
	3427026673
	3427026674
	3427026675
	3427026676
	3427026677
	3427026678
	3427026679
	3427026680
	3427026681
	3427026682
	3427026683
	3427026684
	3427026685
	3427026686
	3427026687
	3427026688
	3427026689
	3427026690
	3427026691
	3427026692
	3427026693
	3427026694
	3427026695
	3427026696
	3427026697
	3427026698
	3427026699
	3427026700
	3427026701
	3427026702
	3427026703
	3427026704
	3427026705
	3427026706
	3427026707
	3427026708
	3427026709
	3427026710
	3427026711
	3427026712
	3427026713
	3427026714
	3427026715
	3427026716
	3427026717
	3427026718
	3427026719
	3427026720
	3427026721
	3427026722
	3427026723
	3427026724
	3427026725
	3427026726
	3427026727
	3427026728
	3427026729
	3427026730
	3427026731
	3427026732
	3427026733
	3427026734
	3427026735
	3427026736
	3427026737
	3427026738
	3427026739
	3427026740
	3427026741
	3427026742
	3427026743
	3427026744
	3427026745
	3427026746
	3427026747
	3427026748
	3427026749
	3427026750
	3427026751
	3427026752
	3427026753
	3427026754
	3427026755
	3427026756
	3427026757
	3427026758
	3427026759
	3427026760
	3427026761
	3427026762
	3427026763
	3427026764
	3427026765
	3427026766
	3427026767
	3427026768
	3427026769
	3427026770
	3427026771
	3427026772
	3427026773
	3427026774
	3427026775
	3427026776
	3427026777
	3427026778
	3427026779
	3427026780
	3427026781
	3427026782
	3427026783
	3427026784
	3427026785
	3427026786
	3427026787
	3427026788
	3427026789
	3427026790
	3427026791
	3427026792
	3427026793
	3427026794
	3427026795
	3427026796
	3427026797
	3427026798
	3427026799
	3427026800
	3427026801
	3427026802
	3427026803
	3427026804
	3427026805
	3427026806
	3427026807
	3427026808
	3427026809
	3427026810
	3427026811
	3427026812
	3427026813
	3427026814
	3427026815
	3427026816
	3427026817
	3427026818
	3427026819
	3427026820
	3427026821
	3427026822
	3427026823
	3427026824
	3427026825
	3427026826
	3427026827
	3427026828
	3427026829
	3427026830
	3427026831
	3427026832
	3427026833
	3427026834
	3427026835
	3427026836
	3427026837
	3427026838
	3427026839
	3427026840
	3427026841
	3427026842
	3427026843
	3427026844
	3427026845
	3427026846
	3427026847
	3427026848
	3427026849
	3427026850
	3427026851
	3427026852
	3427026853
	3427026854
	3427026855
	3427026856
	3427026857
	3427026858
	3427026859
	3427026860
	3427026861
	3427026862
	3427026863
	3427026864
	3427026865
	3427026866
	3427026867
	3427026868
	3427026869
	3427026870
	3427026871
	3427026872
	3427026873
	3427026874
	3427026875
	3427026876
	3427026877
	3427026878
	3427026879
	3427026880
	3427026881
	3427026882
	3427026883
	3427026884
	3427026885
	3427026886
	3427026887
	3427026888
	3427026889
	3427026890
	3427026891
	3427026892
	3427026893
	3427026894
	3427026895
	3427026896
	3427026897
	3427026898
	3427026899
	3427026900
	3427026901
	3427026902
	3427026903
	3427026904
	3427026905
	3427026906
	3427026907
	3427026908
	3427026909
	3427026910
	3427026911
	3427026912
	3427026913
	3427026914
	3427026915
	3427026916
	3427026917
	3427026918
	3427026919
	3427026920
	3427026921
	3427026922
	3427026923
	3427026924
	3427026925
	3427026926
	3427026927
	3427026928
	3427026929
	3427026930
	3427026931
	3427026932
	3427026933
	3427026934
	3427026935
	3427026936
	3427026937
	3427026938
	3427026939
	3427026940
	3427026941
	3427026942
	3427026943
	3427026944
	3427026945
	3427026946
	3427026947
	3427026948
	3427026949
	3427026950
	3427026951
	3427026952
	3427026953
	3427026954
	3427026955
	3427026956
	3427026957
	3427026958
	3427026959
	3427026960
	3427026961
	3427026962
	3427026963
	3427026964
	3427026965
	3427026966
	3427026967
	3427026968
	3427026969
	3427026970
	3427026971
	3427026972
	3427026973
	3427026974
	3427026975
	3427026976
	3427026977
	3427026978
	3427026979
	3427026980
	3427026981
	3427026982
	3427026983
	3427026984
	3427026985
	3427026986
	3427026987
	3427026988
	3427026989
	3427026990
	3427026991
	3427026992
	3427026993
	3427026994
	3427026995
	3427026996
	3427026997
	3427026998
	3427026999
	3427027000
	3427027001
	3427027002
	3427027003
	3427027004
	3427027005
	3427027006
	3427027007
