	3426601519
	3426601520
	3426601521
	3426601522
	3426601523
	3426601524
	3426601525
	3426601526
	3426601527
	3426601528
	3426601529
	3426601530
	3426601531
	3426601532
	3426601533
	3426601534
	3426601535
	3426601536
	3426601537
	3426601538
	3426601539
	3426601540
	3426601541
	3426601542
	3426601543
	3426601544
	3426601545
	3426601546
	3426601547
	3426601548
	3426601549
	3426601550
	3426601551
	3426601552
	3426601553
	3426601554
	3426601555
	3426601556
	3426601557
	3426601558
	3426601559
	3426601560
	3426601561
	3426601562
	3426601563
	3426601564
	3426601565
	3426601566
	3426601567
	3426601568
	3426601569
	3426601570
	3426601571
	3426601572
	3426601573
	3426601574
	3426601575
	3426601576
	3426601577
	3426601578
	3426601579
	3426601580
	3426601581
	3426601582
	3426601583
	3426601584
	3426601585
	3426601586
	3426601587
	3426601588
	3426601589
	3426601590
	3426601591
	3426601592
	3426601593
	3426601594
	3426601595
	3426601596
	3426601597
	3426601598
	3426601599
	3426601600
	3426601601
	3426601602
	3426601603
	3426601604
	3426601605
	3426601606
	3426601607
	3426601608
	3426601609
	3426601610
	3426601611
	3426601612
	3426601613
	3426601614
	3426601615
	3426601616
	3426601617
	3426601618
	3426601619
	3426601620
	3426601621
	3426601622
	3426601623
	3426601624
	3426601625
	3426601626
	3426601627
	3426601628
	3426601629
	3426601630
	3426601631
	3426601632
	3426601633
	3426601634
	3426601635
	3426601636
	3426601637
	3426601638
	3426601639
	3426601640
	3426601641
	3426601642
	3426601643
	3426601644
	3426601645
	3426601646
	3426601647
	3426601648
	3426601649
	3426601650
	3426601651
	3426601652
	3426601653
	3426601654
	3426601655
	3426601656
	3426601657
	3426601658
	3426601659
	3426601660
	3426601661
	3426601662
	3426601663
	3426601664
	3426601665
	3426601666
	3426601667
	3426601668
	3426601669
	3426601670
	3426601671
	3426601672
	3426601673
	3426601674
	3426601675
	3426601676
	3426601677
	3426601678
	3426601679
	3426601680
	3426601681
	3426601682
	3426601683
	3426601684
	3426601685
	3426601686
	3426601687
	3426601688
	3426601689
	3426601690
	3426601691
	3426601692
	3426601693
	3426601694
	3426601695
	3426601696
	3426601697
	3426601698
	3426601699
	3426601700
	3426601701
	3426601702
	3426601703
	3426601704
	3426601705
	3426601706
	3426601707
	3426601708
	3426601709
	3426601710
	3426601711
	3426601712
	3426601713
	3426601714
	3426601715
	3426601716
	3426601717
	3426601718
	3426601719
	3426601720
	3426601721
	3426601722
	3426601723
	3426601724
	3426601725
	3426601726
	3426601727
	3426601728
	3426601729
	3426601730
	3426601731
	3426601732
	3426601733
	3426601734
	3426601735
	3426601736
	3426601737
	3426601738
	3426601739
	3426601740
	3426601741
	3426601742
	3426601743
	3426601744
	3426601745
	3426601746
	3426601747
	3426601748
	3426601749
	3426601750
	3426601751
	3426601752
	3426601753
	3426601754
	3426601755
	3426601756
	3426601757
	3426601758
	3426601759
	3426601760
	3426601761
	3426601762
	3426601763
	3426601764
	3426601765
	3426601766
	3426601767
	3426601768
	3426601769
	3426601770
	3426601771
	3426601772
	3426601773
	3426601774
	3426601775
	3426601776
	3426601777
	3426601778
	3426601779
	3426601780
	3426601781
	3426601782
	3426601783
	3426601784
	3426601785
	3426601786
	3426601787
	3426601788
	3426601789
	3426601790
	3426601791
	3426601792
	3426601793
	3426601794
	3426601795
	3426601796
	3426601797
	3426601798
	3426601799
	3426601800
	3426601801
	3426601802
	3426601803
	3426601804
	3426601805
	3426601806
	3426601807
	3426601808
	3426601809
	3426601810
	3426601811
	3426601812
	3426601813
	3426601814
	3426601815
	3426601816
	3426601817
	3426601818
	3426601819
	3426601820
	3426601821
	3426601822
	3426601823
	3426601824
	3426601825
	3426601826
	3426601827
	3426601828
	3426601829
	3426601830
	3426601831
	3426601832
	3426601833
	3426601834
	3426601835
	3426601836
	3426601837
	3426601838
	3426601839
	3426601840
	3426601841
	3426601842
	3426601843
	3426601844
	3426601845
	3426601846
	3426601847
	3426601848
	3426601849
	3426601850
	3426601851
	3426601852
	3426601853
	3426601854
	3426601855
	3426601856
	3426601857
	3426601858
	3426601859
	3426601860
	3426601861
	3426601862
	3426601863
	3426601864
	3426601865
	3426601866
	3426601867
	3426601868
	3426601869
	3426601870
	3426601871
	3426601872
	3426601873
	3426601874
	3426601875
	3426601876
	3426601877
	3426601878
	3426601879
	3426601880
	3426601881
	3426601882
	3426601883
	3426601884
	3426601885
	3426601886
	3426601887
	3426601888
	3426601889
	3426601890
	3426601891
	3426601892
	3426601893
	3426601894
	3426601895
	3426601896
	3426601897
	3426601898
	3426601899
	3426601900
	3426601901
	3426601902
	3426601903
	3426601904
	3426601905
	3426601906
	3426601907
	3426601908
	3426601909
	3426601910
	3426601911
	3426601912
	3426601913
	3426601914
	3426601915
	3426601916
	3426601917
	3426601918
	3426601919
	3426601920
	3426601921
	3426601922
	3426601923
	3426601924
	3426601925
	3426601926
	3426601927
	3426601928
	3426601929
	3426601930
	3426601931
	3426601932
	3426601933
	3426601934
	3426601935
	3426601936
	3426601937
	3426601938
	3426601939
	3426601940
	3426601941
	3426601942
	3426601943
	3426601944
	3426601945
	3426601946
	3426601947
	3426601948
	3426601949
	3426601950
	3426601951
	3426601952
	3426601953
	3426601954
	3426601955
	3426601956
	3426601957
	3426601958
	3426601959
	3426601960
	3426601961
	3426601962
	3426601963
	3426601964
	3426601965
	3426601966
	3426601967
	3426601968
	3426601969
	3426601970
	3426601971
	3426601972
	3426601973
	3426601974
	3426601975
	3426601976
	3426601977
	3426601978
	3426601979
	3426601980
	3426601981
	3426601982
	3426601983
	3426601984
	3426601985
	3426601986
	3426601987
	3426601988
	3426601989
	3426601990
	3426601991
	3426601992
	3426601993
	3426601994
	3426601995
	3426601996
	3426601997
	3426601998
	3426601999
	3426602000
	3426602001
	3426602002
	3426602003
	3426602004
	3426602005
	3426602006
	3426602007
	3426602008
	3426602009
	3426602010
	3426602011
	3426602012
	3426602013
	3426602014
	3426602015
	3426602016
	3426602017
	3426602018
	3426602019
	3426602020
	3426602021
	3426602022
	3426602023
	3426602024
	3426602025
	3426602026
	3426602027
	3426602028
	3426602029
	3426602030
	3426602031
	3426602032
	3426602033
	3426602034
	3426602035
	3426602036
	3426602037
	3426602038
	3426602039
	3426602040
	3426602041
	3426602042
	3426602043
	3426602044
	3426602045
	3426602046
	3426602047
	3426602048
	3426602049
	3426602050
	3426602051
	3426602052
	3426602053
	3426602054
	3426602055
	3426602056
	3426602057
	3426602058
	3426602059
	3426602060
	3426602061
	3426602062
	3426602063
	3426602064
	3426602065
	3426602066
	3426602067
	3426602068
	3426602069
	3426602070
	3426602071
	3426602072
	3426602073
	3426602074
	3426602075
	3426602076
	3426602077
	3426602078
	3426602079
	3426602080
	3426602081
	3426602082
	3426602083
	3426602084
	3426602085
	3426602086
	3426602087
	3426602088
	3426602089
	3426602090
	3426602091
	3426602092
	3426602093
	3426602094
	3426602095
	3426602096
	3426602097
	3426602098
	3426602099
	3426602100
	3426602101
	3426602102
	3426602103
	3426602104
	3426602105
	3426602106
	3426602107
	3426602108
	3426602109
	3426602110
	3426602111
	3426602112
	3426602113
	3426602114
	3426602115
	3426602116
	3426602117
	3426602118
	3426602119
	3426602120
	3426602121
	3426602122
	3426602123
	3426602124
	3426602125
	3426602126
	3426602127
	3426602128
	3426602129
	3426602130
	3426602131
	3426602132
	3426602133
	3426602134
	3426602135
	3426602136
	3426602137
	3426602138
	3426602139
	3426602140
	3426602141
	3426602142
	3426602143
	3426602144
	3426602145
	3426602146
	3426602147
	3426602148
	3426602149
	3426602150
	3426602151
	3426602152
	3426602153
	3426602154
	3426602155
	3426602156
	3426602157
	3426602158
	3426602159
	3426602160
	3426602161
	3426602162
	3426602163
	3426602164
	3426602165
	3426602166
	3426602167
	3426602168
	3426602169
	3426602170
	3426602171
	3426602172
	3426602173
	3426602174
	3426602175
	3426602176
	3426602177
	3426602178
	3426602179
	3426602180
	3426602181
	3426602182
	3426602183
	3426602184
	3426602185
	3426602186
	3426602187
	3426602188
	3426602189
	3426602190
	3426602191
	3426602192
	3426602193
	3426602194
	3426602195
	3426602196
	3426602197
	3426602198
	3426602199
	3426602200
	3426602201
	3426602202
	3426602203
	3426602204
	3426602205
	3426602206
	3426602207
	3426602208
	3426602209
	3426602210
	3426602211
	3426602212
	3426602213
	3426602214
	3426602215
	3426602216
	3426602217
	3426602218
	3426602219
	3426602220
	3426602221
	3426602222
	3426602223
	3426602224
	3426602225
	3426602226
	3426602227
	3426602228
	3426602229
	3426602230
	3426602231
	3426602232
	3426602233
	3426602234
	3426602235
	3426602236
	3426602237
	3426602238
	3426602239
	3426602240
	3426602241
	3426602242
	3426602243
	3426602244
	3426602245
	3426602246
	3426602247
	3426602248
	3426602249
	3426602250
	3426602251
	3426602252
	3426602253
	3426602254
	3426602255
	3426602256
	3426602257
	3426602258
	3426602259
	3426602260
	3426602261
	3426602262
	3426602263
	3426602264
	3426602265
	3426602266
	3426602267
	3426602268
	3426602269
	3426602270
	3426602271
	3426602272
	3426602273
	3426602274
	3426602275
	3426602276
	3426602277
	3426602278
	3426602279
	3426602280
	3426602281
	3426602282
	3426602283
	3426602284
	3426602285
	3426602286
	3426602287
	3426602288
	3426602289
	3426602290
	3426602291
	3426602292
	3426602293
	3426602294
	3426602295
	3426602296
	3426602297
	3426602298
	3426602299
	3426602300
	3426602301
	3426602302
	3426602303
	3426602304
	3426602305
	3426602306
	3426602307
	3426602308
	3426602309
	3426602310
	3426602311
	3426602312
	3426602313
	3426602314
	3426602315
	3426602316
	3426602317
	3426602318
	3426602319
	3426602320
	3426602321
	3426602322
	3426602323
	3426602324
	3426602325
	3426602326
	3426602327
	3426602328
	3426602329
	3426602330
	3426602331
	3426602332
	3426602333
	3426602334
	3426602335
	3426602336
	3426602337
	3426602338
	3426602339
	3426602340
	3426602341
	3426602342
	3426602343
	3426602344
	3426602345
	3426602346
	3426602347
	3426602348
	3426602349
	3426602350
	3426602351
	3426602352
	3426602353
	3426602354
	3426602355
	3426602356
	3426602357
	3426602358
	3426602359
	3426602360
	3426602361
	3426602362
	3426602363
	3426602364
	3426602365
	3426602366
	3426602367
	3426602368
	3426602369
	3426602370
	3426602371
	3426602372
	3426602373
	3426602374
	3426602375
	3426602376
	3426602377
	3426602378
	3426602379
	3426602380
	3426602381
	3426602382
	3426602383
	3426602384
	3426602385
	3426602386
	3426602387
	3426602388
	3426602389
	3426602390
	3426602391
	3426602392
	3426602393
	3426602394
	3426602395
	3426602396
	3426602397
	3426602398
	3426602399
	3426602400
	3426602401
	3426602402
	3426602403
	3426602404
	3426602405
	3426602406
	3426602407
	3426602408
	3426602409
	3426602410
	3426602411
	3426602412
	3426602413
	3426602414
	3426602415
	3426602416
	3426602417
	3426602418
	3426602419
	3426602420
	3426602421
	3426602422
	3426602423
	3426602424
	3426602425
	3426602426
	3426602427
	3426602428
	3426602429
	3426602430
	3426602431
	3426602432
	3426602433
	3426602434
	3426602435
	3426602436
	3426602437
	3426602438
	3426602439
	3426602440
	3426602441
	3426602442
	3426602443
	3426602444
	3426602445
	3426602446
	3426602447
	3426602448
	3426602449
	3426602450
	3426602451
	3426602452
	3426602453
	3426602454
	3426602455
	3426602456
	3426602457
	3426602458
	3426602459
	3426602460
	3426602461
	3426602462
	3426602463
	3426602464
	3426602465
	3426602466
	3426602467
	3426602468
	3426602469
	3426602470
	3426602471
	3426602472
	3426602473
	3426602474
	3426602475
	3426602476
	3426602477
	3426602478
	3426602479
	3426602480
	3426602481
	3426602482
	3426602483
	3426602484
	3426602485
	3426602486
	3426602487
	3426602488
	3426602489
	3426602490
	3426602491
	3426602492
	3426602493
	3426602494
	3426602495
	3426602496
	3426602497
	3426602498
	3426602499
	3426602500
	3426602501
	3426602502
	3426602503
	3426602504
	3426602505
	3426602506
	3426602507
	3426602508
	3426602509
	3426602510
	3426602511
	3426602512
	3426602513
	3426602514
	3426602515
	3426602516
	3426602517
	3426602518
	3426602519
	3426602520
	3426602521
	3426602522
	3426602523
	3426602524
	3426602525
	3426602526
	3426602527
	3426602528
	3426602529
	3426602530
	3426602531
	3426602532
	3426602533
	3426602534
	3426602535
	3426602536
	3426602537
	3426602538
	3426602539
	3426602540
	3426602541
	3426602542
	3426602543
	3426602544
	3426602545
	3426602546
	3426602547
	3426602548
	3426602549
	3426602550
	3426602551
	3426602552
	3426602553
	3426602554
	3426602555
	3426602556
	3426602557
	3426602558
	3426602559
	3426602560
	3426602561
	3426602562
	3426602563
	3426602564
	3426602565
	3426602566
	3426602567
	3426602568
	3426602569
	3426602570
	3426602571
	3426602572
	3426602573
	3426602574
	3426602575
	3426602576
	3426602577
	3426602578
	3426602579
	3426602580
	3426602581
	3426602582
	3426602583
	3426602584
	3426602585
	3426602586
	3426602587
	3426602588
	3426602589
	3426602590
	3426602591
	3426602592
	3426602593
	3426602594
	3426602595
	3426602596
	3426602597
	3426602598
	3426602599
	3426602600
	3426602601
	3426602602
	3426602603
	3426602604
	3426602605
	3426602606
	3426602607
	3426602608
	3426602609
	3426602610
	3426602611
	3426602612
	3426602613
	3426602614
	3426602615
	3426602616
	3426602617
	3426602618
	3426602619
	3426602620
	3426602621
	3426602622
	3426602623
	3426602624
	3426602625
	3426602626
	3426602627
	3426602628
	3426602629
	3426602630
	3426602631
	3426602632
	3426602633
	3426602634
	3426602635
	3426602636
	3426602637
	3426602638
	3426602639
	3426602640
	3426602641
	3426602642
	3426602643
	3426602644
	3426602645
	3426602646
	3426602647
	3426602648
	3426602649
	3426602650
	3426602651
	3426602652
	3426602653
	3426602654
	3426602655
	3426602656
	3426602657
	3426602658
	3426602659
	3426602660
	3426602661
	3426602662
	3426602663
	3426602664
	3426602665
	3426602666
	3426602667
	3426602668
	3426602669
	3426602670
	3426602671
	3426602672
	3426602673
	3426602674
	3426602675
	3426602676
	3426602677
	3426602678
	3426602679
	3426602680
	3426602681
	3426602682
	3426602683
	3426602684
	3426602685
	3426602686
	3426602687
	3426602688
	3426602689
	3426602690
	3426602691
	3426602692
	3426602693
	3426602694
	3426602695
	3426602696
	3426602697
	3426602698
	3426602699
	3426602700
	3426602701
	3426602702
	3426602703
	3426602704
	3426602705
	3426602706
	3426602707
	3426602708
	3426602709
	3426602710
	3426602711
	3426602712
	3426602713
	3426602714
	3426602715
	3426602716
	3426602717
	3426602718
	3426602719
	3426602720
	3426602721
	3426602722
	3426602723
	3426602724
	3426602725
	3426602726
	3426602727
	3426602728
	3426602729
	3426602730
	3426602731
	3426602732
	3426602733
	3426602734
	3426602735
	3426602736
	3426602737
	3426602738
	3426602739
	3426602740
	3426602741
	3426602742
	3426602743
	3426602744
	3426602745
	3426602746
	3426602747
	3426602748
	3426602749
	3426602750
	3426602751
	3426602752
	3426602753
	3426602754
	3426602755
	3426602756
	3426602757
	3426602758
	3426602759
	3426602760
	3426602761
	3426602762
	3426602763
	3426602764
	3426602765
	3426602766
	3426602767
	3426602768
	3426602769
	3426602770
	3426602771
	3426602772
	3426602773
	3426602774
	3426602775
	3426602776
	3426602777
	3426602778
	3426602779
	3426602780
	3426602781
	3426602782
	3426602783
	3426602784
	3426602785
	3426602786
	3426602787
	3426602788
	3426602789
	3426602790
	3426602791
	3426602792
	3426602793
	3426602794
	3426602795
	3426602796
	3426602797
	3426602798
	3426602799
	3426602800
	3426602801
	3426602802
	3426602803
	3426602804
	3426602805
	3426602806
	3426602807
	3426602808
	3426602809
	3426602810
	3426602811
	3426602812
	3426602813
	3426602814
	3426602815
	3426602816
	3426602817
	3426602818
	3426602819
	3426602820
	3426602821
	3426602822
	3426602823
	3426602824
	3426602825
	3426602826
	3426602827
	3426602828
	3426602829
	3426602830
	3426602831
	3426602832
	3426602833
	3426602834
	3426602835
	3426602836
	3426602837
	3426602838
	3426602839
	3426602840
	3426602841
	3426602842
	3426602843
	3426602844
	3426602845
	3426602846
	3426602847
	3426602848
	3426602849
	3426602850
	3426602851
	3426602852
	3426602853
	3426602854
	3426602855
	3426602856
	3426602857
	3426602858
	3426602859
	3426602860
	3426602861
	3426602862
	3426602863
	3426602864
	3426602865
	3426602866
	3426602867
	3426602868
	3426602869
	3426602870
	3426602871
	3426602872
	3426602873
	3426602874
	3426602875
	3426602876
	3426602877
	3426602878
	3426602879
	3426602880
	3426602881
	3426602882
	3426602883
	3426602884
	3426602885
	3426602886
	3426602887
	3426602888
	3426602889
	3426602890
	3426602891
	3426602892
	3426602893
	3426602894
	3426602895
	3426602896
	3426602897
	3426602898
	3426602899
	3426602900
	3426602901
	3426602902
	3426602903
	3426602904
	3426602905
	3426602906
	3426602907
	3426602908
	3426602909
	3426602910
	3426602911
	3426602912
	3426602913
	3426602914
	3426602915
	3426602916
	3426602917
	3426602918
	3426602919
	3426602920
	3426602921
	3426602922
	3426602923
	3426602924
	3426602925
	3426602926
	3426602927
	3426602928
	3426602929
	3426602930
	3426602931
	3426602932
	3426602933
	3426602934
	3426602935
	3426602936
	3426602937
	3426602938
	3426602939
	3426602940
	3426602941
	3426602942
	3426602943
	3426602944
	3426602945
	3426602946
	3426602947
	3426602948
	3426602949
	3426602950
	3426602951
	3426602952
	3426602953
	3426602954
	3426602955
	3426602956
	3426602957
	3426602958
	3426602959
	3426602960
	3426602961
	3426602962
	3426602963
	3426602964
	3426602965
	3426602966
	3426602967
	3426602968
	3426602969
	3426602970
	3426602971
	3426602972
	3426602973
	3426602974
	3426602975
	3426602976
	3426602977
	3426602978
	3426602979
	3426602980
	3426602981
	3426602982
	3426602983
	3426602984
	3426602985
	3426602986
	3426602987
	3426602988
	3426602989
	3426602990
	3426602991
	3426602992
	3426602993
	3426602994
	3426602995
	3426602996
	3426602997
	3426602998
	3426602999
	3426603000
	3426603001
	3426603002
	3426603003
	3426603004
	3426603005
	3426603006
	3426603007
	3426603008
	3426603009
	3426603010
	3426603011
	3426603012
	3426603013
	3426603014
	3426603015
	3426603016
	3426603017
	3426603018
	3426603019
	3426603020
	3426603021
	3426603022
	3426603023
	3426603024
	3426603025
	3426603026
	3426603027
	3426603028
	3426603029
	3426603030
	3426603031
	3426603032
	3426603033
	3426603034
	3426603035
	3426603036
	3426603037
	3426603038
	3426603039
	3426603040
	3426603041
	3426603042
	3426603043
	3426603044
	3426603045
	3426603046
	3426603047
	3426603048
	3426603049
	3426603050
	3426603051
	3426603052
	3426603053
	3426603054
	3426603055
	3426603056
	3426603057
	3426603058
	3426603059
	3426603060
	3426603061
	3426603062
	3426603063
	3426603064
	3426603065
	3426603066
	3426603067
	3426603068
	3426603069
	3426603070
	3426603071
	3426603072
	3426603073
	3426603074
	3426603075
	3426603076
	3426603077
	3426603078
	3426603079
	3426603080
	3426603081
	3426603082
	3426603083
	3426603084
	3426603085
	3426603086
	3426603087
	3426603088
	3426603089
	3426603090
	3426603091
	3426603092
	3426603093
	3426603094
	3426603095
	3426603096
	3426603097
	3426603098
	3426603099
	3426603100
	3426603101
	3426603102
	3426603103
	3426603104
	3426603105
	3426603106
	3426603107
	3426603108
	3426603109
	3426603110
	3426603111
	3426603112
	3426603113
	3426603114
	3426603115
	3426603116
	3426603117
	3426603118
	3426603119
	3426603120
	3426603121
	3426603122
	3426603123
	3426603124
	3426603125
	3426603126
	3426603127
	3426603128
	3426603129
	3426603130
	3426603131
	3426603132
	3426603133
	3426603134
	3426603135
	3426603136
	3426603137
	3426603138
	3426603139
	3426603140
	3426603141
	3426603142
	3426603143
	3426603144
	3426603145
	3426603146
	3426603147
	3426603148
	3426603149
	3426603150
	3426603151
	3426603152
	3426603153
	3426603154
	3426603155
	3426603156
	3426603157
	3426603158
	3426603159
	3426603160
	3426603161
	3426603162
	3426603163
	3426603164
	3426603165
	3426603166
	3426603167
	3426603168
	3426603169
	3426603170
	3426603171
	3426603172
	3426603173
	3426603174
	3426603175
	3426603176
	3426603177
	3426603178
	3426603179
	3426603180
	3426603181
	3426603182
	3426603183
	3426603184
	3426603185
	3426603186
	3426603187
	3426603188
	3426603189
	3426603190
	3426603191
	3426603192
	3426603193
	3426603194
	3426603195
	3426603196
	3426603197
	3426603198
	3426603199
	3426603200
	3426603201
	3426603202
	3426603203
	3426603204
	3426603205
	3426603206
	3426603207
	3426603208
	3426603209
	3426603210
	3426603211
	3426603212
	3426603213
	3426603214
	3426603215
	3426603216
	3426603217
	3426603218
	3426603219
	3426603220
	3426603221
	3426603222
	3426603223
	3426603224
	3426603225
	3426603226
	3426603227
	3426603228
	3426603229
	3426603230
	3426603231
	3426603232
	3426603233
	3426603234
	3426603235
	3426603236
	3426603237
	3426603238
	3426603239
	3426603240
	3426603241
	3426603242
	3426603243
	3426603244
	3426603245
	3426603246
	3426603247
	3426603248
	3426603249
	3426603250
	3426603251
	3426603252
	3426603253
	3426603254
	3426603255
	3426603256
	3426603257
	3426603258
	3426603259
	3426603260
	3426603261
	3426603262
	3426603263
	3426603264
	3426603265
	3426603266
	3426603267
	3426603268
	3426603269
	3426603270
	3426603271
	3426603272
	3426603273
	3426603274
	3426603275
	3426603276
	3426603277
	3426603278
	3426603279
	3426603280
	3426603281
	3426603282
	3426603283
	3426603284
	3426603285
	3426603286
	3426603287
	3426603288
	3426603289
	3426603290
	3426603291
	3426603292
	3426603293
	3426603294
	3426603295
	3426603296
	3426603297
	3426603298
	3426603299
	3426603300
	3426603301
	3426603302
	3426603303
	3426603304
	3426603305
	3426603306
	3426603307
	3426603308
	3426603309
	3426603310
	3426603311
	3426603312
	3426603313
	3426603314
	3426603315
	3426603316
	3426603317
	3426603318
	3426603319
	3426603320
	3426603321
	3426603322
	3426603323
	3426603324
	3426603325
	3426603326
	3426603327
	3426603328
	3426603329
	3426603330
	3426603331
	3426603332
	3426603333
	3426603334
	3426603335
	3426603336
	3426603337
	3426603338
	3426603339
	3426603340
	3426603341
	3426603342
	3426603343
	3426603344
	3426603345
	3426603346
	3426603347
	3426603348
	3426603349
	3426603350
	3426603351
	3426603352
	3426603353
	3426603354
	3426603355
	3426603356
	3426603357
	3426603358
	3426603359
	3426603360
	3426603361
	3426603362
	3426603363
	3426603364
	3426603365
	3426603366
	3426603367
	3426603368
	3426603369
	3426603370
	3426603371
	3426603372
	3426603373
	3426603374
	3426603375
	3426603376
	3426603377
	3426603378
	3426603379
	3426603380
	3426603381
	3426603382
	3426603383
	3426603384
	3426603385
	3426603386
	3426603387
	3426603388
	3426603389
	3426603390
	3426603391
	3426603392
	3426603393
	3426603394
	3426603395
	3426603396
	3426603397
	3426603398
	3426603399
	3426603400
	3426603401
	3426603402
	3426603403
	3426603404
	3426603405
	3426603406
	3426603407
	3426603408
	3426603409
	3426603410
	3426603411
	3426603412
	3426603413
	3426603414
	3426603415
	3426603416
	3426603417
	3426603418
	3426603419
	3426603420
	3426603421
	3426603422
	3426603423
	3426603424
	3426603425
	3426603426
	3426603427
	3426603428
	3426603429
	3426603430
	3426603431
	3426603432
	3426603433
	3426603434
	3426603435
	3426603436
	3426603437
	3426603438
	3426603439
	3426603440
	3426603441
	3426603442
	3426603443
	3426603444
	3426603445
	3426603446
	3426603447
	3426603448
	3426603449
	3426603450
	3426603451
	3426603452
	3426603453
	3426603454
	3426603455
	3426603456
	3426603457
	3426603458
	3426603459
	3426603460
	3426603461
	3426603462
	3426603463
	3426603464
	3426603465
	3426603466
	3426603467
	3426603468
	3426603469
	3426603470
	3426603471
	3426603472
	3426603473
	3426603474
	3426603475
	3426603476
	3426603477
	3426603478
	3426603479
	3426603480
	3426603481
	3426603482
	3426603483
	3426603484
	3426603485
	3426603486
	3426603487
	3426603488
	3426603489
	3426603490
	3426603491
	3426603492
	3426603493
	3426603494
	3426603495
	3426603496
	3426603497
	3426603498
	3426603499
	3426603500
	3426603501
	3426603502
	3426603503
	3426603504
	3426603505
	3426603506
	3426603507
	3426603508
	3426603509
	3426603510
	3426603511
	3426603512
	3426603513
	3426603514
	3426603515
	3426603516
	3426603517
	3426603518
	3426603519
	3426603520
	3426603521
	3426603522
	3426603523
	3426603524
	3426603525
	3426603526
	3426603527
	3426603528
	3426603529
	3426603530
	3426603531
	3426603532
	3426603533
	3426603534
	3426603535
	3426603536
	3426603537
	3426603538
	3426603539
	3426603540
	3426603541
	3426603542
	3426603543
	3426603544
	3426603545
	3426603546
	3426603547
	3426603548
	3426603549
	3426603550
	3426603551
	3426603552
	3426603553
	3426603554
	3426603555
	3426603556
	3426603557
	3426603558
	3426603559
	3426603560
	3426603561
	3426603562
	3426603563
	3426603564
	3426603565
	3426603566
	3426603567
	3426603568
	3426603569
	3426603570
	3426603571
	3426603572
	3426603573
	3426603574
	3426603575
	3426603576
	3426603577
	3426603578
	3426603579
	3426603580
	3426603581
	3426603582
	3426603583
	3426603584
	3426603585
	3426603586
	3426603587
	3426603588
	3426603589
	3426603590
	3426603591
	3426603592
	3426603593
	3426603594
	3426603595
	3426603596
	3426603597
	3426603598
	3426603599
	3426603600
	3426603601
	3426603602
	3426603603
	3426603604
	3426603605
	3426603606
	3426603607
	3426603608
	3426603609
	3426603610
	3426603611
	3426603612
	3426603613
	3426603614
	3426603615
	3426603616
	3426603617
	3426603618
	3426603619
	3426603620
	3426603621
	3426603622
	3426603623
	3426603624
	3426603625
	3426603626
	3426603627
	3426603628
	3426603629
	3426603630
	3426603631
	3426603632
	3426603633
	3426603634
	3426603635
	3426603636
	3426603637
	3426603638
	3426603639
	3426603640
	3426603641
	3426603642
	3426603643
	3426603644
	3426603645
	3426603646
	3426603647
	3426603648
	3426603649
	3426603650
	3426603651
	3426603652
	3426603653
	3426603654
	3426603655
	3426603656
	3426603657
	3426603658
	3426603659
	3426603660
	3426603661
	3426603662
	3426603663
	3426603664
	3426603665
	3426603666
	3426603667
	3426603668
	3426603669
	3426603670
	3426603671
	3426603672
	3426603673
	3426603674
	3426603675
	3426603676
	3426603677
	3426603678
	3426603679
	3426603680
	3426603681
	3426603682
	3426603683
	3426603684
	3426603685
	3426603686
	3426603687
	3426603688
	3426603689
	3426603690
	3426603691
	3426603692
	3426603693
	3426603694
	3426603695
	3426603696
	3426603697
	3426603698
	3426603699
	3426603700
	3426603701
	3426603702
	3426603703
	3426603704
	3426603705
	3426603706
	3426603707
	3426603708
	3426603709
	3426603710
	3426603711
	3426603712
	3426603713
	3426603714
	3426603715
	3426603716
	3426603717
	3426603718
	3426603719
	3426603720
	3426603721
	3426603722
	3426603723
	3426603724
	3426603725
	3426603726
	3426603727
	3426603728
	3426603729
	3426603730
	3426603731
	3426603732
	3426603733
	3426603734
	3426603735
	3426603736
	3426603737
	3426603738
	3426603739
	3426603740
	3426603741
	3426603742
	3426603743
	3426603744
	3426603745
	3426603746
	3426603747
	3426603748
	3426603749
	3426603750
	3426603751
	3426603752
	3426603753
	3426603754
	3426603755
	3426603756
	3426603757
	3426603758
	3426603759
	3426603760
	3426603761
	3426603762
	3426603763
	3426603764
	3426603765
	3426603766
	3426603767
	3426603768
	3426603769
	3426603770
	3426603771
	3426603772
	3426603773
	3426603774
	3426603775
	3426603776
	3426603777
	3426603778
	3426603779
	3426603780
	3426603781
	3426603782
	3426603783
	3426603784
	3426603785
	3426603786
	3426603787
	3426603788
	3426603789
	3426603790
	3426603791
	3426603792
	3426603793
	3426603794
	3426603795
	3426603796
	3426603797
	3426603798
	3426603799
	3426603800
	3426603801
	3426603802
	3426603803
	3426603804
	3426603805
	3426603806
	3426603807
	3426603808
	3426603809
	3426603810
	3426603811
	3426603812
	3426603813
	3426603814
	3426603815
	3426603816
	3426603817
	3426603818
	3426603819
	3426603820
	3426603821
	3426603822
	3426603823
	3426603824
	3426603825
	3426603826
	3426603827
	3426603828
	3426603829
	3426603830
	3426603831
	3426603832
	3426603833
	3426603834
	3426603835
	3426603836
	3426603837
	3426603838
	3426603839
	3426603840
	3426603841
	3426603842
	3426603843
	3426603844
	3426603845
	3426603846
	3426603847
	3426603848
	3426603849
	3426603850
	3426603851
	3426603852
	3426603853
	3426603854
	3426603855
	3426603856
	3426603857
	3426603858
	3426603859
	3426603860
	3426603861
	3426603862
	3426603863
	3426603864
	3426603865
	3426603866
	3426603867
	3426603868
	3426603869
	3426603870
	3426603871
	3426603872
	3426603873
	3426603874
	3426603875
	3426603876
	3426603877
	3426603878
	3426603879
	3426603880
	3426603881
	3426603882
	3426603883
	3426603884
	3426603885
	3426603886
	3426603887
	3426603888
	3426603889
	3426603890
	3426603891
	3426603892
	3426603893
	3426603894
	3426603895
	3426603896
	3426603897
	3426603898
	3426603899
	3426603900
	3426603901
	3426603902
	3426603903
	3426603904
	3426603905
	3426603906
	3426603907
	3426603908
	3426603909
	3426603910
	3426603911
	3426603912
	3426603913
	3426603914
	3426603915
	3426603916
	3426603917
	3426603918
	3426603919
	3426603920
	3426603921
	3426603922
	3426603923
	3426603924
	3426603925
	3426603926
	3426603927
	3426603928
	3426603929
	3426603930
	3426603931
	3426603932
	3426603933
	3426603934
	3426603935
	3426603936
	3426603937
	3426603938
	3426603939
	3426603940
	3426603941
	3426603942
	3426603943
	3426603944
	3426603945
	3426603946
	3426603947
	3426603948
	3426603949
	3426603950
	3426603951
	3426603952
	3426603953
	3426603954
	3426603955
	3426603956
	3426603957
	3426603958
	3426603959
	3426603960
	3426603961
	3426603962
	3426603963
	3426603964
	3426603965
	3426603966
	3426603967
	3426603968
	3426603969
	3426603970
	3426603971
	3426603972
	3426603973
	3426603974
	3426603975
	3426603976
	3426603977
	3426603978
	3426603979
	3426603980
	3426603981
	3426603982
	3426603983
	3426603984
	3426603985
	3426603986
	3426603987
	3426603988
	3426603989
	3426603990
	3426603991
	3426603992
	3426603993
	3426603994
	3426603995
	3426603996
	3426603997
	3426603998
	3426603999
	3426604000
	3426604001
	3426604002
	3426604003
	3426604004
	3426604005
	3426604006
	3426604007
	3426604008
	3426604009
	3426604010
	3426604011
	3426604012
	3426604013
	3426604014
	3426604015
	3426604016
	3426604017
	3426604018
	3426604019
	3426604020
	3426604021
	3426604022
	3426604023
	3426604024
	3426604025
	3426604026
	3426604027
	3426604028
	3426604029
	3426604030
	3426604031
	3426604032
	3426604033
	3426604034
	3426604035
	3426604036
	3426604037
	3426604038
	3426604039
	3426604040
	3426604041
	3426604042
	3426604043
	3426604044
	3426604045
	3426604046
	3426604047
	3426604048
	3426604049
	3426604050
	3426604051
	3426604052
	3426604053
	3426604054
	3426604055
	3426604056
	3426604057
	3426604058
	3426604059
	3426604060
	3426604061
	3426604062
	3426604063
	3426604064
	3426604065
	3426604066
	3426604067
	3426604068
	3426604069
	3426604070
	3426604071
	3426604072
	3426604073
	3426604074
	3426604075
	3426604076
	3426604077
	3426604078
	3426604079
	3426604080
	3426604081
	3426604082
	3426604083
	3426604084
	3426604085
	3426604086
	3426604087
	3426604088
	3426604089
	3426604090
	3426604091
	3426604092
	3426604093
	3426604094
	3426604095
	3426604096
	3426604097
	3426604098
	3426604099
	3426604100
	3426604101
	3426604102
	3426604103
	3426604104
	3426604105
	3426604106
	3426604107
	3426604108
	3426604109
	3426604110
	3426604111
	3426604112
	3426604113
	3426604114
	3426604115
	3426604116
	3426604117
	3426604118
	3426604119
	3426604120
	3426604121
	3426604122
	3426604123
	3426604124
	3426604125
	3426604126
	3426604127
	3426604128
	3426604129
	3426604130
	3426604131
	3426604132
	3426604133
	3426604134
	3426604135
	3426604136
	3426604137
	3426604138
	3426604139
	3426604140
	3426604141
	3426604142
	3426604143
	3426604144
	3426604145
	3426604146
	3426604147
	3426604148
	3426604149
	3426604150
	3426604151
	3426604152
	3426604153
	3426604154
	3426604155
	3426604156
	3426604157
	3426604158
	3426604159
	3426604160
	3426604161
	3426604162
	3426604163
	3426604164
	3426604165
	3426604166
	3426604167
	3426604168
	3426604169
	3426604170
	3426604171
	3426604172
	3426604173
	3426604174
	3426604175
	3426604176
	3426604177
	3426604178
	3426604179
	3426604180
	3426604181
	3426604182
	3426604183
	3426604184
	3426604185
	3426604186
	3426604187
	3426604188
	3426604189
	3426604190
	3426604191
	3426604192
	3426604193
	3426604194
	3426604195
	3426604196
	3426604197
	3426604198
	3426604199
	3426604200
	3426604201
	3426604202
	3426604203
	3426604204
	3426604205
	3426604206
	3426604207
	3426604208
	3426604209
	3426604210
	3426604211
	3426604212
	3426604213
	3426604214
	3426604215
	3426604216
	3426604217
	3426604218
	3426604219
	3426604220
	3426604221
	3426604222
	3426604223
	3426604224
	3426604225
	3426604226
	3426604227
	3426604228
	3426604229
	3426604230
	3426604231
	3426604232
	3426604233
	3426604234
	3426604235
	3426604236
	3426604237
	3426604238
	3426604239
	3426604240
	3426604241
	3426604242
	3426604243
	3426604244
	3426604245
	3426604246
	3426604247
	3426604248
	3426604249
	3426604250
	3426604251
	3426604252
	3426604253
	3426604254
	3426604255
	3426604256
	3426604257
	3426604258
	3426604259
	3426604260
	3426604261
	3426604262
	3426604263
	3426604264
	3426604265
	3426604266
	3426604267
	3426604268
	3426604269
	3426604270
	3426604271
	3426604272
	3426604273
	3426604274
	3426604275
	3426604276
	3426604277
	3426604278
	3426604279
	3426604280
	3426604281
	3426604282
	3426604283
	3426604284
	3426604285
	3426604286
	3426604287
	3426604288
	3426604289
	3426604290
	3426604291
	3426604292
	3426604293
	3426604294
	3426604295
	3426604296
	3426604297
	3426604298
	3426604299
	3426604300
	3426604301
	3426604302
	3426604303
	3426604304
	3426604305
	3426604306
	3426604307
	3426604308
	3426604309
	3426604310
	3426604311
	3426604312
	3426604313
	3426604314
	3426604315
	3426604316
	3426604317
	3426604318
	3426604319
	3426604320
	3426604321
	3426604322
	3426604323
	3426604324
	3426604325
	3426604326
	3426604327
	3426604328
	3426604329
	3426604330
	3426604331
	3426604332
	3426604333
	3426604334
	3426604335
	3426604336
	3426604337
	3426604338
	3426604339
	3426604340
	3426604341
	3426604342
	3426604343
	3426604344
	3426604345
	3426604346
	3426604347
	3426604348
	3426604349
	3426604350
	3426604351
	3426604352
	3426604353
	3426604354
	3426604355
	3426604356
	3426604357
	3426604358
	3426604359
	3426604360
	3426604361
	3426604362
	3426604363
	3426604364
	3426604365
	3426604366
	3426604367
	3426604368
	3426604369
	3426604370
	3426604371
	3426604372
	3426604373
	3426604374
	3426604375
	3426604376
	3426604377
	3426604378
	3426604379
	3426604380
	3426604381
	3426604382
	3426604383
	3426604384
	3426604385
	3426604386
	3426604387
	3426604388
	3426604389
	3426604390
	3426604391
	3426604392
	3426604393
	3426604394
	3426604395
	3426604396
	3426604397
	3426604398
	3426604399
	3426604400
	3426604401
	3426604402
	3426604403
	3426604404
	3426604405
	3426604406
	3426604407
	3426604408
	3426604409
	3426604410
	3426604411
	3426604412
	3426604413
	3426604414
	3426604415
	3426604416
	3426604417
	3426604418
	3426604419
	3426604420
	3426604421
	3426604422
	3426604423
	3426604424
	3426604425
	3426604426
	3426604427
	3426604428
	3426604429
	3426604430
	3426604431
	3426604432
	3426604433
	3426604434
	3426604435
	3426604436
	3426604437
	3426604438
	3426604439
	3426604440
	3426604441
	3426604442
	3426604443
	3426604444
	3426604445
	3426604446
	3426604447
	3426604448
	3426604449
	3426604450
	3426604451
	3426604452
	3426604453
	3426604454
	3426604455
	3426604456
	3426604457
	3426604458
	3426604459
	3426604460
	3426604461
	3426604462
	3426604463
	3426604464
	3426604465
	3426604466
	3426604467
	3426604468
	3426604469
	3426604470
	3426604471
	3426604472
	3426604473
	3426604474
	3426604475
	3426604476
	3426604477
	3426604478
	3426604479
	3426604480
	3426604481
	3426604482
	3426604483
	3426604484
	3426604485
	3426604486
	3426604487
	3426604488
	3426604489
	3426604490
	3426604491
	3426604492
	3426604493
	3426604494
	3426604495
	3426604496
	3426604497
	3426604498
	3426604499
	3426604500
	3426604501
	3426604502
	3426604503
	3426604504
	3426604505
	3426604506
	3426604507
	3426604508
	3426604509
	3426604510
	3426604511
	3426604512
	3426604513
	3426604514
	3426604515
	3426604516
	3426604517
	3426604518
	3426604519
	3426604520
	3426604521
	3426604522
	3426604523
	3426604524
	3426604525
	3426604526
	3426604527
	3426604528
	3426604529
	3426604530
	3426604531
	3426604532
	3426604533
	3426604534
	3426604535
	3426604536
	3426604537
	3426604538
	3426604539
	3426604540
	3426604541
	3426604542
	3426604543
	3426604544
	3426604545
	3426604546
	3426604547
	3426604548
	3426604549
	3426604550
	3426604551
	3426604552
	3426604553
	3426604554
	3426604555
	3426604556
	3426604557
	3426604558
	3426604559
	3426604560
	3426604561
	3426604562
	3426604563
	3426604564
	3426604565
	3426604566
	3426604567
	3426604568
	3426604569
	3426604570
	3426604571
	3426604572
	3426604573
	3426604574
	3426604575
	3426604576
	3426604577
	3426604578
	3426604579
	3426604580
	3426604581
	3426604582
	3426604583
	3426604584
	3426604585
	3426604586
	3426604587
	3426604588
	3426604589
	3426604590
	3426604591
	3426604592
	3426604593
	3426604594
	3426604595
	3426604596
	3426604597
	3426604598
	3426604599
	3426604600
	3426604601
	3426604602
	3426604603
	3426604604
	3426604605
	3426604606
	3426604607
	3426604608
	3426604609
	3426604610
	3426604611
	3426604612
	3426604613
	3426604614
	3426604615
	3426604616
	3426604617
	3426604618
	3426604619
	3426604620
	3426604621
	3426604622
	3426604623
	3426604624
	3426604625
	3426604626
	3426604627
	3426604628
	3426604629
	3426604630
	3426604631
	3426604632
	3426604633
	3426604634
	3426604635
	3426604636
	3426604637
	3426604638
	3426604639
	3426604640
	3426604641
	3426604642
	3426604643
	3426604644
	3426604645
	3426604646
	3426604647
	3426604648
	3426604649
	3426604650
	3426604651
	3426604652
	3426604653
	3426604654
	3426604655
	3426604656
	3426604657
	3426604658
	3426604659
	3426604660
	3426604661
	3426604662
	3426604663
	3426604664
	3426604665
	3426604666
	3426604667
	3426604668
	3426604669
	3426604670
	3426604671
	3426604672
	3426604673
	3426604674
	3426604675
	3426604676
	3426604677
	3426604678
	3426604679
	3426604680
	3426604681
	3426604682
	3426604683
	3426604684
	3426604685
	3426604686
	3426604687
	3426604688
	3426604689
	3426604690
	3426604691
	3426604692
	3426604693
	3426604694
	3426604695
	3426604696
	3426604697
	3426604698
	3426604699
	3426604700
	3426604701
	3426604702
	3426604703
	3426604704
	3426604705
	3426604706
	3426604707
	3426604708
	3426604709
	3426604710
	3426604711
	3426604712
	3426604713
	3426604714
	3426604715
	3426604716
	3426604717
	3426604718
	3426604719
	3426604720
	3426604721
	3426604722
	3426604723
	3426604724
	3426604725
	3426604726
	3426604727
	3426604728
	3426604729
	3426604730
	3426604731
	3426604732
	3426604733
	3426604734
	3426604735
	3426604736
	3426604737
	3426604738
	3426604739
	3426604740
	3426604741
	3426604742
	3426604743
	3426604744
	3426604745
	3426604746
	3426604747
	3426604748
	3426604749
	3426604750
	3426604751
	3426604752
	3426604753
	3426604754
	3426604755
	3426604756
	3426604757
	3426604758
	3426604759
	3426604760
	3426604761
	3426604762
	3426604763
	3426604764
	3426604765
	3426604766
	3426604767
	3426604768
	3426604769
	3426604770
	3426604771
	3426604772
	3426604773
	3426604774
	3426604775
	3426604776
	3426604777
	3426604778
	3426604779
	3426604780
	3426604781
	3426604782
	3426604783
	3426604784
	3426604785
	3426604786
	3426604787
	3426604788
	3426604789
	3426604790
	3426604791
	3426604792
	3426604793
	3426604794
	3426604795
	3426604796
	3426604797
	3426604798
	3426604799
	3426604800
	3426604801
	3426604802
	3426604803
	3426604804
	3426604805
	3426604806
	3426604807
	3426604808
	3426604809
	3426604810
	3426604811
	3426604812
	3426604813
	3426604814
	3426604815
	3426604816
	3426604817
	3426604818
	3426604819
	3426604820
	3426604821
	3426604822
	3426604823
	3426604824
	3426604825
	3426604826
	3426604827
	3426604828
	3426604829
	3426604830
	3426604831
	3426604832
	3426604833
	3426604834
	3426604835
	3426604836
	3426604837
	3426604838
	3426604839
	3426604840
	3426604841
	3426604842
	3426604843
	3426604844
	3426604845
	3426604846
	3426604847
	3426604848
	3426604849
	3426604850
	3426604851
	3426604852
	3426604853
	3426604854
	3426604855
	3426604856
	3426604857
	3426604858
	3426604859
	3426604860
	3426604861
	3426604862
	3426604863
	3426604864
	3426604865
	3426604866
	3426604867
	3426604868
	3426604869
	3426604870
	3426604871
	3426604872
	3426604873
	3426604874
	3426604875
	3426604876
	3426604877
	3426604878
	3426604879
	3426604880
	3426604881
	3426604882
	3426604883
	3426604884
	3426604885
	3426604886
	3426604887
	3426604888
	3426604889
	3426604890
	3426604891
	3426604892
	3426604893
	3426604894
	3426604895
	3426604896
	3426604897
	3426604898
	3426604899
	3426604900
	3426604901
	3426604902
	3426604903
	3426604904
	3426604905
	3426604906
	3426604907
	3426604908
	3426604909
	3426604910
	3426604911
	3426604912
	3426604913
	3426604914
	3426604915
	3426604916
	3426604917
	3426604918
	3426604919
	3426604920
	3426604921
	3426604922
	3426604923
	3426604924
	3426604925
	3426604926
	3426604927
	3426604928
	3426604929
	3426604930
	3426604931
	3426604932
	3426604933
	3426604934
	3426604935
	3426604936
	3426604937
	3426604938
	3426604939
	3426604940
	3426604941
	3426604942
	3426604943
	3426604944
	3426604945
	3426604946
	3426604947
	3426604948
	3426604949
	3426604950
	3426604951
	3426604952
	3426604953
	3426604954
	3426604955
	3426604956
	3426604957
	3426604958
	3426604959
	3426604960
	3426604961
	3426604962
	3426604963
	3426604964
	3426604965
	3426604966
	3426604967
	3426604968
	3426604969
	3426604970
	3426604971
	3426604972
	3426604973
	3426604974
	3426604975
	3426604976
	3426604977
	3426604978
	3426604979
	3426604980
	3426604981
	3426604982
	3426604983
	3426604984
	3426604985
	3426604986
	3426604987
	3426604988
	3426604989
	3426604990
	3426604991
	3426604992
	3426604993
	3426604994
	3426604995
	3426604996
	3426604997
	3426604998
	3426604999
	3426605000
	3426605001
	3426605002
	3426605003
	3426605004
	3426605005
	3426605006
	3426605007
	3426605008
	3426605009
	3426605010
	3426605011
	3426605012
	3426605013
	3426605014
	3426605015
	3426605016
	3426605017
	3426605018
	3426605019
	3426605020
	3426605021
	3426605022
	3426605023
	3426605024
	3426605025
	3426605026
	3426605027
	3426605028
	3426605029
	3426605030
	3426605031
	3426605032
	3426605033
	3426605034
	3426605035
	3426605036
	3426605037
	3426605038
	3426605039
	3426605040
	3426605041
	3426605042
	3426605043
	3426605044
	3426605045
	3426605046
	3426605047
	3426605048
	3426605049
	3426605050
	3426605051
	3426605052
	3426605053
	3426605054
	3426605055
	3426605056
	3426605057
	3426605058
	3426605059
	3426605060
	3426605061
	3426605062
	3426605063
	3426605064
	3426605065
	3426605066
	3426605067
	3426605068
	3426605069
	3426605070
	3426605071
	3426605072
	3426605073
	3426605074
	3426605075
	3426605076
	3426605077
	3426605078
	3426605079
	3426605080
	3426605081
	3426605082
	3426605083
	3426605084
	3426605085
	3426605086
	3426605087
	3426605088
	3426605089
	3426605090
	3426605091
	3426605092
	3426605093
	3426605094
	3426605095
	3426605096
	3426605097
	3426605098
	3426605099
	3426605100
	3426605101
	3426605102
	3426605103
	3426605104
	3426605105
	3426605106
	3426605107
	3426605108
	3426605109
	3426605110
	3426605111
	3426605112
	3426605113
	3426605114
	3426605115
	3426605116
	3426605117
	3426605118
