	3426910091
	3426910092
	3426910093
	3426910094
	3426910095
	3426910096
	3426910097
	3426910098
	3426910099
	3426910100
	3426910101
	3426910102
	3426910103
	3426910104
	3426910105
	3426910106
	3426910107
	3426910108
	3426910109
	3426910110
	3426910111
	3426910112
	3426910113
	3426910114
	3426910115
	3426910116
	3426910117
	3426910118
	3426910119
	3426910120
	3426910121
	3426910122
	3426910123
	3426910124
	3426910125
	3426910126
	3426910127
	3426910128
	3426910129
	3426910130
	3426910131
	3426910132
	3426910133
	3426910134
	3426910135
	3426910136
	3426910137
	3426910138
	3426910139
	3426910140
	3426910141
	3426910142
	3426910143
	3426910144
	3426910145
	3426910146
	3426910147
	3426910148
	3426910149
	3426910150
	3426910151
	3426910152
	3426910153
	3426910154
	3426910155
	3426910156
	3426910157
	3426910158
	3426910159
	3426910160
	3426910161
	3426910162
	3426910163
	3426910164
	3426910165
	3426910166
	3426910167
	3426910168
	3426910169
	3426910170
	3426910171
	3426910172
	3426910173
	3426910174
	3426910175
	3426910176
	3426910177
	3426910178
	3426910179
	3426910180
	3426910181
	3426910182
	3426910183
	3426910184
	3426910185
	3426910186
	3426910187
	3426910188
	3426910189
	3426910190
	3426910191
	3426910192
	3426910193
	3426910194
	3426910195
	3426910196
	3426910197
	3426910198
	3426910199
	3426910200
	3426910201
	3426910202
	3426910203
	3426910204
	3426910205
	3426910206
	3426910207
	3426910208
	3426910209
	3426910210
	3426910211
	3426910212
	3426910213
	3426910214
	3426910215
	3426910216
	3426910217
	3426910218
	3426910219
	3426910220
	3426910221
	3426910222
	3426910223
	3426910224
	3426910225
	3426910226
	3426910227
	3426910228
	3426910229
	3426910230
	3426910231
	3426910232
	3426910233
	3426910234
	3426910235
	3426910236
	3426910237
	3426910238
	3426910239
	3426910240
	3426910241
	3426910242
	3426910243
	3426910244
	3426910245
	3426910246
	3426910247
	3426910248
	3426910249
	3426910250
	3426910251
	3426910252
	3426910253
	3426910254
	3426910255
	3426910256
	3426910257
	3426910258
	3426910259
	3426910260
	3426910261
	3426910262
	3426910263
	3426910264
	3426910265
	3426910266
	3426910267
	3426910268
	3426910269
	3426910270
	3426910271
	3426910272
	3426910273
	3426910274
	3426910275
	3426910276
	3426910277
	3426910278
	3426910279
	3426910280
	3426910281
	3426910282
	3426910283
	3426910284
	3426910285
	3426910286
	3426910287
	3426910288
	3426910289
	3426910290
	3426910291
	3426910292
	3426910293
	3426910294
	3426910295
	3426910296
	3426910297
	3426910298
	3426910299
	3426910300
	3426910301
	3426910302
	3426910303
	3426910304
	3426910305
	3426910306
	3426910307
	3426910308
	3426910309
	3426910310
	3426910311
	3426910312
	3426910313
	3426910314
	3426910315
	3426910316
	3426910317
	3426910318
	3426910319
	3426910320
	3426910321
	3426910322
	3426910323
	3426910324
	3426910325
	3426910326
	3426910327
	3426910328
	3426910329
	3426910330
	3426910331
	3426910332
	3426910333
	3426910334
	3426910335
	3426910336
	3426910337
	3426910338
	3426910339
	3426910340
	3426910341
	3426910342
	3426910343
	3426910344
	3426910345
	3426910346
	3426910347
	3426910348
	3426910349
	3426910350
	3426910351
	3426910352
	3426910353
	3426910354
	3426910355
	3426910356
	3426910357
	3426910358
	3426910359
	3426910360
	3426910361
	3426910362
	3426910363
	3426910364
	3426910365
	3426910366
	3426910367
	3426910368
	3426910369
	3426910370
	3426910371
	3426910372
	3426910373
	3426910374
	3426910375
	3426910376
	3426910377
	3426910378
	3426910379
	3426910380
	3426910381
	3426910382
	3426910383
	3426910384
	3426910385
	3426910386
	3426910387
	3426910388
	3426910389
	3426910390
	3426910391
	3426910392
	3426910393
	3426910394
	3426910395
	3426910396
	3426910397
	3426910398
	3426910399
	3426910400
	3426910401
	3426910402
	3426910403
	3426910404
	3426910405
	3426910406
	3426910407
	3426910408
	3426910409
	3426910410
	3426910411
	3426910412
	3426910413
	3426910414
	3426910415
	3426910416
	3426910417
	3426910418
	3426910419
	3426910420
	3426910421
	3426910422
	3426910423
	3426910424
	3426910425
	3426910426
	3426910427
	3426910428
	3426910429
	3426910430
	3426910431
	3426910432
	3426910433
	3426910434
	3426910435
	3426910436
	3426910437
	3426910438
	3426910439
	3426910440
	3426910441
	3426910442
	3426910443
	3426910444
	3426910445
	3426910446
	3426910447
	3426910448
	3426910449
	3426910450
	3426910451
	3426910452
	3426910453
	3426910454
	3426910455
	3426910456
	3426910457
	3426910458
	3426910459
	3426910460
	3426910461
	3426910462
	3426910463
	3426910464
	3426910465
	3426910466
	3426910467
	3426910468
	3426910469
	3426910470
	3426910471
	3426910472
	3426910473
	3426910474
	3426910475
	3426910476
	3426910477
	3426910478
	3426910479
	3426910480
	3426910481
	3426910482
	3426910483
	3426910484
	3426910485
	3426910486
	3426910487
	3426910488
	3426910489
	3426910490
	3426910491
	3426910492
	3426910493
	3426910494
	3426910495
	3426910496
	3426910497
	3426910498
	3426910499
	3426910500
	3426910501
	3426910502
	3426910503
	3426910504
	3426910505
	3426910506
	3426910507
	3426910508
	3426910509
	3426910510
	3426910511
	3426910512
	3426910513
	3426910514
	3426910515
	3426910516
	3426910517
	3426910518
	3426910519
	3426910520
	3426910521
	3426910522
	3426910523
	3426910524
	3426910525
	3426910526
	3426910527
	3426910528
	3426910529
	3426910530
	3426910531
	3426910532
	3426910533
	3426910534
	3426910535
	3426910536
	3426910537
	3426910538
	3426910539
	3426910540
	3426910541
	3426910542
	3426910543
	3426910544
	3426910545
	3426910546
	3426910547
	3426910548
	3426910549
	3426910550
	3426910551
	3426910552
	3426910553
	3426910554
	3426910555
	3426910556
	3426910557
	3426910558
	3426910559
	3426910560
	3426910561
	3426910562
	3426910563
	3426910564
	3426910565
	3426910566
	3426910567
	3426910568
	3426910569
	3426910570
	3426910571
	3426910572
	3426910573
	3426910574
	3426910575
	3426910576
	3426910577
	3426910578
	3426910579
	3426910580
	3426910581
	3426910582
	3426910583
	3426910584
	3426910585
	3426910586
	3426910587
	3426910588
	3426910589
	3426910590
	3426910591
	3426910592
	3426910593
	3426910594
	3426910595
	3426910596
	3426910597
	3426910598
	3426910599
	3426910600
	3426910601
	3426910602
	3426910603
	3426910604
	3426910605
	3426910606
	3426910607
	3426910608
	3426910609
	3426910610
	3426910611
	3426910612
	3426910613
	3426910614
	3426910615
	3426910616
	3426910617
	3426910618
	3426910619
	3426910620
	3426910621
	3426910622
	3426910623
	3426910624
	3426910625
	3426910626
	3426910627
	3426910628
	3426910629
	3426910630
	3426910631
	3426910632
	3426910633
	3426910634
	3426910635
	3426910636
	3426910637
	3426910638
	3426910639
	3426910640
	3426910641
	3426910642
	3426910643
	3426910644
	3426910645
	3426910646
	3426910647
	3426910648
	3426910649
	3426910650
	3426910651
	3426910652
	3426910653
	3426910654
	3426910655
	3426910656
	3426910657
	3426910658
	3426910659
	3426910660
	3426910661
	3426910662
	3426910663
	3426910664
	3426910665
	3426910666
	3426910667
	3426910668
	3426910669
	3426910670
	3426910671
	3426910672
	3426910673
	3426910674
	3426910675
	3426910676
	3426910677
	3426910678
	3426910679
	3426910680
	3426910681
	3426910682
	3426910683
	3426910684
	3426910685
	3426910686
	3426910687
	3426910688
	3426910689
	3426910690
	3426910691
	3426910692
	3426910693
	3426910694
	3426910695
	3426910696
	3426910697
	3426910698
	3426910699
	3426910700
	3426910701
	3426910702
	3426910703
	3426910704
	3426910705
	3426910706
	3426910707
	3426910708
	3426910709
	3426910710
	3426910711
	3426910712
	3426910713
	3426910714
	3426910715
	3426910716
	3426910717
	3426910718
	3426910719
	3426910720
	3426910721
	3426910722
	3426910723
	3426910724
	3426910725
	3426910726
	3426910727
	3426910728
	3426910729
	3426910730
	3426910731
	3426910732
	3426910733
	3426910734
	3426910735
	3426910736
	3426910737
	3426910738
	3426910739
	3426910740
	3426910741
	3426910742
	3426910743
	3426910744
	3426910745
	3426910746
	3426910747
	3426910748
	3426910749
	3426910750
	3426910751
	3426910752
	3426910753
	3426910754
	3426910755
	3426910756
	3426910757
	3426910758
	3426910759
	3426910760
	3426910761
	3426910762
	3426910763
	3426910764
	3426910765
	3426910766
	3426910767
	3426910768
	3426910769
	3426910770
	3426910771
	3426910772
	3426910773
	3426910774
	3426910775
	3426910776
	3426910777
	3426910778
	3426910779
	3426910780
	3426910781
	3426910782
	3426910783
	3426910784
	3426910785
	3426910786
	3426910787
	3426910788
	3426910789
	3426910790
	3426910791
	3426910792
	3426910793
	3426910794
	3426910795
	3426910796
	3426910797
	3426910798
	3426910799
	3426910800
	3426910801
	3426910802
	3426910803
	3426910804
	3426910805
	3426910806
	3426910807
	3426910808
	3426910809
	3426910810
	3426910811
	3426910812
	3426910813
	3426910814
	3426910815
	3426910816
	3426910817
	3426910818
	3426910819
	3426910820
	3426910821
	3426910822
	3426910823
	3426910824
	3426910825
	3426910826
	3426910827
	3426910828
	3426910829
	3426910830
	3426910831
	3426910832
	3426910833
	3426910834
	3426910835
	3426910836
	3426910837
	3426910838
	3426910839
	3426910840
	3426910841
	3426910842
	3426910843
	3426910844
	3426910845
	3426910846
	3426910847
	3426910848
	3426910849
	3426910850
	3426910851
	3426910852
	3426910853
	3426910854
	3426910855
	3426910856
	3426910857
	3426910858
	3426910859
	3426910860
	3426910861
	3426910862
	3426910863
	3426910864
	3426910865
	3426910866
	3426910867
	3426910868
	3426910869
	3426910870
	3426910871
	3426910872
	3426910873
	3426910874
	3426910875
	3426910876
	3426910877
	3426910878
	3426910879
	3426910880
	3426910881
	3426910882
	3426910883
	3426910884
	3426910885
	3426910886
	3426910887
	3426910888
	3426910889
	3426910890
	3426910891
	3426910892
	3426910893
	3426910894
	3426910895
	3426910896
	3426910897
	3426910898
	3426910899
	3426910900
	3426910901
	3426910902
	3426910903
	3426910904
	3426910905
	3426910906
	3426910907
	3426910908
	3426910909
	3426910910
	3426910911
	3426910912
	3426910913
	3426910914
	3426910915
	3426910916
	3426910917
	3426910918
	3426910919
	3426910920
	3426910921
	3426910922
	3426910923
	3426910924
	3426910925
	3426910926
	3426910927
	3426910928
	3426910929
	3426910930
	3426910931
	3426910932
	3426910933
	3426910934
	3426910935
	3426910936
	3426910937
	3426910938
	3426910939
	3426910940
	3426910941
	3426910942
	3426910943
	3426910944
	3426910945
	3426910946
	3426910947
	3426910948
	3426910949
	3426910950
	3426910951
	3426910952
	3426910953
	3426910954
	3426910955
	3426910956
	3426910957
	3426910958
	3426910959
	3426910960
	3426910961
	3426910962
	3426910963
	3426910964
	3426910965
	3426910966
	3426910967
	3426910968
	3426910969
	3426910970
	3426910971
	3426910972
	3426910973
	3426910974
	3426910975
	3426910976
	3426910977
	3426910978
	3426910979
	3426910980
	3426910981
	3426910982
	3426910983
	3426910984
	3426910985
	3426910986
	3426910987
	3426910988
	3426910989
	3426910990
	3426910991
	3426910992
	3426910993
	3426910994
	3426910995
	3426910996
	3426910997
	3426910998
	3426910999
	3426911000
	3426911001
	3426911002
	3426911003
	3426911004
	3426911005
	3426911006
	3426911007
	3426911008
	3426911009
	3426911010
	3426911011
	3426911012
	3426911013
	3426911014
	3426911015
	3426911016
	3426911017
	3426911018
	3426911019
	3426911020
	3426911021
	3426911022
	3426911023
	3426911024
	3426911025
	3426911026
	3426911027
	3426911028
	3426911029
	3426911030
	3426911031
	3426911032
	3426911033
	3426911034
	3426911035
	3426911036
	3426911037
	3426911038
	3426911039
	3426911040
	3426911041
	3426911042
	3426911043
	3426911044
	3426911045
	3426911046
	3426911047
	3426911048
	3426911049
	3426911050
	3426911051
	3426911052
	3426911053
	3426911054
	3426911055
	3426911056
	3426911057
	3426911058
	3426911059
	3426911060
	3426911061
	3426911062
	3426911063
	3426911064
	3426911065
	3426911066
	3426911067
	3426911068
	3426911069
	3426911070
	3426911071
	3426911072
	3426911073
	3426911074
	3426911075
	3426911076
	3426911077
	3426911078
	3426911079
	3426911080
	3426911081
	3426911082
	3426911083
	3426911084
	3426911085
	3426911086
	3426911087
	3426911088
	3426911089
	3426911090
	3426911091
	3426911092
	3426911093
	3426911094
	3426911095
	3426911096
	3426911097
	3426911098
	3426911099
	3426911100
	3426911101
	3426911102
	3426911103
	3426911104
	3426911105
	3426911106
	3426911107
	3426911108
	3426911109
	3426911110
	3426911111
	3426911112
	3426911113
	3426911114
	3426911115
	3426911116
	3426911117
	3426911118
	3426911119
	3426911120
	3426911121
	3426911122
	3426911123
	3426911124
	3426911125
	3426911126
	3426911127
	3426911128
	3426911129
	3426911130
	3426911131
	3426911132
	3426911133
	3426911134
	3426911135
	3426911136
	3426911137
	3426911138
	3426911139
	3426911140
	3426911141
	3426911142
	3426911143
	3426911144
	3426911145
	3426911146
	3426911147
	3426911148
	3426911149
	3426911150
	3426911151
	3426911152
	3426911153
	3426911154
	3426911155
	3426911156
	3426911157
	3426911158
	3426911159
	3426911160
	3426911161
	3426911162
	3426911163
	3426911164
	3426911165
	3426911166
	3426911167
	3426911168
	3426911169
	3426911170
	3426911171
	3426911172
	3426911173
	3426911174
	3426911175
	3426911176
	3426911177
	3426911178
	3426911179
	3426911180
	3426911181
	3426911182
	3426911183
	3426911184
	3426911185
	3426911186
	3426911187
	3426911188
	3426911189
	3426911190
	3426911191
	3426911192
	3426911193
	3426911194
	3426911195
	3426911196
	3426911197
	3426911198
	3426911199
	3426911200
	3426911201
	3426911202
	3426911203
	3426911204
	3426911205
	3426911206
	3426911207
	3426911208
	3426911209
	3426911210
	3426911211
	3426911212
	3426911213
	3426911214
	3426911215
	3426911216
	3426911217
	3426911218
	3426911219
	3426911220
	3426911221
	3426911222
	3426911223
	3426911224
	3426911225
	3426911226
	3426911227
	3426911228
	3426911229
	3426911230
	3426911231
	3426911232
	3426911233
	3426911234
	3426911235
	3426911236
	3426911237
	3426911238
	3426911239
	3426911240
	3426911241
	3426911242
	3426911243
	3426911244
	3426911245
	3426911246
	3426911247
	3426911248
	3426911249
	3426911250
	3426911251
	3426911252
	3426911253
	3426911254
	3426911255
	3426911256
	3426911257
	3426911258
	3426911259
	3426911260
	3426911261
	3426911262
	3426911263
	3426911264
	3426911265
	3426911266
	3426911267
	3426911268
	3426911269
	3426911270
	3426911271
	3426911272
	3426911273
	3426911274
	3426911275
	3426911276
	3426911277
	3426911278
	3426911279
	3426911280
	3426911281
	3426911282
	3426911283
	3426911284
	3426911285
	3426911286
	3426911287
	3426911288
	3426911289
	3426911290
	3426911291
	3426911292
	3426911293
	3426911294
	3426911295
	3426911296
	3426911297
	3426911298
	3426911299
	3426911300
	3426911301
	3426911302
	3426911303
	3426911304
	3426911305
	3426911306
	3426911307
	3426911308
	3426911309
	3426911310
	3426911311
	3426911312
	3426911313
	3426911314
	3426911315
	3426911316
	3426911317
	3426911318
	3426911319
	3426911320
	3426911321
	3426911322
	3426911323
	3426911324
	3426911325
	3426911326
	3426911327
	3426911328
	3426911329
	3426911330
	3426911331
	3426911332
	3426911333
	3426911334
	3426911335
	3426911336
	3426911337
	3426911338
	3426911339
	3426911340
	3426911341
	3426911342
	3426911343
	3426911344
	3426911345
	3426911346
	3426911347
	3426911348
	3426911349
	3426911350
	3426911351
	3426911352
	3426911353
	3426911354
	3426911355
	3426911356
	3426911357
	3426911358
	3426911359
	3426911360
	3426911361
	3426911362
	3426911363
	3426911364
	3426911365
	3426911366
	3426911367
	3426911368
	3426911369
	3426911370
	3426911371
	3426911372
	3426911373
	3426911374
	3426911375
	3426911376
	3426911377
	3426911378
	3426911379
	3426911380
	3426911381
	3426911382
	3426911383
	3426911384
	3426911385
	3426911386
	3426911387
	3426911388
	3426911389
	3426911390
	3426911391
	3426911392
	3426911393
	3426911394
	3426911395
	3426911396
	3426911397
	3426911398
	3426911399
	3426911400
	3426911401
	3426911402
	3426911403
	3426911404
	3426911405
	3426911406
	3426911407
	3426911408
	3426911409
	3426911410
	3426911411
	3426911412
	3426911413
	3426911414
	3426911415
	3426911416
	3426911417
	3426911418
	3426911419
	3426911420
	3426911421
	3426911422
	3426911423
	3426911424
	3426911425
	3426911426
	3426911427
	3426911428
	3426911429
	3426911430
	3426911431
	3426911432
	3426911433
	3426911434
	3426911435
	3426911436
	3426911437
	3426911438
	3426911439
	3426911440
	3426911441
	3426911442
	3426911443
	3426911444
	3426911445
	3426911446
	3426911447
	3426911448
	3426911449
	3426911450
	3426911451
	3426911452
	3426911453
	3426911454
	3426911455
	3426911456
	3426911457
	3426911458
	3426911459
	3426911460
	3426911461
	3426911462
	3426911463
	3426911464
	3426911465
	3426911466
	3426911467
	3426911468
	3426911469
	3426911470
	3426911471
	3426911472
	3426911473
	3426911474
	3426911475
	3426911476
	3426911477
	3426911478
	3426911479
	3426911480
	3426911481
	3426911482
	3426911483
	3426911484
	3426911485
	3426911486
	3426911487
	3426911488
	3426911489
	3426911490
	3426911491
	3426911492
	3426911493
	3426911494
	3426911495
	3426911496
	3426911497
	3426911498
	3426911499
	3426911500
	3426911501
	3426911502
	3426911503
	3426911504
	3426911505
	3426911506
	3426911507
	3426911508
	3426911509
	3426911510
	3426911511
	3426911512
	3426911513
	3426911514
	3426911515
	3426911516
	3426911517
	3426911518
	3426911519
	3426911520
	3426911521
	3426911522
	3426911523
	3426911524
	3426911525
	3426911526
	3426911527
	3426911528
	3426911529
	3426911530
	3426911531
	3426911532
	3426911533
	3426911534
	3426911535
	3426911536
	3426911537
	3426911538
	3426911539
	3426911540
	3426911541
	3426911542
	3426911543
	3426911544
	3426911545
	3426911546
	3426911547
	3426911548
	3426911549
	3426911550
	3426911551
	3426911552
	3426911553
	3426911554
	3426911555
	3426911556
	3426911557
	3426911558
	3426911559
	3426911560
	3426911561
	3426911562
	3426911563
	3426911564
	3426911565
	3426911566
	3426911567
	3426911568
	3426911569
	3426911570
	3426911571
	3426911572
	3426911573
	3426911574
	3426911575
	3426911576
	3426911577
	3426911578
	3426911579
	3426911580
	3426911581
	3426911582
	3426911583
	3426911584
	3426911585
	3426911586
	3426911587
	3426911588
	3426911589
	3426911590
	3426911591
	3426911592
	3426911593
	3426911594
	3426911595
	3426911596
	3426911597
	3426911598
	3426911599
	3426911600
	3426911601
	3426911602
	3426911603
	3426911604
	3426911605
	3426911606
	3426911607
	3426911608
	3426911609
	3426911610
	3426911611
	3426911612
	3426911613
	3426911614
	3426911615
	3426911616
	3426911617
	3426911618
	3426911619
	3426911620
	3426911621
	3426911622
	3426911623
	3426911624
	3426911625
	3426911626
	3426911627
	3426911628
	3426911629
	3426911630
	3426911631
	3426911632
	3426911633
	3426911634
	3426911635
	3426911636
	3426911637
	3426911638
	3426911639
	3426911640
	3426911641
	3426911642
	3426911643
	3426911644
	3426911645
	3426911646
	3426911647
	3426911648
	3426911649
	3426911650
	3426911651
	3426911652
	3426911653
	3426911654
	3426911655
	3426911656
	3426911657
	3426911658
	3426911659
	3426911660
	3426911661
	3426911662
	3426911663
	3426911664
	3426911665
	3426911666
	3426911667
	3426911668
	3426911669
	3426911670
	3426911671
	3426911672
	3426911673
	3426911674
	3426911675
	3426911676
	3426911677
	3426911678
	3426911679
	3426911680
	3426911681
	3426911682
	3426911683
	3426911684
	3426911685
	3426911686
	3426911687
	3426911688
	3426911689
	3426911690
	3426911691
	3426911692
	3426911693
	3426911694
	3426911695
	3426911696
	3426911697
	3426911698
	3426911699
	3426911700
	3426911701
	3426911702
	3426911703
	3426911704
	3426911705
	3426911706
	3426911707
	3426911708
	3426911709
	3426911710
	3426911711
	3426911712
	3426911713
	3426911714
	3426911715
	3426911716
	3426911717
	3426911718
	3426911719
	3426911720
	3426911721
	3426911722
	3426911723
	3426911724
	3426911725
	3426911726
	3426911727
	3426911728
	3426911729
	3426911730
	3426911731
	3426911732
	3426911733
	3426911734
	3426911735
	3426911736
	3426911737
	3426911738
	3426911739
	3426911740
	3426911741
	3426911742
	3426911743
	3426911744
	3426911745
	3426911746
	3426911747
	3426911748
	3426911749
	3426911750
	3426911751
	3426911752
	3426911753
	3426911754
	3426911755
	3426911756
	3426911757
	3426911758
	3426911759
	3426911760
	3426911761
	3426911762
	3426911763
	3426911764
	3426911765
	3426911766
	3426911767
	3426911768
	3426911769
	3426911770
	3426911771
	3426911772
	3426911773
	3426911774
	3426911775
	3426911776
	3426911777
	3426911778
	3426911779
	3426911780
	3426911781
	3426911782
	3426911783
	3426911784
	3426911785
	3426911786
	3426911787
	3426911788
	3426911789
	3426911790
	3426911791
	3426911792
	3426911793
	3426911794
	3426911795
	3426911796
	3426911797
	3426911798
	3426911799
	3426911800
	3426911801
	3426911802
	3426911803
	3426911804
	3426911805
	3426911806
	3426911807
	3426911808
	3426911809
	3426911810
	3426911811
	3426911812
	3426911813
	3426911814
	3426911815
	3426911816
	3426911817
	3426911818
	3426911819
	3426911820
	3426911821
	3426911822
	3426911823
	3426911824
	3426911825
	3426911826
	3426911827
	3426911828
	3426911829
	3426911830
	3426911831
	3426911832
	3426911833
	3426911834
	3426911835
	3426911836
	3426911837
	3426911838
	3426911839
	3426911840
	3426911841
	3426911842
	3426911843
	3426911844
	3426911845
	3426911846
	3426911847
	3426911848
	3426911849
	3426911850
	3426911851
	3426911852
	3426911853
	3426911854
	3426911855
	3426911856
	3426911857
	3426911858
	3426911859
	3426911860
	3426911861
	3426911862
	3426911863
	3426911864
	3426911865
	3426911866
	3426911867
	3426911868
	3426911869
	3426911870
	3426911871
	3426911872
	3426911873
	3426911874
	3426911875
	3426911876
	3426911877
	3426911878
	3426911879
	3426911880
	3426911881
	3426911882
	3426911883
	3426911884
	3426911885
	3426911886
	3426911887
	3426911888
	3426911889
	3426911890
	3426911891
	3426911892
	3426911893
	3426911894
	3426911895
	3426911896
	3426911897
	3426911898
	3426911899
	3426911900
	3426911901
	3426911902
	3426911903
	3426911904
	3426911905
	3426911906
	3426911907
	3426911908
	3426911909
	3426911910
	3426911911
	3426911912
	3426911913
	3426911914
	3426911915
	3426911916
	3426911917
	3426911918
	3426911919
	3426911920
	3426911921
	3426911922
	3426911923
	3426911924
	3426911925
	3426911926
	3426911927
	3426911928
	3426911929
	3426911930
	3426911931
	3426911932
	3426911933
	3426911934
	3426911935
	3426911936
	3426911937
	3426911938
	3426911939
	3426911940
	3426911941
	3426911942
	3426911943
	3426911944
	3426911945
	3426911946
	3426911947
	3426911948
	3426911949
	3426911950
	3426911951
	3426911952
	3426911953
	3426911954
	3426911955
	3426911956
	3426911957
	3426911958
	3426911959
	3426911960
	3426911961
	3426911962
	3426911963
	3426911964
	3426911965
	3426911966
	3426911967
	3426911968
	3426911969
	3426911970
	3426911971
	3426911972
	3426911973
	3426911974
	3426911975
	3426911976
	3426911977
	3426911978
	3426911979
	3426911980
	3426911981
	3426911982
	3426911983
	3426911984
	3426911985
	3426911986
	3426911987
	3426911988
	3426911989
	3426911990
	3426911991
	3426911992
	3426911993
	3426911994
	3426911995
	3426911996
	3426911997
	3426911998
	3426911999
	3426912000
	3426912001
	3426912002
	3426912003
	3426912004
	3426912005
	3426912006
	3426912007
	3426912008
	3426912009
	3426912010
	3426912011
	3426912012
	3426912013
	3426912014
	3426912015
	3426912016
	3426912017
	3426912018
	3426912019
	3426912020
	3426912021
	3426912022
	3426912023
	3426912024
	3426912025
	3426912026
	3426912027
	3426912028
	3426912029
	3426912030
	3426912031
	3426912032
	3426912033
	3426912034
	3426912035
	3426912036
	3426912037
	3426912038
	3426912039
	3426912040
	3426912041
	3426912042
	3426912043
	3426912044
	3426912045
	3426912046
	3426912047
	3426912048
	3426912049
	3426912050
	3426912051
	3426912052
	3426912053
	3426912054
	3426912055
	3426912056
	3426912057
	3426912058
	3426912059
	3426912060
	3426912061
	3426912062
	3426912063
	3426912064
	3426912065
	3426912066
	3426912067
	3426912068
	3426912069
	3426912070
	3426912071
	3426912072
	3426912073
	3426912074
	3426912075
	3426912076
	3426912077
	3426912078
	3426912079
	3426912080
	3426912081
	3426912082
	3426912083
	3426912084
	3426912085
	3426912086
	3426912087
	3426912088
	3426912089
	3426912090
	3426912091
	3426912092
	3426912093
	3426912094
	3426912095
	3426912096
	3426912097
	3426912098
	3426912099
	3426912100
	3426912101
	3426912102
	3426912103
	3426912104
	3426912105
	3426912106
	3426912107
	3426912108
	3426912109
	3426912110
	3426912111
	3426912112
	3426912113
	3426912114
	3426912115
	3426912116
	3426912117
	3426912118
	3426912119
	3426912120
	3426912121
	3426912122
	3426912123
	3426912124
	3426912125
	3426912126
	3426912127
	3426912128
	3426912129
	3426912130
	3426912131
	3426912132
	3426912133
	3426912134
	3426912135
	3426912136
	3426912137
	3426912138
	3426912139
	3426912140
	3426912141
	3426912142
	3426912143
	3426912144
	3426912145
	3426912146
	3426912147
	3426912148
	3426912149
	3426912150
	3426912151
	3426912152
	3426912153
	3426912154
	3426912155
	3426912156
	3426912157
	3426912158
	3426912159
	3426912160
	3426912161
	3426912162
	3426912163
	3426912164
	3426912165
	3426912166
	3426912167
	3426912168
	3426912169
	3426912170
	3426912171
	3426912172
	3426912173
	3426912174
	3426912175
	3426912176
	3426912177
	3426912178
	3426912179
	3426912180
	3426912181
	3426912182
	3426912183
	3426912184
	3426912185
	3426912186
	3426912187
	3426912188
	3426912189
	3426912190
	3426912191
	3426912192
	3426912193
	3426912194
	3426912195
	3426912196
	3426912197
	3426912198
	3426912199
	3426912200
	3426912201
	3426912202
	3426912203
	3426912204
	3426912205
	3426912206
	3426912207
	3426912208
	3426912209
	3426912210
	3426912211
	3426912212
	3426912213
	3426912214
	3426912215
	3426912216
	3426912217
	3426912218
	3426912219
	3426912220
	3426912221
	3426912222
	3426912223
	3426912224
	3426912225
	3426912226
	3426912227
	3426912228
	3426912229
	3426912230
	3426912231
	3426912232
	3426912233
	3426912234
	3426912235
	3426912236
	3426912237
	3426912238
	3426912239
	3426912240
	3426912241
	3426912242
	3426912243
	3426912244
	3426912245
	3426912246
	3426912247
	3426912248
	3426912249
	3426912250
	3426912251
	3426912252
	3426912253
	3426912254
	3426912255
	3426912256
	3426912257
	3426912258
	3426912259
	3426912260
	3426912261
	3426912262
	3426912263
	3426912264
	3426912265
	3426912266
	3426912267
	3426912268
	3426912269
	3426912270
	3426912271
	3426912272
	3426912273
	3426912274
	3426912275
	3426912276
	3426912277
	3426912278
	3426912279
	3426912280
	3426912281
	3426912282
	3426912283
	3426912284
	3426912285
	3426912286
	3426912287
	3426912288
	3426912289
	3426912290
	3426912291
	3426912292
	3426912293
	3426912294
	3426912295
	3426912296
	3426912297
	3426912298
	3426912299
	3426912300
	3426912301
	3426912302
	3426912303
	3426912304
	3426912305
	3426912306
	3426912307
	3426912308
	3426912309
	3426912310
	3426912311
	3426912312
	3426912313
	3426912314
	3426912315
	3426912316
	3426912317
	3426912318
	3426912319
	3426912320
	3426912321
	3426912322
	3426912323
	3426912324
	3426912325
	3426912326
	3426912327
	3426912328
	3426912329
	3426912330
	3426912331
	3426912332
	3426912333
	3426912334
	3426912335
	3426912336
	3426912337
	3426912338
	3426912339
	3426912340
	3426912341
	3426912342
	3426912343
	3426912344
	3426912345
	3426912346
	3426912347
	3426912348
	3426912349
	3426912350
	3426912351
	3426912352
	3426912353
	3426912354
	3426912355
	3426912356
	3426912357
	3426912358
	3426912359
	3426912360
	3426912361
	3426912362
	3426912363
	3426912364
	3426912365
	3426912366
	3426912367
	3426912368
	3426912369
	3426912370
	3426912371
	3426912372
	3426912373
	3426912374
	3426912375
	3426912376
	3426912377
	3426912378
	3426912379
	3426912380
	3426912381
	3426912382
	3426912383
	3426912384
	3426912385
	3426912386
	3426912387
	3426912388
	3426912389
	3426912390
	3426912391
	3426912392
	3426912393
	3426912394
	3426912395
	3426912396
	3426912397
	3426912398
	3426912399
	3426912400
	3426912401
	3426912402
	3426912403
	3426912404
	3426912405
	3426912406
	3426912407
	3426912408
	3426912409
	3426912410
	3426912411
	3426912412
	3426912413
	3426912414
	3426912415
	3426912416
	3426912417
	3426912418
	3426912419
	3426912420
	3426912421
	3426912422
	3426912423
	3426912424
	3426912425
	3426912426
	3426912427
	3426912428
	3426912429
	3426912430
	3426912431
	3426912432
	3426912433
	3426912434
	3426912435
	3426912436
	3426912437
	3426912438
	3426912439
	3426912440
	3426912441
	3426912442
	3426912443
	3426912444
	3426912445
	3426912446
	3426912447
	3426912448
	3426912449
	3426912450
	3426912451
	3426912452
	3426912453
	3426912454
	3426912455
	3426912456
	3426912457
	3426912458
	3426912459
	3426912460
	3426912461
	3426912462
	3426912463
	3426912464
	3426912465
	3426912466
	3426912467
	3426912468
	3426912469
	3426912470
	3426912471
	3426912472
	3426912473
	3426912474
	3426912475
	3426912476
	3426912477
	3426912478
	3426912479
	3426912480
	3426912481
	3426912482
	3426912483
	3426912484
	3426912485
	3426912486
	3426912487
	3426912488
	3426912489
	3426912490
	3426912491
	3426912492
	3426912493
	3426912494
	3426912495
	3426912496
	3426912497
	3426912498
	3426912499
	3426912500
	3426912501
	3426912502
	3426912503
	3426912504
	3426912505
	3426912506
	3426912507
	3426912508
	3426912509
	3426912510
	3426912511
	3426912512
	3426912513
	3426912514
	3426912515
	3426912516
	3426912517
	3426912518
	3426912519
	3426912520
	3426912521
	3426912522
	3426912523
	3426912524
	3426912525
	3426912526
	3426912527
	3426912528
	3426912529
	3426912530
	3426912531
	3426912532
	3426912533
	3426912534
	3426912535
	3426912536
	3426912537
	3426912538
	3426912539
	3426912540
	3426912541
	3426912542
	3426912543
	3426912544
	3426912545
	3426912546
	3426912547
	3426912548
	3426912549
	3426912550
	3426912551
	3426912552
	3426912553
	3426912554
	3426912555
	3426912556
	3426912557
	3426912558
	3426912559
	3426912560
	3426912561
	3426912562
	3426912563
	3426912564
	3426912565
	3426912566
	3426912567
	3426912568
	3426912569
	3426912570
	3426912571
	3426912572
	3426912573
	3426912574
	3426912575
	3426912576
	3426912577
	3426912578
	3426912579
	3426912580
	3426912581
	3426912582
	3426912583
	3426912584
	3426912585
	3426912586
	3426912587
	3426912588
	3426912589
	3426912590
	3426912591
	3426912592
	3426912593
	3426912594
	3426912595
	3426912596
	3426912597
	3426912598
	3426912599
	3426912600
	3426912601
	3426912602
	3426912603
	3426912604
	3426912605
	3426912606
	3426912607
	3426912608
	3426912609
	3426912610
	3426912611
	3426912612
	3426912613
	3426912614
	3426912615
	3426912616
	3426912617
	3426912618
	3426912619
	3426912620
	3426912621
	3426912622
	3426912623
	3426912624
	3426912625
	3426912626
	3426912627
	3426912628
	3426912629
	3426912630
	3426912631
	3426912632
	3426912633
	3426912634
	3426912635
	3426912636
	3426912637
	3426912638
	3426912639
	3426912640
	3426912641
	3426912642
	3426912643
	3426912644
	3426912645
	3426912646
	3426912647
	3426912648
	3426912649
	3426912650
	3426912651
	3426912652
	3426912653
	3426912654
	3426912655
	3426912656
	3426912657
	3426912658
	3426912659
	3426912660
	3426912661
	3426912662
	3426912663
	3426912664
	3426912665
	3426912666
	3426912667
	3426912668
	3426912669
	3426912670
	3426912671
	3426912672
	3426912673
	3426912674
	3426912675
	3426912676
	3426912677
	3426912678
	3426912679
	3426912680
	3426912681
	3426912682
	3426912683
	3426912684
	3426912685
	3426912686
	3426912687
	3426912688
	3426912689
	3426912690
	3426912691
	3426912692
	3426912693
	3426912694
	3426912695
	3426912696
	3426912697
	3426912698
	3426912699
	3426912700
	3426912701
	3426912702
	3426912703
	3426912704
	3426912705
	3426912706
	3426912707
	3426912708
	3426912709
	3426912710
	3426912711
	3426912712
	3426912713
	3426912714
	3426912715
	3426912716
	3426912717
	3426912718
	3426912719
	3426912720
	3426912721
	3426912722
	3426912723
	3426912724
	3426912725
	3426912726
	3426912727
	3426912728
	3426912729
	3426912730
	3426912731
	3426912732
	3426912733
	3426912734
	3426912735
	3426912736
	3426912737
	3426912738
	3426912739
	3426912740
	3426912741
	3426912742
	3426912743
	3426912744
	3426912745
	3426912746
	3426912747
	3426912748
	3426912749
	3426912750
	3426912751
	3426912752
	3426912753
	3426912754
	3426912755
	3426912756
	3426912757
	3426912758
	3426912759
	3426912760
	3426912761
	3426912762
	3426912763
	3426912764
	3426912765
	3426912766
	3426912767
	3426912768
	3426912769
	3426912770
	3426912771
	3426912772
	3426912773
	3426912774
	3426912775
	3426912776
	3426912777
	3426912778
	3426912779
	3426912780
	3426912781
	3426912782
	3426912783
	3426912784
	3426912785
	3426912786
	3426912787
	3426912788
	3426912789
	3426912790
	3426912791
	3426912792
	3426912793
	3426912794
	3426912795
	3426912796
	3426912797
	3426912798
	3426912799
	3426912800
	3426912801
	3426912802
	3426912803
	3426912804
	3426912805
	3426912806
	3426912807
	3426912808
	3426912809
	3426912810
	3426912811
	3426912812
	3426912813
	3426912814
	3426912815
	3426912816
	3426912817
	3426912818
	3426912819
	3426912820
	3426912821
	3426912822
	3426912823
	3426912824
	3426912825
	3426912826
	3426912827
	3426912828
	3426912829
	3426912830
	3426912831
	3426912832
	3426912833
	3426912834
	3426912835
	3426912836
	3426912837
	3426912838
	3426912839
	3426912840
	3426912841
	3426912842
	3426912843
	3426912844
	3426912845
	3426912846
	3426912847
	3426912848
	3426912849
	3426912850
	3426912851
	3426912852
	3426912853
	3426912854
	3426912855
	3426912856
	3426912857
	3426912858
	3426912859
	3426912860
	3426912861
	3426912862
	3426912863
	3426912864
	3426912865
	3426912866
	3426912867
	3426912868
	3426912869
	3426912870
	3426912871
	3426912872
	3426912873
	3426912874
	3426912875
	3426912876
	3426912877
	3426912878
	3426912879
	3426912880
	3426912881
	3426912882
	3426912883
	3426912884
	3426912885
	3426912886
	3426912887
	3426912888
	3426912889
	3426912890
	3426912891
	3426912892
	3426912893
	3426912894
	3426912895
	3426912896
	3426912897
	3426912898
	3426912899
	3426912900
	3426912901
	3426912902
	3426912903
	3426912904
	3426912905
	3426912906
	3426912907
	3426912908
	3426912909
	3426912910
	3426912911
	3426912912
	3426912913
	3426912914
	3426912915
	3426912916
	3426912917
	3426912918
	3426912919
	3426912920
	3426912921
	3426912922
	3426912923
	3426912924
	3426912925
	3426912926
	3426912927
	3426912928
	3426912929
	3426912930
	3426912931
	3426912932
	3426912933
	3426912934
	3426912935
	3426912936
	3426912937
	3426912938
	3426912939
	3426912940
	3426912941
	3426912942
	3426912943
	3426912944
	3426912945
	3426912946
	3426912947
	3426912948
	3426912949
	3426912950
	3426912951
	3426912952
	3426912953
	3426912954
	3426912955
	3426912956
	3426912957
	3426912958
	3426912959
	3426912960
	3426912961
	3426912962
	3426912963
	3426912964
	3426912965
	3426912966
	3426912967
	3426912968
	3426912969
	3426912970
	3426912971
	3426912972
	3426912973
	3426912974
	3426912975
	3426912976
	3426912977
	3426912978
	3426912979
	3426912980
	3426912981
	3426912982
	3426912983
	3426912984
	3426912985
	3426912986
	3426912987
	3426912988
	3426912989
	3426912990
	3426912991
	3426912992
	3426912993
	3426912994
	3426912995
	3426912996
	3426912997
	3426912998
	3426912999
	3426913000
	3426913001
	3426913002
	3426913003
	3426913004
	3426913005
	3426913006
	3426913007
	3426913008
	3426913009
	3426913010
	3426913011
	3426913012
	3426913013
	3426913014
	3426913015
	3426913016
	3426913017
	3426913018
	3426913019
	3426913020
	3426913021
	3426913022
	3426913023
	3426913024
	3426913025
	3426913026
	3426913027
	3426913028
	3426913029
	3426913030
	3426913031
	3426913032
	3426913033
	3426913034
	3426913035
	3426913036
	3426913037
	3426913038
	3426913039
	3426913040
	3426913041
	3426913042
	3426913043
	3426913044
	3426913045
	3426913046
	3426913047
	3426913048
	3426913049
	3426913050
	3426913051
	3426913052
	3426913053
	3426913054
	3426913055
	3426913056
	3426913057
	3426913058
	3426913059
	3426913060
	3426913061
	3426913062
	3426913063
	3426913064
	3426913065
	3426913066
	3426913067
	3426913068
	3426913069
	3426913070
	3426913071
	3426913072
	3426913073
	3426913074
	3426913075
	3426913076
	3426913077
	3426913078
	3426913079
	3426913080
	3426913081
	3426913082
	3426913083
	3426913084
	3426913085
	3426913086
	3426913087
	3426913088
	3426913089
	3426913090
	3426913091
	3426913092
	3426913093
	3426913094
	3426913095
	3426913096
	3426913097
	3426913098
	3426913099
	3426913100
	3426913101
	3426913102
	3426913103
	3426913104
	3426913105
	3426913106
	3426913107
	3426913108
	3426913109
	3426913110
	3426913111
	3426913112
	3426913113
	3426913114
	3426913115
	3426913116
	3426913117
	3426913118
	3426913119
	3426913120
	3426913121
	3426913122
	3426913123
	3426913124
	3426913125
	3426913126
	3426913127
	3426913128
	3426913129
	3426913130
	3426913131
	3426913132
	3426913133
	3426913134
	3426913135
	3426913136
	3426913137
	3426913138
	3426913139
	3426913140
	3426913141
	3426913142
	3426913143
	3426913144
	3426913145
	3426913146
	3426913147
	3426913148
	3426913149
	3426913150
	3426913151
	3426913152
	3426913153
	3426913154
	3426913155
	3426913156
	3426913157
	3426913158
	3426913159
	3426913160
	3426913161
	3426913162
	3426913163
	3426913164
	3426913165
	3426913166
	3426913167
	3426913168
	3426913169
	3426913170
	3426913171
	3426913172
	3426913173
	3426913174
	3426913175
	3426913176
	3426913177
	3426913178
	3426913179
	3426913180
	3426913181
	3426913182
	3426913183
	3426913184
	3426913185
	3426913186
	3426913187
	3426913188
	3426913189
	3426913190
	3426913191
	3426913192
	3426913193
	3426913194
	3426913195
	3426913196
	3426913197
	3426913198
	3426913199
	3426913200
	3426913201
	3426913202
	3426913203
	3426913204
	3426913205
	3426913206
	3426913207
	3426913208
	3426913209
	3426913210
	3426913211
	3426913212
	3426913213
	3426913214
	3426913215
	3426913216
	3426913217
	3426913218
	3426913219
	3426913220
	3426913221
	3426913222
	3426913223
	3426913224
	3426913225
	3426913226
	3426913227
	3426913228
	3426913229
	3426913230
	3426913231
	3426913232
	3426913233
	3426913234
	3426913235
	3426913236
	3426913237
	3426913238
	3426913239
	3426913240
	3426913241
	3426913242
	3426913243
	3426913244
	3426913245
	3426913246
	3426913247
	3426913248
	3426913249
	3426913250
	3426913251
	3426913252
	3426913253
	3426913254
	3426913255
	3426913256
	3426913257
	3426913258
	3426913259
	3426913260
	3426913261
	3426913262
	3426913263
	3426913264
	3426913265
	3426913266
	3426913267
	3426913268
	3426913269
	3426913270
	3426913271
	3426913272
	3426913273
	3426913274
	3426913275
	3426913276
	3426913277
	3426913278
	3426913279
	3426913280
	3426913281
	3426913282
	3426913283
	3426913284
	3426913285
	3426913286
	3426913287
	3426913288
	3426913289
	3426913290
	3426913291
	3426913292
	3426913293
	3426913294
	3426913295
	3426913296
	3426913297
	3426913298
	3426913299
	3426913300
	3426913301
	3426913302
	3426913303
	3426913304
	3426913305
	3426913306
	3426913307
	3426913308
	3426913309
	3426913310
	3426913311
	3426913312
	3426913313
	3426913314
	3426913315
	3426913316
	3426913317
	3426913318
	3426913319
	3426913320
	3426913321
	3426913322
	3426913323
	3426913324
	3426913325
	3426913326
	3426913327
	3426913328
	3426913329
	3426913330
	3426913331
	3426913332
	3426913333
	3426913334
	3426913335
	3426913336
	3426913337
	3426913338
	3426913339
	3426913340
	3426913341
	3426913342
	3426913343
	3426913344
	3426913345
	3426913346
	3426913347
	3426913348
	3426913349
	3426913350
	3426913351
	3426913352
	3426913353
	3426913354
	3426913355
	3426913356
	3426913357
	3426913358
	3426913359
	3426913360
	3426913361
	3426913362
	3426913363
	3426913364
	3426913365
	3426913366
	3426913367
	3426913368
	3426913369
	3426913370
	3426913371
	3426913372
	3426913373
	3426913374
	3426913375
	3426913376
	3426913377
	3426913378
	3426913379
	3426913380
	3426913381
	3426913382
	3426913383
	3426913384
	3426913385
	3426913386
	3426913387
	3426913388
	3426913389
	3426913390
	3426913391
	3426913392
	3426913393
	3426913394
	3426913395
	3426913396
	3426913397
	3426913398
	3426913399
	3426913400
	3426913401
	3426913402
	3426913403
	3426913404
	3426913405
	3426913406
	3426913407
	3426913408
	3426913409
	3426913410
	3426913411
	3426913412
	3426913413
	3426913414
	3426913415
	3426913416
	3426913417
	3426913418
	3426913419
	3426913420
	3426913421
	3426913422
	3426913423
	3426913424
	3426913425
	3426913426
	3426913427
	3426913428
	3426913429
	3426913430
	3426913431
	3426913432
	3426913433
	3426913434
	3426913435
	3426913436
	3426913437
	3426913438
	3426913439
	3426913440
	3426913441
	3426913442
	3426913443
	3426913444
	3426913445
	3426913446
	3426913447
	3426913448
	3426913449
	3426913450
	3426913451
	3426913452
	3426913453
	3426913454
	3426913455
	3426913456
	3426913457
	3426913458
	3426913459
	3426913460
	3426913461
	3426913462
	3426913463
	3426913464
	3426913465
	3426913466
	3426913467
	3426913468
	3426913469
	3426913470
	3426913471
	3426913472
	3426913473
	3426913474
	3426913475
	3426913476
	3426913477
	3426913478
	3426913479
	3426913480
	3426913481
	3426913482
	3426913483
	3426913484
	3426913485
	3426913486
	3426913487
	3426913488
	3426913489
	3426913490
	3426913491
	3426913492
	3426913493
	3426913494
	3426913495
	3426913496
	3426913497
	3426913498
	3426913499
	3426913500
	3426913501
	3426913502
	3426913503
	3426913504
	3426913505
	3426913506
	3426913507
	3426913508
	3426913509
	3426913510
	3426913511
	3426913512
	3426913513
	3426913514
	3426913515
	3426913516
	3426913517
	3426913518
	3426913519
	3426913520
	3426913521
	3426913522
	3426913523
	3426913524
	3426913525
	3426913526
	3426913527
	3426913528
	3426913529
	3426913530
	3426913531
	3426913532
	3426913533
	3426913534
	3426913535
	3426913536
	3426913537
	3426913538
	3426913539
	3426913540
	3426913541
	3426913542
	3426913543
	3426913544
	3426913545
	3426913546
	3426913547
	3426913548
	3426913549
	3426913550
	3426913551
	3426913552
	3426913553
	3426913554
	3426913555
	3426913556
	3426913557
	3426913558
	3426913559
	3426913560
	3426913561
	3426913562
	3426913563
	3426913564
	3426913565
	3426913566
	3426913567
	3426913568
	3426913569
	3426913570
	3426913571
	3426913572
	3426913573
	3426913574
	3426913575
	3426913576
	3426913577
	3426913578
	3426913579
	3426913580
	3426913581
	3426913582
	3426913583
	3426913584
	3426913585
	3426913586
	3426913587
	3426913588
	3426913589
	3426913590
	3426913591
	3426913592
	3426913593
	3426913594
	3426913595
	3426913596
	3426913597
	3426913598
	3426913599
	3426913600
	3426913601
	3426913602
	3426913603
	3426913604
	3426913605
	3426913606
	3426913607
	3426913608
	3426913609
	3426913610
	3426913611
	3426913612
	3426913613
	3426913614
	3426913615
	3426913616
	3426913617
	3426913618
	3426913619
	3426913620
	3426913621
	3426913622
	3426913623
	3426913624
	3426913625
	3426913626
	3426913627
	3426913628
	3426913629
	3426913630
	3426913631
	3426913632
	3426913633
	3426913634
	3426913635
	3426913636
	3426913637
	3426913638
	3426913639
	3426913640
	3426913641
	3426913642
	3426913643
	3426913644
	3426913645
	3426913646
	3426913647
	3426913648
	3426913649
	3426913650
	3426913651
	3426913652
	3426913653
	3426913654
	3426913655
	3426913656
	3426913657
	3426913658
	3426913659
	3426913660
	3426913661
	3426913662
	3426913663
	3426913664
	3426913665
	3426913666
	3426913667
	3426913668
	3426913669
	3426913670
	3426913671
	3426913672
	3426913673
	3426913674
	3426913675
	3426913676
	3426913677
	3426913678
	3426913679
	3426913680
	3426913681
	3426913682
	3426913683
	3426913684
	3426913685
	3426913686
	3426913687
	3426913688
	3426913689
	3426913690
