	3426797638
	3426797639
	3426797640
	3426797641
	3426797642
	3426797643
	3426797644
	3426797645
	3426797646
	3426797647
	3426797648
	3426797649
	3426797650
	3426797651
	3426797652
	3426797653
	3426797654
	3426797655
	3426797656
	3426797657
	3426797658
	3426797659
	3426797660
	3426797661
	3426797662
	3426797663
	3426797664
	3426797665
	3426797666
	3426797667
	3426797668
	3426797669
	3426797670
	3426797671
	3426797672
	3426797673
	3426797674
	3426797675
	3426797676
	3426797677
	3426797678
	3426797679
	3426797680
	3426797681
	3426797682
	3426797683
	3426797684
	3426797685
	3426797686
	3426797687
	3426797688
	3426797689
	3426797690
	3426797691
	3426797692
	3426797693
	3426797694
	3426797695
	3426797696
	3426797697
	3426797698
	3426797699
	3426797700
	3426797701
	3426797702
	3426797703
	3426797704
	3426797705
	3426797706
	3426797707
	3426797708
	3426797709
	3426797710
	3426797711
	3426797712
	3426797713
	3426797714
	3426797715
	3426797716
	3426797717
	3426797718
	3426797719
	3426797720
	3426797721
	3426797722
	3426797723
	3426797724
	3426797725
	3426797726
	3426797727
	3426797728
	3426797729
	3426797730
	3426797731
	3426797732
	3426797733
	3426797734
	3426797735
	3426797736
	3426797737
	3426797738
	3426797739
	3426797740
	3426797741
	3426797742
	3426797743
	3426797744
	3426797745
	3426797746
	3426797747
	3426797748
	3426797749
	3426797750
	3426797751
	3426797752
	3426797753
	3426797754
	3426797755
	3426797756
	3426797757
	3426797758
	3426797759
	3426797760
	3426797761
	3426797762
	3426797763
	3426797764
	3426797765
	3426797766
	3426797767
	3426797768
	3426797769
	3426797770
	3426797771
	3426797772
	3426797773
	3426797774
	3426797775
	3426797776
	3426797777
	3426797778
	3426797779
	3426797780
	3426797781
	3426797782
	3426797783
	3426797784
	3426797785
	3426797786
	3426797787
	3426797788
	3426797789
	3426797790
	3426797791
	3426797792
	3426797793
	3426797794
	3426797795
	3426797796
	3426797797
	3426797798
	3426797799
	3426797800
	3426797801
	3426797802
	3426797803
	3426797804
	3426797805
	3426797806
	3426797807
	3426797808
	3426797809
	3426797810
	3426797811
	3426797812
	3426797813
	3426797814
	3426797815
	3426797816
	3426797817
	3426797818
	3426797819
	3426797820
	3426797821
	3426797822
	3426797823
	3426797824
	3426797825
	3426797826
	3426797827
	3426797828
	3426797829
	3426797830
	3426797831
	3426797832
	3426797833
	3426797834
	3426797835
	3426797836
	3426797837
	3426797838
	3426797839
	3426797840
	3426797841
	3426797842
	3426797843
	3426797844
	3426797845
	3426797846
	3426797847
	3426797848
	3426797849
	3426797850
	3426797851
	3426797852
	3426797853
	3426797854
	3426797855
	3426797856
	3426797857
	3426797858
	3426797859
	3426797860
	3426797861
	3426797862
	3426797863
	3426797864
	3426797865
	3426797866
	3426797867
	3426797868
	3426797869
	3426797870
	3426797871
	3426797872
	3426797873
	3426797874
	3426797875
	3426797876
	3426797877
	3426797878
	3426797879
	3426797880
	3426797881
	3426797882
	3426797883
	3426797884
	3426797885
	3426797886
	3426797887
	3426797888
	3426797889
	3426797890
	3426797891
	3426797892
	3426797893
	3426797894
	3426797895
	3426797896
	3426797897
	3426797898
	3426797899
	3426797900
	3426797901
	3426797902
	3426797903
	3426797904
	3426797905
	3426797906
	3426797907
	3426797908
	3426797909
	3426797910
	3426797911
	3426797912
	3426797913
	3426797914
	3426797915
	3426797916
	3426797917
	3426797918
	3426797919
	3426797920
	3426797921
	3426797922
	3426797923
	3426797924
	3426797925
	3426797926
	3426797927
	3426797928
	3426797929
	3426797930
	3426797931
	3426797932
	3426797933
	3426797934
	3426797935
	3426797936
	3426797937
	3426797938
	3426797939
	3426797940
	3426797941
	3426797942
	3426797943
	3426797944
	3426797945
	3426797946
	3426797947
	3426797948
	3426797949
	3426797950
	3426797951
	3426797952
	3426797953
	3426797954
	3426797955
	3426797956
	3426797957
	3426797958
	3426797959
	3426797960
	3426797961
	3426797962
	3426797963
	3426797964
	3426797965
	3426797966
	3426797967
	3426797968
	3426797969
	3426797970
	3426797971
	3426797972
	3426797973
	3426797974
	3426797975
	3426797976
	3426797977
	3426797978
	3426797979
	3426797980
	3426797981
	3426797982
	3426797983
	3426797984
	3426797985
	3426797986
	3426797987
	3426797988
	3426797989
	3426797990
	3426797991
	3426797992
	3426797993
	3426797994
	3426797995
	3426797996
	3426797997
	3426797998
	3426797999
	3426798000
	3426798001
	3426798002
	3426798003
	3426798004
	3426798005
	3426798006
	3426798007
	3426798008
	3426798009
	3426798010
	3426798011
	3426798012
	3426798013
	3426798014
	3426798015
	3426798016
	3426798017
	3426798018
	3426798019
	3426798020
	3426798021
	3426798022
	3426798023
	3426798024
	3426798025
	3426798026
	3426798027
	3426798028
	3426798029
	3426798030
	3426798031
	3426798032
	3426798033
	3426798034
	3426798035
	3426798036
	3426798037
	3426798038
	3426798039
	3426798040
	3426798041
	3426798042
	3426798043
	3426798044
	3426798045
	3426798046
	3426798047
	3426798048
	3426798049
	3426798050
	3426798051
	3426798052
	3426798053
	3426798054
	3426798055
	3426798056
	3426798057
	3426798058
	3426798059
	3426798060
	3426798061
	3426798062
	3426798063
	3426798064
	3426798065
	3426798066
	3426798067
	3426798068
	3426798069
	3426798070
	3426798071
	3426798072
	3426798073
	3426798074
	3426798075
	3426798076
	3426798077
	3426798078
	3426798079
	3426798080
	3426798081
	3426798082
	3426798083
	3426798084
	3426798085
	3426798086
	3426798087
	3426798088
	3426798089
	3426798090
	3426798091
	3426798092
	3426798093
	3426798094
	3426798095
	3426798096
	3426798097
	3426798098
	3426798099
	3426798100
	3426798101
	3426798102
	3426798103
	3426798104
	3426798105
	3426798106
	3426798107
	3426798108
	3426798109
	3426798110
	3426798111
	3426798112
	3426798113
	3426798114
	3426798115
	3426798116
	3426798117
	3426798118
	3426798119
	3426798120
	3426798121
	3426798122
	3426798123
	3426798124
	3426798125
	3426798126
	3426798127
	3426798128
	3426798129
	3426798130
	3426798131
	3426798132
	3426798133
	3426798134
	3426798135
	3426798136
	3426798137
	3426798138
	3426798139
	3426798140
	3426798141
	3426798142
	3426798143
	3426798144
	3426798145
	3426798146
	3426798147
	3426798148
	3426798149
	3426798150
	3426798151
	3426798152
	3426798153
	3426798154
	3426798155
	3426798156
	3426798157
	3426798158
	3426798159
	3426798160
	3426798161
	3426798162
	3426798163
	3426798164
	3426798165
	3426798166
	3426798167
	3426798168
	3426798169
	3426798170
	3426798171
	3426798172
	3426798173
	3426798174
	3426798175
	3426798176
	3426798177
	3426798178
	3426798179
	3426798180
	3426798181
	3426798182
	3426798183
	3426798184
	3426798185
	3426798186
	3426798187
	3426798188
	3426798189
	3426798190
	3426798191
	3426798192
	3426798193
	3426798194
	3426798195
	3426798196
	3426798197
	3426798198
	3426798199
	3426798200
	3426798201
	3426798202
	3426798203
	3426798204
	3426798205
	3426798206
	3426798207
	3426798208
	3426798209
	3426798210
	3426798211
	3426798212
	3426798213
	3426798214
	3426798215
	3426798216
	3426798217
	3426798218
	3426798219
	3426798220
	3426798221
	3426798222
	3426798223
	3426798224
	3426798225
	3426798226
	3426798227
	3426798228
	3426798229
	3426798230
	3426798231
	3426798232
	3426798233
	3426798234
	3426798235
	3426798236
	3426798237
	3426798238
	3426798239
	3426798240
	3426798241
	3426798242
	3426798243
	3426798244
	3426798245
	3426798246
	3426798247
	3426798248
	3426798249
	3426798250
	3426798251
	3426798252
	3426798253
	3426798254
	3426798255
	3426798256
	3426798257
	3426798258
	3426798259
	3426798260
	3426798261
	3426798262
	3426798263
	3426798264
	3426798265
	3426798266
	3426798267
	3426798268
	3426798269
	3426798270
	3426798271
	3426798272
	3426798273
	3426798274
	3426798275
	3426798276
	3426798277
	3426798278
	3426798279
	3426798280
	3426798281
	3426798282
	3426798283
	3426798284
	3426798285
	3426798286
	3426798287
	3426798288
	3426798289
	3426798290
	3426798291
	3426798292
	3426798293
	3426798294
	3426798295
	3426798296
	3426798297
	3426798298
	3426798299
	3426798300
	3426798301
	3426798302
	3426798303
	3426798304
	3426798305
	3426798306
	3426798307
	3426798308
	3426798309
	3426798310
	3426798311
	3426798312
	3426798313
	3426798314
	3426798315
	3426798316
	3426798317
	3426798318
	3426798319
	3426798320
	3426798321
	3426798322
	3426798323
	3426798324
	3426798325
	3426798326
	3426798327
	3426798328
	3426798329
	3426798330
	3426798331
	3426798332
	3426798333
	3426798334
	3426798335
	3426798336
	3426798337
	3426798338
	3426798339
	3426798340
	3426798341
	3426798342
	3426798343
	3426798344
	3426798345
	3426798346
	3426798347
	3426798348
	3426798349
	3426798350
	3426798351
	3426798352
	3426798353
	3426798354
	3426798355
	3426798356
	3426798357
	3426798358
	3426798359
	3426798360
	3426798361
	3426798362
	3426798363
	3426798364
	3426798365
	3426798366
	3426798367
	3426798368
	3426798369
	3426798370
	3426798371
	3426798372
	3426798373
	3426798374
	3426798375
	3426798376
	3426798377
	3426798378
	3426798379
	3426798380
	3426798381
	3426798382
	3426798383
	3426798384
	3426798385
	3426798386
	3426798387
	3426798388
	3426798389
	3426798390
	3426798391
	3426798392
	3426798393
	3426798394
	3426798395
	3426798396
	3426798397
	3426798398
	3426798399
	3426798400
	3426798401
	3426798402
	3426798403
	3426798404
	3426798405
	3426798406
	3426798407
	3426798408
	3426798409
	3426798410
	3426798411
	3426798412
	3426798413
	3426798414
	3426798415
	3426798416
	3426798417
	3426798418
	3426798419
	3426798420
	3426798421
	3426798422
	3426798423
	3426798424
	3426798425
	3426798426
	3426798427
	3426798428
	3426798429
	3426798430
	3426798431
	3426798432
	3426798433
	3426798434
	3426798435
	3426798436
	3426798437
	3426798438
	3426798439
	3426798440
	3426798441
	3426798442
	3426798443
	3426798444
	3426798445
	3426798446
	3426798447
	3426798448
	3426798449
	3426798450
	3426798451
	3426798452
	3426798453
	3426798454
	3426798455
	3426798456
	3426798457
	3426798458
	3426798459
	3426798460
	3426798461
	3426798462
	3426798463
	3426798464
	3426798465
	3426798466
	3426798467
	3426798468
	3426798469
	3426798470
	3426798471
	3426798472
	3426798473
	3426798474
	3426798475
	3426798476
	3426798477
	3426798478
	3426798479
	3426798480
	3426798481
	3426798482
	3426798483
	3426798484
	3426798485
	3426798486
	3426798487
	3426798488
	3426798489
	3426798490
	3426798491
	3426798492
	3426798493
	3426798494
	3426798495
	3426798496
	3426798497
	3426798498
	3426798499
	3426798500
	3426798501
	3426798502
	3426798503
	3426798504
	3426798505
	3426798506
	3426798507
	3426798508
	3426798509
	3426798510
	3426798511
	3426798512
	3426798513
	3426798514
	3426798515
	3426798516
	3426798517
	3426798518
	3426798519
	3426798520
	3426798521
	3426798522
	3426798523
	3426798524
	3426798525
	3426798526
	3426798527
	3426798528
	3426798529
	3426798530
	3426798531
	3426798532
	3426798533
	3426798534
	3426798535
	3426798536
	3426798537
	3426798538
	3426798539
	3426798540
	3426798541
	3426798542
	3426798543
	3426798544
	3426798545
	3426798546
	3426798547
	3426798548
	3426798549
	3426798550
	3426798551
	3426798552
	3426798553
	3426798554
	3426798555
	3426798556
	3426798557
	3426798558
	3426798559
	3426798560
	3426798561
	3426798562
	3426798563
	3426798564
	3426798565
	3426798566
	3426798567
	3426798568
	3426798569
	3426798570
	3426798571
	3426798572
	3426798573
	3426798574
	3426798575
	3426798576
	3426798577
	3426798578
	3426798579
	3426798580
	3426798581
	3426798582
	3426798583
	3426798584
	3426798585
	3426798586
	3426798587
	3426798588
	3426798589
	3426798590
	3426798591
	3426798592
	3426798593
	3426798594
	3426798595
	3426798596
	3426798597
	3426798598
	3426798599
	3426798600
	3426798601
	3426798602
	3426798603
	3426798604
	3426798605
	3426798606
	3426798607
	3426798608
	3426798609
	3426798610
	3426798611
	3426798612
	3426798613
	3426798614
	3426798615
	3426798616
	3426798617
	3426798618
	3426798619
	3426798620
	3426798621
	3426798622
	3426798623
	3426798624
	3426798625
	3426798626
	3426798627
	3426798628
	3426798629
	3426798630
	3426798631
	3426798632
	3426798633
	3426798634
	3426798635
	3426798636
	3426798637
	3426798638
	3426798639
	3426798640
	3426798641
	3426798642
	3426798643
	3426798644
	3426798645
	3426798646
	3426798647
	3426798648
	3426798649
	3426798650
	3426798651
	3426798652
	3426798653
	3426798654
	3426798655
	3426798656
	3426798657
	3426798658
	3426798659
	3426798660
	3426798661
	3426798662
	3426798663
	3426798664
	3426798665
	3426798666
	3426798667
	3426798668
	3426798669
	3426798670
	3426798671
	3426798672
	3426798673
	3426798674
	3426798675
	3426798676
	3426798677
	3426798678
	3426798679
	3426798680
	3426798681
	3426798682
	3426798683
	3426798684
	3426798685
	3426798686
	3426798687
	3426798688
	3426798689
	3426798690
	3426798691
	3426798692
	3426798693
	3426798694
	3426798695
	3426798696
	3426798697
	3426798698
	3426798699
	3426798700
	3426798701
	3426798702
	3426798703
	3426798704
	3426798705
	3426798706
	3426798707
	3426798708
	3426798709
	3426798710
	3426798711
	3426798712
	3426798713
	3426798714
	3426798715
	3426798716
	3426798717
	3426798718
	3426798719
	3426798720
	3426798721
	3426798722
	3426798723
	3426798724
	3426798725
	3426798726
	3426798727
	3426798728
	3426798729
	3426798730
	3426798731
	3426798732
	3426798733
	3426798734
	3426798735
	3426798736
	3426798737
	3426798738
	3426798739
	3426798740
	3426798741
	3426798742
	3426798743
	3426798744
	3426798745
	3426798746
	3426798747
	3426798748
	3426798749
	3426798750
	3426798751
	3426798752
	3426798753
	3426798754
	3426798755
	3426798756
	3426798757
	3426798758
	3426798759
	3426798760
	3426798761
	3426798762
	3426798763
	3426798764
	3426798765
	3426798766
	3426798767
	3426798768
	3426798769
	3426798770
	3426798771
	3426798772
	3426798773
	3426798774
	3426798775
	3426798776
	3426798777
	3426798778
	3426798779
	3426798780
	3426798781
	3426798782
	3426798783
	3426798784
	3426798785
	3426798786
	3426798787
	3426798788
	3426798789
	3426798790
	3426798791
	3426798792
	3426798793
	3426798794
	3426798795
	3426798796
	3426798797
	3426798798
	3426798799
	3426798800
	3426798801
	3426798802
	3426798803
	3426798804
	3426798805
	3426798806
	3426798807
	3426798808
	3426798809
	3426798810
	3426798811
	3426798812
	3426798813
	3426798814
	3426798815
	3426798816
	3426798817
	3426798818
	3426798819
	3426798820
	3426798821
	3426798822
	3426798823
	3426798824
	3426798825
	3426798826
	3426798827
	3426798828
	3426798829
	3426798830
	3426798831
	3426798832
	3426798833
	3426798834
	3426798835
	3426798836
	3426798837
	3426798838
	3426798839
	3426798840
	3426798841
	3426798842
	3426798843
	3426798844
	3426798845
	3426798846
	3426798847
	3426798848
	3426798849
	3426798850
	3426798851
	3426798852
	3426798853
	3426798854
	3426798855
	3426798856
	3426798857
	3426798858
	3426798859
	3426798860
	3426798861
	3426798862
	3426798863
	3426798864
	3426798865
	3426798866
	3426798867
	3426798868
	3426798869
	3426798870
	3426798871
	3426798872
	3426798873
	3426798874
	3426798875
	3426798876
	3426798877
	3426798878
	3426798879
	3426798880
	3426798881
	3426798882
	3426798883
	3426798884
	3426798885
	3426798886
	3426798887
	3426798888
	3426798889
	3426798890
	3426798891
	3426798892
	3426798893
	3426798894
	3426798895
	3426798896
	3426798897
	3426798898
	3426798899
	3426798900
	3426798901
	3426798902
	3426798903
	3426798904
	3426798905
	3426798906
	3426798907
	3426798908
	3426798909
	3426798910
	3426798911
	3426798912
	3426798913
	3426798914
	3426798915
	3426798916
	3426798917
	3426798918
	3426798919
	3426798920
	3426798921
	3426798922
	3426798923
	3426798924
	3426798925
	3426798926
	3426798927
	3426798928
	3426798929
	3426798930
	3426798931
	3426798932
	3426798933
	3426798934
	3426798935
	3426798936
	3426798937
	3426798938
	3426798939
	3426798940
	3426798941
	3426798942
	3426798943
	3426798944
	3426798945
	3426798946
	3426798947
	3426798948
	3426798949
	3426798950
	3426798951
	3426798952
	3426798953
	3426798954
	3426798955
	3426798956
	3426798957
	3426798958
	3426798959
	3426798960
	3426798961
	3426798962
	3426798963
	3426798964
	3426798965
	3426798966
	3426798967
	3426798968
	3426798969
	3426798970
	3426798971
	3426798972
	3426798973
	3426798974
	3426798975
	3426798976
	3426798977
	3426798978
	3426798979
	3426798980
	3426798981
	3426798982
	3426798983
	3426798984
	3426798985
	3426798986
	3426798987
	3426798988
	3426798989
	3426798990
	3426798991
	3426798992
	3426798993
	3426798994
	3426798995
	3426798996
	3426798997
	3426798998
	3426798999
	3426799000
	3426799001
	3426799002
	3426799003
	3426799004
	3426799005
	3426799006
	3426799007
	3426799008
	3426799009
	3426799010
	3426799011
	3426799012
	3426799013
	3426799014
	3426799015
	3426799016
	3426799017
	3426799018
	3426799019
	3426799020
	3426799021
	3426799022
	3426799023
	3426799024
	3426799025
	3426799026
	3426799027
	3426799028
	3426799029
	3426799030
	3426799031
	3426799032
	3426799033
	3426799034
	3426799035
	3426799036
	3426799037
	3426799038
	3426799039
	3426799040
	3426799041
	3426799042
	3426799043
	3426799044
	3426799045
	3426799046
	3426799047
	3426799048
	3426799049
	3426799050
	3426799051
	3426799052
	3426799053
	3426799054
	3426799055
	3426799056
	3426799057
	3426799058
	3426799059
	3426799060
	3426799061
	3426799062
	3426799063
	3426799064
	3426799065
	3426799066
	3426799067
	3426799068
	3426799069
	3426799070
	3426799071
	3426799072
	3426799073
	3426799074
	3426799075
	3426799076
	3426799077
	3426799078
	3426799079
	3426799080
	3426799081
	3426799082
	3426799083
	3426799084
	3426799085
	3426799086
	3426799087
	3426799088
	3426799089
	3426799090
	3426799091
	3426799092
	3426799093
	3426799094
	3426799095
	3426799096
	3426799097
	3426799098
	3426799099
	3426799100
	3426799101
	3426799102
	3426799103
	3426799104
	3426799105
	3426799106
	3426799107
	3426799108
	3426799109
	3426799110
	3426799111
	3426799112
	3426799113
	3426799114
	3426799115
	3426799116
	3426799117
	3426799118
	3426799119
	3426799120
	3426799121
	3426799122
	3426799123
	3426799124
	3426799125
	3426799126
	3426799127
	3426799128
	3426799129
	3426799130
	3426799131
	3426799132
	3426799133
	3426799134
	3426799135
	3426799136
	3426799137
	3426799138
	3426799139
	3426799140
	3426799141
	3426799142
	3426799143
	3426799144
	3426799145
	3426799146
	3426799147
	3426799148
	3426799149
	3426799150
	3426799151
	3426799152
	3426799153
	3426799154
	3426799155
	3426799156
	3426799157
	3426799158
	3426799159
	3426799160
	3426799161
	3426799162
	3426799163
	3426799164
	3426799165
	3426799166
	3426799167
	3426799168
	3426799169
	3426799170
	3426799171
	3426799172
	3426799173
	3426799174
	3426799175
	3426799176
	3426799177
	3426799178
	3426799179
	3426799180
	3426799181
	3426799182
	3426799183
	3426799184
	3426799185
	3426799186
	3426799187
	3426799188
	3426799189
	3426799190
	3426799191
	3426799192
	3426799193
	3426799194
	3426799195
	3426799196
	3426799197
	3426799198
	3426799199
	3426799200
	3426799201
	3426799202
	3426799203
	3426799204
	3426799205
	3426799206
	3426799207
	3426799208
	3426799209
	3426799210
	3426799211
	3426799212
	3426799213
	3426799214
	3426799215
	3426799216
	3426799217
	3426799218
	3426799219
	3426799220
	3426799221
	3426799222
	3426799223
	3426799224
	3426799225
	3426799226
	3426799227
	3426799228
	3426799229
	3426799230
	3426799231
	3426799232
	3426799233
	3426799234
	3426799235
	3426799236
	3426799237
	3426799238
	3426799239
	3426799240
	3426799241
	3426799242
	3426799243
	3426799244
	3426799245
	3426799246
	3426799247
	3426799248
	3426799249
	3426799250
	3426799251
	3426799252
	3426799253
	3426799254
	3426799255
	3426799256
	3426799257
	3426799258
	3426799259
	3426799260
	3426799261
	3426799262
	3426799263
	3426799264
	3426799265
	3426799266
	3426799267
	3426799268
	3426799269
	3426799270
	3426799271
	3426799272
	3426799273
	3426799274
	3426799275
	3426799276
	3426799277
	3426799278
	3426799279
	3426799280
	3426799281
	3426799282
	3426799283
	3426799284
	3426799285
	3426799286
	3426799287
	3426799288
	3426799289
	3426799290
	3426799291
	3426799292
	3426799293
	3426799294
	3426799295
	3426799296
	3426799297
	3426799298
	3426799299
	3426799300
	3426799301
	3426799302
	3426799303
	3426799304
	3426799305
	3426799306
	3426799307
	3426799308
	3426799309
	3426799310
	3426799311
	3426799312
	3426799313
	3426799314
	3426799315
	3426799316
	3426799317
	3426799318
	3426799319
	3426799320
	3426799321
	3426799322
	3426799323
	3426799324
	3426799325
	3426799326
	3426799327
	3426799328
	3426799329
	3426799330
	3426799331
	3426799332
	3426799333
	3426799334
	3426799335
	3426799336
	3426799337
	3426799338
	3426799339
	3426799340
	3426799341
	3426799342
	3426799343
	3426799344
	3426799345
	3426799346
	3426799347
	3426799348
	3426799349
	3426799350
	3426799351
	3426799352
	3426799353
	3426799354
	3426799355
	3426799356
	3426799357
	3426799358
	3426799359
	3426799360
	3426799361
	3426799362
	3426799363
	3426799364
	3426799365
	3426799366
	3426799367
	3426799368
	3426799369
	3426799370
	3426799371
	3426799372
	3426799373
	3426799374
	3426799375
	3426799376
	3426799377
	3426799378
	3426799379
	3426799380
	3426799381
	3426799382
	3426799383
	3426799384
	3426799385
	3426799386
	3426799387
	3426799388
	3426799389
	3426799390
	3426799391
	3426799392
	3426799393
	3426799394
	3426799395
	3426799396
	3426799397
	3426799398
	3426799399
	3426799400
	3426799401
	3426799402
	3426799403
	3426799404
	3426799405
	3426799406
	3426799407
	3426799408
	3426799409
	3426799410
	3426799411
	3426799412
	3426799413
	3426799414
	3426799415
	3426799416
	3426799417
	3426799418
	3426799419
	3426799420
	3426799421
	3426799422
	3426799423
	3426799424
	3426799425
	3426799426
	3426799427
	3426799428
	3426799429
	3426799430
	3426799431
	3426799432
	3426799433
	3426799434
	3426799435
	3426799436
	3426799437
	3426799438
	3426799439
	3426799440
	3426799441
	3426799442
	3426799443
	3426799444
	3426799445
	3426799446
	3426799447
	3426799448
	3426799449
	3426799450
	3426799451
	3426799452
	3426799453
	3426799454
	3426799455
	3426799456
	3426799457
	3426799458
	3426799459
	3426799460
	3426799461
	3426799462
	3426799463
	3426799464
	3426799465
	3426799466
	3426799467
	3426799468
	3426799469
	3426799470
	3426799471
	3426799472
	3426799473
	3426799474
	3426799475
	3426799476
	3426799477
	3426799478
	3426799479
	3426799480
	3426799481
	3426799482
	3426799483
	3426799484
	3426799485
	3426799486
	3426799487
	3426799488
	3426799489
	3426799490
	3426799491
	3426799492
	3426799493
	3426799494
	3426799495
	3426799496
	3426799497
	3426799498
	3426799499
	3426799500
	3426799501
	3426799502
	3426799503
	3426799504
	3426799505
	3426799506
	3426799507
	3426799508
	3426799509
	3426799510
	3426799511
	3426799512
	3426799513
	3426799514
	3426799515
	3426799516
	3426799517
	3426799518
	3426799519
	3426799520
	3426799521
	3426799522
	3426799523
	3426799524
	3426799525
	3426799526
	3426799527
	3426799528
	3426799529
	3426799530
	3426799531
	3426799532
	3426799533
	3426799534
	3426799535
	3426799536
	3426799537
	3426799538
	3426799539
	3426799540
	3426799541
	3426799542
	3426799543
	3426799544
	3426799545
	3426799546
	3426799547
	3426799548
	3426799549
	3426799550
	3426799551
	3426799552
	3426799553
	3426799554
	3426799555
	3426799556
	3426799557
	3426799558
	3426799559
	3426799560
	3426799561
	3426799562
	3426799563
	3426799564
	3426799565
	3426799566
	3426799567
	3426799568
	3426799569
	3426799570
	3426799571
	3426799572
	3426799573
	3426799574
	3426799575
	3426799576
	3426799577
	3426799578
	3426799579
	3426799580
	3426799581
	3426799582
	3426799583
	3426799584
	3426799585
	3426799586
	3426799587
	3426799588
	3426799589
	3426799590
	3426799591
	3426799592
	3426799593
	3426799594
	3426799595
	3426799596
	3426799597
	3426799598
	3426799599
	3426799600
	3426799601
	3426799602
	3426799603
	3426799604
	3426799605
	3426799606
	3426799607
	3426799608
	3426799609
	3426799610
	3426799611
	3426799612
	3426799613
	3426799614
	3426799615
	3426799616
	3426799617
	3426799618
	3426799619
	3426799620
	3426799621
	3426799622
	3426799623
	3426799624
	3426799625
	3426799626
	3426799627
	3426799628
	3426799629
	3426799630
	3426799631
	3426799632
	3426799633
	3426799634
	3426799635
	3426799636
	3426799637
	3426799638
	3426799639
	3426799640
	3426799641
	3426799642
	3426799643
	3426799644
	3426799645
	3426799646
	3426799647
	3426799648
	3426799649
	3426799650
	3426799651
	3426799652
	3426799653
	3426799654
	3426799655
	3426799656
	3426799657
	3426799658
	3426799659
	3426799660
	3426799661
	3426799662
	3426799663
	3426799664
	3426799665
	3426799666
	3426799667
	3426799668
	3426799669
	3426799670
	3426799671
	3426799672
	3426799673
	3426799674
	3426799675
	3426799676
	3426799677
	3426799678
	3426799679
	3426799680
	3426799681
	3426799682
	3426799683
	3426799684
	3426799685
	3426799686
	3426799687
	3426799688
	3426799689
	3426799690
	3426799691
	3426799692
	3426799693
	3426799694
	3426799695
	3426799696
	3426799697
	3426799698
	3426799699
	3426799700
	3426799701
	3426799702
	3426799703
	3426799704
	3426799705
	3426799706
	3426799707
	3426799708
	3426799709
	3426799710
	3426799711
	3426799712
	3426799713
	3426799714
	3426799715
	3426799716
	3426799717
	3426799718
	3426799719
	3426799720
	3426799721
	3426799722
	3426799723
	3426799724
	3426799725
	3426799726
	3426799727
	3426799728
	3426799729
	3426799730
	3426799731
	3426799732
	3426799733
	3426799734
	3426799735
	3426799736
	3426799737
	3426799738
	3426799739
	3426799740
	3426799741
	3426799742
	3426799743
	3426799744
	3426799745
	3426799746
	3426799747
	3426799748
	3426799749
	3426799750
	3426799751
	3426799752
	3426799753
	3426799754
	3426799755
	3426799756
	3426799757
	3426799758
	3426799759
	3426799760
	3426799761
	3426799762
	3426799763
	3426799764
	3426799765
	3426799766
	3426799767
	3426799768
	3426799769
	3426799770
	3426799771
	3426799772
	3426799773
	3426799774
	3426799775
	3426799776
	3426799777
	3426799778
	3426799779
	3426799780
	3426799781
	3426799782
	3426799783
	3426799784
	3426799785
	3426799786
	3426799787
	3426799788
	3426799789
	3426799790
	3426799791
	3426799792
	3426799793
	3426799794
	3426799795
	3426799796
	3426799797
	3426799798
	3426799799
	3426799800
	3426799801
	3426799802
	3426799803
	3426799804
	3426799805
	3426799806
	3426799807
	3426799808
	3426799809
	3426799810
	3426799811
	3426799812
	3426799813
	3426799814
	3426799815
	3426799816
	3426799817
	3426799818
	3426799819
	3426799820
	3426799821
	3426799822
	3426799823
	3426799824
	3426799825
	3426799826
	3426799827
	3426799828
	3426799829
	3426799830
	3426799831
	3426799832
	3426799833
	3426799834
	3426799835
	3426799836
	3426799837
	3426799838
	3426799839
	3426799840
	3426799841
	3426799842
	3426799843
	3426799844
	3426799845
	3426799846
	3426799847
	3426799848
	3426799849
	3426799850
	3426799851
	3426799852
	3426799853
	3426799854
	3426799855
	3426799856
	3426799857
	3426799858
	3426799859
	3426799860
	3426799861
	3426799862
	3426799863
	3426799864
	3426799865
	3426799866
	3426799867
	3426799868
	3426799869
	3426799870
	3426799871
	3426799872
	3426799873
	3426799874
	3426799875
	3426799876
	3426799877
	3426799878
	3426799879
	3426799880
	3426799881
	3426799882
	3426799883
	3426799884
	3426799885
	3426799886
	3426799887
	3426799888
	3426799889
	3426799890
	3426799891
	3426799892
	3426799893
	3426799894
	3426799895
	3426799896
	3426799897
	3426799898
	3426799899
	3426799900
	3426799901
	3426799902
	3426799903
	3426799904
	3426799905
	3426799906
	3426799907
	3426799908
	3426799909
	3426799910
	3426799911
	3426799912
	3426799913
	3426799914
	3426799915
	3426799916
	3426799917
	3426799918
	3426799919
	3426799920
	3426799921
	3426799922
	3426799923
	3426799924
	3426799925
	3426799926
	3426799927
	3426799928
	3426799929
	3426799930
	3426799931
	3426799932
	3426799933
	3426799934
	3426799935
	3426799936
	3426799937
	3426799938
	3426799939
	3426799940
	3426799941
	3426799942
	3426799943
	3426799944
	3426799945
	3426799946
	3426799947
	3426799948
	3426799949
	3426799950
	3426799951
	3426799952
	3426799953
	3426799954
	3426799955
	3426799956
	3426799957
	3426799958
	3426799959
	3426799960
	3426799961
	3426799962
	3426799963
	3426799964
	3426799965
	3426799966
	3426799967
	3426799968
	3426799969
	3426799970
	3426799971
	3426799972
	3426799973
	3426799974
	3426799975
	3426799976
	3426799977
	3426799978
	3426799979
	3426799980
	3426799981
	3426799982
	3426799983
	3426799984
	3426799985
	3426799986
	3426799987
	3426799988
	3426799989
	3426799990
	3426799991
	3426799992
	3426799993
	3426799994
	3426799995
	3426799996
	3426799997
	3426799998
	3426799999
	3426800000
	3426800001
	3426800002
	3426800003
	3426800004
	3426800005
	3426800006
	3426800007
	3426800008
	3426800009
	3426800010
	3426800011
	3426800012
	3426800013
	3426800014
	3426800015
	3426800016
	3426800017
	3426800018
	3426800019
	3426800020
	3426800021
	3426800022
	3426800023
	3426800024
	3426800025
	3426800026
	3426800027
	3426800028
	3426800029
	3426800030
	3426800031
	3426800032
	3426800033
	3426800034
	3426800035
	3426800036
	3426800037
	3426800038
	3426800039
	3426800040
	3426800041
	3426800042
	3426800043
	3426800044
	3426800045
	3426800046
	3426800047
	3426800048
	3426800049
	3426800050
	3426800051
	3426800052
	3426800053
	3426800054
	3426800055
	3426800056
	3426800057
	3426800058
	3426800059
	3426800060
	3426800061
	3426800062
	3426800063
	3426800064
	3426800065
	3426800066
	3426800067
	3426800068
	3426800069
	3426800070
	3426800071
	3426800072
	3426800073
	3426800074
	3426800075
	3426800076
	3426800077
	3426800078
	3426800079
	3426800080
	3426800081
	3426800082
	3426800083
	3426800084
	3426800085
	3426800086
	3426800087
	3426800088
	3426800089
	3426800090
	3426800091
	3426800092
	3426800093
	3426800094
	3426800095
	3426800096
	3426800097
	3426800098
	3426800099
	3426800100
	3426800101
	3426800102
	3426800103
	3426800104
	3426800105
	3426800106
	3426800107
	3426800108
	3426800109
	3426800110
	3426800111
	3426800112
	3426800113
	3426800114
	3426800115
	3426800116
	3426800117
	3426800118
	3426800119
	3426800120
	3426800121
	3426800122
	3426800123
	3426800124
	3426800125
	3426800126
	3426800127
	3426800128
	3426800129
	3426800130
	3426800131
	3426800132
	3426800133
	3426800134
	3426800135
	3426800136
	3426800137
	3426800138
	3426800139
	3426800140
	3426800141
	3426800142
	3426800143
	3426800144
	3426800145
	3426800146
	3426800147
	3426800148
	3426800149
	3426800150
	3426800151
	3426800152
	3426800153
	3426800154
	3426800155
	3426800156
	3426800157
	3426800158
	3426800159
	3426800160
	3426800161
	3426800162
	3426800163
	3426800164
	3426800165
	3426800166
	3426800167
	3426800168
	3426800169
	3426800170
	3426800171
	3426800172
	3426800173
	3426800174
	3426800175
	3426800176
	3426800177
	3426800178
	3426800179
	3426800180
	3426800181
	3426800182
	3426800183
	3426800184
	3426800185
	3426800186
	3426800187
	3426800188
	3426800189
	3426800190
	3426800191
	3426800192
	3426800193
	3426800194
	3426800195
	3426800196
	3426800197
	3426800198
	3426800199
	3426800200
	3426800201
	3426800202
	3426800203
	3426800204
	3426800205
	3426800206
	3426800207
	3426800208
	3426800209
	3426800210
	3426800211
	3426800212
	3426800213
	3426800214
	3426800215
	3426800216
	3426800217
	3426800218
	3426800219
	3426800220
	3426800221
	3426800222
	3426800223
	3426800224
	3426800225
	3426800226
	3426800227
	3426800228
	3426800229
	3426800230
	3426800231
	3426800232
	3426800233
	3426800234
	3426800235
	3426800236
	3426800237
	3426800238
	3426800239
	3426800240
	3426800241
	3426800242
	3426800243
	3426800244
	3426800245
	3426800246
	3426800247
	3426800248
	3426800249
	3426800250
	3426800251
	3426800252
	3426800253
	3426800254
	3426800255
	3426800256
	3426800257
	3426800258
	3426800259
	3426800260
	3426800261
	3426800262
	3426800263
	3426800264
	3426800265
	3426800266
	3426800267
	3426800268
	3426800269
	3426800270
	3426800271
	3426800272
	3426800273
	3426800274
	3426800275
	3426800276
	3426800277
	3426800278
	3426800279
	3426800280
	3426800281
	3426800282
	3426800283
	3426800284
	3426800285
	3426800286
	3426800287
	3426800288
	3426800289
	3426800290
	3426800291
	3426800292
	3426800293
	3426800294
	3426800295
	3426800296
	3426800297
	3426800298
	3426800299
	3426800300
	3426800301
	3426800302
	3426800303
	3426800304
	3426800305
	3426800306
	3426800307
	3426800308
	3426800309
	3426800310
	3426800311
	3426800312
	3426800313
	3426800314
	3426800315
	3426800316
	3426800317
	3426800318
	3426800319
	3426800320
	3426800321
	3426800322
	3426800323
	3426800324
	3426800325
	3426800326
	3426800327
	3426800328
	3426800329
	3426800330
	3426800331
	3426800332
	3426800333
	3426800334
	3426800335
	3426800336
	3426800337
	3426800338
	3426800339
	3426800340
	3426800341
	3426800342
	3426800343
	3426800344
	3426800345
	3426800346
	3426800347
	3426800348
	3426800349
	3426800350
	3426800351
	3426800352
	3426800353
	3426800354
	3426800355
	3426800356
	3426800357
	3426800358
	3426800359
	3426800360
	3426800361
	3426800362
	3426800363
	3426800364
	3426800365
	3426800366
	3426800367
	3426800368
	3426800369
	3426800370
	3426800371
	3426800372
	3426800373
	3426800374
	3426800375
	3426800376
	3426800377
	3426800378
	3426800379
	3426800380
	3426800381
	3426800382
	3426800383
	3426800384
	3426800385
	3426800386
	3426800387
	3426800388
	3426800389
	3426800390
	3426800391
	3426800392
	3426800393
	3426800394
	3426800395
	3426800396
	3426800397
	3426800398
	3426800399
	3426800400
	3426800401
	3426800402
	3426800403
	3426800404
	3426800405
	3426800406
	3426800407
	3426800408
	3426800409
	3426800410
	3426800411
	3426800412
	3426800413
	3426800414
	3426800415
	3426800416
	3426800417
	3426800418
	3426800419
	3426800420
	3426800421
	3426800422
	3426800423
	3426800424
	3426800425
	3426800426
	3426800427
	3426800428
	3426800429
	3426800430
	3426800431
	3426800432
	3426800433
	3426800434
	3426800435
	3426800436
	3426800437
	3426800438
	3426800439
	3426800440
	3426800441
	3426800442
	3426800443
	3426800444
	3426800445
	3426800446
	3426800447
	3426800448
	3426800449
	3426800450
	3426800451
	3426800452
	3426800453
	3426800454
	3426800455
	3426800456
	3426800457
	3426800458
	3426800459
	3426800460
	3426800461
	3426800462
	3426800463
	3426800464
	3426800465
	3426800466
	3426800467
	3426800468
	3426800469
	3426800470
	3426800471
	3426800472
	3426800473
	3426800474
	3426800475
	3426800476
	3426800477
	3426800478
	3426800479
	3426800480
	3426800481
	3426800482
	3426800483
	3426800484
	3426800485
	3426800486
	3426800487
	3426800488
	3426800489
	3426800490
	3426800491
	3426800492
	3426800493
	3426800494
	3426800495
	3426800496
	3426800497
	3426800498
	3426800499
	3426800500
	3426800501
	3426800502
	3426800503
	3426800504
	3426800505
	3426800506
	3426800507
	3426800508
	3426800509
	3426800510
	3426800511
	3426800512
	3426800513
	3426800514
	3426800515
	3426800516
	3426800517
	3426800518
	3426800519
	3426800520
	3426800521
	3426800522
	3426800523
	3426800524
	3426800525
	3426800526
	3426800527
	3426800528
	3426800529
	3426800530
	3426800531
	3426800532
	3426800533
	3426800534
	3426800535
	3426800536
	3426800537
	3426800538
	3426800539
	3426800540
	3426800541
	3426800542
	3426800543
	3426800544
	3426800545
	3426800546
	3426800547
	3426800548
	3426800549
	3426800550
	3426800551
	3426800552
	3426800553
	3426800554
	3426800555
	3426800556
	3426800557
	3426800558
	3426800559
	3426800560
	3426800561
	3426800562
	3426800563
	3426800564
	3426800565
	3426800566
	3426800567
	3426800568
	3426800569
	3426800570
	3426800571
	3426800572
	3426800573
	3426800574
	3426800575
	3426800576
	3426800577
	3426800578
	3426800579
	3426800580
	3426800581
	3426800582
	3426800583
	3426800584
	3426800585
	3426800586
	3426800587
	3426800588
	3426800589
	3426800590
	3426800591
	3426800592
	3426800593
	3426800594
	3426800595
	3426800596
	3426800597
	3426800598
	3426800599
	3426800600
	3426800601
	3426800602
	3426800603
	3426800604
	3426800605
	3426800606
	3426800607
	3426800608
	3426800609
	3426800610
	3426800611
	3426800612
	3426800613
	3426800614
	3426800615
	3426800616
	3426800617
	3426800618
	3426800619
	3426800620
	3426800621
	3426800622
	3426800623
	3426800624
	3426800625
	3426800626
	3426800627
	3426800628
	3426800629
	3426800630
	3426800631
	3426800632
	3426800633
	3426800634
	3426800635
	3426800636
	3426800637
	3426800638
	3426800639
	3426800640
	3426800641
	3426800642
	3426800643
	3426800644
	3426800645
	3426800646
	3426800647
	3426800648
	3426800649
	3426800650
	3426800651
	3426800652
	3426800653
	3426800654
	3426800655
	3426800656
	3426800657
	3426800658
	3426800659
	3426800660
	3426800661
	3426800662
	3426800663
	3426800664
	3426800665
	3426800666
	3426800667
	3426800668
	3426800669
	3426800670
	3426800671
	3426800672
	3426800673
	3426800674
	3426800675
	3426800676
	3426800677
	3426800678
	3426800679
	3426800680
	3426800681
	3426800682
	3426800683
	3426800684
	3426800685
	3426800686
	3426800687
	3426800688
	3426800689
	3426800690
	3426800691
	3426800692
	3426800693
	3426800694
	3426800695
	3426800696
	3426800697
	3426800698
	3426800699
	3426800700
	3426800701
	3426800702
	3426800703
	3426800704
	3426800705
	3426800706
	3426800707
	3426800708
	3426800709
	3426800710
	3426800711
	3426800712
	3426800713
	3426800714
	3426800715
	3426800716
	3426800717
	3426800718
	3426800719
	3426800720
	3426800721
	3426800722
	3426800723
	3426800724
	3426800725
	3426800726
	3426800727
	3426800728
	3426800729
	3426800730
	3426800731
	3426800732
	3426800733
	3426800734
	3426800735
	3426800736
	3426800737
	3426800738
	3426800739
	3426800740
	3426800741
	3426800742
	3426800743
	3426800744
	3426800745
	3426800746
	3426800747
	3426800748
	3426800749
	3426800750
	3426800751
	3426800752
	3426800753
	3426800754
	3426800755
	3426800756
	3426800757
	3426800758
	3426800759
	3426800760
	3426800761
	3426800762
	3426800763
	3426800764
	3426800765
	3426800766
	3426800767
	3426800768
	3426800769
	3426800770
	3426800771
	3426800772
	3426800773
	3426800774
	3426800775
	3426800776
	3426800777
	3426800778
	3426800779
	3426800780
	3426800781
	3426800782
	3426800783
	3426800784
	3426800785
	3426800786
	3426800787
	3426800788
	3426800789
	3426800790
	3426800791
	3426800792
	3426800793
	3426800794
	3426800795
	3426800796
	3426800797
	3426800798
	3426800799
	3426800800
	3426800801
	3426800802
	3426800803
	3426800804
	3426800805
	3426800806
	3426800807
	3426800808
	3426800809
	3426800810
	3426800811
	3426800812
	3426800813
	3426800814
	3426800815
	3426800816
	3426800817
	3426800818
	3426800819
	3426800820
	3426800821
	3426800822
	3426800823
	3426800824
	3426800825
	3426800826
	3426800827
	3426800828
	3426800829
	3426800830
	3426800831
	3426800832
	3426800833
	3426800834
	3426800835
	3426800836
	3426800837
	3426800838
	3426800839
	3426800840
	3426800841
	3426800842
	3426800843
	3426800844
	3426800845
	3426800846
	3426800847
	3426800848
	3426800849
	3426800850
	3426800851
	3426800852
	3426800853
	3426800854
	3426800855
	3426800856
	3426800857
	3426800858
	3426800859
	3426800860
	3426800861
	3426800862
	3426800863
	3426800864
	3426800865
	3426800866
	3426800867
	3426800868
	3426800869
	3426800870
	3426800871
	3426800872
	3426800873
	3426800874
	3426800875
	3426800876
	3426800877
	3426800878
	3426800879
	3426800880
	3426800881
	3426800882
	3426800883
	3426800884
	3426800885
	3426800886
	3426800887
	3426800888
	3426800889
	3426800890
	3426800891
	3426800892
	3426800893
	3426800894
	3426800895
	3426800896
	3426800897
	3426800898
	3426800899
	3426800900
	3426800901
	3426800902
	3426800903
	3426800904
	3426800905
	3426800906
	3426800907
	3426800908
	3426800909
	3426800910
	3426800911
	3426800912
	3426800913
	3426800914
	3426800915
	3426800916
	3426800917
	3426800918
	3426800919
	3426800920
	3426800921
	3426800922
	3426800923
	3426800924
	3426800925
	3426800926
	3426800927
	3426800928
	3426800929
	3426800930
	3426800931
	3426800932
	3426800933
	3426800934
	3426800935
	3426800936
	3426800937
	3426800938
	3426800939
	3426800940
	3426800941
	3426800942
	3426800943
	3426800944
	3426800945
	3426800946
	3426800947
	3426800948
	3426800949
	3426800950
	3426800951
	3426800952
	3426800953
	3426800954
	3426800955
	3426800956
	3426800957
	3426800958
	3426800959
	3426800960
	3426800961
	3426800962
	3426800963
	3426800964
	3426800965
	3426800966
	3426800967
	3426800968
	3426800969
	3426800970
	3426800971
	3426800972
	3426800973
	3426800974
	3426800975
	3426800976
	3426800977
	3426800978
	3426800979
	3426800980
	3426800981
	3426800982
	3426800983
	3426800984
	3426800985
	3426800986
	3426800987
	3426800988
	3426800989
	3426800990
	3426800991
	3426800992
	3426800993
	3426800994
	3426800995
	3426800996
	3426800997
	3426800998
	3426800999
	3426801000
	3426801001
	3426801002
	3426801003
	3426801004
	3426801005
	3426801006
	3426801007
	3426801008
	3426801009
	3426801010
	3426801011
	3426801012
	3426801013
	3426801014
	3426801015
	3426801016
	3426801017
	3426801018
	3426801019
	3426801020
	3426801021
	3426801022
	3426801023
	3426801024
	3426801025
	3426801026
	3426801027
	3426801028
	3426801029
	3426801030
	3426801031
	3426801032
	3426801033
	3426801034
	3426801035
	3426801036
	3426801037
	3426801038
	3426801039
	3426801040
	3426801041
	3426801042
	3426801043
	3426801044
	3426801045
	3426801046
	3426801047
	3426801048
	3426801049
	3426801050
	3426801051
	3426801052
	3426801053
	3426801054
	3426801055
	3426801056
	3426801057
	3426801058
	3426801059
	3426801060
	3426801061
	3426801062
	3426801063
	3426801064
	3426801065
	3426801066
	3426801067
	3426801068
	3426801069
	3426801070
	3426801071
	3426801072
	3426801073
	3426801074
	3426801075
	3426801076
	3426801077
	3426801078
	3426801079
	3426801080
	3426801081
	3426801082
	3426801083
	3426801084
	3426801085
	3426801086
	3426801087
	3426801088
	3426801089
	3426801090
	3426801091
	3426801092
	3426801093
	3426801094
	3426801095
	3426801096
	3426801097
	3426801098
	3426801099
	3426801100
	3426801101
	3426801102
	3426801103
	3426801104
	3426801105
	3426801106
	3426801107
	3426801108
	3426801109
	3426801110
	3426801111
	3426801112
	3426801113
	3426801114
	3426801115
	3426801116
	3426801117
	3426801118
	3426801119
	3426801120
	3426801121
	3426801122
	3426801123
	3426801124
	3426801125
	3426801126
	3426801127
	3426801128
	3426801129
	3426801130
	3426801131
	3426801132
	3426801133
	3426801134
	3426801135
	3426801136
	3426801137
	3426801138
	3426801139
	3426801140
	3426801141
	3426801142
	3426801143
	3426801144
	3426801145
	3426801146
	3426801147
	3426801148
	3426801149
	3426801150
	3426801151
	3426801152
	3426801153
	3426801154
	3426801155
	3426801156
	3426801157
	3426801158
	3426801159
	3426801160
	3426801161
	3426801162
	3426801163
	3426801164
	3426801165
	3426801166
	3426801167
	3426801168
	3426801169
	3426801170
	3426801171
	3426801172
	3426801173
	3426801174
	3426801175
	3426801176
	3426801177
	3426801178
	3426801179
	3426801180
	3426801181
	3426801182
	3426801183
	3426801184
	3426801185
	3426801186
	3426801187
	3426801188
	3426801189
	3426801190
	3426801191
	3426801192
	3426801193
	3426801194
	3426801195
	3426801196
	3426801197
	3426801198
	3426801199
	3426801200
	3426801201
	3426801202
	3426801203
	3426801204
	3426801205
	3426801206
	3426801207
	3426801208
	3426801209
	3426801210
	3426801211
	3426801212
	3426801213
	3426801214
	3426801215
	3426801216
	3426801217
	3426801218
	3426801219
	3426801220
	3426801221
	3426801222
	3426801223
	3426801224
	3426801225
	3426801226
	3426801227
	3426801228
	3426801229
	3426801230
	3426801231
	3426801232
	3426801233
	3426801234
	3426801235
	3426801236
	3426801237
