	3426572719
	3426572720
	3426572721
	3426572722
	3426572723
	3426572724
	3426572725
	3426572726
	3426572727
	3426572728
	3426572729
	3426572730
	3426572731
	3426572732
	3426572733
	3426572734
	3426572735
	3426572736
	3426572737
	3426572738
	3426572739
	3426572740
	3426572741
	3426572742
	3426572743
	3426572744
	3426572745
	3426572746
	3426572747
	3426572748
	3426572749
	3426572750
	3426572751
	3426572752
	3426572753
	3426572754
	3426572755
	3426572756
	3426572757
	3426572758
	3426572759
	3426572760
	3426572761
	3426572762
	3426572763
	3426572764
	3426572765
	3426572766
	3426572767
	3426572768
	3426572769
	3426572770
	3426572771
	3426572772
	3426572773
	3426572774
	3426572775
	3426572776
	3426572777
	3426572778
	3426572779
	3426572780
	3426572781
	3426572782
	3426572783
	3426572784
	3426572785
	3426572786
	3426572787
	3426572788
	3426572789
	3426572790
	3426572791
	3426572792
	3426572793
	3426572794
	3426572795
	3426572796
	3426572797
	3426572798
	3426572799
	3426572800
	3426572801
	3426572802
	3426572803
	3426572804
	3426572805
	3426572806
	3426572807
	3426572808
	3426572809
	3426572810
	3426572811
	3426572812
	3426572813
	3426572814
	3426572815
	3426572816
	3426572817
	3426572818
	3426572819
	3426572820
	3426572821
	3426572822
	3426572823
	3426572824
	3426572825
	3426572826
	3426572827
	3426572828
	3426572829
	3426572830
	3426572831
	3426572832
	3426572833
	3426572834
	3426572835
	3426572836
	3426572837
	3426572838
	3426572839
	3426572840
	3426572841
	3426572842
	3426572843
	3426572844
	3426572845
	3426572846
	3426572847
	3426572848
	3426572849
	3426572850
	3426572851
	3426572852
	3426572853
	3426572854
	3426572855
	3426572856
	3426572857
	3426572858
	3426572859
	3426572860
	3426572861
	3426572862
	3426572863
	3426572864
	3426572865
	3426572866
	3426572867
	3426572868
	3426572869
	3426572870
	3426572871
	3426572872
	3426572873
	3426572874
	3426572875
	3426572876
	3426572877
	3426572878
	3426572879
	3426572880
	3426572881
	3426572882
	3426572883
	3426572884
	3426572885
	3426572886
	3426572887
	3426572888
	3426572889
	3426572890
	3426572891
	3426572892
	3426572893
	3426572894
	3426572895
	3426572896
	3426572897
	3426572898
	3426572899
	3426572900
	3426572901
	3426572902
	3426572903
	3426572904
	3426572905
	3426572906
	3426572907
	3426572908
	3426572909
	3426572910
	3426572911
	3426572912
	3426572913
	3426572914
	3426572915
	3426572916
	3426572917
	3426572918
	3426572919
	3426572920
	3426572921
	3426572922
	3426572923
	3426572924
	3426572925
	3426572926
	3426572927
	3426572928
	3426572929
	3426572930
	3426572931
	3426572932
	3426572933
	3426572934
	3426572935
	3426572936
	3426572937
	3426572938
	3426572939
	3426572940
	3426572941
	3426572942
	3426572943
	3426572944
	3426572945
	3426572946
	3426572947
	3426572948
	3426572949
	3426572950
	3426572951
	3426572952
	3426572953
	3426572954
	3426572955
	3426572956
	3426572957
	3426572958
	3426572959
	3426572960
	3426572961
	3426572962
	3426572963
	3426572964
	3426572965
	3426572966
	3426572967
	3426572968
	3426572969
	3426572970
	3426572971
	3426572972
	3426572973
	3426572974
	3426572975
	3426572976
	3426572977
	3426572978
	3426572979
	3426572980
	3426572981
	3426572982
	3426572983
	3426572984
	3426572985
	3426572986
	3426572987
	3426572988
	3426572989
	3426572990
	3426572991
	3426572992
	3426572993
	3426572994
	3426572995
	3426572996
	3426572997
	3426572998
	3426572999
	3426573000
	3426573001
	3426573002
	3426573003
	3426573004
	3426573005
	3426573006
	3426573007
	3426573008
	3426573009
	3426573010
	3426573011
	3426573012
	3426573013
	3426573014
	3426573015
	3426573016
	3426573017
	3426573018
	3426573019
	3426573020
	3426573021
	3426573022
	3426573023
	3426573024
	3426573025
	3426573026
	3426573027
	3426573028
	3426573029
	3426573030
	3426573031
	3426573032
	3426573033
	3426573034
	3426573035
	3426573036
	3426573037
	3426573038
	3426573039
	3426573040
	3426573041
	3426573042
	3426573043
	3426573044
	3426573045
	3426573046
	3426573047
	3426573048
	3426573049
	3426573050
	3426573051
	3426573052
	3426573053
	3426573054
	3426573055
	3426573056
	3426573057
	3426573058
	3426573059
	3426573060
	3426573061
	3426573062
	3426573063
	3426573064
	3426573065
	3426573066
	3426573067
	3426573068
	3426573069
	3426573070
	3426573071
	3426573072
	3426573073
	3426573074
	3426573075
	3426573076
	3426573077
	3426573078
	3426573079
	3426573080
	3426573081
	3426573082
	3426573083
	3426573084
	3426573085
	3426573086
	3426573087
	3426573088
	3426573089
	3426573090
	3426573091
	3426573092
	3426573093
	3426573094
	3426573095
	3426573096
	3426573097
	3426573098
	3426573099
	3426573100
	3426573101
	3426573102
	3426573103
	3426573104
	3426573105
	3426573106
	3426573107
	3426573108
	3426573109
	3426573110
	3426573111
	3426573112
	3426573113
	3426573114
	3426573115
	3426573116
	3426573117
	3426573118
	3426573119
	3426573120
	3426573121
	3426573122
	3426573123
	3426573124
	3426573125
	3426573126
	3426573127
	3426573128
	3426573129
	3426573130
	3426573131
	3426573132
	3426573133
	3426573134
	3426573135
	3426573136
	3426573137
	3426573138
	3426573139
	3426573140
	3426573141
	3426573142
	3426573143
	3426573144
	3426573145
	3426573146
	3426573147
	3426573148
	3426573149
	3426573150
	3426573151
	3426573152
	3426573153
	3426573154
	3426573155
	3426573156
	3426573157
	3426573158
	3426573159
	3426573160
	3426573161
	3426573162
	3426573163
	3426573164
	3426573165
	3426573166
	3426573167
	3426573168
	3426573169
	3426573170
	3426573171
	3426573172
	3426573173
	3426573174
	3426573175
	3426573176
	3426573177
	3426573178
	3426573179
	3426573180
	3426573181
	3426573182
	3426573183
	3426573184
	3426573185
	3426573186
	3426573187
	3426573188
	3426573189
	3426573190
	3426573191
	3426573192
	3426573193
	3426573194
	3426573195
	3426573196
	3426573197
	3426573198
	3426573199
	3426573200
	3426573201
	3426573202
	3426573203
	3426573204
	3426573205
	3426573206
	3426573207
	3426573208
	3426573209
	3426573210
	3426573211
	3426573212
	3426573213
	3426573214
	3426573215
	3426573216
	3426573217
	3426573218
	3426573219
	3426573220
	3426573221
	3426573222
	3426573223
	3426573224
	3426573225
	3426573226
	3426573227
	3426573228
	3426573229
	3426573230
	3426573231
	3426573232
	3426573233
	3426573234
	3426573235
	3426573236
	3426573237
	3426573238
	3426573239
	3426573240
	3426573241
	3426573242
	3426573243
	3426573244
	3426573245
	3426573246
	3426573247
	3426573248
	3426573249
	3426573250
	3426573251
	3426573252
	3426573253
	3426573254
	3426573255
	3426573256
	3426573257
	3426573258
	3426573259
	3426573260
	3426573261
	3426573262
	3426573263
	3426573264
	3426573265
	3426573266
	3426573267
	3426573268
	3426573269
	3426573270
	3426573271
	3426573272
	3426573273
	3426573274
	3426573275
	3426573276
	3426573277
	3426573278
	3426573279
	3426573280
	3426573281
	3426573282
	3426573283
	3426573284
	3426573285
	3426573286
	3426573287
	3426573288
	3426573289
	3426573290
	3426573291
	3426573292
	3426573293
	3426573294
	3426573295
	3426573296
	3426573297
	3426573298
	3426573299
	3426573300
	3426573301
	3426573302
	3426573303
	3426573304
	3426573305
	3426573306
	3426573307
	3426573308
	3426573309
	3426573310
	3426573311
	3426573312
	3426573313
	3426573314
	3426573315
	3426573316
	3426573317
	3426573318
	3426573319
	3426573320
	3426573321
	3426573322
	3426573323
	3426573324
	3426573325
	3426573326
	3426573327
	3426573328
	3426573329
	3426573330
	3426573331
	3426573332
	3426573333
	3426573334
	3426573335
	3426573336
	3426573337
	3426573338
	3426573339
	3426573340
	3426573341
	3426573342
	3426573343
	3426573344
	3426573345
	3426573346
	3426573347
	3426573348
	3426573349
	3426573350
	3426573351
	3426573352
	3426573353
	3426573354
	3426573355
	3426573356
	3426573357
	3426573358
	3426573359
	3426573360
	3426573361
	3426573362
	3426573363
	3426573364
	3426573365
	3426573366
	3426573367
	3426573368
	3426573369
	3426573370
	3426573371
	3426573372
	3426573373
	3426573374
	3426573375
	3426573376
	3426573377
	3426573378
	3426573379
	3426573380
	3426573381
	3426573382
	3426573383
	3426573384
	3426573385
	3426573386
	3426573387
	3426573388
	3426573389
	3426573390
	3426573391
	3426573392
	3426573393
	3426573394
	3426573395
	3426573396
	3426573397
	3426573398
	3426573399
	3426573400
	3426573401
	3426573402
	3426573403
	3426573404
	3426573405
	3426573406
	3426573407
	3426573408
	3426573409
	3426573410
	3426573411
	3426573412
	3426573413
	3426573414
	3426573415
	3426573416
	3426573417
	3426573418
	3426573419
	3426573420
	3426573421
	3426573422
	3426573423
	3426573424
	3426573425
	3426573426
	3426573427
	3426573428
	3426573429
	3426573430
	3426573431
	3426573432
	3426573433
	3426573434
	3426573435
	3426573436
	3426573437
	3426573438
	3426573439
	3426573440
	3426573441
	3426573442
	3426573443
	3426573444
	3426573445
	3426573446
	3426573447
	3426573448
	3426573449
	3426573450
	3426573451
	3426573452
	3426573453
	3426573454
	3426573455
	3426573456
	3426573457
	3426573458
	3426573459
	3426573460
	3426573461
	3426573462
	3426573463
	3426573464
	3426573465
	3426573466
	3426573467
	3426573468
	3426573469
	3426573470
	3426573471
	3426573472
	3426573473
	3426573474
	3426573475
	3426573476
	3426573477
	3426573478
	3426573479
	3426573480
	3426573481
	3426573482
	3426573483
	3426573484
	3426573485
	3426573486
	3426573487
	3426573488
	3426573489
	3426573490
	3426573491
	3426573492
	3426573493
	3426573494
	3426573495
	3426573496
	3426573497
	3426573498
	3426573499
	3426573500
	3426573501
	3426573502
	3426573503
	3426573504
	3426573505
	3426573506
	3426573507
	3426573508
	3426573509
	3426573510
	3426573511
	3426573512
	3426573513
	3426573514
	3426573515
	3426573516
	3426573517
	3426573518
	3426573519
	3426573520
	3426573521
	3426573522
	3426573523
	3426573524
	3426573525
	3426573526
	3426573527
	3426573528
	3426573529
	3426573530
	3426573531
	3426573532
	3426573533
	3426573534
	3426573535
	3426573536
	3426573537
	3426573538
	3426573539
	3426573540
	3426573541
	3426573542
	3426573543
	3426573544
	3426573545
	3426573546
	3426573547
	3426573548
	3426573549
	3426573550
	3426573551
	3426573552
	3426573553
	3426573554
	3426573555
	3426573556
	3426573557
	3426573558
	3426573559
	3426573560
	3426573561
	3426573562
	3426573563
	3426573564
	3426573565
	3426573566
	3426573567
	3426573568
	3426573569
	3426573570
	3426573571
	3426573572
	3426573573
	3426573574
	3426573575
	3426573576
	3426573577
	3426573578
	3426573579
	3426573580
	3426573581
	3426573582
	3426573583
	3426573584
	3426573585
	3426573586
	3426573587
	3426573588
	3426573589
	3426573590
	3426573591
	3426573592
	3426573593
	3426573594
	3426573595
	3426573596
	3426573597
	3426573598
	3426573599
	3426573600
	3426573601
	3426573602
	3426573603
	3426573604
	3426573605
	3426573606
	3426573607
	3426573608
	3426573609
	3426573610
	3426573611
	3426573612
	3426573613
	3426573614
	3426573615
	3426573616
	3426573617
	3426573618
	3426573619
	3426573620
	3426573621
	3426573622
	3426573623
	3426573624
	3426573625
	3426573626
	3426573627
	3426573628
	3426573629
	3426573630
	3426573631
	3426573632
	3426573633
	3426573634
	3426573635
	3426573636
	3426573637
	3426573638
	3426573639
	3426573640
	3426573641
	3426573642
	3426573643
	3426573644
	3426573645
	3426573646
	3426573647
	3426573648
	3426573649
	3426573650
	3426573651
	3426573652
	3426573653
	3426573654
	3426573655
	3426573656
	3426573657
	3426573658
	3426573659
	3426573660
	3426573661
	3426573662
	3426573663
	3426573664
	3426573665
	3426573666
	3426573667
	3426573668
	3426573669
	3426573670
	3426573671
	3426573672
	3426573673
	3426573674
	3426573675
	3426573676
	3426573677
	3426573678
	3426573679
	3426573680
	3426573681
	3426573682
	3426573683
	3426573684
	3426573685
	3426573686
	3426573687
	3426573688
	3426573689
	3426573690
	3426573691
	3426573692
	3426573693
	3426573694
	3426573695
	3426573696
	3426573697
	3426573698
	3426573699
	3426573700
	3426573701
	3426573702
	3426573703
	3426573704
	3426573705
	3426573706
	3426573707
	3426573708
	3426573709
	3426573710
	3426573711
	3426573712
	3426573713
	3426573714
	3426573715
	3426573716
	3426573717
	3426573718
	3426573719
	3426573720
	3426573721
	3426573722
	3426573723
	3426573724
	3426573725
	3426573726
	3426573727
	3426573728
	3426573729
	3426573730
	3426573731
	3426573732
	3426573733
	3426573734
	3426573735
	3426573736
	3426573737
	3426573738
	3426573739
	3426573740
	3426573741
	3426573742
	3426573743
	3426573744
	3426573745
	3426573746
	3426573747
	3426573748
	3426573749
	3426573750
	3426573751
	3426573752
	3426573753
	3426573754
	3426573755
	3426573756
	3426573757
	3426573758
	3426573759
	3426573760
	3426573761
	3426573762
	3426573763
	3426573764
	3426573765
	3426573766
	3426573767
	3426573768
	3426573769
	3426573770
	3426573771
	3426573772
	3426573773
	3426573774
	3426573775
	3426573776
	3426573777
	3426573778
	3426573779
	3426573780
	3426573781
	3426573782
	3426573783
	3426573784
	3426573785
	3426573786
	3426573787
	3426573788
	3426573789
	3426573790
	3426573791
	3426573792
	3426573793
	3426573794
	3426573795
	3426573796
	3426573797
	3426573798
	3426573799
	3426573800
	3426573801
	3426573802
	3426573803
	3426573804
	3426573805
	3426573806
	3426573807
	3426573808
	3426573809
	3426573810
	3426573811
	3426573812
	3426573813
	3426573814
	3426573815
	3426573816
	3426573817
	3426573818
	3426573819
	3426573820
	3426573821
	3426573822
	3426573823
	3426573824
	3426573825
	3426573826
	3426573827
	3426573828
	3426573829
	3426573830
	3426573831
	3426573832
	3426573833
	3426573834
	3426573835
	3426573836
	3426573837
	3426573838
	3426573839
	3426573840
	3426573841
	3426573842
	3426573843
	3426573844
	3426573845
	3426573846
	3426573847
	3426573848
	3426573849
	3426573850
	3426573851
	3426573852
	3426573853
	3426573854
	3426573855
	3426573856
	3426573857
	3426573858
	3426573859
	3426573860
	3426573861
	3426573862
	3426573863
	3426573864
	3426573865
	3426573866
	3426573867
	3426573868
	3426573869
	3426573870
	3426573871
	3426573872
	3426573873
	3426573874
	3426573875
	3426573876
	3426573877
	3426573878
	3426573879
	3426573880
	3426573881
	3426573882
	3426573883
	3426573884
	3426573885
	3426573886
	3426573887
	3426573888
	3426573889
	3426573890
	3426573891
	3426573892
	3426573893
	3426573894
	3426573895
	3426573896
	3426573897
	3426573898
	3426573899
	3426573900
	3426573901
	3426573902
	3426573903
	3426573904
	3426573905
	3426573906
	3426573907
	3426573908
	3426573909
	3426573910
	3426573911
	3426573912
	3426573913
	3426573914
	3426573915
	3426573916
	3426573917
	3426573918
	3426573919
	3426573920
	3426573921
	3426573922
	3426573923
	3426573924
	3426573925
	3426573926
	3426573927
	3426573928
	3426573929
	3426573930
	3426573931
	3426573932
	3426573933
	3426573934
	3426573935
	3426573936
	3426573937
	3426573938
	3426573939
	3426573940
	3426573941
	3426573942
	3426573943
	3426573944
	3426573945
	3426573946
	3426573947
	3426573948
	3426573949
	3426573950
	3426573951
	3426573952
	3426573953
	3426573954
	3426573955
	3426573956
	3426573957
	3426573958
	3426573959
	3426573960
	3426573961
	3426573962
	3426573963
	3426573964
	3426573965
	3426573966
	3426573967
	3426573968
	3426573969
	3426573970
	3426573971
	3426573972
	3426573973
	3426573974
	3426573975
	3426573976
	3426573977
	3426573978
	3426573979
	3426573980
	3426573981
	3426573982
	3426573983
	3426573984
	3426573985
	3426573986
	3426573987
	3426573988
	3426573989
	3426573990
	3426573991
	3426573992
	3426573993
	3426573994
	3426573995
	3426573996
	3426573997
	3426573998
	3426573999
	3426574000
	3426574001
	3426574002
	3426574003
	3426574004
	3426574005
	3426574006
	3426574007
	3426574008
	3426574009
	3426574010
	3426574011
	3426574012
	3426574013
	3426574014
	3426574015
	3426574016
	3426574017
	3426574018
	3426574019
	3426574020
	3426574021
	3426574022
	3426574023
	3426574024
	3426574025
	3426574026
	3426574027
	3426574028
	3426574029
	3426574030
	3426574031
	3426574032
	3426574033
	3426574034
	3426574035
	3426574036
	3426574037
	3426574038
	3426574039
	3426574040
	3426574041
	3426574042
	3426574043
	3426574044
	3426574045
	3426574046
	3426574047
	3426574048
	3426574049
	3426574050
	3426574051
	3426574052
	3426574053
	3426574054
	3426574055
	3426574056
	3426574057
	3426574058
	3426574059
	3426574060
	3426574061
	3426574062
	3426574063
	3426574064
	3426574065
	3426574066
	3426574067
	3426574068
	3426574069
	3426574070
	3426574071
	3426574072
	3426574073
	3426574074
	3426574075
	3426574076
	3426574077
	3426574078
	3426574079
	3426574080
	3426574081
	3426574082
	3426574083
	3426574084
	3426574085
	3426574086
	3426574087
	3426574088
	3426574089
	3426574090
	3426574091
	3426574092
	3426574093
	3426574094
	3426574095
	3426574096
	3426574097
	3426574098
	3426574099
	3426574100
	3426574101
	3426574102
	3426574103
	3426574104
	3426574105
	3426574106
	3426574107
	3426574108
	3426574109
	3426574110
	3426574111
	3426574112
	3426574113
	3426574114
	3426574115
	3426574116
	3426574117
	3426574118
	3426574119
	3426574120
	3426574121
	3426574122
	3426574123
	3426574124
	3426574125
	3426574126
	3426574127
	3426574128
	3426574129
	3426574130
	3426574131
	3426574132
	3426574133
	3426574134
	3426574135
	3426574136
	3426574137
	3426574138
	3426574139
	3426574140
	3426574141
	3426574142
	3426574143
	3426574144
	3426574145
	3426574146
	3426574147
	3426574148
	3426574149
	3426574150
	3426574151
	3426574152
	3426574153
	3426574154
	3426574155
	3426574156
	3426574157
	3426574158
	3426574159
	3426574160
	3426574161
	3426574162
	3426574163
	3426574164
	3426574165
	3426574166
	3426574167
	3426574168
	3426574169
	3426574170
	3426574171
	3426574172
	3426574173
	3426574174
	3426574175
	3426574176
	3426574177
	3426574178
	3426574179
	3426574180
	3426574181
	3426574182
	3426574183
	3426574184
	3426574185
	3426574186
	3426574187
	3426574188
	3426574189
	3426574190
	3426574191
	3426574192
	3426574193
	3426574194
	3426574195
	3426574196
	3426574197
	3426574198
	3426574199
	3426574200
	3426574201
	3426574202
	3426574203
	3426574204
	3426574205
	3426574206
	3426574207
	3426574208
	3426574209
	3426574210
	3426574211
	3426574212
	3426574213
	3426574214
	3426574215
	3426574216
	3426574217
	3426574218
	3426574219
	3426574220
	3426574221
	3426574222
	3426574223
	3426574224
	3426574225
	3426574226
	3426574227
	3426574228
	3426574229
	3426574230
	3426574231
	3426574232
	3426574233
	3426574234
	3426574235
	3426574236
	3426574237
	3426574238
	3426574239
	3426574240
	3426574241
	3426574242
	3426574243
	3426574244
	3426574245
	3426574246
	3426574247
	3426574248
	3426574249
	3426574250
	3426574251
	3426574252
	3426574253
	3426574254
	3426574255
	3426574256
	3426574257
	3426574258
	3426574259
	3426574260
	3426574261
	3426574262
	3426574263
	3426574264
	3426574265
	3426574266
	3426574267
	3426574268
	3426574269
	3426574270
	3426574271
	3426574272
	3426574273
	3426574274
	3426574275
	3426574276
	3426574277
	3426574278
	3426574279
	3426574280
	3426574281
	3426574282
	3426574283
	3426574284
	3426574285
	3426574286
	3426574287
	3426574288
	3426574289
	3426574290
	3426574291
	3426574292
	3426574293
	3426574294
	3426574295
	3426574296
	3426574297
	3426574298
	3426574299
	3426574300
	3426574301
	3426574302
	3426574303
	3426574304
	3426574305
	3426574306
	3426574307
	3426574308
	3426574309
	3426574310
	3426574311
	3426574312
	3426574313
	3426574314
	3426574315
	3426574316
	3426574317
	3426574318
	3426574319
	3426574320
	3426574321
	3426574322
	3426574323
	3426574324
	3426574325
	3426574326
	3426574327
	3426574328
	3426574329
	3426574330
	3426574331
	3426574332
	3426574333
	3426574334
	3426574335
	3426574336
	3426574337
	3426574338
	3426574339
	3426574340
	3426574341
	3426574342
	3426574343
	3426574344
	3426574345
	3426574346
	3426574347
	3426574348
	3426574349
	3426574350
	3426574351
	3426574352
	3426574353
	3426574354
	3426574355
	3426574356
	3426574357
	3426574358
	3426574359
	3426574360
	3426574361
	3426574362
	3426574363
	3426574364
	3426574365
	3426574366
	3426574367
	3426574368
	3426574369
	3426574370
	3426574371
	3426574372
	3426574373
	3426574374
	3426574375
	3426574376
	3426574377
	3426574378
	3426574379
	3426574380
	3426574381
	3426574382
	3426574383
	3426574384
	3426574385
	3426574386
	3426574387
	3426574388
	3426574389
	3426574390
	3426574391
	3426574392
	3426574393
	3426574394
	3426574395
	3426574396
	3426574397
	3426574398
	3426574399
	3426574400
	3426574401
	3426574402
	3426574403
	3426574404
	3426574405
	3426574406
	3426574407
	3426574408
	3426574409
	3426574410
	3426574411
	3426574412
	3426574413
	3426574414
	3426574415
	3426574416
	3426574417
	3426574418
	3426574419
	3426574420
	3426574421
	3426574422
	3426574423
	3426574424
	3426574425
	3426574426
	3426574427
	3426574428
	3426574429
	3426574430
	3426574431
	3426574432
	3426574433
	3426574434
	3426574435
	3426574436
	3426574437
	3426574438
	3426574439
	3426574440
	3426574441
	3426574442
	3426574443
	3426574444
	3426574445
	3426574446
	3426574447
	3426574448
	3426574449
	3426574450
	3426574451
	3426574452
	3426574453
	3426574454
	3426574455
	3426574456
	3426574457
	3426574458
	3426574459
	3426574460
	3426574461
	3426574462
	3426574463
	3426574464
	3426574465
	3426574466
	3426574467
	3426574468
	3426574469
	3426574470
	3426574471
	3426574472
	3426574473
	3426574474
	3426574475
	3426574476
	3426574477
	3426574478
	3426574479
	3426574480
	3426574481
	3426574482
	3426574483
	3426574484
	3426574485
	3426574486
	3426574487
	3426574488
	3426574489
	3426574490
	3426574491
	3426574492
	3426574493
	3426574494
	3426574495
	3426574496
	3426574497
	3426574498
	3426574499
	3426574500
	3426574501
	3426574502
	3426574503
	3426574504
	3426574505
	3426574506
	3426574507
	3426574508
	3426574509
	3426574510
	3426574511
	3426574512
	3426574513
	3426574514
	3426574515
	3426574516
	3426574517
	3426574518
	3426574519
	3426574520
	3426574521
	3426574522
	3426574523
	3426574524
	3426574525
	3426574526
	3426574527
	3426574528
	3426574529
	3426574530
	3426574531
	3426574532
	3426574533
	3426574534
	3426574535
	3426574536
	3426574537
	3426574538
	3426574539
	3426574540
	3426574541
	3426574542
	3426574543
	3426574544
	3426574545
	3426574546
	3426574547
	3426574548
	3426574549
	3426574550
	3426574551
	3426574552
	3426574553
	3426574554
	3426574555
	3426574556
	3426574557
	3426574558
	3426574559
	3426574560
	3426574561
	3426574562
	3426574563
	3426574564
	3426574565
	3426574566
	3426574567
	3426574568
	3426574569
	3426574570
	3426574571
	3426574572
	3426574573
	3426574574
	3426574575
	3426574576
	3426574577
	3426574578
	3426574579
	3426574580
	3426574581
	3426574582
	3426574583
	3426574584
	3426574585
	3426574586
	3426574587
	3426574588
	3426574589
	3426574590
	3426574591
	3426574592
	3426574593
	3426574594
	3426574595
	3426574596
	3426574597
	3426574598
	3426574599
	3426574600
	3426574601
	3426574602
	3426574603
	3426574604
	3426574605
	3426574606
	3426574607
	3426574608
	3426574609
	3426574610
	3426574611
	3426574612
	3426574613
	3426574614
	3426574615
	3426574616
	3426574617
	3426574618
	3426574619
	3426574620
	3426574621
	3426574622
	3426574623
	3426574624
	3426574625
	3426574626
	3426574627
	3426574628
	3426574629
	3426574630
	3426574631
	3426574632
	3426574633
	3426574634
	3426574635
	3426574636
	3426574637
	3426574638
	3426574639
	3426574640
	3426574641
	3426574642
	3426574643
	3426574644
	3426574645
	3426574646
	3426574647
	3426574648
	3426574649
	3426574650
	3426574651
	3426574652
	3426574653
	3426574654
	3426574655
	3426574656
	3426574657
	3426574658
	3426574659
	3426574660
	3426574661
	3426574662
	3426574663
	3426574664
	3426574665
	3426574666
	3426574667
	3426574668
	3426574669
	3426574670
	3426574671
	3426574672
	3426574673
	3426574674
	3426574675
	3426574676
	3426574677
	3426574678
	3426574679
	3426574680
	3426574681
	3426574682
	3426574683
	3426574684
	3426574685
	3426574686
	3426574687
	3426574688
	3426574689
	3426574690
	3426574691
	3426574692
	3426574693
	3426574694
	3426574695
	3426574696
	3426574697
	3426574698
	3426574699
	3426574700
	3426574701
	3426574702
	3426574703
	3426574704
	3426574705
	3426574706
	3426574707
	3426574708
	3426574709
	3426574710
	3426574711
	3426574712
	3426574713
	3426574714
	3426574715
	3426574716
	3426574717
	3426574718
	3426574719
	3426574720
	3426574721
	3426574722
	3426574723
	3426574724
	3426574725
	3426574726
	3426574727
	3426574728
	3426574729
	3426574730
	3426574731
	3426574732
	3426574733
	3426574734
	3426574735
	3426574736
	3426574737
	3426574738
	3426574739
	3426574740
	3426574741
	3426574742
	3426574743
	3426574744
	3426574745
	3426574746
	3426574747
	3426574748
	3426574749
	3426574750
	3426574751
	3426574752
	3426574753
	3426574754
	3426574755
	3426574756
	3426574757
	3426574758
	3426574759
	3426574760
	3426574761
	3426574762
	3426574763
	3426574764
	3426574765
	3426574766
	3426574767
	3426574768
	3426574769
	3426574770
	3426574771
	3426574772
	3426574773
	3426574774
	3426574775
	3426574776
	3426574777
	3426574778
	3426574779
	3426574780
	3426574781
	3426574782
	3426574783
	3426574784
	3426574785
	3426574786
	3426574787
	3426574788
	3426574789
	3426574790
	3426574791
	3426574792
	3426574793
	3426574794
	3426574795
	3426574796
	3426574797
	3426574798
	3426574799
	3426574800
	3426574801
	3426574802
	3426574803
	3426574804
	3426574805
	3426574806
	3426574807
	3426574808
	3426574809
	3426574810
	3426574811
	3426574812
	3426574813
	3426574814
	3426574815
	3426574816
	3426574817
	3426574818
	3426574819
	3426574820
	3426574821
	3426574822
	3426574823
	3426574824
	3426574825
	3426574826
	3426574827
	3426574828
	3426574829
	3426574830
	3426574831
	3426574832
	3426574833
	3426574834
	3426574835
	3426574836
	3426574837
	3426574838
	3426574839
	3426574840
	3426574841
	3426574842
	3426574843
	3426574844
	3426574845
	3426574846
	3426574847
	3426574848
	3426574849
	3426574850
	3426574851
	3426574852
	3426574853
	3426574854
	3426574855
	3426574856
	3426574857
	3426574858
	3426574859
	3426574860
	3426574861
	3426574862
	3426574863
	3426574864
	3426574865
	3426574866
	3426574867
	3426574868
	3426574869
	3426574870
	3426574871
	3426574872
	3426574873
	3426574874
	3426574875
	3426574876
	3426574877
	3426574878
	3426574879
	3426574880
	3426574881
	3426574882
	3426574883
	3426574884
	3426574885
	3426574886
	3426574887
	3426574888
	3426574889
	3426574890
	3426574891
	3426574892
	3426574893
	3426574894
	3426574895
	3426574896
	3426574897
	3426574898
	3426574899
	3426574900
	3426574901
	3426574902
	3426574903
	3426574904
	3426574905
	3426574906
	3426574907
	3426574908
	3426574909
	3426574910
	3426574911
	3426574912
	3426574913
	3426574914
	3426574915
	3426574916
	3426574917
	3426574918
	3426574919
	3426574920
	3426574921
	3426574922
	3426574923
	3426574924
	3426574925
	3426574926
	3426574927
	3426574928
	3426574929
	3426574930
	3426574931
	3426574932
	3426574933
	3426574934
	3426574935
	3426574936
	3426574937
	3426574938
	3426574939
	3426574940
	3426574941
	3426574942
	3426574943
	3426574944
	3426574945
	3426574946
	3426574947
	3426574948
	3426574949
	3426574950
	3426574951
	3426574952
	3426574953
	3426574954
	3426574955
	3426574956
	3426574957
	3426574958
	3426574959
	3426574960
	3426574961
	3426574962
	3426574963
	3426574964
	3426574965
	3426574966
	3426574967
	3426574968
	3426574969
	3426574970
	3426574971
	3426574972
	3426574973
	3426574974
	3426574975
	3426574976
	3426574977
	3426574978
	3426574979
	3426574980
	3426574981
	3426574982
	3426574983
	3426574984
	3426574985
	3426574986
	3426574987
	3426574988
	3426574989
	3426574990
	3426574991
	3426574992
	3426574993
	3426574994
	3426574995
	3426574996
	3426574997
	3426574998
	3426574999
	3426575000
	3426575001
	3426575002
	3426575003
	3426575004
	3426575005
	3426575006
	3426575007
	3426575008
	3426575009
	3426575010
	3426575011
	3426575012
	3426575013
	3426575014
	3426575015
	3426575016
	3426575017
	3426575018
	3426575019
	3426575020
	3426575021
	3426575022
	3426575023
	3426575024
	3426575025
	3426575026
	3426575027
	3426575028
	3426575029
	3426575030
	3426575031
	3426575032
	3426575033
	3426575034
	3426575035
	3426575036
	3426575037
	3426575038
	3426575039
	3426575040
	3426575041
	3426575042
	3426575043
	3426575044
	3426575045
	3426575046
	3426575047
	3426575048
	3426575049
	3426575050
	3426575051
	3426575052
	3426575053
	3426575054
	3426575055
	3426575056
	3426575057
	3426575058
	3426575059
	3426575060
	3426575061
	3426575062
	3426575063
	3426575064
	3426575065
	3426575066
	3426575067
	3426575068
	3426575069
	3426575070
	3426575071
	3426575072
	3426575073
	3426575074
	3426575075
	3426575076
	3426575077
	3426575078
	3426575079
	3426575080
	3426575081
	3426575082
	3426575083
	3426575084
	3426575085
	3426575086
	3426575087
	3426575088
	3426575089
	3426575090
	3426575091
	3426575092
	3426575093
	3426575094
	3426575095
	3426575096
	3426575097
	3426575098
	3426575099
	3426575100
	3426575101
	3426575102
	3426575103
	3426575104
	3426575105
	3426575106
	3426575107
	3426575108
	3426575109
	3426575110
	3426575111
	3426575112
	3426575113
	3426575114
	3426575115
	3426575116
	3426575117
	3426575118
	3426575119
	3426575120
	3426575121
	3426575122
	3426575123
	3426575124
	3426575125
	3426575126
	3426575127
	3426575128
	3426575129
	3426575130
	3426575131
	3426575132
	3426575133
	3426575134
	3426575135
	3426575136
	3426575137
	3426575138
	3426575139
	3426575140
	3426575141
	3426575142
	3426575143
	3426575144
	3426575145
	3426575146
	3426575147
	3426575148
	3426575149
	3426575150
	3426575151
	3426575152
	3426575153
	3426575154
	3426575155
	3426575156
	3426575157
	3426575158
	3426575159
	3426575160
	3426575161
	3426575162
	3426575163
	3426575164
	3426575165
	3426575166
	3426575167
	3426575168
	3426575169
	3426575170
	3426575171
	3426575172
	3426575173
	3426575174
	3426575175
	3426575176
	3426575177
	3426575178
	3426575179
	3426575180
	3426575181
	3426575182
	3426575183
	3426575184
	3426575185
	3426575186
	3426575187
	3426575188
	3426575189
	3426575190
	3426575191
	3426575192
	3426575193
	3426575194
	3426575195
	3426575196
	3426575197
	3426575198
	3426575199
	3426575200
	3426575201
	3426575202
	3426575203
	3426575204
	3426575205
	3426575206
	3426575207
	3426575208
	3426575209
	3426575210
	3426575211
	3426575212
	3426575213
	3426575214
	3426575215
	3426575216
	3426575217
	3426575218
	3426575219
	3426575220
	3426575221
	3426575222
	3426575223
	3426575224
	3426575225
	3426575226
	3426575227
	3426575228
	3426575229
	3426575230
	3426575231
	3426575232
	3426575233
	3426575234
	3426575235
	3426575236
	3426575237
	3426575238
	3426575239
	3426575240
	3426575241
	3426575242
	3426575243
	3426575244
	3426575245
	3426575246
	3426575247
	3426575248
	3426575249
	3426575250
	3426575251
	3426575252
	3426575253
	3426575254
	3426575255
	3426575256
	3426575257
	3426575258
	3426575259
	3426575260
	3426575261
	3426575262
	3426575263
	3426575264
	3426575265
	3426575266
	3426575267
	3426575268
	3426575269
	3426575270
	3426575271
	3426575272
	3426575273
	3426575274
	3426575275
	3426575276
	3426575277
	3426575278
	3426575279
	3426575280
	3426575281
	3426575282
	3426575283
	3426575284
	3426575285
	3426575286
	3426575287
	3426575288
	3426575289
	3426575290
	3426575291
	3426575292
	3426575293
	3426575294
	3426575295
	3426575296
	3426575297
	3426575298
	3426575299
	3426575300
	3426575301
	3426575302
	3426575303
	3426575304
	3426575305
	3426575306
	3426575307
	3426575308
	3426575309
	3426575310
	3426575311
	3426575312
	3426575313
	3426575314
	3426575315
	3426575316
	3426575317
	3426575318
	3426575319
	3426575320
	3426575321
	3426575322
	3426575323
	3426575324
	3426575325
	3426575326
	3426575327
	3426575328
	3426575329
	3426575330
	3426575331
	3426575332
	3426575333
	3426575334
	3426575335
	3426575336
	3426575337
	3426575338
	3426575339
	3426575340
	3426575341
	3426575342
	3426575343
	3426575344
	3426575345
	3426575346
	3426575347
	3426575348
	3426575349
	3426575350
	3426575351
	3426575352
	3426575353
	3426575354
	3426575355
	3426575356
	3426575357
	3426575358
	3426575359
	3426575360
	3426575361
	3426575362
	3426575363
	3426575364
	3426575365
	3426575366
	3426575367
	3426575368
	3426575369
	3426575370
	3426575371
	3426575372
	3426575373
	3426575374
	3426575375
	3426575376
	3426575377
	3426575378
	3426575379
	3426575380
	3426575381
	3426575382
	3426575383
	3426575384
	3426575385
	3426575386
	3426575387
	3426575388
	3426575389
	3426575390
	3426575391
	3426575392
	3426575393
	3426575394
	3426575395
	3426575396
	3426575397
	3426575398
	3426575399
	3426575400
	3426575401
	3426575402
	3426575403
	3426575404
	3426575405
	3426575406
	3426575407
	3426575408
	3426575409
	3426575410
	3426575411
	3426575412
	3426575413
	3426575414
	3426575415
	3426575416
	3426575417
	3426575418
	3426575419
	3426575420
	3426575421
	3426575422
	3426575423
	3426575424
	3426575425
	3426575426
	3426575427
	3426575428
	3426575429
	3426575430
	3426575431
	3426575432
	3426575433
	3426575434
	3426575435
	3426575436
	3426575437
	3426575438
	3426575439
	3426575440
	3426575441
	3426575442
	3426575443
	3426575444
	3426575445
	3426575446
	3426575447
	3426575448
	3426575449
	3426575450
	3426575451
	3426575452
	3426575453
	3426575454
	3426575455
	3426575456
	3426575457
	3426575458
	3426575459
	3426575460
	3426575461
	3426575462
	3426575463
	3426575464
	3426575465
	3426575466
	3426575467
	3426575468
	3426575469
	3426575470
	3426575471
	3426575472
	3426575473
	3426575474
	3426575475
	3426575476
	3426575477
	3426575478
	3426575479
	3426575480
	3426575481
	3426575482
	3426575483
	3426575484
	3426575485
	3426575486
	3426575487
	3426575488
	3426575489
	3426575490
	3426575491
	3426575492
	3426575493
	3426575494
	3426575495
	3426575496
	3426575497
	3426575498
	3426575499
	3426575500
	3426575501
	3426575502
	3426575503
	3426575504
	3426575505
	3426575506
	3426575507
	3426575508
	3426575509
	3426575510
	3426575511
	3426575512
	3426575513
	3426575514
	3426575515
	3426575516
	3426575517
	3426575518
	3426575519
	3426575520
	3426575521
	3426575522
	3426575523
	3426575524
	3426575525
	3426575526
	3426575527
	3426575528
	3426575529
	3426575530
	3426575531
	3426575532
	3426575533
	3426575534
	3426575535
	3426575536
	3426575537
	3426575538
	3426575539
	3426575540
	3426575541
	3426575542
	3426575543
	3426575544
	3426575545
	3426575546
	3426575547
	3426575548
	3426575549
	3426575550
	3426575551
	3426575552
	3426575553
	3426575554
	3426575555
	3426575556
	3426575557
	3426575558
	3426575559
	3426575560
	3426575561
	3426575562
	3426575563
	3426575564
	3426575565
	3426575566
	3426575567
	3426575568
	3426575569
	3426575570
	3426575571
	3426575572
	3426575573
	3426575574
	3426575575
	3426575576
	3426575577
	3426575578
	3426575579
	3426575580
	3426575581
	3426575582
	3426575583
	3426575584
	3426575585
	3426575586
	3426575587
	3426575588
	3426575589
	3426575590
	3426575591
	3426575592
	3426575593
	3426575594
	3426575595
	3426575596
	3426575597
	3426575598
	3426575599
	3426575600
	3426575601
	3426575602
	3426575603
	3426575604
	3426575605
	3426575606
	3426575607
	3426575608
	3426575609
	3426575610
	3426575611
	3426575612
	3426575613
	3426575614
	3426575615
	3426575616
	3426575617
	3426575618
	3426575619
	3426575620
	3426575621
	3426575622
	3426575623
	3426575624
	3426575625
	3426575626
	3426575627
	3426575628
	3426575629
	3426575630
	3426575631
	3426575632
	3426575633
	3426575634
	3426575635
	3426575636
	3426575637
	3426575638
	3426575639
	3426575640
	3426575641
	3426575642
	3426575643
	3426575644
	3426575645
	3426575646
	3426575647
	3426575648
	3426575649
	3426575650
	3426575651
	3426575652
	3426575653
	3426575654
	3426575655
	3426575656
	3426575657
	3426575658
	3426575659
	3426575660
	3426575661
	3426575662
	3426575663
	3426575664
	3426575665
	3426575666
	3426575667
	3426575668
	3426575669
	3426575670
	3426575671
	3426575672
	3426575673
	3426575674
	3426575675
	3426575676
	3426575677
	3426575678
	3426575679
	3426575680
	3426575681
	3426575682
	3426575683
	3426575684
	3426575685
	3426575686
	3426575687
	3426575688
	3426575689
	3426575690
	3426575691
	3426575692
	3426575693
	3426575694
	3426575695
	3426575696
	3426575697
	3426575698
	3426575699
	3426575700
	3426575701
	3426575702
	3426575703
	3426575704
	3426575705
	3426575706
	3426575707
	3426575708
	3426575709
	3426575710
	3426575711
	3426575712
	3426575713
	3426575714
	3426575715
	3426575716
	3426575717
	3426575718
	3426575719
	3426575720
	3426575721
	3426575722
	3426575723
	3426575724
	3426575725
	3426575726
	3426575727
	3426575728
	3426575729
	3426575730
	3426575731
	3426575732
	3426575733
	3426575734
	3426575735
	3426575736
	3426575737
	3426575738
	3426575739
	3426575740
	3426575741
	3426575742
	3426575743
	3426575744
	3426575745
	3426575746
	3426575747
	3426575748
	3426575749
	3426575750
	3426575751
	3426575752
	3426575753
	3426575754
	3426575755
	3426575756
	3426575757
	3426575758
	3426575759
	3426575760
	3426575761
	3426575762
	3426575763
	3426575764
	3426575765
	3426575766
	3426575767
	3426575768
	3426575769
	3426575770
	3426575771
	3426575772
	3426575773
	3426575774
	3426575775
	3426575776
	3426575777
	3426575778
	3426575779
	3426575780
	3426575781
	3426575782
	3426575783
	3426575784
	3426575785
	3426575786
	3426575787
	3426575788
	3426575789
	3426575790
	3426575791
	3426575792
	3426575793
	3426575794
	3426575795
	3426575796
	3426575797
	3426575798
	3426575799
	3426575800
	3426575801
	3426575802
	3426575803
	3426575804
	3426575805
	3426575806
	3426575807
	3426575808
	3426575809
	3426575810
	3426575811
	3426575812
	3426575813
	3426575814
	3426575815
	3426575816
	3426575817
	3426575818
	3426575819
	3426575820
	3426575821
	3426575822
	3426575823
	3426575824
	3426575825
	3426575826
	3426575827
	3426575828
	3426575829
	3426575830
	3426575831
	3426575832
	3426575833
	3426575834
	3426575835
	3426575836
	3426575837
	3426575838
	3426575839
	3426575840
	3426575841
	3426575842
	3426575843
	3426575844
	3426575845
	3426575846
	3426575847
	3426575848
	3426575849
	3426575850
	3426575851
	3426575852
	3426575853
	3426575854
	3426575855
	3426575856
	3426575857
	3426575858
	3426575859
	3426575860
	3426575861
	3426575862
	3426575863
	3426575864
	3426575865
	3426575866
	3426575867
	3426575868
	3426575869
	3426575870
	3426575871
	3426575872
	3426575873
	3426575874
	3426575875
	3426575876
	3426575877
	3426575878
	3426575879
	3426575880
	3426575881
	3426575882
	3426575883
	3426575884
	3426575885
	3426575886
	3426575887
	3426575888
	3426575889
	3426575890
	3426575891
	3426575892
	3426575893
	3426575894
	3426575895
	3426575896
	3426575897
	3426575898
	3426575899
	3426575900
	3426575901
	3426575902
	3426575903
	3426575904
	3426575905
	3426575906
	3426575907
	3426575908
	3426575909
	3426575910
	3426575911
	3426575912
	3426575913
	3426575914
	3426575915
	3426575916
	3426575917
	3426575918
	3426575919
	3426575920
	3426575921
	3426575922
	3426575923
	3426575924
	3426575925
	3426575926
	3426575927
	3426575928
	3426575929
	3426575930
	3426575931
	3426575932
	3426575933
	3426575934
	3426575935
	3426575936
	3426575937
	3426575938
	3426575939
	3426575940
	3426575941
	3426575942
	3426575943
	3426575944
	3426575945
	3426575946
	3426575947
	3426575948
	3426575949
	3426575950
	3426575951
	3426575952
	3426575953
	3426575954
	3426575955
	3426575956
	3426575957
	3426575958
	3426575959
	3426575960
	3426575961
	3426575962
	3426575963
	3426575964
	3426575965
	3426575966
	3426575967
	3426575968
	3426575969
	3426575970
	3426575971
	3426575972
	3426575973
	3426575974
	3426575975
	3426575976
	3426575977
	3426575978
	3426575979
	3426575980
	3426575981
	3426575982
	3426575983
	3426575984
	3426575985
	3426575986
	3426575987
	3426575988
	3426575989
	3426575990
	3426575991
	3426575992
	3426575993
	3426575994
	3426575995
	3426575996
	3426575997
	3426575998
	3426575999
	3426576000
	3426576001
	3426576002
	3426576003
	3426576004
	3426576005
	3426576006
	3426576007
	3426576008
	3426576009
	3426576010
	3426576011
	3426576012
	3426576013
	3426576014
	3426576015
	3426576016
	3426576017
	3426576018
	3426576019
	3426576020
	3426576021
	3426576022
	3426576023
	3426576024
	3426576025
	3426576026
	3426576027
	3426576028
	3426576029
	3426576030
	3426576031
	3426576032
	3426576033
	3426576034
	3426576035
	3426576036
	3426576037
	3426576038
	3426576039
	3426576040
	3426576041
	3426576042
	3426576043
	3426576044
	3426576045
	3426576046
	3426576047
	3426576048
	3426576049
	3426576050
	3426576051
	3426576052
	3426576053
	3426576054
	3426576055
	3426576056
	3426576057
	3426576058
	3426576059
	3426576060
	3426576061
	3426576062
	3426576063
	3426576064
	3426576065
	3426576066
	3426576067
	3426576068
	3426576069
	3426576070
	3426576071
	3426576072
	3426576073
	3426576074
	3426576075
	3426576076
	3426576077
	3426576078
	3426576079
	3426576080
	3426576081
	3426576082
	3426576083
	3426576084
	3426576085
	3426576086
	3426576087
	3426576088
	3426576089
	3426576090
	3426576091
	3426576092
	3426576093
	3426576094
	3426576095
	3426576096
	3426576097
	3426576098
	3426576099
	3426576100
	3426576101
	3426576102
	3426576103
	3426576104
	3426576105
	3426576106
	3426576107
	3426576108
	3426576109
	3426576110
	3426576111
	3426576112
	3426576113
	3426576114
	3426576115
	3426576116
	3426576117
	3426576118
	3426576119
	3426576120
	3426576121
	3426576122
	3426576123
	3426576124
	3426576125
	3426576126
	3426576127
	3426576128
	3426576129
	3426576130
	3426576131
	3426576132
	3426576133
	3426576134
	3426576135
	3426576136
	3426576137
	3426576138
	3426576139
	3426576140
	3426576141
	3426576142
	3426576143
	3426576144
	3426576145
	3426576146
	3426576147
	3426576148
	3426576149
	3426576150
	3426576151
	3426576152
	3426576153
	3426576154
	3426576155
	3426576156
	3426576157
	3426576158
	3426576159
	3426576160
	3426576161
	3426576162
	3426576163
	3426576164
	3426576165
	3426576166
	3426576167
	3426576168
	3426576169
	3426576170
	3426576171
	3426576172
	3426576173
	3426576174
	3426576175
	3426576176
	3426576177
	3426576178
	3426576179
	3426576180
	3426576181
	3426576182
	3426576183
	3426576184
	3426576185
	3426576186
	3426576187
	3426576188
	3426576189
	3426576190
	3426576191
	3426576192
	3426576193
	3426576194
	3426576195
	3426576196
	3426576197
	3426576198
	3426576199
	3426576200
	3426576201
	3426576202
	3426576203
	3426576204
	3426576205
	3426576206
	3426576207
	3426576208
	3426576209
	3426576210
	3426576211
	3426576212
	3426576213
	3426576214
	3426576215
	3426576216
	3426576217
	3426576218
	3426576219
	3426576220
	3426576221
	3426576222
	3426576223
	3426576224
	3426576225
	3426576226
	3426576227
	3426576228
	3426576229
	3426576230
	3426576231
	3426576232
	3426576233
	3426576234
	3426576235
	3426576236
	3426576237
	3426576238
	3426576239
	3426576240
	3426576241
	3426576242
	3426576243
	3426576244
	3426576245
	3426576246
	3426576247
	3426576248
	3426576249
	3426576250
	3426576251
	3426576252
	3426576253
	3426576254
	3426576255
	3426576256
	3426576257
	3426576258
	3426576259
	3426576260
	3426576261
	3426576262
	3426576263
	3426576264
	3426576265
	3426576266
	3426576267
	3426576268
	3426576269
	3426576270
	3426576271
	3426576272
	3426576273
	3426576274
	3426576275
	3426576276
	3426576277
	3426576278
	3426576279
	3426576280
	3426576281
	3426576282
	3426576283
	3426576284
	3426576285
	3426576286
	3426576287
	3426576288
	3426576289
	3426576290
	3426576291
	3426576292
	3426576293
	3426576294
	3426576295
	3426576296
	3426576297
	3426576298
	3426576299
	3426576300
	3426576301
	3426576302
	3426576303
	3426576304
	3426576305
	3426576306
	3426576307
	3426576308
	3426576309
	3426576310
	3426576311
	3426576312
	3426576313
	3426576314
	3426576315
	3426576316
	3426576317
	3426576318
