	3426637519
	3426637520
	3426637521
	3426637522
	3426637523
	3426637524
	3426637525
	3426637526
	3426637527
	3426637528
	3426637529
	3426637530
	3426637531
	3426637532
	3426637533
	3426637534
	3426637535
	3426637536
	3426637537
	3426637538
	3426637539
	3426637540
	3426637541
	3426637542
	3426637543
	3426637544
	3426637545
	3426637546
	3426637547
	3426637548
	3426637549
	3426637550
	3426637551
	3426637552
	3426637553
	3426637554
	3426637555
	3426637556
	3426637557
	3426637558
	3426637559
	3426637560
	3426637561
	3426637562
	3426637563
	3426637564
	3426637565
	3426637566
	3426637567
	3426637568
	3426637569
	3426637570
	3426637571
	3426637572
	3426637573
	3426637574
	3426637575
	3426637576
	3426637577
	3426637578
	3426637579
	3426637580
	3426637581
	3426637582
	3426637583
	3426637584
	3426637585
	3426637586
	3426637587
	3426637588
	3426637589
	3426637590
	3426637591
	3426637592
	3426637593
	3426637594
	3426637595
	3426637596
	3426637597
	3426637598
	3426637599
	3426637600
	3426637601
	3426637602
	3426637603
	3426637604
	3426637605
	3426637606
	3426637607
	3426637608
	3426637609
	3426637610
	3426637611
	3426637612
	3426637613
	3426637614
	3426637615
	3426637616
	3426637617
	3426637618
	3426637619
	3426637620
	3426637621
	3426637622
	3426637623
	3426637624
	3426637625
	3426637626
	3426637627
	3426637628
	3426637629
	3426637630
	3426637631
	3426637632
	3426637633
	3426637634
	3426637635
	3426637636
	3426637637
	3426637638
	3426637639
	3426637640
	3426637641
	3426637642
	3426637643
	3426637644
	3426637645
	3426637646
	3426637647
	3426637648
	3426637649
	3426637650
	3426637651
	3426637652
	3426637653
	3426637654
	3426637655
	3426637656
	3426637657
	3426637658
	3426637659
	3426637660
	3426637661
	3426637662
	3426637663
	3426637664
	3426637665
	3426637666
	3426637667
	3426637668
	3426637669
	3426637670
	3426637671
	3426637672
	3426637673
	3426637674
	3426637675
	3426637676
	3426637677
	3426637678
	3426637679
	3426637680
	3426637681
	3426637682
	3426637683
	3426637684
	3426637685
	3426637686
	3426637687
	3426637688
	3426637689
	3426637690
	3426637691
	3426637692
	3426637693
	3426637694
	3426637695
	3426637696
	3426637697
	3426637698
	3426637699
	3426637700
	3426637701
	3426637702
	3426637703
	3426637704
	3426637705
	3426637706
	3426637707
	3426637708
	3426637709
	3426637710
	3426637711
	3426637712
	3426637713
	3426637714
	3426637715
	3426637716
	3426637717
	3426637718
	3426637719
	3426637720
	3426637721
	3426637722
	3426637723
	3426637724
	3426637725
	3426637726
	3426637727
	3426637728
	3426637729
	3426637730
	3426637731
	3426637732
	3426637733
	3426637734
	3426637735
	3426637736
	3426637737
	3426637738
	3426637739
	3426637740
	3426637741
	3426637742
	3426637743
	3426637744
	3426637745
	3426637746
	3426637747
	3426637748
	3426637749
	3426637750
	3426637751
	3426637752
	3426637753
	3426637754
	3426637755
	3426637756
	3426637757
	3426637758
	3426637759
	3426637760
	3426637761
	3426637762
	3426637763
	3426637764
	3426637765
	3426637766
	3426637767
	3426637768
	3426637769
	3426637770
	3426637771
	3426637772
	3426637773
	3426637774
	3426637775
	3426637776
	3426637777
	3426637778
	3426637779
	3426637780
	3426637781
	3426637782
	3426637783
	3426637784
	3426637785
	3426637786
	3426637787
	3426637788
	3426637789
	3426637790
	3426637791
	3426637792
	3426637793
	3426637794
	3426637795
	3426637796
	3426637797
	3426637798
	3426637799
	3426637800
	3426637801
	3426637802
	3426637803
	3426637804
	3426637805
	3426637806
	3426637807
	3426637808
	3426637809
	3426637810
	3426637811
	3426637812
	3426637813
	3426637814
	3426637815
	3426637816
	3426637817
	3426637818
	3426637819
	3426637820
	3426637821
	3426637822
	3426637823
	3426637824
	3426637825
	3426637826
	3426637827
	3426637828
	3426637829
	3426637830
	3426637831
	3426637832
	3426637833
	3426637834
	3426637835
	3426637836
	3426637837
	3426637838
	3426637839
	3426637840
	3426637841
	3426637842
	3426637843
	3426637844
	3426637845
	3426637846
	3426637847
	3426637848
	3426637849
	3426637850
	3426637851
	3426637852
	3426637853
	3426637854
	3426637855
	3426637856
	3426637857
	3426637858
	3426637859
	3426637860
	3426637861
	3426637862
	3426637863
	3426637864
	3426637865
	3426637866
	3426637867
	3426637868
	3426637869
	3426637870
	3426637871
	3426637872
	3426637873
	3426637874
	3426637875
	3426637876
	3426637877
	3426637878
	3426637879
	3426637880
	3426637881
	3426637882
	3426637883
	3426637884
	3426637885
	3426637886
	3426637887
	3426637888
	3426637889
	3426637890
	3426637891
	3426637892
	3426637893
	3426637894
	3426637895
	3426637896
	3426637897
	3426637898
	3426637899
	3426637900
	3426637901
	3426637902
	3426637903
	3426637904
	3426637905
	3426637906
	3426637907
	3426637908
	3426637909
	3426637910
	3426637911
	3426637912
	3426637913
	3426637914
	3426637915
	3426637916
	3426637917
	3426637918
	3426637919
	3426637920
	3426637921
	3426637922
	3426637923
	3426637924
	3426637925
	3426637926
	3426637927
	3426637928
	3426637929
	3426637930
	3426637931
	3426637932
	3426637933
	3426637934
	3426637935
	3426637936
	3426637937
	3426637938
	3426637939
	3426637940
	3426637941
	3426637942
	3426637943
	3426637944
	3426637945
	3426637946
	3426637947
	3426637948
	3426637949
	3426637950
	3426637951
	3426637952
	3426637953
	3426637954
	3426637955
	3426637956
	3426637957
	3426637958
	3426637959
	3426637960
	3426637961
	3426637962
	3426637963
	3426637964
	3426637965
	3426637966
	3426637967
	3426637968
	3426637969
	3426637970
	3426637971
	3426637972
	3426637973
	3426637974
	3426637975
	3426637976
	3426637977
	3426637978
	3426637979
	3426637980
	3426637981
	3426637982
	3426637983
	3426637984
	3426637985
	3426637986
	3426637987
	3426637988
	3426637989
	3426637990
	3426637991
	3426637992
	3426637993
	3426637994
	3426637995
	3426637996
	3426637997
	3426637998
	3426637999
	3426638000
	3426638001
	3426638002
	3426638003
	3426638004
	3426638005
	3426638006
	3426638007
	3426638008
	3426638009
	3426638010
	3426638011
	3426638012
	3426638013
	3426638014
	3426638015
	3426638016
	3426638017
	3426638018
	3426638019
	3426638020
	3426638021
	3426638022
	3426638023
	3426638024
	3426638025
	3426638026
	3426638027
	3426638028
	3426638029
	3426638030
	3426638031
	3426638032
	3426638033
	3426638034
	3426638035
	3426638036
	3426638037
	3426638038
	3426638039
	3426638040
	3426638041
	3426638042
	3426638043
	3426638044
	3426638045
	3426638046
	3426638047
	3426638048
	3426638049
	3426638050
	3426638051
	3426638052
	3426638053
	3426638054
	3426638055
	3426638056
	3426638057
	3426638058
	3426638059
	3426638060
	3426638061
	3426638062
	3426638063
	3426638064
	3426638065
	3426638066
	3426638067
	3426638068
	3426638069
	3426638070
	3426638071
	3426638072
	3426638073
	3426638074
	3426638075
	3426638076
	3426638077
	3426638078
	3426638079
	3426638080
	3426638081
	3426638082
	3426638083
	3426638084
	3426638085
	3426638086
	3426638087
	3426638088
	3426638089
	3426638090
	3426638091
	3426638092
	3426638093
	3426638094
	3426638095
	3426638096
	3426638097
	3426638098
	3426638099
	3426638100
	3426638101
	3426638102
	3426638103
	3426638104
	3426638105
	3426638106
	3426638107
	3426638108
	3426638109
	3426638110
	3426638111
	3426638112
	3426638113
	3426638114
	3426638115
	3426638116
	3426638117
	3426638118
	3426638119
	3426638120
	3426638121
	3426638122
	3426638123
	3426638124
	3426638125
	3426638126
	3426638127
	3426638128
	3426638129
	3426638130
	3426638131
	3426638132
	3426638133
	3426638134
	3426638135
	3426638136
	3426638137
	3426638138
	3426638139
	3426638140
	3426638141
	3426638142
	3426638143
	3426638144
	3426638145
	3426638146
	3426638147
	3426638148
	3426638149
	3426638150
	3426638151
	3426638152
	3426638153
	3426638154
	3426638155
	3426638156
	3426638157
	3426638158
	3426638159
	3426638160
	3426638161
	3426638162
	3426638163
	3426638164
	3426638165
	3426638166
	3426638167
	3426638168
	3426638169
	3426638170
	3426638171
	3426638172
	3426638173
	3426638174
	3426638175
	3426638176
	3426638177
	3426638178
	3426638179
	3426638180
	3426638181
	3426638182
	3426638183
	3426638184
	3426638185
	3426638186
	3426638187
	3426638188
	3426638189
	3426638190
	3426638191
	3426638192
	3426638193
	3426638194
	3426638195
	3426638196
	3426638197
	3426638198
	3426638199
	3426638200
	3426638201
	3426638202
	3426638203
	3426638204
	3426638205
	3426638206
	3426638207
	3426638208
	3426638209
	3426638210
	3426638211
	3426638212
	3426638213
	3426638214
	3426638215
	3426638216
	3426638217
	3426638218
	3426638219
	3426638220
	3426638221
	3426638222
	3426638223
	3426638224
	3426638225
	3426638226
	3426638227
	3426638228
	3426638229
	3426638230
	3426638231
	3426638232
	3426638233
	3426638234
	3426638235
	3426638236
	3426638237
	3426638238
	3426638239
	3426638240
	3426638241
	3426638242
	3426638243
	3426638244
	3426638245
	3426638246
	3426638247
	3426638248
	3426638249
	3426638250
	3426638251
	3426638252
	3426638253
	3426638254
	3426638255
	3426638256
	3426638257
	3426638258
	3426638259
	3426638260
	3426638261
	3426638262
	3426638263
	3426638264
	3426638265
	3426638266
	3426638267
	3426638268
	3426638269
	3426638270
	3426638271
	3426638272
	3426638273
	3426638274
	3426638275
	3426638276
	3426638277
	3426638278
	3426638279
	3426638280
	3426638281
	3426638282
	3426638283
	3426638284
	3426638285
	3426638286
	3426638287
	3426638288
	3426638289
	3426638290
	3426638291
	3426638292
	3426638293
	3426638294
	3426638295
	3426638296
	3426638297
	3426638298
	3426638299
	3426638300
	3426638301
	3426638302
	3426638303
	3426638304
	3426638305
	3426638306
	3426638307
	3426638308
	3426638309
	3426638310
	3426638311
	3426638312
	3426638313
	3426638314
	3426638315
	3426638316
	3426638317
	3426638318
	3426638319
	3426638320
	3426638321
	3426638322
	3426638323
	3426638324
	3426638325
	3426638326
	3426638327
	3426638328
	3426638329
	3426638330
	3426638331
	3426638332
	3426638333
	3426638334
	3426638335
	3426638336
	3426638337
	3426638338
	3426638339
	3426638340
	3426638341
	3426638342
	3426638343
	3426638344
	3426638345
	3426638346
	3426638347
	3426638348
	3426638349
	3426638350
	3426638351
	3426638352
	3426638353
	3426638354
	3426638355
	3426638356
	3426638357
	3426638358
	3426638359
	3426638360
	3426638361
	3426638362
	3426638363
	3426638364
	3426638365
	3426638366
	3426638367
	3426638368
	3426638369
	3426638370
	3426638371
	3426638372
	3426638373
	3426638374
	3426638375
	3426638376
	3426638377
	3426638378
	3426638379
	3426638380
	3426638381
	3426638382
	3426638383
	3426638384
	3426638385
	3426638386
	3426638387
	3426638388
	3426638389
	3426638390
	3426638391
	3426638392
	3426638393
	3426638394
	3426638395
	3426638396
	3426638397
	3426638398
	3426638399
	3426638400
	3426638401
	3426638402
	3426638403
	3426638404
	3426638405
	3426638406
	3426638407
	3426638408
	3426638409
	3426638410
	3426638411
	3426638412
	3426638413
	3426638414
	3426638415
	3426638416
	3426638417
	3426638418
	3426638419
	3426638420
	3426638421
	3426638422
	3426638423
	3426638424
	3426638425
	3426638426
	3426638427
	3426638428
	3426638429
	3426638430
	3426638431
	3426638432
	3426638433
	3426638434
	3426638435
	3426638436
	3426638437
	3426638438
	3426638439
	3426638440
	3426638441
	3426638442
	3426638443
	3426638444
	3426638445
	3426638446
	3426638447
	3426638448
	3426638449
	3426638450
	3426638451
	3426638452
	3426638453
	3426638454
	3426638455
	3426638456
	3426638457
	3426638458
	3426638459
	3426638460
	3426638461
	3426638462
	3426638463
	3426638464
	3426638465
	3426638466
	3426638467
	3426638468
	3426638469
	3426638470
	3426638471
	3426638472
	3426638473
	3426638474
	3426638475
	3426638476
	3426638477
	3426638478
	3426638479
	3426638480
	3426638481
	3426638482
	3426638483
	3426638484
	3426638485
	3426638486
	3426638487
	3426638488
	3426638489
	3426638490
	3426638491
	3426638492
	3426638493
	3426638494
	3426638495
	3426638496
	3426638497
	3426638498
	3426638499
	3426638500
	3426638501
	3426638502
	3426638503
	3426638504
	3426638505
	3426638506
	3426638507
	3426638508
	3426638509
	3426638510
	3426638511
	3426638512
	3426638513
	3426638514
	3426638515
	3426638516
	3426638517
	3426638518
	3426638519
	3426638520
	3426638521
	3426638522
	3426638523
	3426638524
	3426638525
	3426638526
	3426638527
	3426638528
	3426638529
	3426638530
	3426638531
	3426638532
	3426638533
	3426638534
	3426638535
	3426638536
	3426638537
	3426638538
	3426638539
	3426638540
	3426638541
	3426638542
	3426638543
	3426638544
	3426638545
	3426638546
	3426638547
	3426638548
	3426638549
	3426638550
	3426638551
	3426638552
	3426638553
	3426638554
	3426638555
	3426638556
	3426638557
	3426638558
	3426638559
	3426638560
	3426638561
	3426638562
	3426638563
	3426638564
	3426638565
	3426638566
	3426638567
	3426638568
	3426638569
	3426638570
	3426638571
	3426638572
	3426638573
	3426638574
	3426638575
	3426638576
	3426638577
	3426638578
	3426638579
	3426638580
	3426638581
	3426638582
	3426638583
	3426638584
	3426638585
	3426638586
	3426638587
	3426638588
	3426638589
	3426638590
	3426638591
	3426638592
	3426638593
	3426638594
	3426638595
	3426638596
	3426638597
	3426638598
	3426638599
	3426638600
	3426638601
	3426638602
	3426638603
	3426638604
	3426638605
	3426638606
	3426638607
	3426638608
	3426638609
	3426638610
	3426638611
	3426638612
	3426638613
	3426638614
	3426638615
	3426638616
	3426638617
	3426638618
	3426638619
	3426638620
	3426638621
	3426638622
	3426638623
	3426638624
	3426638625
	3426638626
	3426638627
	3426638628
	3426638629
	3426638630
	3426638631
	3426638632
	3426638633
	3426638634
	3426638635
	3426638636
	3426638637
	3426638638
	3426638639
	3426638640
	3426638641
	3426638642
	3426638643
	3426638644
	3426638645
	3426638646
	3426638647
	3426638648
	3426638649
	3426638650
	3426638651
	3426638652
	3426638653
	3426638654
	3426638655
	3426638656
	3426638657
	3426638658
	3426638659
	3426638660
	3426638661
	3426638662
	3426638663
	3426638664
	3426638665
	3426638666
	3426638667
	3426638668
	3426638669
	3426638670
	3426638671
	3426638672
	3426638673
	3426638674
	3426638675
	3426638676
	3426638677
	3426638678
	3426638679
	3426638680
	3426638681
	3426638682
	3426638683
	3426638684
	3426638685
	3426638686
	3426638687
	3426638688
	3426638689
	3426638690
	3426638691
	3426638692
	3426638693
	3426638694
	3426638695
	3426638696
	3426638697
	3426638698
	3426638699
	3426638700
	3426638701
	3426638702
	3426638703
	3426638704
	3426638705
	3426638706
	3426638707
	3426638708
	3426638709
	3426638710
	3426638711
	3426638712
	3426638713
	3426638714
	3426638715
	3426638716
	3426638717
	3426638718
	3426638719
	3426638720
	3426638721
	3426638722
	3426638723
	3426638724
	3426638725
	3426638726
	3426638727
	3426638728
	3426638729
	3426638730
	3426638731
	3426638732
	3426638733
	3426638734
	3426638735
	3426638736
	3426638737
	3426638738
	3426638739
	3426638740
	3426638741
	3426638742
	3426638743
	3426638744
	3426638745
	3426638746
	3426638747
	3426638748
	3426638749
	3426638750
	3426638751
	3426638752
	3426638753
	3426638754
	3426638755
	3426638756
	3426638757
	3426638758
	3426638759
	3426638760
	3426638761
	3426638762
	3426638763
	3426638764
	3426638765
	3426638766
	3426638767
	3426638768
	3426638769
	3426638770
	3426638771
	3426638772
	3426638773
	3426638774
	3426638775
	3426638776
	3426638777
	3426638778
	3426638779
	3426638780
	3426638781
	3426638782
	3426638783
	3426638784
	3426638785
	3426638786
	3426638787
	3426638788
	3426638789
	3426638790
	3426638791
	3426638792
	3426638793
	3426638794
	3426638795
	3426638796
	3426638797
	3426638798
	3426638799
	3426638800
	3426638801
	3426638802
	3426638803
	3426638804
	3426638805
	3426638806
	3426638807
	3426638808
	3426638809
	3426638810
	3426638811
	3426638812
	3426638813
	3426638814
	3426638815
	3426638816
	3426638817
	3426638818
	3426638819
	3426638820
	3426638821
	3426638822
	3426638823
	3426638824
	3426638825
	3426638826
	3426638827
	3426638828
	3426638829
	3426638830
	3426638831
	3426638832
	3426638833
	3426638834
	3426638835
	3426638836
	3426638837
	3426638838
	3426638839
	3426638840
	3426638841
	3426638842
	3426638843
	3426638844
	3426638845
	3426638846
	3426638847
	3426638848
	3426638849
	3426638850
	3426638851
	3426638852
	3426638853
	3426638854
	3426638855
	3426638856
	3426638857
	3426638858
	3426638859
	3426638860
	3426638861
	3426638862
	3426638863
	3426638864
	3426638865
	3426638866
	3426638867
	3426638868
	3426638869
	3426638870
	3426638871
	3426638872
	3426638873
	3426638874
	3426638875
	3426638876
	3426638877
	3426638878
	3426638879
	3426638880
	3426638881
	3426638882
	3426638883
	3426638884
	3426638885
	3426638886
	3426638887
	3426638888
	3426638889
	3426638890
	3426638891
	3426638892
	3426638893
	3426638894
	3426638895
	3426638896
	3426638897
	3426638898
	3426638899
	3426638900
	3426638901
	3426638902
	3426638903
	3426638904
	3426638905
	3426638906
	3426638907
	3426638908
	3426638909
	3426638910
	3426638911
	3426638912
	3426638913
	3426638914
	3426638915
	3426638916
	3426638917
	3426638918
	3426638919
	3426638920
	3426638921
	3426638922
	3426638923
	3426638924
	3426638925
	3426638926
	3426638927
	3426638928
	3426638929
	3426638930
	3426638931
	3426638932
	3426638933
	3426638934
	3426638935
	3426638936
	3426638937
	3426638938
	3426638939
	3426638940
	3426638941
	3426638942
	3426638943
	3426638944
	3426638945
	3426638946
	3426638947
	3426638948
	3426638949
	3426638950
	3426638951
	3426638952
	3426638953
	3426638954
	3426638955
	3426638956
	3426638957
	3426638958
	3426638959
	3426638960
	3426638961
	3426638962
	3426638963
	3426638964
	3426638965
	3426638966
	3426638967
	3426638968
	3426638969
	3426638970
	3426638971
	3426638972
	3426638973
	3426638974
	3426638975
	3426638976
	3426638977
	3426638978
	3426638979
	3426638980
	3426638981
	3426638982
	3426638983
	3426638984
	3426638985
	3426638986
	3426638987
	3426638988
	3426638989
	3426638990
	3426638991
	3426638992
	3426638993
	3426638994
	3426638995
	3426638996
	3426638997
	3426638998
	3426638999
	3426639000
	3426639001
	3426639002
	3426639003
	3426639004
	3426639005
	3426639006
	3426639007
	3426639008
	3426639009
	3426639010
	3426639011
	3426639012
	3426639013
	3426639014
	3426639015
	3426639016
	3426639017
	3426639018
	3426639019
	3426639020
	3426639021
	3426639022
	3426639023
	3426639024
	3426639025
	3426639026
	3426639027
	3426639028
	3426639029
	3426639030
	3426639031
	3426639032
	3426639033
	3426639034
	3426639035
	3426639036
	3426639037
	3426639038
	3426639039
	3426639040
	3426639041
	3426639042
	3426639043
	3426639044
	3426639045
	3426639046
	3426639047
	3426639048
	3426639049
	3426639050
	3426639051
	3426639052
	3426639053
	3426639054
	3426639055
	3426639056
	3426639057
	3426639058
	3426639059
	3426639060
	3426639061
	3426639062
	3426639063
	3426639064
	3426639065
	3426639066
	3426639067
	3426639068
	3426639069
	3426639070
	3426639071
	3426639072
	3426639073
	3426639074
	3426639075
	3426639076
	3426639077
	3426639078
	3426639079
	3426639080
	3426639081
	3426639082
	3426639083
	3426639084
	3426639085
	3426639086
	3426639087
	3426639088
	3426639089
	3426639090
	3426639091
	3426639092
	3426639093
	3426639094
	3426639095
	3426639096
	3426639097
	3426639098
	3426639099
	3426639100
	3426639101
	3426639102
	3426639103
	3426639104
	3426639105
	3426639106
	3426639107
	3426639108
	3426639109
	3426639110
	3426639111
	3426639112
	3426639113
	3426639114
	3426639115
	3426639116
	3426639117
	3426639118
	3426639119
	3426639120
	3426639121
	3426639122
	3426639123
	3426639124
	3426639125
	3426639126
	3426639127
	3426639128
	3426639129
	3426639130
	3426639131
	3426639132
	3426639133
	3426639134
	3426639135
	3426639136
	3426639137
	3426639138
	3426639139
	3426639140
	3426639141
	3426639142
	3426639143
	3426639144
	3426639145
	3426639146
	3426639147
	3426639148
	3426639149
	3426639150
	3426639151
	3426639152
	3426639153
	3426639154
	3426639155
	3426639156
	3426639157
	3426639158
	3426639159
	3426639160
	3426639161
	3426639162
	3426639163
	3426639164
	3426639165
	3426639166
	3426639167
	3426639168
	3426639169
	3426639170
	3426639171
	3426639172
	3426639173
	3426639174
	3426639175
	3426639176
	3426639177
	3426639178
	3426639179
	3426639180
	3426639181
	3426639182
	3426639183
	3426639184
	3426639185
	3426639186
	3426639187
	3426639188
	3426639189
	3426639190
	3426639191
	3426639192
	3426639193
	3426639194
	3426639195
	3426639196
	3426639197
	3426639198
	3426639199
	3426639200
	3426639201
	3426639202
	3426639203
	3426639204
	3426639205
	3426639206
	3426639207
	3426639208
	3426639209
	3426639210
	3426639211
	3426639212
	3426639213
	3426639214
	3426639215
	3426639216
	3426639217
	3426639218
	3426639219
	3426639220
	3426639221
	3426639222
	3426639223
	3426639224
	3426639225
	3426639226
	3426639227
	3426639228
	3426639229
	3426639230
	3426639231
	3426639232
	3426639233
	3426639234
	3426639235
	3426639236
	3426639237
	3426639238
	3426639239
	3426639240
	3426639241
	3426639242
	3426639243
	3426639244
	3426639245
	3426639246
	3426639247
	3426639248
	3426639249
	3426639250
	3426639251
	3426639252
	3426639253
	3426639254
	3426639255
	3426639256
	3426639257
	3426639258
	3426639259
	3426639260
	3426639261
	3426639262
	3426639263
	3426639264
	3426639265
	3426639266
	3426639267
	3426639268
	3426639269
	3426639270
	3426639271
	3426639272
	3426639273
	3426639274
	3426639275
	3426639276
	3426639277
	3426639278
	3426639279
	3426639280
	3426639281
	3426639282
	3426639283
	3426639284
	3426639285
	3426639286
	3426639287
	3426639288
	3426639289
	3426639290
	3426639291
	3426639292
	3426639293
	3426639294
	3426639295
	3426639296
	3426639297
	3426639298
	3426639299
	3426639300
	3426639301
	3426639302
	3426639303
	3426639304
	3426639305
	3426639306
	3426639307
	3426639308
	3426639309
	3426639310
	3426639311
	3426639312
	3426639313
	3426639314
	3426639315
	3426639316
	3426639317
	3426639318
	3426639319
	3426639320
	3426639321
	3426639322
	3426639323
	3426639324
	3426639325
	3426639326
	3426639327
	3426639328
	3426639329
	3426639330
	3426639331
	3426639332
	3426639333
	3426639334
	3426639335
	3426639336
	3426639337
	3426639338
	3426639339
	3426639340
	3426639341
	3426639342
	3426639343
	3426639344
	3426639345
	3426639346
	3426639347
	3426639348
	3426639349
	3426639350
	3426639351
	3426639352
	3426639353
	3426639354
	3426639355
	3426639356
	3426639357
	3426639358
	3426639359
	3426639360
	3426639361
	3426639362
	3426639363
	3426639364
	3426639365
	3426639366
	3426639367
	3426639368
	3426639369
	3426639370
	3426639371
	3426639372
	3426639373
	3426639374
	3426639375
	3426639376
	3426639377
	3426639378
	3426639379
	3426639380
	3426639381
	3426639382
	3426639383
	3426639384
	3426639385
	3426639386
	3426639387
	3426639388
	3426639389
	3426639390
	3426639391
	3426639392
	3426639393
	3426639394
	3426639395
	3426639396
	3426639397
	3426639398
	3426639399
	3426639400
	3426639401
	3426639402
	3426639403
	3426639404
	3426639405
	3426639406
	3426639407
	3426639408
	3426639409
	3426639410
	3426639411
	3426639412
	3426639413
	3426639414
	3426639415
	3426639416
	3426639417
	3426639418
	3426639419
	3426639420
	3426639421
	3426639422
	3426639423
	3426639424
	3426639425
	3426639426
	3426639427
	3426639428
	3426639429
	3426639430
	3426639431
	3426639432
	3426639433
	3426639434
	3426639435
	3426639436
	3426639437
	3426639438
	3426639439
	3426639440
	3426639441
	3426639442
	3426639443
	3426639444
	3426639445
	3426639446
	3426639447
	3426639448
	3426639449
	3426639450
	3426639451
	3426639452
	3426639453
	3426639454
	3426639455
	3426639456
	3426639457
	3426639458
	3426639459
	3426639460
	3426639461
	3426639462
	3426639463
	3426639464
	3426639465
	3426639466
	3426639467
	3426639468
	3426639469
	3426639470
	3426639471
	3426639472
	3426639473
	3426639474
	3426639475
	3426639476
	3426639477
	3426639478
	3426639479
	3426639480
	3426639481
	3426639482
	3426639483
	3426639484
	3426639485
	3426639486
	3426639487
	3426639488
	3426639489
	3426639490
	3426639491
	3426639492
	3426639493
	3426639494
	3426639495
	3426639496
	3426639497
	3426639498
	3426639499
	3426639500
	3426639501
	3426639502
	3426639503
	3426639504
	3426639505
	3426639506
	3426639507
	3426639508
	3426639509
	3426639510
	3426639511
	3426639512
	3426639513
	3426639514
	3426639515
	3426639516
	3426639517
	3426639518
	3426639519
	3426639520
	3426639521
	3426639522
	3426639523
	3426639524
	3426639525
	3426639526
	3426639527
	3426639528
	3426639529
	3426639530
	3426639531
	3426639532
	3426639533
	3426639534
	3426639535
	3426639536
	3426639537
	3426639538
	3426639539
	3426639540
	3426639541
	3426639542
	3426639543
	3426639544
	3426639545
	3426639546
	3426639547
	3426639548
	3426639549
	3426639550
	3426639551
	3426639552
	3426639553
	3426639554
	3426639555
	3426639556
	3426639557
	3426639558
	3426639559
	3426639560
	3426639561
	3426639562
	3426639563
	3426639564
	3426639565
	3426639566
	3426639567
	3426639568
	3426639569
	3426639570
	3426639571
	3426639572
	3426639573
	3426639574
	3426639575
	3426639576
	3426639577
	3426639578
	3426639579
	3426639580
	3426639581
	3426639582
	3426639583
	3426639584
	3426639585
	3426639586
	3426639587
	3426639588
	3426639589
	3426639590
	3426639591
	3426639592
	3426639593
	3426639594
	3426639595
	3426639596
	3426639597
	3426639598
	3426639599
	3426639600
	3426639601
	3426639602
	3426639603
	3426639604
	3426639605
	3426639606
	3426639607
	3426639608
	3426639609
	3426639610
	3426639611
	3426639612
	3426639613
	3426639614
	3426639615
	3426639616
	3426639617
	3426639618
	3426639619
	3426639620
	3426639621
	3426639622
	3426639623
	3426639624
	3426639625
	3426639626
	3426639627
	3426639628
	3426639629
	3426639630
	3426639631
	3426639632
	3426639633
	3426639634
	3426639635
	3426639636
	3426639637
	3426639638
	3426639639
	3426639640
	3426639641
	3426639642
	3426639643
	3426639644
	3426639645
	3426639646
	3426639647
	3426639648
	3426639649
	3426639650
	3426639651
	3426639652
	3426639653
	3426639654
	3426639655
	3426639656
	3426639657
	3426639658
	3426639659
	3426639660
	3426639661
	3426639662
	3426639663
	3426639664
	3426639665
	3426639666
	3426639667
	3426639668
	3426639669
	3426639670
	3426639671
	3426639672
	3426639673
	3426639674
	3426639675
	3426639676
	3426639677
	3426639678
	3426639679
	3426639680
	3426639681
	3426639682
	3426639683
	3426639684
	3426639685
	3426639686
	3426639687
	3426639688
	3426639689
	3426639690
	3426639691
	3426639692
	3426639693
	3426639694
	3426639695
	3426639696
	3426639697
	3426639698
	3426639699
	3426639700
	3426639701
	3426639702
	3426639703
	3426639704
	3426639705
	3426639706
	3426639707
	3426639708
	3426639709
	3426639710
	3426639711
	3426639712
	3426639713
	3426639714
	3426639715
	3426639716
	3426639717
	3426639718
	3426639719
	3426639720
	3426639721
	3426639722
	3426639723
	3426639724
	3426639725
	3426639726
	3426639727
	3426639728
	3426639729
	3426639730
	3426639731
	3426639732
	3426639733
	3426639734
	3426639735
	3426639736
	3426639737
	3426639738
	3426639739
	3426639740
	3426639741
	3426639742
	3426639743
	3426639744
	3426639745
	3426639746
	3426639747
	3426639748
	3426639749
	3426639750
	3426639751
	3426639752
	3426639753
	3426639754
	3426639755
	3426639756
	3426639757
	3426639758
	3426639759
	3426639760
	3426639761
	3426639762
	3426639763
	3426639764
	3426639765
	3426639766
	3426639767
	3426639768
	3426639769
	3426639770
	3426639771
	3426639772
	3426639773
	3426639774
	3426639775
	3426639776
	3426639777
	3426639778
	3426639779
	3426639780
	3426639781
	3426639782
	3426639783
	3426639784
	3426639785
	3426639786
	3426639787
	3426639788
	3426639789
	3426639790
	3426639791
	3426639792
	3426639793
	3426639794
	3426639795
	3426639796
	3426639797
	3426639798
	3426639799
	3426639800
	3426639801
	3426639802
	3426639803
	3426639804
	3426639805
	3426639806
	3426639807
	3426639808
	3426639809
	3426639810
	3426639811
	3426639812
	3426639813
	3426639814
	3426639815
	3426639816
	3426639817
	3426639818
	3426639819
	3426639820
	3426639821
	3426639822
	3426639823
	3426639824
	3426639825
	3426639826
	3426639827
	3426639828
	3426639829
	3426639830
	3426639831
	3426639832
	3426639833
	3426639834
	3426639835
	3426639836
	3426639837
	3426639838
	3426639839
	3426639840
	3426639841
	3426639842
	3426639843
	3426639844
	3426639845
	3426639846
	3426639847
	3426639848
	3426639849
	3426639850
	3426639851
	3426639852
	3426639853
	3426639854
	3426639855
	3426639856
	3426639857
	3426639858
	3426639859
	3426639860
	3426639861
	3426639862
	3426639863
	3426639864
	3426639865
	3426639866
	3426639867
	3426639868
	3426639869
	3426639870
	3426639871
	3426639872
	3426639873
	3426639874
	3426639875
	3426639876
	3426639877
	3426639878
	3426639879
	3426639880
	3426639881
	3426639882
	3426639883
	3426639884
	3426639885
	3426639886
	3426639887
	3426639888
	3426639889
	3426639890
	3426639891
	3426639892
	3426639893
	3426639894
	3426639895
	3426639896
	3426639897
	3426639898
	3426639899
	3426639900
	3426639901
	3426639902
	3426639903
	3426639904
	3426639905
	3426639906
	3426639907
	3426639908
	3426639909
	3426639910
	3426639911
	3426639912
	3426639913
	3426639914
	3426639915
	3426639916
	3426639917
	3426639918
	3426639919
	3426639920
	3426639921
	3426639922
	3426639923
	3426639924
	3426639925
	3426639926
	3426639927
	3426639928
	3426639929
	3426639930
	3426639931
	3426639932
	3426639933
	3426639934
	3426639935
	3426639936
	3426639937
	3426639938
	3426639939
	3426639940
	3426639941
	3426639942
	3426639943
	3426639944
	3426639945
	3426639946
	3426639947
	3426639948
	3426639949
	3426639950
	3426639951
	3426639952
	3426639953
	3426639954
	3426639955
	3426639956
	3426639957
	3426639958
	3426639959
	3426639960
	3426639961
	3426639962
	3426639963
	3426639964
	3426639965
	3426639966
	3426639967
	3426639968
	3426639969
	3426639970
	3426639971
	3426639972
	3426639973
	3426639974
	3426639975
	3426639976
	3426639977
	3426639978
	3426639979
	3426639980
	3426639981
	3426639982
	3426639983
	3426639984
	3426639985
	3426639986
	3426639987
	3426639988
	3426639989
	3426639990
	3426639991
	3426639992
	3426639993
	3426639994
	3426639995
	3426639996
	3426639997
	3426639998
	3426639999
	3426640000
	3426640001
	3426640002
	3426640003
	3426640004
	3426640005
	3426640006
	3426640007
	3426640008
	3426640009
	3426640010
	3426640011
	3426640012
	3426640013
	3426640014
	3426640015
	3426640016
	3426640017
	3426640018
	3426640019
	3426640020
	3426640021
	3426640022
	3426640023
	3426640024
	3426640025
	3426640026
	3426640027
	3426640028
	3426640029
	3426640030
	3426640031
	3426640032
	3426640033
	3426640034
	3426640035
	3426640036
	3426640037
	3426640038
	3426640039
	3426640040
	3426640041
	3426640042
	3426640043
	3426640044
	3426640045
	3426640046
	3426640047
	3426640048
	3426640049
	3426640050
	3426640051
	3426640052
	3426640053
	3426640054
	3426640055
	3426640056
	3426640057
	3426640058
	3426640059
	3426640060
	3426640061
	3426640062
	3426640063
	3426640064
	3426640065
	3426640066
	3426640067
	3426640068
	3426640069
	3426640070
	3426640071
	3426640072
	3426640073
	3426640074
	3426640075
	3426640076
	3426640077
	3426640078
	3426640079
	3426640080
	3426640081
	3426640082
	3426640083
	3426640084
	3426640085
	3426640086
	3426640087
	3426640088
	3426640089
	3426640090
	3426640091
	3426640092
	3426640093
	3426640094
	3426640095
	3426640096
	3426640097
	3426640098
	3426640099
	3426640100
	3426640101
	3426640102
	3426640103
	3426640104
	3426640105
	3426640106
	3426640107
	3426640108
	3426640109
	3426640110
	3426640111
	3426640112
	3426640113
	3426640114
	3426640115
	3426640116
	3426640117
	3426640118
	3426640119
	3426640120
	3426640121
	3426640122
	3426640123
	3426640124
	3426640125
	3426640126
	3426640127
	3426640128
	3426640129
	3426640130
	3426640131
	3426640132
	3426640133
	3426640134
	3426640135
	3426640136
	3426640137
	3426640138
	3426640139
	3426640140
	3426640141
	3426640142
	3426640143
	3426640144
	3426640145
	3426640146
	3426640147
	3426640148
	3426640149
	3426640150
	3426640151
	3426640152
	3426640153
	3426640154
	3426640155
	3426640156
	3426640157
	3426640158
	3426640159
	3426640160
	3426640161
	3426640162
	3426640163
	3426640164
	3426640165
	3426640166
	3426640167
	3426640168
	3426640169
	3426640170
	3426640171
	3426640172
	3426640173
	3426640174
	3426640175
	3426640176
	3426640177
	3426640178
	3426640179
	3426640180
	3426640181
	3426640182
	3426640183
	3426640184
	3426640185
	3426640186
	3426640187
	3426640188
	3426640189
	3426640190
	3426640191
	3426640192
	3426640193
	3426640194
	3426640195
	3426640196
	3426640197
	3426640198
	3426640199
	3426640200
	3426640201
	3426640202
	3426640203
	3426640204
	3426640205
	3426640206
	3426640207
	3426640208
	3426640209
	3426640210
	3426640211
	3426640212
	3426640213
	3426640214
	3426640215
	3426640216
	3426640217
	3426640218
	3426640219
	3426640220
	3426640221
	3426640222
	3426640223
	3426640224
	3426640225
	3426640226
	3426640227
	3426640228
	3426640229
	3426640230
	3426640231
	3426640232
	3426640233
	3426640234
	3426640235
	3426640236
	3426640237
	3426640238
	3426640239
	3426640240
	3426640241
	3426640242
	3426640243
	3426640244
	3426640245
	3426640246
	3426640247
	3426640248
	3426640249
	3426640250
	3426640251
	3426640252
	3426640253
	3426640254
	3426640255
	3426640256
	3426640257
	3426640258
	3426640259
	3426640260
	3426640261
	3426640262
	3426640263
	3426640264
	3426640265
	3426640266
	3426640267
	3426640268
	3426640269
	3426640270
	3426640271
	3426640272
	3426640273
	3426640274
	3426640275
	3426640276
	3426640277
	3426640278
	3426640279
	3426640280
	3426640281
	3426640282
	3426640283
	3426640284
	3426640285
	3426640286
	3426640287
	3426640288
	3426640289
	3426640290
	3426640291
	3426640292
	3426640293
	3426640294
	3426640295
	3426640296
	3426640297
	3426640298
	3426640299
	3426640300
	3426640301
	3426640302
	3426640303
	3426640304
	3426640305
	3426640306
	3426640307
	3426640308
	3426640309
	3426640310
	3426640311
	3426640312
	3426640313
	3426640314
	3426640315
	3426640316
	3426640317
	3426640318
	3426640319
	3426640320
	3426640321
	3426640322
	3426640323
	3426640324
	3426640325
	3426640326
	3426640327
	3426640328
	3426640329
	3426640330
	3426640331
	3426640332
	3426640333
	3426640334
	3426640335
	3426640336
	3426640337
	3426640338
	3426640339
	3426640340
	3426640341
	3426640342
	3426640343
	3426640344
	3426640345
	3426640346
	3426640347
	3426640348
	3426640349
	3426640350
	3426640351
	3426640352
	3426640353
	3426640354
	3426640355
	3426640356
	3426640357
	3426640358
	3426640359
	3426640360
	3426640361
	3426640362
	3426640363
	3426640364
	3426640365
	3426640366
	3426640367
	3426640368
	3426640369
	3426640370
	3426640371
	3426640372
	3426640373
	3426640374
	3426640375
	3426640376
	3426640377
	3426640378
	3426640379
	3426640380
	3426640381
	3426640382
	3426640383
	3426640384
	3426640385
	3426640386
	3426640387
	3426640388
	3426640389
	3426640390
	3426640391
	3426640392
	3426640393
	3426640394
	3426640395
	3426640396
	3426640397
	3426640398
	3426640399
	3426640400
	3426640401
	3426640402
	3426640403
	3426640404
	3426640405
	3426640406
	3426640407
	3426640408
	3426640409
	3426640410
	3426640411
	3426640412
	3426640413
	3426640414
	3426640415
	3426640416
	3426640417
	3426640418
	3426640419
	3426640420
	3426640421
	3426640422
	3426640423
	3426640424
	3426640425
	3426640426
	3426640427
	3426640428
	3426640429
	3426640430
	3426640431
	3426640432
	3426640433
	3426640434
	3426640435
	3426640436
	3426640437
	3426640438
	3426640439
	3426640440
	3426640441
	3426640442
	3426640443
	3426640444
	3426640445
	3426640446
	3426640447
	3426640448
	3426640449
	3426640450
	3426640451
	3426640452
	3426640453
	3426640454
	3426640455
	3426640456
	3426640457
	3426640458
	3426640459
	3426640460
	3426640461
	3426640462
	3426640463
	3426640464
	3426640465
	3426640466
	3426640467
	3426640468
	3426640469
	3426640470
	3426640471
	3426640472
	3426640473
	3426640474
	3426640475
	3426640476
	3426640477
	3426640478
	3426640479
	3426640480
	3426640481
	3426640482
	3426640483
	3426640484
	3426640485
	3426640486
	3426640487
	3426640488
	3426640489
	3426640490
	3426640491
	3426640492
	3426640493
	3426640494
	3426640495
	3426640496
	3426640497
	3426640498
	3426640499
	3426640500
	3426640501
	3426640502
	3426640503
	3426640504
	3426640505
	3426640506
	3426640507
	3426640508
	3426640509
	3426640510
	3426640511
	3426640512
	3426640513
	3426640514
	3426640515
	3426640516
	3426640517
	3426640518
	3426640519
	3426640520
	3426640521
	3426640522
	3426640523
	3426640524
	3426640525
	3426640526
	3426640527
	3426640528
	3426640529
	3426640530
	3426640531
	3426640532
	3426640533
	3426640534
	3426640535
	3426640536
	3426640537
	3426640538
	3426640539
	3426640540
	3426640541
	3426640542
	3426640543
	3426640544
	3426640545
	3426640546
	3426640547
	3426640548
	3426640549
	3426640550
	3426640551
	3426640552
	3426640553
	3426640554
	3426640555
	3426640556
	3426640557
	3426640558
	3426640559
	3426640560
	3426640561
	3426640562
	3426640563
	3426640564
	3426640565
	3426640566
	3426640567
	3426640568
	3426640569
	3426640570
	3426640571
	3426640572
	3426640573
	3426640574
	3426640575
	3426640576
	3426640577
	3426640578
	3426640579
	3426640580
	3426640581
	3426640582
	3426640583
	3426640584
	3426640585
	3426640586
	3426640587
	3426640588
	3426640589
	3426640590
	3426640591
	3426640592
	3426640593
	3426640594
	3426640595
	3426640596
	3426640597
	3426640598
	3426640599
	3426640600
	3426640601
	3426640602
	3426640603
	3426640604
	3426640605
	3426640606
	3426640607
	3426640608
	3426640609
	3426640610
	3426640611
	3426640612
	3426640613
	3426640614
	3426640615
	3426640616
	3426640617
	3426640618
	3426640619
	3426640620
	3426640621
	3426640622
	3426640623
	3426640624
	3426640625
	3426640626
	3426640627
	3426640628
	3426640629
	3426640630
	3426640631
	3426640632
	3426640633
	3426640634
	3426640635
	3426640636
	3426640637
	3426640638
	3426640639
	3426640640
	3426640641
	3426640642
	3426640643
	3426640644
	3426640645
	3426640646
	3426640647
	3426640648
	3426640649
	3426640650
	3426640651
	3426640652
	3426640653
	3426640654
	3426640655
	3426640656
	3426640657
	3426640658
	3426640659
	3426640660
	3426640661
	3426640662
	3426640663
	3426640664
	3426640665
	3426640666
	3426640667
	3426640668
	3426640669
	3426640670
	3426640671
	3426640672
	3426640673
	3426640674
	3426640675
	3426640676
	3426640677
	3426640678
	3426640679
	3426640680
	3426640681
	3426640682
	3426640683
	3426640684
	3426640685
	3426640686
	3426640687
	3426640688
	3426640689
	3426640690
	3426640691
	3426640692
	3426640693
	3426640694
	3426640695
	3426640696
	3426640697
	3426640698
	3426640699
	3426640700
	3426640701
	3426640702
	3426640703
	3426640704
	3426640705
	3426640706
	3426640707
	3426640708
	3426640709
	3426640710
	3426640711
	3426640712
	3426640713
	3426640714
	3426640715
	3426640716
	3426640717
	3426640718
	3426640719
	3426640720
	3426640721
	3426640722
	3426640723
	3426640724
	3426640725
	3426640726
	3426640727
	3426640728
	3426640729
	3426640730
	3426640731
	3426640732
	3426640733
	3426640734
	3426640735
	3426640736
	3426640737
	3426640738
	3426640739
	3426640740
	3426640741
	3426640742
	3426640743
	3426640744
	3426640745
	3426640746
	3426640747
	3426640748
	3426640749
	3426640750
	3426640751
	3426640752
	3426640753
	3426640754
	3426640755
	3426640756
	3426640757
	3426640758
	3426640759
	3426640760
	3426640761
	3426640762
	3426640763
	3426640764
	3426640765
	3426640766
	3426640767
	3426640768
	3426640769
	3426640770
	3426640771
	3426640772
	3426640773
	3426640774
	3426640775
	3426640776
	3426640777
	3426640778
	3426640779
	3426640780
	3426640781
	3426640782
	3426640783
	3426640784
	3426640785
	3426640786
	3426640787
	3426640788
	3426640789
	3426640790
	3426640791
	3426640792
	3426640793
	3426640794
	3426640795
	3426640796
	3426640797
	3426640798
	3426640799
	3426640800
	3426640801
	3426640802
	3426640803
	3426640804
	3426640805
	3426640806
	3426640807
	3426640808
	3426640809
	3426640810
	3426640811
	3426640812
	3426640813
	3426640814
	3426640815
	3426640816
	3426640817
	3426640818
	3426640819
	3426640820
	3426640821
	3426640822
	3426640823
	3426640824
	3426640825
	3426640826
	3426640827
	3426640828
	3426640829
	3426640830
	3426640831
	3426640832
	3426640833
	3426640834
	3426640835
	3426640836
	3426640837
	3426640838
	3426640839
	3426640840
	3426640841
	3426640842
	3426640843
	3426640844
	3426640845
	3426640846
	3426640847
	3426640848
	3426640849
	3426640850
	3426640851
	3426640852
	3426640853
	3426640854
	3426640855
	3426640856
	3426640857
	3426640858
	3426640859
	3426640860
	3426640861
	3426640862
	3426640863
	3426640864
	3426640865
	3426640866
	3426640867
	3426640868
	3426640869
	3426640870
	3426640871
	3426640872
	3426640873
	3426640874
	3426640875
	3426640876
	3426640877
	3426640878
	3426640879
	3426640880
	3426640881
	3426640882
	3426640883
	3426640884
	3426640885
	3426640886
	3426640887
	3426640888
	3426640889
	3426640890
	3426640891
	3426640892
	3426640893
	3426640894
	3426640895
	3426640896
	3426640897
	3426640898
	3426640899
	3426640900
	3426640901
	3426640902
	3426640903
	3426640904
	3426640905
	3426640906
	3426640907
	3426640908
	3426640909
	3426640910
	3426640911
	3426640912
	3426640913
	3426640914
	3426640915
	3426640916
	3426640917
	3426640918
	3426640919
	3426640920
	3426640921
	3426640922
	3426640923
	3426640924
	3426640925
	3426640926
	3426640927
	3426640928
	3426640929
	3426640930
	3426640931
	3426640932
	3426640933
	3426640934
	3426640935
	3426640936
	3426640937
	3426640938
	3426640939
	3426640940
	3426640941
	3426640942
	3426640943
	3426640944
	3426640945
	3426640946
	3426640947
	3426640948
	3426640949
	3426640950
	3426640951
	3426640952
	3426640953
	3426640954
	3426640955
	3426640956
	3426640957
	3426640958
	3426640959
	3426640960
	3426640961
	3426640962
	3426640963
	3426640964
	3426640965
	3426640966
	3426640967
	3426640968
	3426640969
	3426640970
	3426640971
	3426640972
	3426640973
	3426640974
	3426640975
	3426640976
	3426640977
	3426640978
	3426640979
	3426640980
	3426640981
	3426640982
	3426640983
	3426640984
	3426640985
	3426640986
	3426640987
	3426640988
	3426640989
	3426640990
	3426640991
	3426640992
	3426640993
	3426640994
	3426640995
	3426640996
	3426640997
	3426640998
	3426640999
	3426641000
	3426641001
	3426641002
	3426641003
	3426641004
	3426641005
	3426641006
	3426641007
	3426641008
	3426641009
	3426641010
	3426641011
	3426641012
	3426641013
	3426641014
	3426641015
	3426641016
	3426641017
	3426641018
	3426641019
	3426641020
	3426641021
	3426641022
	3426641023
	3426641024
	3426641025
	3426641026
	3426641027
	3426641028
	3426641029
	3426641030
	3426641031
	3426641032
	3426641033
	3426641034
	3426641035
	3426641036
	3426641037
	3426641038
	3426641039
	3426641040
	3426641041
	3426641042
	3426641043
	3426641044
	3426641045
	3426641046
	3426641047
	3426641048
	3426641049
	3426641050
	3426641051
	3426641052
	3426641053
	3426641054
	3426641055
	3426641056
	3426641057
	3426641058
	3426641059
	3426641060
	3426641061
	3426641062
	3426641063
	3426641064
	3426641065
	3426641066
	3426641067
	3426641068
	3426641069
	3426641070
	3426641071
	3426641072
	3426641073
	3426641074
	3426641075
	3426641076
	3426641077
	3426641078
	3426641079
	3426641080
	3426641081
	3426641082
	3426641083
	3426641084
	3426641085
	3426641086
	3426641087
	3426641088
	3426641089
	3426641090
	3426641091
	3426641092
	3426641093
	3426641094
	3426641095
	3426641096
	3426641097
	3426641098
	3426641099
	3426641100
	3426641101
	3426641102
	3426641103
	3426641104
	3426641105
	3426641106
	3426641107
	3426641108
	3426641109
	3426641110
	3426641111
	3426641112
	3426641113
	3426641114
	3426641115
	3426641116
	3426641117
	3426641118
