	3427084608
	3427084609
	3427084610
	3427084611
	3427084612
	3427084613
	3427084614
	3427084615
	3427084616
	3427084617
	3427084618
	3427084619
	3427084620
	3427084621
	3427084622
	3427084623
	3427084624
	3427084625
	3427084626
	3427084627
	3427084628
	3427084629
	3427084630
	3427084631
	3427084632
	3427084633
	3427084634
	3427084635
	3427084636
	3427084637
	3427084638
	3427084639
	3427084640
	3427084641
	3427084642
	3427084643
	3427084644
	3427084645
	3427084646
	3427084647
	3427084648
	3427084649
	3427084650
	3427084651
	3427084652
	3427084653
	3427084654
	3427084655
	3427084656
	3427084657
	3427084658
	3427084659
	3427084660
	3427084661
	3427084662
	3427084663
	3427084664
	3427084665
	3427084666
	3427084667
	3427084668
	3427084669
	3427084670
	3427084671
	3427084672
	3427084673
	3427084674
	3427084675
	3427084676
	3427084677
	3427084678
	3427084679
	3427084680
	3427084681
	3427084682
	3427084683
	3427084684
	3427084685
	3427084686
	3427084687
	3427084688
	3427084689
	3427084690
	3427084691
	3427084692
	3427084693
	3427084694
	3427084695
	3427084696
	3427084697
	3427084698
	3427084699
	3427084700
	3427084701
	3427084702
	3427084703
	3427084704
	3427084705
	3427084706
	3427084707
	3427084708
	3427084709
	3427084710
	3427084711
	3427084712
	3427084713
	3427084714
	3427084715
	3427084716
	3427084717
	3427084718
	3427084719
	3427084720
	3427084721
	3427084722
	3427084723
	3427084724
	3427084725
	3427084726
	3427084727
	3427084728
	3427084729
	3427084730
	3427084731
	3427084732
	3427084733
	3427084734
	3427084735
	3427084736
	3427084737
	3427084738
	3427084739
	3427084740
	3427084741
	3427084742
	3427084743
	3427084744
	3427084745
	3427084746
	3427084747
	3427084748
	3427084749
	3427084750
	3427084751
	3427084752
	3427084753
	3427084754
	3427084755
	3427084756
	3427084757
	3427084758
	3427084759
	3427084760
	3427084761
	3427084762
	3427084763
	3427084764
	3427084765
	3427084766
	3427084767
	3427084768
	3427084769
	3427084770
	3427084771
	3427084772
	3427084773
	3427084774
	3427084775
	3427084776
	3427084777
	3427084778
	3427084779
	3427084780
	3427084781
	3427084782
	3427084783
	3427084784
	3427084785
	3427084786
	3427084787
	3427084788
	3427084789
	3427084790
	3427084791
	3427084792
	3427084793
	3427084794
	3427084795
	3427084796
	3427084797
	3427084798
	3427084799
	3427084800
	3427084801
	3427084802
	3427084803
	3427084804
	3427084805
	3427084806
	3427084807
	3427084808
	3427084809
	3427084810
	3427084811
	3427084812
	3427084813
	3427084814
	3427084815
	3427084816
	3427084817
	3427084818
	3427084819
	3427084820
	3427084821
	3427084822
	3427084823
	3427084824
	3427084825
	3427084826
	3427084827
	3427084828
	3427084829
	3427084830
	3427084831
	3427084832
	3427084833
	3427084834
	3427084835
	3427084836
	3427084837
	3427084838
	3427084839
	3427084840
	3427084841
	3427084842
	3427084843
	3427084844
	3427084845
	3427084846
	3427084847
	3427084848
	3427084849
	3427084850
	3427084851
	3427084852
	3427084853
	3427084854
	3427084855
	3427084856
	3427084857
	3427084858
	3427084859
	3427084860
	3427084861
	3427084862
	3427084863
	3427084864
	3427084865
	3427084866
	3427084867
	3427084868
	3427084869
	3427084870
	3427084871
	3427084872
	3427084873
	3427084874
	3427084875
	3427084876
	3427084877
	3427084878
	3427084879
	3427084880
	3427084881
	3427084882
	3427084883
	3427084884
	3427084885
	3427084886
	3427084887
	3427084888
	3427084889
	3427084890
	3427084891
	3427084892
	3427084893
	3427084894
	3427084895
	3427084896
	3427084897
	3427084898
	3427084899
	3427084900
	3427084901
	3427084902
	3427084903
	3427084904
	3427084905
	3427084906
	3427084907
	3427084908
	3427084909
	3427084910
	3427084911
	3427084912
	3427084913
	3427084914
	3427084915
	3427084916
	3427084917
	3427084918
	3427084919
	3427084920
	3427084921
	3427084922
	3427084923
	3427084924
	3427084925
	3427084926
	3427084927
	3427084928
	3427084929
	3427084930
	3427084931
	3427084932
	3427084933
	3427084934
	3427084935
	3427084936
	3427084937
	3427084938
	3427084939
	3427084940
	3427084941
	3427084942
	3427084943
	3427084944
	3427084945
	3427084946
	3427084947
	3427084948
	3427084949
	3427084950
	3427084951
	3427084952
	3427084953
	3427084954
	3427084955
	3427084956
	3427084957
	3427084958
	3427084959
	3427084960
	3427084961
	3427084962
	3427084963
	3427084964
	3427084965
	3427084966
	3427084967
	3427084968
	3427084969
	3427084970
	3427084971
	3427084972
	3427084973
	3427084974
	3427084975
	3427084976
	3427084977
	3427084978
	3427084979
	3427084980
	3427084981
	3427084982
	3427084983
	3427084984
	3427084985
	3427084986
	3427084987
	3427084988
	3427084989
	3427084990
	3427084991
	3427084992
	3427084993
	3427084994
	3427084995
	3427084996
	3427084997
	3427084998
	3427084999
	3427085000
	3427085001
	3427085002
	3427085003
	3427085004
	3427085005
	3427085006
	3427085007
	3427085008
	3427085009
	3427085010
	3427085011
	3427085012
	3427085013
	3427085014
	3427085015
	3427085016
	3427085017
	3427085018
	3427085019
	3427085020
	3427085021
	3427085022
	3427085023
	3427085024
	3427085025
	3427085026
	3427085027
	3427085028
	3427085029
	3427085030
	3427085031
	3427085032
	3427085033
	3427085034
	3427085035
	3427085036
	3427085037
	3427085038
	3427085039
	3427085040
	3427085041
	3427085042
	3427085043
	3427085044
	3427085045
	3427085046
	3427085047
	3427085048
	3427085049
	3427085050
	3427085051
	3427085052
	3427085053
	3427085054
	3427085055
	3427085056
	3427085057
	3427085058
	3427085059
	3427085060
	3427085061
	3427085062
	3427085063
	3427085064
	3427085065
	3427085066
	3427085067
	3427085068
	3427085069
	3427085070
	3427085071
	3427085072
	3427085073
	3427085074
	3427085075
	3427085076
	3427085077
	3427085078
	3427085079
	3427085080
	3427085081
	3427085082
	3427085083
	3427085084
	3427085085
	3427085086
	3427085087
	3427085088
	3427085089
	3427085090
	3427085091
	3427085092
	3427085093
	3427085094
	3427085095
	3427085096
	3427085097
	3427085098
	3427085099
	3427085100
	3427085101
	3427085102
	3427085103
	3427085104
	3427085105
	3427085106
	3427085107
	3427085108
	3427085109
	3427085110
	3427085111
	3427085112
	3427085113
	3427085114
	3427085115
	3427085116
	3427085117
	3427085118
	3427085119
	3427085120
	3427085121
	3427085122
	3427085123
	3427085124
	3427085125
	3427085126
	3427085127
	3427085128
	3427085129
	3427085130
	3427085131
	3427085132
	3427085133
	3427085134
	3427085135
	3427085136
	3427085137
	3427085138
	3427085139
	3427085140
	3427085141
	3427085142
	3427085143
	3427085144
	3427085145
	3427085146
	3427085147
	3427085148
	3427085149
	3427085150
	3427085151
	3427085152
	3427085153
	3427085154
	3427085155
	3427085156
	3427085157
	3427085158
	3427085159
	3427085160
	3427085161
	3427085162
	3427085163
	3427085164
	3427085165
	3427085166
	3427085167
	3427085168
	3427085169
	3427085170
	3427085171
	3427085172
	3427085173
	3427085174
	3427085175
	3427085176
	3427085177
	3427085178
	3427085179
	3427085180
	3427085181
	3427085182
	3427085183
	3427085184
	3427085185
	3427085186
	3427085187
	3427085188
	3427085189
	3427085190
	3427085191
	3427085192
	3427085193
	3427085194
	3427085195
	3427085196
	3427085197
	3427085198
	3427085199
	3427085200
	3427085201
	3427085202
	3427085203
	3427085204
	3427085205
	3427085206
	3427085207
	3427085208
	3427085209
	3427085210
	3427085211
	3427085212
	3427085213
	3427085214
	3427085215
	3427085216
	3427085217
	3427085218
	3427085219
	3427085220
	3427085221
	3427085222
	3427085223
	3427085224
	3427085225
	3427085226
	3427085227
	3427085228
	3427085229
	3427085230
	3427085231
	3427085232
	3427085233
	3427085234
	3427085235
	3427085236
	3427085237
	3427085238
	3427085239
	3427085240
	3427085241
	3427085242
	3427085243
	3427085244
	3427085245
	3427085246
	3427085247
	3427085248
	3427085249
	3427085250
	3427085251
	3427085252
	3427085253
	3427085254
	3427085255
	3427085256
	3427085257
	3427085258
	3427085259
	3427085260
	3427085261
	3427085262
	3427085263
	3427085264
	3427085265
	3427085266
	3427085267
	3427085268
	3427085269
	3427085270
	3427085271
	3427085272
	3427085273
	3427085274
	3427085275
	3427085276
	3427085277
	3427085278
	3427085279
	3427085280
	3427085281
	3427085282
	3427085283
	3427085284
	3427085285
	3427085286
	3427085287
	3427085288
	3427085289
	3427085290
	3427085291
	3427085292
	3427085293
	3427085294
	3427085295
	3427085296
	3427085297
	3427085298
	3427085299
	3427085300
	3427085301
	3427085302
	3427085303
	3427085304
	3427085305
	3427085306
	3427085307
	3427085308
	3427085309
	3427085310
	3427085311
	3427085312
	3427085313
	3427085314
	3427085315
	3427085316
	3427085317
	3427085318
	3427085319
	3427085320
	3427085321
	3427085322
	3427085323
	3427085324
	3427085325
	3427085326
	3427085327
	3427085328
	3427085329
	3427085330
	3427085331
	3427085332
	3427085333
	3427085334
	3427085335
	3427085336
	3427085337
	3427085338
	3427085339
	3427085340
	3427085341
	3427085342
	3427085343
	3427085344
	3427085345
	3427085346
	3427085347
	3427085348
	3427085349
	3427085350
	3427085351
	3427085352
	3427085353
	3427085354
	3427085355
	3427085356
	3427085357
	3427085358
	3427085359
	3427085360
	3427085361
	3427085362
	3427085363
	3427085364
	3427085365
	3427085366
	3427085367
	3427085368
	3427085369
	3427085370
	3427085371
	3427085372
	3427085373
	3427085374
	3427085375
	3427085376
	3427085377
	3427085378
	3427085379
	3427085380
	3427085381
	3427085382
	3427085383
	3427085384
	3427085385
	3427085386
	3427085387
	3427085388
	3427085389
	3427085390
	3427085391
	3427085392
	3427085393
	3427085394
	3427085395
	3427085396
	3427085397
	3427085398
	3427085399
	3427085400
	3427085401
	3427085402
	3427085403
	3427085404
	3427085405
	3427085406
	3427085407
	3427085408
	3427085409
	3427085410
	3427085411
	3427085412
	3427085413
	3427085414
	3427085415
	3427085416
	3427085417
	3427085418
	3427085419
	3427085420
	3427085421
	3427085422
	3427085423
	3427085424
	3427085425
	3427085426
	3427085427
	3427085428
	3427085429
	3427085430
	3427085431
	3427085432
	3427085433
	3427085434
	3427085435
	3427085436
	3427085437
	3427085438
	3427085439
	3427085440
	3427085441
	3427085442
	3427085443
	3427085444
	3427085445
	3427085446
	3427085447
	3427085448
	3427085449
	3427085450
	3427085451
	3427085452
	3427085453
	3427085454
	3427085455
	3427085456
	3427085457
	3427085458
	3427085459
	3427085460
	3427085461
	3427085462
	3427085463
	3427085464
	3427085465
	3427085466
	3427085467
	3427085468
	3427085469
	3427085470
	3427085471
	3427085472
	3427085473
	3427085474
	3427085475
	3427085476
	3427085477
	3427085478
	3427085479
	3427085480
	3427085481
	3427085482
	3427085483
	3427085484
	3427085485
	3427085486
	3427085487
	3427085488
	3427085489
	3427085490
	3427085491
	3427085492
	3427085493
	3427085494
	3427085495
	3427085496
	3427085497
	3427085498
	3427085499
	3427085500
	3427085501
	3427085502
	3427085503
	3427085504
	3427085505
	3427085506
	3427085507
	3427085508
	3427085509
	3427085510
	3427085511
	3427085512
	3427085513
	3427085514
	3427085515
	3427085516
	3427085517
	3427085518
	3427085519
	3427085520
	3427085521
	3427085522
	3427085523
	3427085524
	3427085525
	3427085526
	3427085527
	3427085528
	3427085529
	3427085530
	3427085531
	3427085532
	3427085533
	3427085534
	3427085535
	3427085536
	3427085537
	3427085538
	3427085539
	3427085540
	3427085541
	3427085542
	3427085543
	3427085544
	3427085545
	3427085546
	3427085547
	3427085548
	3427085549
	3427085550
	3427085551
	3427085552
	3427085553
	3427085554
	3427085555
	3427085556
	3427085557
	3427085558
	3427085559
	3427085560
	3427085561
	3427085562
	3427085563
	3427085564
	3427085565
	3427085566
	3427085567
	3427085568
	3427085569
	3427085570
	3427085571
	3427085572
	3427085573
	3427085574
	3427085575
	3427085576
	3427085577
	3427085578
	3427085579
	3427085580
	3427085581
	3427085582
	3427085583
	3427085584
	3427085585
	3427085586
	3427085587
	3427085588
	3427085589
	3427085590
	3427085591
	3427085592
	3427085593
	3427085594
	3427085595
	3427085596
	3427085597
	3427085598
	3427085599
	3427085600
	3427085601
	3427085602
	3427085603
	3427085604
	3427085605
	3427085606
	3427085607
	3427085608
	3427085609
	3427085610
	3427085611
	3427085612
	3427085613
	3427085614
	3427085615
	3427085616
	3427085617
	3427085618
	3427085619
	3427085620
	3427085621
	3427085622
	3427085623
	3427085624
	3427085625
	3427085626
	3427085627
	3427085628
	3427085629
	3427085630
	3427085631
	3427085632
	3427085633
	3427085634
	3427085635
	3427085636
	3427085637
	3427085638
	3427085639
	3427085640
	3427085641
	3427085642
	3427085643
	3427085644
	3427085645
	3427085646
	3427085647
	3427085648
	3427085649
	3427085650
	3427085651
	3427085652
	3427085653
	3427085654
	3427085655
	3427085656
	3427085657
	3427085658
	3427085659
	3427085660
	3427085661
	3427085662
	3427085663
	3427085664
	3427085665
	3427085666
	3427085667
	3427085668
	3427085669
	3427085670
	3427085671
	3427085672
	3427085673
	3427085674
	3427085675
	3427085676
	3427085677
	3427085678
	3427085679
	3427085680
	3427085681
	3427085682
	3427085683
	3427085684
	3427085685
	3427085686
	3427085687
	3427085688
	3427085689
	3427085690
	3427085691
	3427085692
	3427085693
	3427085694
	3427085695
	3427085696
	3427085697
	3427085698
	3427085699
	3427085700
	3427085701
	3427085702
	3427085703
	3427085704
	3427085705
	3427085706
	3427085707
	3427085708
	3427085709
	3427085710
	3427085711
	3427085712
	3427085713
	3427085714
	3427085715
	3427085716
	3427085717
	3427085718
	3427085719
	3427085720
	3427085721
	3427085722
	3427085723
	3427085724
	3427085725
	3427085726
	3427085727
	3427085728
	3427085729
	3427085730
	3427085731
	3427085732
	3427085733
	3427085734
	3427085735
	3427085736
	3427085737
	3427085738
	3427085739
	3427085740
	3427085741
	3427085742
	3427085743
	3427085744
	3427085745
	3427085746
	3427085747
	3427085748
	3427085749
	3427085750
	3427085751
	3427085752
	3427085753
	3427085754
	3427085755
	3427085756
	3427085757
	3427085758
	3427085759
	3427085760
	3427085761
	3427085762
	3427085763
	3427085764
	3427085765
	3427085766
	3427085767
	3427085768
	3427085769
	3427085770
	3427085771
	3427085772
	3427085773
	3427085774
	3427085775
	3427085776
	3427085777
	3427085778
	3427085779
	3427085780
	3427085781
	3427085782
	3427085783
	3427085784
	3427085785
	3427085786
	3427085787
	3427085788
	3427085789
	3427085790
	3427085791
	3427085792
	3427085793
	3427085794
	3427085795
	3427085796
	3427085797
	3427085798
	3427085799
	3427085800
	3427085801
	3427085802
	3427085803
	3427085804
	3427085805
	3427085806
	3427085807
	3427085808
	3427085809
	3427085810
	3427085811
	3427085812
	3427085813
	3427085814
	3427085815
	3427085816
	3427085817
	3427085818
	3427085819
	3427085820
	3427085821
	3427085822
	3427085823
	3427085824
	3427085825
	3427085826
	3427085827
	3427085828
	3427085829
	3427085830
	3427085831
	3427085832
	3427085833
	3427085834
	3427085835
	3427085836
	3427085837
	3427085838
	3427085839
	3427085840
	3427085841
	3427085842
	3427085843
	3427085844
	3427085845
	3427085846
	3427085847
	3427085848
	3427085849
	3427085850
	3427085851
	3427085852
	3427085853
	3427085854
	3427085855
	3427085856
	3427085857
	3427085858
	3427085859
	3427085860
	3427085861
	3427085862
	3427085863
	3427085864
	3427085865
	3427085866
	3427085867
	3427085868
	3427085869
	3427085870
	3427085871
	3427085872
	3427085873
	3427085874
	3427085875
	3427085876
	3427085877
	3427085878
	3427085879
	3427085880
	3427085881
	3427085882
	3427085883
	3427085884
	3427085885
	3427085886
	3427085887
	3427085888
	3427085889
	3427085890
	3427085891
	3427085892
	3427085893
	3427085894
	3427085895
	3427085896
	3427085897
	3427085898
	3427085899
	3427085900
	3427085901
	3427085902
	3427085903
	3427085904
	3427085905
	3427085906
	3427085907
	3427085908
	3427085909
	3427085910
	3427085911
	3427085912
	3427085913
	3427085914
	3427085915
	3427085916
	3427085917
	3427085918
	3427085919
	3427085920
	3427085921
	3427085922
	3427085923
	3427085924
	3427085925
	3427085926
	3427085927
	3427085928
	3427085929
	3427085930
	3427085931
	3427085932
	3427085933
	3427085934
	3427085935
	3427085936
	3427085937
	3427085938
	3427085939
	3427085940
	3427085941
	3427085942
	3427085943
	3427085944
	3427085945
	3427085946
	3427085947
	3427085948
	3427085949
	3427085950
	3427085951
	3427085952
	3427085953
	3427085954
	3427085955
	3427085956
	3427085957
	3427085958
	3427085959
	3427085960
	3427085961
	3427085962
	3427085963
	3427085964
	3427085965
	3427085966
	3427085967
	3427085968
	3427085969
	3427085970
	3427085971
	3427085972
	3427085973
	3427085974
	3427085975
	3427085976
	3427085977
	3427085978
	3427085979
	3427085980
	3427085981
	3427085982
	3427085983
	3427085984
	3427085985
	3427085986
	3427085987
	3427085988
	3427085989
	3427085990
	3427085991
	3427085992
	3427085993
	3427085994
	3427085995
	3427085996
	3427085997
	3427085998
	3427085999
	3427086000
	3427086001
	3427086002
	3427086003
	3427086004
	3427086005
	3427086006
	3427086007
	3427086008
	3427086009
	3427086010
	3427086011
	3427086012
	3427086013
	3427086014
	3427086015
	3427086016
	3427086017
	3427086018
	3427086019
	3427086020
	3427086021
	3427086022
	3427086023
	3427086024
	3427086025
	3427086026
	3427086027
	3427086028
	3427086029
	3427086030
	3427086031
	3427086032
	3427086033
	3427086034
	3427086035
	3427086036
	3427086037
	3427086038
	3427086039
	3427086040
	3427086041
	3427086042
	3427086043
	3427086044
	3427086045
	3427086046
	3427086047
	3427086048
	3427086049
	3427086050
	3427086051
	3427086052
	3427086053
	3427086054
	3427086055
	3427086056
	3427086057
	3427086058
	3427086059
	3427086060
	3427086061
	3427086062
	3427086063
	3427086064
	3427086065
	3427086066
	3427086067
	3427086068
	3427086069
	3427086070
	3427086071
	3427086072
	3427086073
	3427086074
	3427086075
	3427086076
	3427086077
	3427086078
	3427086079
	3427086080
	3427086081
	3427086082
	3427086083
	3427086084
	3427086085
	3427086086
	3427086087
	3427086088
	3427086089
	3427086090
	3427086091
	3427086092
	3427086093
	3427086094
	3427086095
	3427086096
	3427086097
	3427086098
	3427086099
	3427086100
	3427086101
	3427086102
	3427086103
	3427086104
	3427086105
	3427086106
	3427086107
	3427086108
	3427086109
	3427086110
	3427086111
	3427086112
	3427086113
	3427086114
	3427086115
	3427086116
	3427086117
	3427086118
	3427086119
	3427086120
	3427086121
	3427086122
	3427086123
	3427086124
	3427086125
	3427086126
	3427086127
	3427086128
	3427086129
	3427086130
	3427086131
	3427086132
	3427086133
	3427086134
	3427086135
	3427086136
	3427086137
	3427086138
	3427086139
	3427086140
	3427086141
	3427086142
	3427086143
	3427086144
	3427086145
	3427086146
	3427086147
	3427086148
	3427086149
	3427086150
	3427086151
	3427086152
	3427086153
	3427086154
	3427086155
	3427086156
	3427086157
	3427086158
	3427086159
	3427086160
	3427086161
	3427086162
	3427086163
	3427086164
	3427086165
	3427086166
	3427086167
	3427086168
	3427086169
	3427086170
	3427086171
	3427086172
	3427086173
	3427086174
	3427086175
	3427086176
	3427086177
	3427086178
	3427086179
	3427086180
	3427086181
	3427086182
	3427086183
	3427086184
	3427086185
	3427086186
	3427086187
	3427086188
	3427086189
	3427086190
	3427086191
	3427086192
	3427086193
	3427086194
	3427086195
	3427086196
	3427086197
	3427086198
	3427086199
	3427086200
	3427086201
	3427086202
	3427086203
	3427086204
	3427086205
	3427086206
	3427086207
	3427086208
	3427086209
	3427086210
	3427086211
	3427086212
	3427086213
	3427086214
	3427086215
	3427086216
	3427086217
	3427086218
	3427086219
	3427086220
	3427086221
	3427086222
	3427086223
	3427086224
	3427086225
	3427086226
	3427086227
	3427086228
	3427086229
	3427086230
	3427086231
	3427086232
	3427086233
	3427086234
	3427086235
	3427086236
	3427086237
	3427086238
	3427086239
	3427086240
	3427086241
	3427086242
	3427086243
	3427086244
	3427086245
	3427086246
	3427086247
	3427086248
	3427086249
	3427086250
	3427086251
	3427086252
	3427086253
	3427086254
	3427086255
	3427086256
	3427086257
	3427086258
	3427086259
	3427086260
	3427086261
	3427086262
	3427086263
	3427086264
	3427086265
	3427086266
	3427086267
	3427086268
	3427086269
	3427086270
	3427086271
	3427086272
	3427086273
	3427086274
	3427086275
	3427086276
	3427086277
	3427086278
	3427086279
	3427086280
	3427086281
	3427086282
	3427086283
	3427086284
	3427086285
	3427086286
	3427086287
	3427086288
	3427086289
	3427086290
	3427086291
	3427086292
	3427086293
	3427086294
	3427086295
	3427086296
	3427086297
	3427086298
	3427086299
	3427086300
	3427086301
	3427086302
	3427086303
	3427086304
	3427086305
	3427086306
	3427086307
	3427086308
	3427086309
	3427086310
	3427086311
	3427086312
	3427086313
	3427086314
	3427086315
	3427086316
	3427086317
	3427086318
	3427086319
	3427086320
	3427086321
	3427086322
	3427086323
	3427086324
	3427086325
	3427086326
	3427086327
	3427086328
	3427086329
	3427086330
	3427086331
	3427086332
	3427086333
	3427086334
	3427086335
	3427086336
	3427086337
	3427086338
	3427086339
	3427086340
	3427086341
	3427086342
	3427086343
	3427086344
	3427086345
	3427086346
	3427086347
	3427086348
	3427086349
	3427086350
	3427086351
	3427086352
	3427086353
	3427086354
	3427086355
	3427086356
	3427086357
	3427086358
	3427086359
	3427086360
	3427086361
	3427086362
	3427086363
	3427086364
	3427086365
	3427086366
	3427086367
	3427086368
	3427086369
	3427086370
	3427086371
	3427086372
	3427086373
	3427086374
	3427086375
	3427086376
	3427086377
	3427086378
	3427086379
	3427086380
	3427086381
	3427086382
	3427086383
	3427086384
	3427086385
	3427086386
	3427086387
	3427086388
	3427086389
	3427086390
	3427086391
	3427086392
	3427086393
	3427086394
	3427086395
	3427086396
	3427086397
	3427086398
	3427086399
	3427086400
	3427086401
	3427086402
	3427086403
	3427086404
	3427086405
	3427086406
	3427086407
	3427086408
	3427086409
	3427086410
	3427086411
	3427086412
	3427086413
	3427086414
	3427086415
	3427086416
	3427086417
	3427086418
	3427086419
	3427086420
	3427086421
	3427086422
	3427086423
	3427086424
	3427086425
	3427086426
	3427086427
	3427086428
	3427086429
	3427086430
	3427086431
	3427086432
	3427086433
	3427086434
	3427086435
	3427086436
	3427086437
	3427086438
	3427086439
	3427086440
	3427086441
	3427086442
	3427086443
	3427086444
	3427086445
	3427086446
	3427086447
	3427086448
	3427086449
	3427086450
	3427086451
	3427086452
	3427086453
	3427086454
	3427086455
	3427086456
	3427086457
	3427086458
	3427086459
	3427086460
	3427086461
	3427086462
	3427086463
	3427086464
	3427086465
	3427086466
	3427086467
	3427086468
	3427086469
	3427086470
	3427086471
	3427086472
	3427086473
	3427086474
	3427086475
	3427086476
	3427086477
	3427086478
	3427086479
	3427086480
	3427086481
	3427086482
	3427086483
	3427086484
	3427086485
	3427086486
	3427086487
	3427086488
	3427086489
	3427086490
	3427086491
	3427086492
	3427086493
	3427086494
	3427086495
	3427086496
	3427086497
	3427086498
	3427086499
	3427086500
	3427086501
	3427086502
	3427086503
	3427086504
	3427086505
	3427086506
	3427086507
	3427086508
	3427086509
	3427086510
	3427086511
	3427086512
R99.99E
	3427086513
R99.99E
	3427086514
R99.99E
	3427086515
R99.99E
	3427086516
R99.99E
	3427086517
R99.99E
	3427086518
R99.99E
	3427086519
R99.99E
	3427086520
R99.99E
	3427086521
R99.99E
	3427086522
R99.99E
	3427086523
R99.99E
	3427086524
R99.99E
	3427086525
R99.99E
	3427086526
R99.99E
	3427086527
R99.99E
	3427086528
R99.99E
	3427086529
R99.99E
	3427086530
R99.99E
	3427086531
R99.99E
	3427086532
R99.99E
	3427086533
R99.99E
	3427086534
R99.99E
	3427086535
R99.99E
	3427086536
R99.99E
	3427086537
R99.99E
	3427086538
R99.99E
	3427086539
R99.99E
	3427086540
R99.99E
	3427086541
R99.99E
	3427086542
R99.99E
	3427086543
R99.99E
	3427086544
R99.99E
	3427086545
R99.99E
	3427086546
R99.99E
	3427086547
R99.99E
	3427086548
R99.99E
	3427086549
R99.99E
	3427086550
R99.99E
	3427086551
R99.99E
	3427086552
R99.99E
	3427086553
R99.99E
	3427086554
R99.99E
	3427086555
R99.99E
	3427086556
R99.99E
	3427086557
R99.99E
	3427086558
R99.99E
	3427086559
R99.99E
	3427086560
R99.99E
	3427086561
R99.99E
	3427086562
R99.99E
	3427086563
R99.99E
	3427086564
R99.99E
	3427086565
R99.99E
	3427086566
R99.99E
	3427086567
R99.99E
	3427086568
R99.99E
	3427086569
R99.99E
	3427086570
R99.99E
	3427086571
R99.99E
	3427086572
R99.99E
	3427086573
R99.99E
	3427086574
R99.99E
	3427086575
R99.99E
	3427086576
R99.99E
	3427086577
R99.99E
	3427086578
R99.99E
	3427086579
R99.99E
	3427086580
R99.99E
	3427086581
R99.99E
	3427086582
R99.99E
	3427086583
R99.99E
	3427086584
R99.99E
	3427086585
R99.99E
	3427086586
R99.99E
	3427086587
R99.99E
	3427086588
R99.99E
	3427086589
R99.99E
	3427086590
R99.99E
	3427086591
R99.99E
	3427086592
R99.99E
	3427086593
R99.99E
	3427086594
R99.99E
	3427086595
R99.99E
	3427086596
R99.99E
	3427086597
R99.99E
	3427086598
R99.99E
	3427086599
R99.99E
	3427086600
R99.99E
	3427086601
R99.99E
	3427086602
R99.99E
	3427086603
R99.99E
	3427086604
R99.99E
	3427086605
R99.99E
	3427086606
R99.99E
	3427086607
R99.99E
	3427086608
R99.99E
	3427086609
R99.99E
	3427086610
R99.99E
	3427086611
R99.99E
	3427086612
R99.99E
	3427086613
R99.99E
	3427086614
R99.99E
	3427086615
R99.99E
	3427086616
R99.99E
	3427086617
R99.99E
	3427086618
R99.99E
	3427086619
R99.99E
	3427086620
R99.99E
	3427086621
R99.99E
	3427086622
R99.99E
	3427086623
R99.99E
	3427086624
R99.99E
	3427086625
R99.99E
	3427086626
R99.99E
	3427086627
R99.99E
	3427086628
R99.99E
	3427086629
R99.99E
	3427086630
R99.99E
	3427086631
R99.99E
	3427086632
R99.99E
	3427086633
R99.99E
	3427086634
R99.99E
	3427086635
R99.99E
	3427086636
R99.99E
	3427086637
R99.99E
	3427086638
R99.99E
	3427086639
R99.99E
	3427086640
R99.99E
	3427086641
R99.99E
	3427086642
R99.99E
	3427086643
R99.99E
	3427086644
R99.99E
	3427086645
R99.99E
	3427086646
R99.99E
	3427086647
R99.99E
	3427086648
R99.99E
	3427086649
R99.99E
	3427086650
R99.99E
	3427086651
R99.99E
	3427086652
R99.99E
	3427086653
R99.99E
	3427086654
R99.99E
	3427086655
R99.99E
	3427086656
R99.99E
	3427086657
R99.99E
	3427086658
R99.99E
	3427086659
R99.99E
	3427086660
R99.99E
	3427086661
R99.99E
	3427086662
R99.99E
	3427086663
R99.99E
	3427086664
R99.99E
	3427086665
R99.99E
	3427086666
R99.99E
	3427086667
R99.99E
	3427086668
R99.99E
	3427086669
R99.99E
	3427086670
R99.99E
	3427086671
R99.99E
	3427086672
R99.99E
	3427086673
R99.99E
	3427086674
R99.99E
	3427086675
R99.99E
	3427086676
R99.99E
	3427086677
R99.99E
	3427086678
R99.99E
	3427086679
R99.99E
	3427086680
R99.99E
	3427086681
R99.99E
	3427086682
R99.99E
	3427086683
R99.99E
	3427086684
R99.99E
	3427086685
R99.99E
	3427086686
R99.99E
	3427086687
R99.99E
	3427086688
R99.99E
	3427086689
R99.99E
	3427086690
R99.99E
	3427086691
R99.99E
	3427086692
R99.99E
	3427086693
R99.99E
	3427086694
R99.99E
	3427086695
R99.99E
	3427086696
R99.99E
	3427086697
R99.99E
	3427086698
R99.99E
	3427086699
R99.99E
	3427086700
R99.99E
	3427086701
R99.99E
	3427086702
R99.99E
	3427086703
R99.99E
	3427086704
R99.99E
	3427086705
R99.99E
	3427086706
R99.99E
	3427086707
R99.99E
	3427086708
R99.99E
	3427086709
R99.99E
	3427086710
R99.99E
	3427086711
R99.99E
	3427086712
R99.99E
	3427086713
R99.99E
	3427086714
R99.99E
	3427086715
R99.99E
	3427086716
R99.99E
	3427086717
R99.99E
	3427086718
R99.99E
	3427086719
R99.99E
	3427086720
R99.99E
	3427086721
R99.99E
	3427086722
R99.99E
	3427086723
R99.99E
	3427086724
R99.99E
	3427086725
R99.99E
	3427086726
R99.99E
	3427086727
R99.99E
	3427086728
R99.99E
	3427086729
R99.99E
	3427086730
R99.99E
	3427086731
R99.99E
	3427086732
R99.99E
	3427086733
R99.99E
	3427086734
R99.99E
	3427086735
R99.99E
	3427086736
R99.99E
	3427086737
R99.99E
	3427086738
R99.99E
	3427086739
R99.99E
	3427086740
R99.99E
	3427086741
R99.99E
	3427086742
R99.99E
	3427086743
R99.99E
	3427086744
R99.99E
	3427086745
R99.99E
	3427086746
R99.99E
	3427086747
R99.99E
	3427086748
R99.99E
	3427086749
R99.99E
	3427086750
R99.99E
	3427086751
R99.99E
	3427086752
R99.99E
	3427086753
R99.99E
	3427086754
R99.99E
	3427086755
R99.99E
	3427086756
R99.99E
	3427086757
R99.99E
	3427086758
R99.99E
	3427086759
R99.99E
	3427086760
R99.99E
	3427086761
R99.99E
	3427086762
R99.99E
	3427086763
R99.99E
	3427086764
R99.99E
	3427086765
R99.99E
	3427086766
R99.99E
	3427086767
R99.99E
	3427086768
R99.99E
	3427086769
R99.99E
	3427086770
R99.99E
	3427086771
R99.99E
	3427086772
R99.99E
	3427086773
R99.99E
	3427086774
R99.99E
	3427086775
R99.99E
	3427086776
R99.99E
	3427086777
R99.99E
	3427086778
R99.99E
	3427086779
R99.99E
	3427086780
R99.99E
	3427086781
R99.99E
	3427086782
R99.99E
	3427086783
R99.99E
	3427086784
R99.99E
	3427086785
R99.99E
	3427086786
R99.99E
	3427086787
R99.99E
	3427086788
R99.99E
	3427086789
R99.99E
	3427086790
R99.99E
	3427086791
R99.99E
	3427086792
R99.99E
	3427086793
R99.99E
	3427086794
R99.99E
	3427086795
R99.99E
	3427086796
R99.99E
	3427086797
R99.99E
	3427086798
R99.99E
	3427086799
R99.99E
	3427086800
R99.99E
	3427086801
R99.99E
	3427086802
R99.99E
	3427086803
R99.99E
	3427086804
R99.99E
	3427086805
R99.99E
	3427086806
R99.99E
	3427086807
R99.99E
	3427086808
R99.99E
	3427086809
R99.99E
	3427086810
R99.99E
	3427086811
R99.99E
	3427086812
R99.99E
	3427086813
R99.99E
	3427086814
R99.99E
	3427086815
R99.99E
	3427086816
R99.99E
	3427086817
R99.99E
	3427086818
R99.99E
	3427086819
R99.99E
	3427086820
R99.99E
	3427086821
R99.99E
	3427086822
R99.99E
	3427086823
R99.99E
	3427086824
R99.99E
	3427086825
R99.99E
	3427086826
R99.99E
	3427086827
R99.99E
	3427086828
R99.99E
	3427086829
R99.99E
	3427086830
R99.99E
	3427086831
R99.99E
	3427086832
R99.99E
	3427086833
R99.99E
	3427086834
R99.99E
	3427086835
R99.99E
	3427086836
R99.99E
	3427086837
R99.99E
	3427086838
R99.99E
	3427086839
R99.99E
	3427086840
R99.99E
	3427086841
R99.99E
	3427086842
R99.99E
	3427086843
R99.99E
	3427086844
R99.99E
	3427086845
R99.99E
	3427086846
R99.99E
	3427086847
R99.99E
	3427086848
R99.99E
	3427086849
R99.99E
	3427086850
R99.99E
	3427086851
R99.99E
	3427086852
R99.99E
	3427086853
R99.99E
	3427086854
R99.99E
	3427086855
R99.99E
	3427086856
R99.99E
	3427086857
R99.99E
	3427086858
R99.99E
	3427086859
R99.99E
	3427086860
R99.99E
	3427086861
R99.99E
	3427086862
R99.99E
	3427086863
R99.99E
	3427086864
R99.99E
	3427086865
R99.99E
	3427086866
R99.99E
	3427086867
R99.99E
	3427086868
R99.99E
	3427086869
R99.99E
	3427086870
R99.99E
	3427086871
R99.99E
	3427086872
R99.99E
	3427086873
R99.99E
	3427086874
R99.99E
	3427086875
R99.99E
	3427086876
R99.99E
	3427086877
R99.99E
	3427086878
R99.99E
	3427086879
R99.99E
	3427086880
R99.99E
	3427086881
R99.99E
	3427086882
R99.99E
	3427086883
R99.99E
	3427086884
R99.99E
	3427086885
R99.99E
	3427086886
R99.99E
	3427086887
R99.99E
	3427086888
R99.99E
	3427086889
R99.99E
	3427086890
R99.99E
	3427086891
R99.99E
	3427086892
R99.99E
	3427086893
R99.99E
	3427086894
R99.99E
	3427086895
R99.99E
	3427086896
R99.99E
	3427086897
R99.99E
	3427086898
R99.99E
	3427086899
R99.99E
	3427086900
R99.99E
	3427086901
R99.99E
	3427086902
R99.99E
	3427086903
R99.99E
	3427086904
R99.99E
	3427086905
R99.99E
	3427086906
R99.99E
	3427086907
R99.99E
	3427086908
R99.99E
	3427086909
R99.99E
	3427086910
R99.99E
	3427086911
R99.99E
	3427086912
R99.99E
	3427086913
R99.99E
	3427086914
R99.99E
	3427086915
R99.99E
	3427086916
R99.99E
	3427086917
R99.99E
	3427086918
R99.99E
	3427086919
R99.99E
	3427086920
R99.99E
	3427086921
R99.99E
	3427086922
R99.99E
	3427086923
R99.99E
	3427086924
R99.99E
	3427086925
R99.99E
	3427086926
R99.99E
	3427086927
R99.99E
	3427086928
R99.99E
	3427086929
R99.99E
	3427086930
R99.99E
	3427086931
R99.99E
	3427086932
R99.99E
	3427086933
R99.99E
	3427086934
R99.99E
	3427086935
R99.99E
	3427086936
R99.99E
	3427086937
R99.99E
	3427086938
R99.99E
	3427086939
R99.99E
	3427086940
R99.99E
	3427086941
R99.99E
	3427086942
R99.99E
	3427086943
R99.99E
	3427086944
R99.99E
	3427086945
R99.99E
	3427086946
R99.99E
	3427086947
R99.99E
	3427086948
R99.99E
	3427086949
R99.99E
	3427086950
R99.99E
	3427086951
R99.99E
	3427086952
R99.99E
	3427086953
R99.99E
	3427086954
R99.99E
	3427086955
R99.99E
	3427086956
R99.99E
	3427086957
R99.99E
	3427086958
R99.99E
	3427086959
R99.99E
	3427086960
R99.99E
	3427086961
R99.99E
	3427086962
R99.99E
	3427086963
R99.99E
	3427086964
R99.99E
	3427086965
R99.99E
	3427086966
R99.99E
	3427086967
R99.99E
	3427086968
R99.99E
	3427086969
R99.99E
	3427086970
R99.99E
	3427086971
R99.99E
	3427086972
R99.99E
	3427086973
R99.99E
	3427086974
R99.99E
	3427086975
R99.99E
	3427086976
R99.99E
	3427086977
R99.99E
	3427086978
R99.99E
	3427086979
R99.99E
	3427086980
R99.99E
	3427086981
R99.99E
	3427086982
R99.99E
	3427086983
R99.99E
	3427086984
R99.99E
	3427086985
R99.99E
	3427086986
R99.99E
	3427086987
R99.99E
	3427086988
R99.99E
	3427086989
R99.99E
	3427086990
R99.99E
	3427086991
R99.99E
	3427086992
R99.99E
	3427086993
R99.99E
	3427086994
R99.99E
	3427086995
R99.99E
	3427086996
R99.99E
	3427086997
R99.99E
	3427086998
R99.99E
	3427086999
R99.99E
	3427087000
R99.99E
	3427087001
R99.99E
	3427087002
R99.99E
	3427087003
R99.99E
	3427087004
R99.99E
	3427087005
R99.99E
	3427087006
R99.99E
	3427087007
R99.99E
	3427087008
R99.99E
	3427087009
R99.99E
	3427087010
R99.99E
	3427087011
R99.99E
	3427087012
R99.99E
	3427087013
R99.99E
	3427087014
R99.99E
	3427087015
R99.99E
	3427087016
R99.99E
	3427087017
R99.99E
	3427087018
R99.99E
	3427087019
R99.99E
	3427087020
R99.99E
	3427087021
R99.99E
	3427087022
R99.99E
	3427087023
R99.99E
	3427087024
R99.99E
	3427087025
R99.99E
	3427087026
R99.99E
	3427087027
R99.99E
	3427087028
R99.99E
	3427087029
R99.99E
	3427087030
R99.99E
	3427087031
R99.99E
	3427087032
R99.99E
	3427087033
R99.99E
	3427087034
R99.99E
	3427087035
R99.99E
	3427087036
R99.99E
	3427087037
R99.99E
	3427087038
R99.99E
	3427087039
R99.99E
	3427087040
R99.99E
	3427087041
R99.99E
	3427087042
R99.99E
	3427087043
R99.99E
	3427087044
R99.99E
	3427087045
R99.99E
	3427087046
R99.99E
	3427087047
R99.99E
	3427087048
R99.99E
	3427087049
R99.99E
	3427087050
R99.99E
	3427087051
R99.99E
	3427087052
R99.99E
	3427087053
R99.99E
	3427087054
R99.99E
	3427087055
R99.99E
	3427087056
R99.99E
	3427087057
R99.99E
	3427087058
R99.99E
	3427087059
R99.99E
	3427087060
R99.99E
	3427087061
R99.99E
	3427087062
R99.99E
	3427087063
R99.99E
	3427087064
R99.99E
	3427087065
R99.99E
	3427087066
R99.99E
	3427087067
R99.99E
	3427087068
R99.99E
	3427087069
R99.99E
	3427087070
R99.99E
	3427087071
R99.99E
	3427087072
R99.99E
	3427087073
R99.99E
	3427087074
R99.99E
	3427087075
R99.99E
	3427087076
R99.99E
	3427087077
R99.99E
	3427087078
R99.99E
	3427087079
R99.99E
	3427087080
R99.99E
	3427087081
R99.99E
	3427087082
R99.99E
	3427087083
R99.99E
	3427087084
R99.99E
	3427087085
R99.99E
	3427087086
R99.99E
	3427087087
R99.99E
	3427087088
R99.99E
	3427087089
R99.99E
	3427087090
R99.99E
	3427087091
R99.99E
	3427087092
R99.99E
	3427087093
R99.99E
	3427087094
R99.99E
	3427087095
R99.99E
	3427087096
R99.99E
	3427087097
R99.99E
	3427087098
R99.99E
	3427087099
R99.99E
	3427087100
R99.99E
	3427087101
R99.99E
	3427087102
R99.99E
	3427087103
R99.99E
	3427087104
R99.99E
	3427087105
R99.99E
	3427087106
R99.99E
	3427087107
R99.99E
	3427087108
R99.99E
	3427087109
R99.99E
	3427087110
R99.99E
	3427087111
R99.99E
	3427087112
R99.99E
	3427087113
R99.99E
	3427087114
R99.99E
	3427087115
R99.99E
	3427087116
R99.99E
	3427087117
R99.99E
	3427087118
R99.99E
	3427087119
R99.99E
	3427087120
R99.99E
	3427087121
R99.99E
	3427087122
R99.99E
	3427087123
R99.99E
	3427087124
R99.99E
	3427087125
R99.99E
	3427087126
R99.99E
	3427087127
R99.99E
	3427087128
R99.99E
	3427087129
R99.99E
	3427087130
R99.99E
	3427087131
R99.99E
	3427087132
R99.99E
	3427087133
R99.99E
	3427087134
R99.99E
	3427087135
R99.99E
	3427087136
R99.99E
	3427087137
R99.99E
	3427087138
R99.99E
	3427087139
R99.99E
	3427087140
R99.99E
	3427087141
R99.99E
	3427087142
R99.99E
	3427087143
R99.99E
	3427087144
R99.99E
	3427087145
R99.99E
	3427087146
R99.99E
	3427087147
R99.99E
	3427087148
R99.99E
	3427087149
R99.99E
	3427087150
R99.99E
	3427087151
R99.99E
	3427087152
R99.99E
	3427087153
R99.99E
	3427087154
R99.99E
	3427087155
R99.99E
	3427087156
R99.99E
	3427087157
R99.99E
	3427087158
R99.99E
	3427087159
R99.99E
	3427087160
R99.99E
	3427087161
R99.99E
	3427087162
R99.99E
	3427087163
R99.99E
	3427087164
R99.99E
	3427087165
R99.99E
	3427087166
R99.99E
	3427087167
R99.99E
	3427087168
R99.99E
	3427087169
R99.99E
	3427087170
R99.99E
	3427087171
R99.99E
	3427087172
R99.99E
	3427087173
R99.99E
	3427087174
R99.99E
	3427087175
R99.99E
	3427087176
R99.99E
	3427087177
R99.99E
	3427087178
R99.99E
	3427087179
R99.99E
	3427087180
R99.99E
	3427087181
R99.99E
	3427087182
R99.99E
	3427087183
R99.99E
	3427087184
R99.99E
	3427087185
R99.99E
	3427087186
R99.99E
	3427087187
R99.99E
	3427087188
R99.99E
	3427087189
R99.99E
	3427087190
R99.99E
	3427087191
R99.99E
	3427087192
R99.99E
	3427087193
R99.99E
	3427087194
R99.99E
	3427087195
R99.99E
	3427087196
R99.99E
	3427087197
R99.99E
	3427087198
R99.99E
	3427087199
R99.99E
	3427087200
R99.99E
	3427087201
R99.99E
	3427087202
R99.99E
	3427087203
R99.99E
	3427087204
R99.99E
	3427087205
R99.99E
	3427087206
R99.99E
	3427087207
R99.99E
	3427087208
R99.99E
	3427087209
R99.99E
	3427087210
R99.99E
	3427087211
R99.99E
	3427087212
R99.99E
	3427087213
R99.99E
	3427087214
R99.99E
	3427087215
R99.99E
	3427087216
R99.99E
	3427087217
R99.99E
	3427087218
R99.99E
	3427087219
R99.99E
	3427087220
R99.99E
	3427087221
R99.99E
	3427087222
R99.99E
	3427087223
R99.99E
	3427087224
R99.99E
	3427087225
R99.99E
	3427087226
R99.99E
	3427087227
R99.99E
	3427087228
R99.99E
	3427087229
R99.99E
	3427087230
R99.99E
	3427087231
R99.99E
	3427087232
R99.99E
	3427087233
R99.99E
	3427087234
R99.99E
	3427087235
R99.99E
	3427087236
R99.99E
	3427087237
R99.99E
	3427087238
R99.99E
	3427087239
R99.99E
	3427087240
R99.99E
	3427087241
R99.99E
	3427087242
R99.99E
	3427087243
R99.99E
	3427087244
R99.99E
	3427087245
R99.99E
	3427087246
R99.99E
	3427087247
R99.99E
	3427087248
R99.99E
	3427087249
R99.99E
	3427087250
R99.99E
	3427087251
R99.99E
	3427087252
R99.99E
	3427087253
R99.99E
	3427087254
R99.99E
	3427087255
R99.99E
	3427087256
R99.99E
	3427087257
R99.99E
	3427087258
R99.99E
	3427087259
R99.99E
	3427087260
R99.99E
	3427087261
R99.99E
	3427087262
R99.99E
	3427087263
R99.99E
	3427087264
R99.99E
	3427087265
R99.99E
	3427087266
R99.99E
	3427087267
R99.99E
	3427087268
R99.99E
	3427087269
R99.99E
	3427087270
R99.99E
	3427087271
R99.99E
	3427087272
R99.99E
	3427087273
R99.99E
	3427087274
R99.99E
	3427087275
R99.99E
	3427087276
R99.99E
	3427087277
R99.99E
	3427087278
R99.99E
	3427087279
R99.99E
	3427087280
R99.99E
	3427087281
R99.99E
	3427087282
R99.99E
	3427087283
R99.99E
	3427087284
R99.99E
	3427087285
R99.99E
	3427087286
R99.99E
	3427087287
R99.99E
	3427087288
R99.99E
	3427087289
R99.99E
	3427087290
R99.99E
	3427087291
R99.99E
	3427087292
R99.99E
	3427087293
R99.99E
	3427087294
R99.99E
	3427087295
R99.99E
	3427087296
R99.99E
	3427087297
R99.99E
	3427087298
R99.99E
	3427087299
R99.99E
	3427087300
R99.99E
	3427087301
R99.99E
	3427087302
R99.99E
	3427087303
R99.99E
	3427087304
R99.99E
	3427087305
R99.99E
	3427087306
R99.99E
	3427087307
R99.99E
	3427087308
R99.99E
	3427087309
R99.99E
	3427087310
R99.99E
	3427087311
R99.99E
	3427087312
R99.99E
	3427087313
R99.99E
	3427087314
R99.99E
	3427087315
R99.99E
	3427087316
R99.99E
	3427087317
R99.99E
	3427087318
R99.99E
	3427087319
R99.99E
	3427087320
R99.99E
	3427087321
R99.99E
	3427087322
R99.99E
	3427087323
R99.99E
	3427087324
R99.99E
	3427087325
R99.99E
	3427087326
R99.99E
	3427087327
R99.99E
	3427087328
R99.99E
	3427087329
R99.99E
	3427087330
R99.99E
	3427087331
R99.99E
	3427087332
R99.99E
	3427087333
R99.99E
	3427087334
R99.99E
	3427087335
R99.99E
	3427087336
R99.99E
	3427087337
R99.99E
	3427087338
R99.99E
	3427087339
R99.99E
	3427087340
R99.99E
	3427087341
R99.99E
	3427087342
R99.99E
	3427087343
R99.99E
	3427087344
R99.99E
	3427087345
R99.99E
	3427087346
R99.99E
	3427087347
R99.99E
	3427087348
R99.99E
	3427087349
R99.99E
	3427087350
R99.99E
	3427087351
R99.99E
	3427087352
R99.99E
	3427087353
R99.99E
	3427087354
R99.99E
	3427087355
R99.99E
	3427087356
R99.99E
	3427087357
R99.99E
	3427087358
R99.99E
	3427087359
R99.99E
	3427087360
R99.99E
	3427087361
R99.99E
	3427087362
R99.99E
	3427087363
R99.99E
	3427087364
R99.99E
	3427087365
R99.99E
	3427087366
R99.99E
	3427087367
R99.99E
	3427087368
R99.99E
	3427087369
R99.99E
	3427087370
R99.99E
	3427087371
R99.99E
	3427087372
R99.99E
	3427087373
R99.99E
	3427087374
R99.99E
	3427087375
R99.99E
	3427087376
R99.99E
	3427087377
R99.99E
	3427087378
R99.99E
	3427087379
R99.99E
	3427087380
R99.99E
	3427087381
R99.99E
	3427087382
R99.99E
	3427087383
R99.99E
	3427087384
R99.99E
	3427087385
R99.99E
	3427087386
R99.99E
	3427087387
R99.99E
	3427087388
R99.99E
	3427087389
R99.99E
	3427087390
R99.99E
	3427087391
R99.99E
	3427087392
R99.99E
	3427087393
R99.99E
	3427087394
R99.99E
	3427087395
R99.99E
	3427087396
R99.99E
	3427087397
R99.99E
	3427087398
R99.99E
	3427087399
R99.99E
	3427087400
R99.99E
	3427087401
R99.99E
	3427087402
R99.99E
	3427087403
R99.99E
	3427087404
R99.99E
	3427087405
R99.99E
	3427087406
R99.99E
	3427087407
R99.99E
	3427087408
R99.99E
	3427087409
R99.99E
	3427087410
R99.99E
	3427087411
R99.99E
	3427087412
R99.99E
	3427087413
R99.99E
	3427087414
R99.99E
	3427087415
R99.99E
	3427087416
R99.99E
	3427087417
R99.99E
	3427087418
R99.99E
	3427087419
R99.99E
	3427087420
R99.99E
	3427087421
R99.99E
	3427087422
R99.99E
	3427087423
R99.99E
	3427087424
R99.99E
	3427087425
R99.99E
	3427087426
R99.99E
	3427087427
R99.99E
	3427087428
R99.99E
	3427087429
R99.99E
	3427087430
R99.99E
	3427087431
R99.99E
	3427087432
R99.99E
	3427087433
R99.99E
	3427087434
R99.99E
	3427087435
R99.99E
	3427087436
R99.99E
	3427087437
R99.99E
	3427087438
R99.99E
	3427087439
R99.99E
	3427087440
R99.99E
	3427087441
R99.99E
	3427087442
R99.99E
	3427087443
R99.99E
	3427087444
R99.99E
	3427087445
R99.99E
	3427087446
R99.99E
	3427087447
R99.99E
	3427087448
R99.99E
	3427087449
R99.99E
	3427087450
R99.99E
	3427087451
R99.99E
	3427087452
R99.99E
	3427087453
R99.99E
	3427087454
R99.99E
	3427087455
R99.99E
	3427087456
R99.99E
	3427087457
R99.99E
	3427087458
R99.99E
	3427087459
R99.99E
	3427087460
R99.99E
	3427087461
R99.99E
	3427087462
R99.99E
	3427087463
R99.99E
	3427087464
R99.99E
	3427087465
R99.99E
	3427087466
R99.99E
	3427087467
R99.99E
	3427087468
R99.99E
	3427087469
R99.99E
	3427087470
R99.99E
	3427087471
R99.99E
	3427087472
R99.99E
	3427087473
R99.99E
	3427087474
R99.99E
	3427087475
R99.99E
	3427087476
R99.99E
	3427087477
R99.99E
	3427087478
R99.99E
	3427087479
R99.99E
	3427087480
R99.99E
	3427087481
R99.99E
	3427087482
R99.99E
	3427087483
R99.99E
	3427087484
R99.99E
	3427087485
R99.99E
	3427087486
R99.99E
	3427087487
R99.99E
	3427087488
R99.99E
	3427087489
R99.99E
	3427087490
R99.99E
	3427087491
R99.99E
	3427087492
R99.99E
	3427087493
R99.99E
	3427087494
R99.99E
	3427087495
R99.99E
	3427087496
R99.99E
	3427087497
R99.99E
	3427087498
R99.99E
	3427087499
R99.99E
	3427087500
R99.99E
	3427087501
R99.99E
	3427087502
R99.99E
	3427087503
R99.99E
	3427087504
R99.99E
	3427087505
R99.99E
	3427087506
R99.99E
	3427087507
R99.99E
	3427087508
R99.99E
	3427087509
R99.99E
	3427087510
R99.99E
	3427087511
R99.99E
	3427087512
R99.99E
	3427087513
R99.99E
	3427087514
R99.99E
	3427087515
R99.99E
	3427087516
R99.99E
	3427087517
R99.99E
	3427087518
R99.99E
	3427087519
R99.99E
	3427087520
R99.99E
	3427087521
R99.99E
	3427087522
R99.99E
	3427087523
R99.99E
	3427087524
R99.99E
	3427087525
R99.99E
	3427087526
R99.99E
	3427087527
R99.99E
	3427087528
R99.99E
	3427087529
R99.99E
	3427087530
R99.99E
	3427087531
R99.99E
	3427087532
R99.99E
	3427087533
R99.99E
	3427087534
R99.99E
	3427087535
R99.99E
	3427087536
R99.99E
	3427087537
R99.99E
	3427087538
R99.99E
	3427087539
R99.99E
	3427087540
R99.99E
	3427087541
R99.99E
	3427087542
R99.99E
	3427087543
R99.99E
	3427087544
R99.99E
	3427087545
R99.99E
	3427087546
R99.99E
	3427087547
R99.99E
	3427087548
R99.99E
	3427087549
R99.99E
	3427087550
R99.99E
	3427087551
R99.99E
	3427087552
R99.99E
	3427087553
R99.99E
	3427087554
R99.99E
	3427087555
R99.99E
	3427087556
R99.99E
	3427087557
R99.99E
	3427087558
R99.99E
	3427087559
R99.99E
	3427087560
R99.99E
	3427087561
R99.99E
	3427087562
R99.99E
	3427087563
R99.99E
	3427087564
R99.99E
	3427087565
R99.99E
	3427087566
R99.99E
	3427087567
R99.99E
	3427087568
R99.99E
	3427087569
R99.99E
	3427087570
R99.99E
	3427087571
R99.99E
	3427087572
R99.99E
	3427087573
R99.99E
	3427087574
R99.99E
	3427087575
R99.99E
	3427087576
R99.99E
	3427087577
R99.99E
	3427087578
R99.99E
	3427087579
R99.99E
	3427087580
R99.99E
	3427087581
R99.99E
	3427087582
R99.99E
	3427087583
R99.99E
	3427087584
R99.99E
	3427087585
R99.99E
	3427087586
R99.99E
	3427087587
R99.99E
	3427087588
R99.99E
	3427087589
R99.99E
	3427087590
R99.99E
	3427087591
R99.99E
	3427087592
R99.99E
	3427087593
R99.99E
	3427087594
R99.99E
	3427087595
R99.99E
	3427087596
R99.99E
	3427087597
R99.99E
	3427087598
R99.99E
	3427087599
R99.99E
	3427087600
R99.99E
	3427087601
R99.99E
	3427087602
R99.99E
	3427087603
R99.99E
	3427087604
R99.99E
	3427087605
R99.99E
	3427087606
R99.99E
	3427087607
R99.99E
	3427087608
R99.99E
	3427087609
R99.99E
	3427087610
R99.99E
	3427087611
R99.99E
	3427087612
R99.99E
	3427087613
R99.99E
	3427087614
R99.99E
	3427087615
R99.99E
	3427087616
R99.99E
	3427087617
R99.99E
	3427087618
R99.99E
	3427087619
R99.99E
	3427087620
R99.99E
	3427087621
R99.99E
	3427087622

	3427087623

	3427087624

	3427087625

	3427087626

	3427087627

	3427087628

	3427087629

	3427087630

	3427087631

	3427087632

	3427087633

	3427087634

	3427087635

	3427087636

	3427087637

	3427087638

	3427087639

	3427087640

	3427087641

	3427087642

	3427087643

	3427087644

	3427087645

	3427087646

	3427087647

	3427087648

	3427087649

	3427087650

	3427087651

	3427087652
99E
	3427087653
99E
	3427087654
99E
	3427087655
99E
	3427087656
99E
	3427087657
99E
	3427087658
99E
	3427087659
99E
	3427087660
99E
	3427087661
99E
	3427087662
99E
	3427087663
99E
	3427087664
99E
	3427087665
99E
	3427087666
99E
	3427087667
99E
	3427087668
99E
	3427087669
99E
	3427087670
99E
	3427087671
99E
	3427087672
99E
	3427087673
99E
	3427087674
99E
	3427087675
99E
	3427087676
99E
	3427087677
R99.99E
	3427087678
R99.99E
	3427087679
R99.99E
	3427087680
R99.99E
	3427087681
R99.99E
	3427087682
R99.99E
	3427087683
R99.99E
	3427087684
R99.99E
	3427087685
R99.99E
	3427087686
R99.99E
	3427087687
R99.99E
	3427087688
R99.99E
	3427087689
R99.99E
	3427087690
R99.99E
	3427087691
R99.99E
	3427087692
R99.99E
	3427087693
R99.99E
	3427087694
R99.99E
	3427087695
R99.99E
	3427087696
R99.99E
	3427087697
R99.99E
	3427087698
R99.99E
	3427087699
R99.99E
	3427087700
R99.99E
	3427087701
R99.99E
	3427087702
R99.99E
	3427087703
R99.99E
	3427087704
R99.99E
	3427087705
R99.99E
	3427087706
R99.99E
	3427087707
R99.99E
	3427087708
R99.99E
	3427087709
R99.99E
	3427087710
R99.99E
	3427087711
R99.99E
	3427087712
R99.99E
	3427087713
R99.99E
	3427087714
R99.99E
	3427087715
R99.99E
	3427087716
R99.99E
	3427087717
R99.99E
	3427087718
R99.99E
	3427087719
R99.99E
	3427087720
R99.99E
	3427087721
R99.99E
	3427087722
R99.99E
	3427087723
R99.99E
	3427087724
R99.99E
	3427087725
R99.99E
	3427087726
R99.99E
	3427087727
R99.99E
	3427087728
R99.99E
	3427087729
R99.99E
	3427087730
R99.99E
	3427087731
R99.99E
	3427087732
R99.99E
	3427087733
R99.99E
	3427087734
R99.99E
	3427087735
R99.99E
	3427087736
R99.99E
	3427087737
R99.99E
	3427087738
R99.99E
	3427087739
R99.99E
	3427087740
R99.99E
	3427087741
R99.99E
	3427087742
R99.99E
	3427087743
R99.99E
	3427087744
R99.99E
	3427087745
R99.99E
	3427087746
R99.99E
	3427087747
R99.99E
	3427087748
R99.99E
	3427087749
R99.99E
	3427087750
R99.99E
	3427087751
R99.99E
	3427087752
R99.99E
	3427087753
R99.99E
	3427087754
R99.99E
	3427087755
R99.99E
	3427087756
R99.99E
	3427087757
R99.99E
	3427087758
R99.99E
	3427087759
R99.99E
	3427087760
R99.99E
	3427087761
R99.99E
	3427087762
R99.99E
	3427087763
R99.99E
	3427087764
R99.99E
	3427087765
R99.99E
	3427087766
R99.99E
	3427087767
R99.99E
	3427087768
R99.99E
	3427087769
R99.99E
	3427087770
R99.99E
	3427087771
R99.99E
	3427087772
R99.99E
	3427087773
R99.99E
	3427087774
R99.99E
	3427087775
R99.99E
	3427087776
R99.99E
	3427087777
R99.99E
	3427087778
R99.99E
	3427087779
R99.99E
	3427087780
R99.99E
	3427087781
R99.99E
	3427087782
R99.99E
	3427087783
R99.99E
	3427087784
R99.99E
	3427087785
R99.99E
	3427087786
R99.99E
	3427087787
R99.99E
	3427087788
R99.99E
	3427087789
R99.99E
	3427087790
R99.99E
	3427087791
R99.99E
	3427087792
R99.99E
	3427087793
R99.99E
	3427087794
R99.99E
	3427087795
R99.99E
	3427087796
R99.99E
	3427087797
R99.99E
	3427087798
R99.99E
	3427087799
R99.99E
	3427087800
R99.99E
	3427087801
R99.99E
	3427087802
R99.99E
	3427087803
R99.99E
	3427087804
R99.99E
	3427087805
R99.99E
	3427087806
R99.99E
	3427087807
R99.99E
	3427087808
R99.99E
	3427087809
R99.99E
	3427087810
R99.99E
	3427087811
R99.99E
	3427087812
R99.99E
	3427087813
R99.99E
	3427087814
R99.99E
	3427087815
R99.99E
	3427087816
R99.99E
	3427087817
R99.99E
	3427087818
R99.99E
	3427087819
R99.99E
	3427087820
R99.99E
	3427087821
R99.99E
	3427087822
R99.99E
	3427087823
R99.99E
	3427087824
R99.99E
	3427087825
R99.99E
	3427087826
R99.99E
	3427087827
R99.99E
	3427087828
R99.99E
	3427087829
R99.99E
	3427087830
R99.99E
	3427087831
R99.99E
	3427087832
R99.99E
	3427087833
R99.99E
	3427087834
R99.99E
	3427087835
R99.99E
	3427087836
R99.99E
	3427087837
R99.99E
	3427087838
R99.99E
	3427087839
R99.99E
	3427087840
R99.99E
	3427087841
R99.99E
	3427087842
R99.99E
	3427087843
R99.99E
	3427087844
R99.99E
	3427087845
R99.99E
	3427087846
R99.99E
	3427087847
R99.99E
	3427087848
R99.99E
	3427087849
R99.99E
	3427087850
R99.99E
	3427087851
R99.99E
	3427087852
R99.99E
	3427087853
R99.99E
	3427087854
R99.99E
	3427087855
R99.99E
	3427087856
R99.99E
	3427087857
R99.99E
	3427087858
R99.99E
	3427087859
R99.99E
	3427087860
R99.99E
	3427087861
R99.99E
	3427087862
R99.99E
	3427087863
R99.99E
	3427087864
R99.99E
	3427087865
R99.99E
	3427087866
R99.99E
	3427087867
R99.99E
	3427087868
R99.99E
	3427087869
R99.99E
	3427087870
R99.99E
	3427087871
R99.99E
	3427087872
R99.99E
	3427087873
R99.99E
	3427087874
R99.99E
	3427087875
R99.99E
	3427087876
R99.99E
	3427087877
R99.99E
	3427087878
R99.99E
	3427087879
R99.99E
	3427087880
R99.99E
	3427087881
R99.99E
	3427087882
R99.99E
	3427087883
R99.99E
	3427087884
R99.99E
	3427087885
R99.99E
	3427087886
R99.99E
	3427087887
R99.99E
	3427087888
R99.99E
	3427087889
R99.99E
	3427087890
R99.99E
	3427087891
R99.99E
	3427087892
R99.99E
	3427087893
R99.99E
	3427087894
R99.99E
	3427087895
R99.99E
	3427087896
R99.99E
	3427087897
R99.99E
	3427087898
R99.99E
	3427087899
R99.99E
	3427087900
R99.99E
	3427087901
R99.99E
	3427087902
R99.99E
	3427087903
R99.99E
	3427087904
R99.99E
	3427087905
R99.99E
	3427087906
R99.99E
	3427087907
R99.99E
	3427087908
R99.99E
	3427087909
R99.99E
	3427087910
R99.99E
	3427087911
R99.99E
	3427087912
R99.99E
	3427087913
R99.99E
	3427087914
R99.99E
	3427087915
R99.99E
	3427087916
R99.99E
	3427087917
R99.99E
	3427087918
R99.99E
	3427087919
R99.99E
	3427087920
R99.99E
	3427087921
R99.99E
	3427087922
R99.99E
	3427087923
R99.99E
	3427087924
R99.99E
	3427087925
R99.99E
	3427087926
R99.99E
	3427087927
R99.99E
	3427087928
R99.99E
	3427087929
R99.99E
	3427087930
R99.99E
	3427087931
R99.99E
	3427087932
R99.99E
	3427087933
R99.99E
	3427087934
R99.99E
	3427087935
R99.99E
	3427087936
R99.99E
	3427087937
R99.99E
	3427087938
R99.99E
	3427087939
R99.99E
	3427087940
R99.99E
	3427087941
R99.99E
	3427087942
R99.99E
	3427087943
R99.99E
	3427087944
R99.99E
	3427087945
R99.99E
	3427087946
R99.99E
	3427087947
R99.99E
	3427087948
R99.99E
	3427087949
R99.99E
	3427087950
R99.99E
	3427087951
R99.99E
	3427087952
R99.99E
	3427087953
R99.99E
	3427087954
R99.99E
	3427087955
R99.99E
	3427087956
R99.99E
	3427087957
R99.99E
	3427087958
R99.99E
	3427087959
R99.99E
	3427087960
R99.99E
	3427087961
R99.99E
	3427087962
R99.99E
	3427087963
R99.99E
	3427087964
R99.99E
	3427087965
R99.99E
	3427087966
R99.99E
	3427087967
R99.99E
	3427087968
R99.99E
	3427087969
R99.99E
	3427087970
R99.99E
	3427087971
R99.99E
	3427087972
R99.99E
	3427087973
R99.99E
	3427087974
R99.99E
	3427087975
R99.99E
	3427087976
R99.99E
	3427087977
R99.99E
	3427087978
R99.99E
	3427087979
R99.99E
	3427087980
R99.99E
	3427087981
R99.99E
	3427087982
R99.99E
	3427087983
R99.99E
	3427087984
R99.99E
	3427087985
R99.99E
	3427087986
R99.99E
	3427087987
R99.99E
	3427087988
R99.99E
	3427087989
R99.99E
	3427087990
R99.99E
	3427087991
R99.99E
	3427087992
R99.99E
	3427087993
R99.99E
	3427087994
R99.99E
	3427087995
R99.99E
	3427087996
R99.99E
	3427087997
R99.99E
	3427087998
R99.99E
	3427087999
R99.99E
	3427088000
R99.99E
	3427088001
R99.99E
	3427088002
R99.99E
	3427088003
R99.99E
	3427088004
R99.99E
	3427088005
R99.99E
	3427088006
R99.99E
	3427088007
R99.99E
	3427088008
R99.99E
	3427088009
R99.99E
	3427088010
R99.99E
	3427088011
R99.99E
	3427088012
R99.99E
	3427088013
R99.99E
	3427088014
R99.99E
	3427088015
R99.99E
	3427088016
R99.99E
	3427088017
R99.99E
	3427088018
R99.99E
	3427088019
R99.99E
	3427088020
R99.99E
	3427088021
R99.99E
	3427088022
R99.99E
	3427088023
R99.99E
	3427088024
R99.99E
	3427088025
R99.99E
	3427088026
R99.99E
	3427088027
R99.99E
	3427088028
R99.99E
	3427088029
R99.99E
	3427088030
R99.99E
	3427088031
R99.99E
	3427088032
R99.99E
	3427088033
R99.99E
	3427088034
R99.99E
	3427088035
R99.99E
	3427088036
R99.99E
	3427088037
R99.99E
	3427088038
R99.99E
	3427088039
R99.99E
	3427088040
R99.99E
	3427088041
R99.99E
	3427088042
R99.99E
	3427088043
R99.99E
	3427088044
R99.99E
	3427088045
R99.99E
	3427088046
R99.99E
	3427088047
R99.99E
	3427088048
R99.99E
	3427088049
R99.99E
	3427088050
R99.99E
	3427088051
R99.99E
	3427088052
R99.99E
	3427088053
R99.99E
	3427088054
R99.99E
	3427088055
R99.99E
	3427088056
R99.99E
	3427088057
R99.99E
	3427088058
R99.99E
	3427088059
R99.99E
	3427088060
R99.99E
	3427088061
R99.99E
	3427088062
R99.99E
	3427088063
R99.99E
	3427088064
R99.99E
	3427088065
R99.99E
	3427088066
R99.99E
	3427088067
R99.99E
	3427088068
R99.99E
	3427088069
R99.99E
	3427088070
R99.99E
	3427088071
R99.99E
	3427088072
R99.99E
	3427088073
R99.99E
	3427088074
R99.99E
	3427088075
R99.99E
	3427088076
R99.99E
	3427088077
R99.99E
	3427088078
R99.99E
	3427088079
R99.99E
	3427088080
R99.99E
	3427088081
R99.99E
	3427088082
R99.99E
	3427088083
R99.99E
	3427088084
R99.99E
	3427088085
R99.99E
	3427088086
R99.99E
	3427088087
R99.99E
	3427088088
R99.99E
	3427088089
R99.99E
	3427088090
R99.99E
	3427088091
R99.99E
	3427088092
R99.99E
	3427088093
R99.99E
	3427088094
R99.99E
	3427088095
R99.99E
	3427088096
R99.99E
	3427088097
R99.99E
	3427088098
R99.99E
	3427088099
R99.99E
	3427088100
R99.99E
	3427088101
R99.99E
	3427088102
R99.99E
	3427088103
R99.99E
	3427088104
R99.99E
	3427088105
R99.99E
	3427088106
R99.99E
	3427088107
R99.99E
	3427088108
R99.99E
	3427088109
R99.99E
	3427088110
R99.99E
	3427088111
R99.99E
	3427088112
R99.99E
	3427088113
R99.99E
	3427088114
R99.99E
	3427088115
R99.99E
	3427088116
R99.99E
	3427088117
R99.99E
	3427088118
R99.99E
	3427088119
R99.99E
	3427088120
R99.99E
	3427088121
R99.99E
	3427088122
R99.99E
	3427088123
R99.99E
	3427088124
R99.99E
	3427088125
R99.99E
	3427088126
R99.99E
	3427088127
R99.99E
	3427088128
R99.99E
	3427088129
R99.99E
	3427088130
R99.99E
	3427088131
R99.99E
	3427088132
R99.99E
	3427088133
R99.99E
	3427088134
R99.99E
	3427088135
R99.99E
	3427088136
R99.99E
	3427088137
R99.99E
	3427088138
R99.99E
	3427088139
R99.99E
	3427088140
R99.99E
	3427088141
R99.99E
	3427088142
R99.99E
	3427088143
R99.99E
	3427088144
R99.99E
	3427088145
R99.99E
	3427088146
R99.99E
	3427088147
R99.99E
	3427088148
R99.99E
	3427088149
R99.99E
	3427088150
R99.99E
	3427088151
R99.99E
	3427088152
R99.99E
	3427088153
R99.99E
	3427088154
R99.99E
	3427088155
R99.99E
	3427088156
R99.99E
	3427088157
R99.99E
	3427088158
R99.99E
	3427088159
R99.99E
	3427088160
R99.99E
	3427088161
R99.99E
	3427088162
R99.99E
	3427088163
R99.99E
	3427088164
R99.99E
	3427088165
R99.99E
	3427088166
R99.99E
	3427088167
R99.99E
	3427088168
R99.99E
	3427088169
R99.99E
	3427088170
R99.99E
	3427088171
R99.99E
	3427088172
R99.99E
	3427088173
R99.99E
	3427088174
R99.99E
	3427088175
R99.99E
	3427088176
R99.99E
	3427088177
R99.99E
	3427088178
R99.99E
	3427088179
R99.99E
	3427088180
R99.99E
	3427088181
R99.99E
	3427088182
R99.99E
	3427088183
R99.99E
	3427088184
R99.99E
	3427088185
R99.99E
	3427088186
R99.99E
	3427088187
R99.99E
	3427088188
R99.99E
	3427088189
R99.99E
	3427088190
R99.99E
	3427088191
R99.99E
	3427088192
R99.99E
	3427088193
R99.99E
	3427088194
R99.99E
	3427088195
R99.99E
	3427088196
R99.99E
	3427088197
R99.99E
	3427088198
R99.99E
	3427088199
R99.99E
	3427088200
R99.99E
	3427088201
R99.99E
	3427088202
R99.99E
	3427088203
R99.99E
	3427088204
R99.99E
	3427088205
R99.99E
	3427088206
R99.99E
	3427088207
