	3426884891
	3426884892
	3426884893
	3426884894
	3426884895
	3426884896
	3426884897
	3426884898
	3426884899
	3426884900
	3426884901
	3426884902
	3426884903
	3426884904
	3426884905
	3426884906
	3426884907
	3426884908
	3426884909
	3426884910
	3426884911
	3426884912
	3426884913
	3426884914
	3426884915
	3426884916
	3426884917
	3426884918
	3426884919
	3426884920
	3426884921
	3426884922
	3426884923
	3426884924
	3426884925
	3426884926
	3426884927
	3426884928
	3426884929
	3426884930
	3426884931
	3426884932
	3426884933
	3426884934
	3426884935
	3426884936
	3426884937
	3426884938
	3426884939
	3426884940
	3426884941
	3426884942
	3426884943
	3426884944
	3426884945
	3426884946
	3426884947
	3426884948
	3426884949
	3426884950
	3426884951
	3426884952
	3426884953
	3426884954
	3426884955
	3426884956
	3426884957
	3426884958
	3426884959
	3426884960
	3426884961
	3426884962
	3426884963
	3426884964
	3426884965
	3426884966
	3426884967
	3426884968
	3426884969
	3426884970
	3426884971
	3426884972
	3426884973
	3426884974
	3426884975
	3426884976
	3426884977
	3426884978
	3426884979
	3426884980
	3426884981
	3426884982
	3426884983
	3426884984
	3426884985
	3426884986
	3426884987
	3426884988
	3426884989
	3426884990
	3426884991
	3426884992
	3426884993
	3426884994
	3426884995
	3426884996
	3426884997
	3426884998
	3426884999
	3426885000
	3426885001
	3426885002
	3426885003
	3426885004
	3426885005
	3426885006
	3426885007
	3426885008
	3426885009
	3426885010
	3426885011
	3426885012
	3426885013
	3426885014
	3426885015
	3426885016
	3426885017
	3426885018
	3426885019
	3426885020
	3426885021
	3426885022
	3426885023
	3426885024
	3426885025
	3426885026
	3426885027
	3426885028
	3426885029
	3426885030
	3426885031
	3426885032
	3426885033
	3426885034
	3426885035
	3426885036
	3426885037
	3426885038
	3426885039
	3426885040
	3426885041
	3426885042
	3426885043
	3426885044
	3426885045
	3426885046
	3426885047
	3426885048
	3426885049
	3426885050
	3426885051
	3426885052
	3426885053
	3426885054
	3426885055
	3426885056
	3426885057
	3426885058
	3426885059
	3426885060
	3426885061
	3426885062
	3426885063
	3426885064
	3426885065
	3426885066
	3426885067
	3426885068
	3426885069
	3426885070
	3426885071
	3426885072
	3426885073
	3426885074
	3426885075
	3426885076
	3426885077
	3426885078
	3426885079
	3426885080
	3426885081
	3426885082
	3426885083
	3426885084
	3426885085
	3426885086
	3426885087
	3426885088
	3426885089
	3426885090
	3426885091
	3426885092
	3426885093
	3426885094
	3426885095
	3426885096
	3426885097
	3426885098
	3426885099
	3426885100
	3426885101
	3426885102
	3426885103
	3426885104
	3426885105
	3426885106
	3426885107
	3426885108
	3426885109
	3426885110
	3426885111
	3426885112
	3426885113
	3426885114
	3426885115
	3426885116
	3426885117
	3426885118
	3426885119
	3426885120
	3426885121
	3426885122
	3426885123
	3426885124
	3426885125
	3426885126
	3426885127
	3426885128
	3426885129
	3426885130
	3426885131
	3426885132
	3426885133
	3426885134
	3426885135
	3426885136
	3426885137
	3426885138
	3426885139
	3426885140
	3426885141
	3426885142
	3426885143
	3426885144
	3426885145
	3426885146
	3426885147
	3426885148
	3426885149
	3426885150
	3426885151
	3426885152
	3426885153
	3426885154
	3426885155
	3426885156
	3426885157
	3426885158
	3426885159
	3426885160
	3426885161
	3426885162
	3426885163
	3426885164
	3426885165
	3426885166
	3426885167
	3426885168
	3426885169
	3426885170
	3426885171
	3426885172
	3426885173
	3426885174
	3426885175
	3426885176
	3426885177
	3426885178
	3426885179
	3426885180
	3426885181
	3426885182
	3426885183
	3426885184
	3426885185
	3426885186
	3426885187
	3426885188
	3426885189
	3426885190
	3426885191
	3426885192
	3426885193
	3426885194
	3426885195
	3426885196
	3426885197
	3426885198
	3426885199
	3426885200
	3426885201
	3426885202
	3426885203
	3426885204
	3426885205
	3426885206
	3426885207
	3426885208
	3426885209
	3426885210
	3426885211
	3426885212
	3426885213
	3426885214
	3426885215
	3426885216
	3426885217
	3426885218
	3426885219
	3426885220
	3426885221
	3426885222
	3426885223
	3426885224
	3426885225
	3426885226
	3426885227
	3426885228
	3426885229
	3426885230
	3426885231
	3426885232
	3426885233
	3426885234
	3426885235
	3426885236
	3426885237
	3426885238
	3426885239
	3426885240
	3426885241
	3426885242
	3426885243
	3426885244
	3426885245
	3426885246
	3426885247
	3426885248
	3426885249
	3426885250
	3426885251
	3426885252
	3426885253
	3426885254
	3426885255
	3426885256
	3426885257
	3426885258
	3426885259
	3426885260
	3426885261
	3426885262
	3426885263
	3426885264
	3426885265
	3426885266
	3426885267
	3426885268
	3426885269
	3426885270
	3426885271
	3426885272
	3426885273
	3426885274
	3426885275
	3426885276
	3426885277
	3426885278
	3426885279
	3426885280
	3426885281
	3426885282
	3426885283
	3426885284
	3426885285
	3426885286
	3426885287
	3426885288
	3426885289
	3426885290
	3426885291
	3426885292
	3426885293
	3426885294
	3426885295
	3426885296
	3426885297
	3426885298
	3426885299
	3426885300
	3426885301
	3426885302
	3426885303
	3426885304
	3426885305
	3426885306
	3426885307
	3426885308
	3426885309
	3426885310
	3426885311
	3426885312
	3426885313
	3426885314
	3426885315
	3426885316
	3426885317
	3426885318
	3426885319
	3426885320
	3426885321
	3426885322
	3426885323
	3426885324
	3426885325
	3426885326
	3426885327
	3426885328
	3426885329
	3426885330
	3426885331
	3426885332
	3426885333
	3426885334
	3426885335
	3426885336
	3426885337
	3426885338
	3426885339
	3426885340
	3426885341
	3426885342
	3426885343
	3426885344
	3426885345
	3426885346
	3426885347
	3426885348
	3426885349
	3426885350
	3426885351
	3426885352
	3426885353
	3426885354
	3426885355
	3426885356
	3426885357
	3426885358
	3426885359
	3426885360
	3426885361
	3426885362
	3426885363
	3426885364
	3426885365
	3426885366
	3426885367
	3426885368
	3426885369
	3426885370
	3426885371
	3426885372
	3426885373
	3426885374
	3426885375
	3426885376
	3426885377
	3426885378
	3426885379
	3426885380
	3426885381
	3426885382
	3426885383
	3426885384
	3426885385
	3426885386
	3426885387
	3426885388
	3426885389
	3426885390
	3426885391
	3426885392
	3426885393
	3426885394
	3426885395
	3426885396
	3426885397
	3426885398
	3426885399
	3426885400
	3426885401
	3426885402
	3426885403
	3426885404
	3426885405
	3426885406
	3426885407
	3426885408
	3426885409
	3426885410
	3426885411
	3426885412
	3426885413
	3426885414
	3426885415
	3426885416
	3426885417
	3426885418
	3426885419
	3426885420
	3426885421
	3426885422
	3426885423
	3426885424
	3426885425
	3426885426
	3426885427
	3426885428
	3426885429
	3426885430
	3426885431
	3426885432
	3426885433
	3426885434
	3426885435
	3426885436
	3426885437
	3426885438
	3426885439
	3426885440
	3426885441
	3426885442
	3426885443
	3426885444
	3426885445
	3426885446
	3426885447
	3426885448
	3426885449
	3426885450
	3426885451
	3426885452
	3426885453
	3426885454
	3426885455
	3426885456
	3426885457
	3426885458
	3426885459
	3426885460
	3426885461
	3426885462
	3426885463
	3426885464
	3426885465
	3426885466
	3426885467
	3426885468
	3426885469
	3426885470
	3426885471
	3426885472
	3426885473
	3426885474
	3426885475
	3426885476
	3426885477
	3426885478
	3426885479
	3426885480
	3426885481
	3426885482
	3426885483
	3426885484
	3426885485
	3426885486
	3426885487
	3426885488
	3426885489
	3426885490
	3426885491
	3426885492
	3426885493
	3426885494
	3426885495
	3426885496
	3426885497
	3426885498
	3426885499
	3426885500
	3426885501
	3426885502
	3426885503
	3426885504
	3426885505
	3426885506
	3426885507
	3426885508
	3426885509
	3426885510
	3426885511
	3426885512
	3426885513
	3426885514
	3426885515
	3426885516
	3426885517
	3426885518
	3426885519
	3426885520
	3426885521
	3426885522
	3426885523
	3426885524
	3426885525
	3426885526
	3426885527
	3426885528
	3426885529
	3426885530
	3426885531
	3426885532
	3426885533
	3426885534
	3426885535
	3426885536
	3426885537
	3426885538
	3426885539
	3426885540
	3426885541
	3426885542
	3426885543
	3426885544
	3426885545
	3426885546
	3426885547
	3426885548
	3426885549
	3426885550
	3426885551
	3426885552
	3426885553
	3426885554
	3426885555
	3426885556
	3426885557
	3426885558
	3426885559
	3426885560
	3426885561
	3426885562
	3426885563
	3426885564
	3426885565
	3426885566
	3426885567
	3426885568
	3426885569
	3426885570
	3426885571
	3426885572
	3426885573
	3426885574
	3426885575
	3426885576
	3426885577
	3426885578
	3426885579
	3426885580
	3426885581
	3426885582
	3426885583
	3426885584
	3426885585
	3426885586
	3426885587
	3426885588
	3426885589
	3426885590
	3426885591
	3426885592
	3426885593
	3426885594
	3426885595
	3426885596
	3426885597
	3426885598
	3426885599
	3426885600
	3426885601
	3426885602
	3426885603
	3426885604
	3426885605
	3426885606
	3426885607
	3426885608
	3426885609
	3426885610
	3426885611
	3426885612
	3426885613
	3426885614
	3426885615
	3426885616
	3426885617
	3426885618
	3426885619
	3426885620
	3426885621
	3426885622
	3426885623
	3426885624
	3426885625
	3426885626
	3426885627
	3426885628
	3426885629
	3426885630
	3426885631
	3426885632
	3426885633
	3426885634
	3426885635
	3426885636
	3426885637
	3426885638
	3426885639
	3426885640
	3426885641
	3426885642
	3426885643
	3426885644
	3426885645
	3426885646
	3426885647
	3426885648
	3426885649
	3426885650
	3426885651
	3426885652
	3426885653
	3426885654
	3426885655
	3426885656
	3426885657
	3426885658
	3426885659
	3426885660
	3426885661
	3426885662
	3426885663
	3426885664
	3426885665
	3426885666
	3426885667
	3426885668
	3426885669
	3426885670
	3426885671
	3426885672
	3426885673
	3426885674
	3426885675
	3426885676
	3426885677
	3426885678
	3426885679
	3426885680
	3426885681
	3426885682
	3426885683
	3426885684
	3426885685
	3426885686
	3426885687
	3426885688
	3426885689
	3426885690
	3426885691
	3426885692
	3426885693
	3426885694
	3426885695
	3426885696
	3426885697
	3426885698
	3426885699
	3426885700
	3426885701
	3426885702
	3426885703
	3426885704
	3426885705
	3426885706
	3426885707
	3426885708
	3426885709
	3426885710
	3426885711
	3426885712
	3426885713
	3426885714
	3426885715
	3426885716
	3426885717
	3426885718
	3426885719
	3426885720
	3426885721
	3426885722
	3426885723
	3426885724
	3426885725
	3426885726
	3426885727
	3426885728
	3426885729
	3426885730
	3426885731
	3426885732
	3426885733
	3426885734
	3426885735
	3426885736
	3426885737
	3426885738
	3426885739
	3426885740
	3426885741
	3426885742
	3426885743
	3426885744
	3426885745
	3426885746
	3426885747
	3426885748
	3426885749
	3426885750
	3426885751
	3426885752
	3426885753
	3426885754
	3426885755
	3426885756
	3426885757
	3426885758
	3426885759
	3426885760
	3426885761
	3426885762
	3426885763
	3426885764
	3426885765
	3426885766
	3426885767
	3426885768
	3426885769
	3426885770
	3426885771
	3426885772
	3426885773
	3426885774
	3426885775
	3426885776
	3426885777
	3426885778
	3426885779
	3426885780
	3426885781
	3426885782
	3426885783
	3426885784
	3426885785
	3426885786
	3426885787
	3426885788
	3426885789
	3426885790
	3426885791
	3426885792
	3426885793
	3426885794
	3426885795
	3426885796
	3426885797
	3426885798
	3426885799
	3426885800
	3426885801
	3426885802
	3426885803
	3426885804
	3426885805
	3426885806
	3426885807
	3426885808
	3426885809
	3426885810
	3426885811
	3426885812
	3426885813
	3426885814
	3426885815
	3426885816
	3426885817
	3426885818
	3426885819
	3426885820
	3426885821
	3426885822
	3426885823
	3426885824
	3426885825
	3426885826
	3426885827
	3426885828
	3426885829
	3426885830
	3426885831
	3426885832
	3426885833
	3426885834
	3426885835
	3426885836
	3426885837
	3426885838
	3426885839
	3426885840
	3426885841
	3426885842
	3426885843
	3426885844
	3426885845
	3426885846
	3426885847
	3426885848
	3426885849
	3426885850
	3426885851
	3426885852
	3426885853
	3426885854
	3426885855
	3426885856
	3426885857
	3426885858
	3426885859
	3426885860
	3426885861
	3426885862
	3426885863
	3426885864
	3426885865
	3426885866
	3426885867
	3426885868
	3426885869
	3426885870
	3426885871
	3426885872
	3426885873
	3426885874
	3426885875
	3426885876
	3426885877
	3426885878
	3426885879
	3426885880
	3426885881
	3426885882
	3426885883
	3426885884
	3426885885
	3426885886
	3426885887
	3426885888
	3426885889
	3426885890
	3426885891
	3426885892
	3426885893
	3426885894
	3426885895
	3426885896
	3426885897
	3426885898
	3426885899
	3426885900
	3426885901
	3426885902
	3426885903
	3426885904
	3426885905
	3426885906
	3426885907
	3426885908
	3426885909
	3426885910
	3426885911
	3426885912
	3426885913
	3426885914
	3426885915
	3426885916
	3426885917
	3426885918
	3426885919
	3426885920
	3426885921
	3426885922
	3426885923
	3426885924
	3426885925
	3426885926
	3426885927
	3426885928
	3426885929
	3426885930
	3426885931
	3426885932
	3426885933
	3426885934
	3426885935
	3426885936
	3426885937
	3426885938
	3426885939
	3426885940
	3426885941
	3426885942
	3426885943
	3426885944
	3426885945
	3426885946
	3426885947
	3426885948
	3426885949
	3426885950
	3426885951
	3426885952
	3426885953
	3426885954
	3426885955
	3426885956
	3426885957
	3426885958
	3426885959
	3426885960
	3426885961
	3426885962
	3426885963
	3426885964
	3426885965
	3426885966
	3426885967
	3426885968
	3426885969
	3426885970
	3426885971
	3426885972
	3426885973
	3426885974
	3426885975
	3426885976
	3426885977
	3426885978
	3426885979
	3426885980
	3426885981
	3426885982
	3426885983
	3426885984
	3426885985
	3426885986
	3426885987
	3426885988
	3426885989
	3426885990
	3426885991
	3426885992
	3426885993
	3426885994
	3426885995
	3426885996
	3426885997
	3426885998
	3426885999
	3426886000
	3426886001
	3426886002
	3426886003
	3426886004
	3426886005
	3426886006
	3426886007
	3426886008
	3426886009
	3426886010
	3426886011
	3426886012
	3426886013
	3426886014
	3426886015
	3426886016
	3426886017
	3426886018
	3426886019
	3426886020
	3426886021
	3426886022
	3426886023
	3426886024
	3426886025
	3426886026
	3426886027
	3426886028
	3426886029
	3426886030
	3426886031
	3426886032
	3426886033
	3426886034
	3426886035
	3426886036
	3426886037
	3426886038
	3426886039
	3426886040
	3426886041
	3426886042
	3426886043
	3426886044
	3426886045
	3426886046
	3426886047
	3426886048
	3426886049
	3426886050
	3426886051
	3426886052
	3426886053
	3426886054
	3426886055
	3426886056
	3426886057
	3426886058
	3426886059
	3426886060
	3426886061
	3426886062
	3426886063
	3426886064
	3426886065
	3426886066
	3426886067
	3426886068
	3426886069
	3426886070
	3426886071
	3426886072
	3426886073
	3426886074
	3426886075
	3426886076
	3426886077
	3426886078
	3426886079
	3426886080
	3426886081
	3426886082
	3426886083
	3426886084
	3426886085
	3426886086
	3426886087
	3426886088
	3426886089
	3426886090
	3426886091
	3426886092
	3426886093
	3426886094
	3426886095
	3426886096
	3426886097
	3426886098
	3426886099
	3426886100
	3426886101
	3426886102
	3426886103
	3426886104
	3426886105
	3426886106
	3426886107
	3426886108
	3426886109
	3426886110
	3426886111
	3426886112
	3426886113
	3426886114
	3426886115
	3426886116
	3426886117
	3426886118
	3426886119
	3426886120
	3426886121
	3426886122
	3426886123
	3426886124
	3426886125
	3426886126
	3426886127
	3426886128
	3426886129
	3426886130
	3426886131
	3426886132
	3426886133
	3426886134
	3426886135
	3426886136
	3426886137
	3426886138
	3426886139
	3426886140
	3426886141
	3426886142
	3426886143
	3426886144
	3426886145
	3426886146
	3426886147
	3426886148
	3426886149
	3426886150
	3426886151
	3426886152
	3426886153
	3426886154
	3426886155
	3426886156
	3426886157
	3426886158
	3426886159
	3426886160
	3426886161
	3426886162
	3426886163
	3426886164
	3426886165
	3426886166
	3426886167
	3426886168
	3426886169
	3426886170
	3426886171
	3426886172
	3426886173
	3426886174
	3426886175
	3426886176
	3426886177
	3426886178
	3426886179
	3426886180
	3426886181
	3426886182
	3426886183
	3426886184
	3426886185
	3426886186
	3426886187
	3426886188
	3426886189
	3426886190
	3426886191
	3426886192
	3426886193
	3426886194
	3426886195
	3426886196
	3426886197
	3426886198
	3426886199
	3426886200
	3426886201
	3426886202
	3426886203
	3426886204
	3426886205
	3426886206
	3426886207
	3426886208
	3426886209
	3426886210
	3426886211
	3426886212
	3426886213
	3426886214
	3426886215
	3426886216
	3426886217
	3426886218
	3426886219
	3426886220
	3426886221
	3426886222
	3426886223
	3426886224
	3426886225
	3426886226
	3426886227
	3426886228
	3426886229
	3426886230
	3426886231
	3426886232
	3426886233
	3426886234
	3426886235
	3426886236
	3426886237
	3426886238
	3426886239
	3426886240
	3426886241
	3426886242
	3426886243
	3426886244
	3426886245
	3426886246
	3426886247
	3426886248
	3426886249
	3426886250
	3426886251
	3426886252
	3426886253
	3426886254
	3426886255
	3426886256
	3426886257
	3426886258
	3426886259
	3426886260
	3426886261
	3426886262
	3426886263
	3426886264
	3426886265
	3426886266
	3426886267
	3426886268
	3426886269
	3426886270
	3426886271
	3426886272
	3426886273
	3426886274
	3426886275
	3426886276
	3426886277
	3426886278
	3426886279
	3426886280
	3426886281
	3426886282
	3426886283
	3426886284
	3426886285
	3426886286
	3426886287
	3426886288
	3426886289
	3426886290
	3426886291
	3426886292
	3426886293
	3426886294
	3426886295
	3426886296
	3426886297
	3426886298
	3426886299
	3426886300
	3426886301
	3426886302
	3426886303
	3426886304
	3426886305
	3426886306
	3426886307
	3426886308
	3426886309
	3426886310
	3426886311
	3426886312
	3426886313
	3426886314
	3426886315
	3426886316
	3426886317
	3426886318
	3426886319
	3426886320
	3426886321
	3426886322
	3426886323
	3426886324
	3426886325
	3426886326
	3426886327
	3426886328
	3426886329
	3426886330
	3426886331
	3426886332
	3426886333
	3426886334
	3426886335
	3426886336
	3426886337
	3426886338
	3426886339
	3426886340
	3426886341
	3426886342
	3426886343
	3426886344
	3426886345
	3426886346
	3426886347
	3426886348
	3426886349
	3426886350
	3426886351
	3426886352
	3426886353
	3426886354
	3426886355
	3426886356
	3426886357
	3426886358
	3426886359
	3426886360
	3426886361
	3426886362
	3426886363
	3426886364
	3426886365
	3426886366
	3426886367
	3426886368
	3426886369
	3426886370
	3426886371
	3426886372
	3426886373
	3426886374
	3426886375
	3426886376
	3426886377
	3426886378
	3426886379
	3426886380
	3426886381
	3426886382
	3426886383
	3426886384
	3426886385
	3426886386
	3426886387
	3426886388
	3426886389
	3426886390
	3426886391
	3426886392
	3426886393
	3426886394
	3426886395
	3426886396
	3426886397
	3426886398
	3426886399
	3426886400
	3426886401
	3426886402
	3426886403
	3426886404
	3426886405
	3426886406
	3426886407
	3426886408
	3426886409
	3426886410
	3426886411
	3426886412
	3426886413
	3426886414
	3426886415
	3426886416
	3426886417
	3426886418
	3426886419
	3426886420
	3426886421
	3426886422
	3426886423
	3426886424
	3426886425
	3426886426
	3426886427
	3426886428
	3426886429
	3426886430
	3426886431
	3426886432
	3426886433
	3426886434
	3426886435
	3426886436
	3426886437
	3426886438
	3426886439
	3426886440
	3426886441
	3426886442
	3426886443
	3426886444
	3426886445
	3426886446
	3426886447
	3426886448
	3426886449
	3426886450
	3426886451
	3426886452
	3426886453
	3426886454
	3426886455
	3426886456
	3426886457
	3426886458
	3426886459
	3426886460
	3426886461
	3426886462
	3426886463
	3426886464
	3426886465
	3426886466
	3426886467
	3426886468
	3426886469
	3426886470
	3426886471
	3426886472
	3426886473
	3426886474
	3426886475
	3426886476
	3426886477
	3426886478
	3426886479
	3426886480
	3426886481
	3426886482
	3426886483
	3426886484
	3426886485
	3426886486
	3426886487
	3426886488
	3426886489
	3426886490
	3426886491
	3426886492
	3426886493
	3426886494
	3426886495
	3426886496
	3426886497
	3426886498
	3426886499
	3426886500
	3426886501
	3426886502
	3426886503
	3426886504
	3426886505
	3426886506
	3426886507
	3426886508
	3426886509
	3426886510
	3426886511
	3426886512
	3426886513
	3426886514
	3426886515
	3426886516
	3426886517
	3426886518
	3426886519
	3426886520
	3426886521
	3426886522
	3426886523
	3426886524
	3426886525
	3426886526
	3426886527
	3426886528
	3426886529
	3426886530
	3426886531
	3426886532
	3426886533
	3426886534
	3426886535
	3426886536
	3426886537
	3426886538
	3426886539
	3426886540
	3426886541
	3426886542
	3426886543
	3426886544
	3426886545
	3426886546
	3426886547
	3426886548
	3426886549
	3426886550
	3426886551
	3426886552
	3426886553
	3426886554
	3426886555
	3426886556
	3426886557
	3426886558
	3426886559
	3426886560
	3426886561
	3426886562
	3426886563
	3426886564
	3426886565
	3426886566
	3426886567
	3426886568
	3426886569
	3426886570
	3426886571
	3426886572
	3426886573
	3426886574
	3426886575
	3426886576
	3426886577
	3426886578
	3426886579
	3426886580
	3426886581
	3426886582
	3426886583
	3426886584
	3426886585
	3426886586
	3426886587
	3426886588
	3426886589
	3426886590
	3426886591
	3426886592
	3426886593
	3426886594
	3426886595
	3426886596
	3426886597
	3426886598
	3426886599
	3426886600
	3426886601
	3426886602
	3426886603
	3426886604
	3426886605
	3426886606
	3426886607
	3426886608
	3426886609
	3426886610
	3426886611
	3426886612
	3426886613
	3426886614
	3426886615
	3426886616
	3426886617
	3426886618
	3426886619
	3426886620
	3426886621
	3426886622
	3426886623
	3426886624
	3426886625
	3426886626
	3426886627
	3426886628
	3426886629
	3426886630
	3426886631
	3426886632
	3426886633
	3426886634
	3426886635
	3426886636
	3426886637
	3426886638
	3426886639
	3426886640
	3426886641
	3426886642
	3426886643
	3426886644
	3426886645
	3426886646
	3426886647
	3426886648
	3426886649
	3426886650
	3426886651
	3426886652
	3426886653
	3426886654
	3426886655
	3426886656
	3426886657
	3426886658
	3426886659
	3426886660
	3426886661
	3426886662
	3426886663
	3426886664
	3426886665
	3426886666
	3426886667
	3426886668
	3426886669
	3426886670
	3426886671
	3426886672
	3426886673
	3426886674
	3426886675
	3426886676
	3426886677
	3426886678
	3426886679
	3426886680
	3426886681
	3426886682
	3426886683
	3426886684
	3426886685
	3426886686
	3426886687
	3426886688
	3426886689
	3426886690
	3426886691
	3426886692
	3426886693
	3426886694
	3426886695
	3426886696
	3426886697
	3426886698
	3426886699
	3426886700
	3426886701
	3426886702
	3426886703
	3426886704
	3426886705
	3426886706
	3426886707
	3426886708
	3426886709
	3426886710
	3426886711
	3426886712
	3426886713
	3426886714
	3426886715
	3426886716
	3426886717
	3426886718
	3426886719
	3426886720
	3426886721
	3426886722
	3426886723
	3426886724
	3426886725
	3426886726
	3426886727
	3426886728
	3426886729
	3426886730
	3426886731
	3426886732
	3426886733
	3426886734
	3426886735
	3426886736
	3426886737
	3426886738
	3426886739
	3426886740
	3426886741
	3426886742
	3426886743
	3426886744
	3426886745
	3426886746
	3426886747
	3426886748
	3426886749
	3426886750
	3426886751
	3426886752
	3426886753
	3426886754
	3426886755
	3426886756
	3426886757
	3426886758
	3426886759
	3426886760
	3426886761
	3426886762
	3426886763
	3426886764
	3426886765
	3426886766
	3426886767
	3426886768
	3426886769
	3426886770
	3426886771
	3426886772
	3426886773
	3426886774
	3426886775
	3426886776
	3426886777
	3426886778
	3426886779
	3426886780
	3426886781
	3426886782
	3426886783
	3426886784
	3426886785
	3426886786
	3426886787
	3426886788
	3426886789
	3426886790
	3426886791
	3426886792
	3426886793
	3426886794
	3426886795
	3426886796
	3426886797
	3426886798
	3426886799
	3426886800
	3426886801
	3426886802
	3426886803
	3426886804
	3426886805
	3426886806
	3426886807
	3426886808
	3426886809
	3426886810
	3426886811
	3426886812
	3426886813
	3426886814
	3426886815
	3426886816
	3426886817
	3426886818
	3426886819
	3426886820
	3426886821
	3426886822
	3426886823
	3426886824
	3426886825
	3426886826
	3426886827
	3426886828
	3426886829
	3426886830
	3426886831
	3426886832
	3426886833
	3426886834
	3426886835
	3426886836
	3426886837
	3426886838
	3426886839
	3426886840
	3426886841
	3426886842
	3426886843
	3426886844
	3426886845
	3426886846
	3426886847
	3426886848
	3426886849
	3426886850
	3426886851
	3426886852
	3426886853
	3426886854
	3426886855
	3426886856
	3426886857
	3426886858
	3426886859
	3426886860
	3426886861
	3426886862
	3426886863
	3426886864
	3426886865
	3426886866
	3426886867
	3426886868
	3426886869
	3426886870
	3426886871
	3426886872
	3426886873
	3426886874
	3426886875
	3426886876
	3426886877
	3426886878
	3426886879
	3426886880
	3426886881
	3426886882
	3426886883
	3426886884
	3426886885
	3426886886
	3426886887
	3426886888
	3426886889
	3426886890
	3426886891
	3426886892
	3426886893
	3426886894
	3426886895
	3426886896
	3426886897
	3426886898
	3426886899
	3426886900
	3426886901
	3426886902
	3426886903
	3426886904
	3426886905
	3426886906
	3426886907
	3426886908
	3426886909
	3426886910
	3426886911
	3426886912
	3426886913
	3426886914
	3426886915
	3426886916
	3426886917
	3426886918
	3426886919
	3426886920
	3426886921
	3426886922
	3426886923
	3426886924
	3426886925
	3426886926
	3426886927
	3426886928
	3426886929
	3426886930
	3426886931
	3426886932
	3426886933
	3426886934
	3426886935
	3426886936
	3426886937
	3426886938
	3426886939
	3426886940
	3426886941
	3426886942
	3426886943
	3426886944
	3426886945
	3426886946
	3426886947
	3426886948
	3426886949
	3426886950
	3426886951
	3426886952
	3426886953
	3426886954
	3426886955
	3426886956
	3426886957
	3426886958
	3426886959
	3426886960
	3426886961
	3426886962
	3426886963
	3426886964
	3426886965
	3426886966
	3426886967
	3426886968
	3426886969
	3426886970
	3426886971
	3426886972
	3426886973
	3426886974
	3426886975
	3426886976
	3426886977
	3426886978
	3426886979
	3426886980
	3426886981
	3426886982
	3426886983
	3426886984
	3426886985
	3426886986
	3426886987
	3426886988
	3426886989
	3426886990
	3426886991
	3426886992
	3426886993
	3426886994
	3426886995
	3426886996
	3426886997
	3426886998
	3426886999
	3426887000
	3426887001
	3426887002
	3426887003
	3426887004
	3426887005
	3426887006
	3426887007
	3426887008
	3426887009
	3426887010
	3426887011
	3426887012
	3426887013
	3426887014
	3426887015
	3426887016
	3426887017
	3426887018
	3426887019
	3426887020
	3426887021
	3426887022
	3426887023
	3426887024
	3426887025
	3426887026
	3426887027
	3426887028
	3426887029
	3426887030
	3426887031
	3426887032
	3426887033
	3426887034
	3426887035
	3426887036
	3426887037
	3426887038
	3426887039
	3426887040
	3426887041
	3426887042
	3426887043
	3426887044
	3426887045
	3426887046
	3426887047
	3426887048
	3426887049
	3426887050
	3426887051
	3426887052
	3426887053
	3426887054
	3426887055
	3426887056
	3426887057
	3426887058
	3426887059
	3426887060
	3426887061
	3426887062
	3426887063
	3426887064
	3426887065
	3426887066
	3426887067
	3426887068
	3426887069
	3426887070
	3426887071
	3426887072
	3426887073
	3426887074
	3426887075
	3426887076
	3426887077
	3426887078
	3426887079
	3426887080
	3426887081
	3426887082
	3426887083
	3426887084
	3426887085
	3426887086
	3426887087
	3426887088
	3426887089
	3426887090
	3426887091
	3426887092
	3426887093
	3426887094
	3426887095
	3426887096
	3426887097
	3426887098
	3426887099
	3426887100
	3426887101
	3426887102
	3426887103
	3426887104
	3426887105
	3426887106
	3426887107
	3426887108
	3426887109
	3426887110
	3426887111
	3426887112
	3426887113
	3426887114
	3426887115
	3426887116
	3426887117
	3426887118
	3426887119
	3426887120
	3426887121
	3426887122
	3426887123
	3426887124
	3426887125
	3426887126
	3426887127
	3426887128
	3426887129
	3426887130
	3426887131
	3426887132
	3426887133
	3426887134
	3426887135
	3426887136
	3426887137
	3426887138
	3426887139
	3426887140
	3426887141
	3426887142
	3426887143
	3426887144
	3426887145
	3426887146
	3426887147
	3426887148
	3426887149
	3426887150
	3426887151
	3426887152
	3426887153
	3426887154
	3426887155
	3426887156
	3426887157
	3426887158
	3426887159
	3426887160
	3426887161
	3426887162
	3426887163
	3426887164
	3426887165
	3426887166
	3426887167
	3426887168
	3426887169
	3426887170
	3426887171
	3426887172
	3426887173
	3426887174
	3426887175
	3426887176
	3426887177
	3426887178
	3426887179
	3426887180
	3426887181
	3426887182
	3426887183
	3426887184
	3426887185
	3426887186
	3426887187
	3426887188
	3426887189
	3426887190
	3426887191
	3426887192
	3426887193
	3426887194
	3426887195
	3426887196
	3426887197
	3426887198
	3426887199
	3426887200
	3426887201
	3426887202
	3426887203
	3426887204
	3426887205
	3426887206
	3426887207
	3426887208
	3426887209
	3426887210
	3426887211
	3426887212
	3426887213
	3426887214
	3426887215
	3426887216
	3426887217
	3426887218
	3426887219
	3426887220
	3426887221
	3426887222
	3426887223
	3426887224
	3426887225
	3426887226
	3426887227
	3426887228
	3426887229
	3426887230
	3426887231
	3426887232
	3426887233
	3426887234
	3426887235
	3426887236
	3426887237
	3426887238
	3426887239
	3426887240
	3426887241
	3426887242
	3426887243
	3426887244
	3426887245
	3426887246
	3426887247
	3426887248
	3426887249
	3426887250
	3426887251
	3426887252
	3426887253
	3426887254
	3426887255
	3426887256
	3426887257
	3426887258
	3426887259
	3426887260
	3426887261
	3426887262
	3426887263
	3426887264
	3426887265
	3426887266
	3426887267
	3426887268
	3426887269
	3426887270
	3426887271
	3426887272
	3426887273
	3426887274
	3426887275
	3426887276
	3426887277
	3426887278
	3426887279
	3426887280
	3426887281
	3426887282
	3426887283
	3426887284
	3426887285
	3426887286
	3426887287
	3426887288
	3426887289
	3426887290
	3426887291
	3426887292
	3426887293
	3426887294
	3426887295
	3426887296
	3426887297
	3426887298
	3426887299
	3426887300
	3426887301
	3426887302
	3426887303
	3426887304
	3426887305
	3426887306
	3426887307
	3426887308
	3426887309
	3426887310
	3426887311
	3426887312
	3426887313
	3426887314
	3426887315
	3426887316
	3426887317
	3426887318
	3426887319
	3426887320
	3426887321
	3426887322
	3426887323
	3426887324
	3426887325
	3426887326
	3426887327
	3426887328
	3426887329
	3426887330
	3426887331
	3426887332
	3426887333
	3426887334
	3426887335
	3426887336
	3426887337
	3426887338
	3426887339
	3426887340
	3426887341
	3426887342
	3426887343
	3426887344
	3426887345
	3426887346
	3426887347
	3426887348
	3426887349
	3426887350
	3426887351
	3426887352
	3426887353
	3426887354
	3426887355
	3426887356
	3426887357
	3426887358
	3426887359
	3426887360
	3426887361
	3426887362
	3426887363
	3426887364
	3426887365
	3426887366
	3426887367
	3426887368
	3426887369
	3426887370
	3426887371
	3426887372
	3426887373
	3426887374
	3426887375
	3426887376
	3426887377
	3426887378
	3426887379
	3426887380
	3426887381
	3426887382
	3426887383
	3426887384
	3426887385
	3426887386
	3426887387
	3426887388
	3426887389
	3426887390
	3426887391
	3426887392
	3426887393
	3426887394
	3426887395
	3426887396
	3426887397
	3426887398
	3426887399
	3426887400
	3426887401
	3426887402
	3426887403
	3426887404
	3426887405
	3426887406
	3426887407
	3426887408
	3426887409
	3426887410
	3426887411
	3426887412
	3426887413
	3426887414
	3426887415
	3426887416
	3426887417
	3426887418
	3426887419
	3426887420
	3426887421
	3426887422
	3426887423
	3426887424
	3426887425
	3426887426
	3426887427
	3426887428
	3426887429
	3426887430
	3426887431
	3426887432
	3426887433
	3426887434
	3426887435
	3426887436
	3426887437
	3426887438
	3426887439
	3426887440
	3426887441
	3426887442
	3426887443
	3426887444
	3426887445
	3426887446
	3426887447
	3426887448
	3426887449
	3426887450
	3426887451
	3426887452
	3426887453
	3426887454
	3426887455
	3426887456
	3426887457
	3426887458
	3426887459
	3426887460
	3426887461
	3426887462
	3426887463
	3426887464
	3426887465
	3426887466
	3426887467
	3426887468
	3426887469
	3426887470
	3426887471
	3426887472
	3426887473
	3426887474
	3426887475
	3426887476
	3426887477
	3426887478
	3426887479
	3426887480
	3426887481
	3426887482
	3426887483
	3426887484
	3426887485
	3426887486
	3426887487
	3426887488
	3426887489
	3426887490
	3426887491
	3426887492
	3426887493
	3426887494
	3426887495
	3426887496
	3426887497
	3426887498
	3426887499
	3426887500
	3426887501
	3426887502
	3426887503
	3426887504
	3426887505
	3426887506
	3426887507
	3426887508
	3426887509
	3426887510
	3426887511
	3426887512
	3426887513
	3426887514
	3426887515
	3426887516
	3426887517
	3426887518
	3426887519
	3426887520
	3426887521
	3426887522
	3426887523
	3426887524
	3426887525
	3426887526
	3426887527
	3426887528
	3426887529
	3426887530
	3426887531
	3426887532
	3426887533
	3426887534
	3426887535
	3426887536
	3426887537
	3426887538
	3426887539
	3426887540
	3426887541
	3426887542
	3426887543
	3426887544
	3426887545
	3426887546
	3426887547
	3426887548
	3426887549
	3426887550
	3426887551
	3426887552
	3426887553
	3426887554
	3426887555
	3426887556
	3426887557
	3426887558
	3426887559
	3426887560
	3426887561
	3426887562
	3426887563
	3426887564
	3426887565
	3426887566
	3426887567
	3426887568
	3426887569
	3426887570
	3426887571
	3426887572
	3426887573
	3426887574
	3426887575
	3426887576
	3426887577
	3426887578
	3426887579
	3426887580
	3426887581
	3426887582
	3426887583
	3426887584
	3426887585
	3426887586
	3426887587
	3426887588
	3426887589
	3426887590
	3426887591
	3426887592
	3426887593
	3426887594
	3426887595
	3426887596
	3426887597
	3426887598
	3426887599
	3426887600
	3426887601
	3426887602
	3426887603
	3426887604
	3426887605
	3426887606
	3426887607
	3426887608
	3426887609
	3426887610
	3426887611
	3426887612
	3426887613
	3426887614
	3426887615
	3426887616
	3426887617
	3426887618
	3426887619
	3426887620
	3426887621
	3426887622
	3426887623
	3426887624
	3426887625
	3426887626
	3426887627
	3426887628
	3426887629
	3426887630
	3426887631
	3426887632
	3426887633
	3426887634
	3426887635
	3426887636
	3426887637
	3426887638
	3426887639
	3426887640
	3426887641
	3426887642
	3426887643
	3426887644
	3426887645
	3426887646
	3426887647
	3426887648
	3426887649
	3426887650
	3426887651
	3426887652
	3426887653
	3426887654
	3426887655
	3426887656
	3426887657
	3426887658
	3426887659
	3426887660
	3426887661
	3426887662
	3426887663
	3426887664
	3426887665
	3426887666
	3426887667
	3426887668
	3426887669
	3426887670
	3426887671
	3426887672
	3426887673
	3426887674
	3426887675
	3426887676
	3426887677
	3426887678
	3426887679
	3426887680
	3426887681
	3426887682
	3426887683
	3426887684
	3426887685
	3426887686
	3426887687
	3426887688
	3426887689
	3426887690
	3426887691
	3426887692
	3426887693
	3426887694
	3426887695
	3426887696
	3426887697
	3426887698
	3426887699
	3426887700
	3426887701
	3426887702
	3426887703
	3426887704
	3426887705
	3426887706
	3426887707
	3426887708
	3426887709
	3426887710
	3426887711
	3426887712
	3426887713
	3426887714
	3426887715
	3426887716
	3426887717
	3426887718
	3426887719
	3426887720
	3426887721
	3426887722
	3426887723
	3426887724
	3426887725
	3426887726
	3426887727
	3426887728
	3426887729
	3426887730
	3426887731
	3426887732
	3426887733
	3426887734
	3426887735
	3426887736
	3426887737
	3426887738
	3426887739
	3426887740
	3426887741
	3426887742
	3426887743
	3426887744
	3426887745
	3426887746
	3426887747
	3426887748
	3426887749
	3426887750
	3426887751
	3426887752
	3426887753
	3426887754
	3426887755
	3426887756
	3426887757
	3426887758
	3426887759
	3426887760
	3426887761
	3426887762
	3426887763
	3426887764
	3426887765
	3426887766
	3426887767
	3426887768
	3426887769
	3426887770
	3426887771
	3426887772
	3426887773
	3426887774
	3426887775
	3426887776
	3426887777
	3426887778
	3426887779
	3426887780
	3426887781
	3426887782
	3426887783
	3426887784
	3426887785
	3426887786
	3426887787
	3426887788
	3426887789
	3426887790
	3426887791
	3426887792
	3426887793
	3426887794
	3426887795
	3426887796
	3426887797
	3426887798
	3426887799
	3426887800
	3426887801
	3426887802
	3426887803
	3426887804
	3426887805
	3426887806
	3426887807
	3426887808
	3426887809
	3426887810
	3426887811
	3426887812
	3426887813
	3426887814
	3426887815
	3426887816
	3426887817
	3426887818
	3426887819
	3426887820
	3426887821
	3426887822
	3426887823
	3426887824
	3426887825
	3426887826
	3426887827
	3426887828
	3426887829
	3426887830
	3426887831
	3426887832
	3426887833
	3426887834
	3426887835
	3426887836
	3426887837
	3426887838
	3426887839
	3426887840
	3426887841
	3426887842
	3426887843
	3426887844
	3426887845
	3426887846
	3426887847
	3426887848
	3426887849
	3426887850
	3426887851
	3426887852
	3426887853
	3426887854
	3426887855
	3426887856
	3426887857
	3426887858
	3426887859
	3426887860
	3426887861
	3426887862
	3426887863
	3426887864
	3426887865
	3426887866
	3426887867
	3426887868
	3426887869
	3426887870
	3426887871
	3426887872
	3426887873
	3426887874
	3426887875
	3426887876
	3426887877
	3426887878
	3426887879
	3426887880
	3426887881
	3426887882
	3426887883
	3426887884
	3426887885
	3426887886
	3426887887
	3426887888
	3426887889
	3426887890
	3426887891
	3426887892
	3426887893
	3426887894
	3426887895
	3426887896
	3426887897
	3426887898
	3426887899
	3426887900
	3426887901
	3426887902
	3426887903
	3426887904
	3426887905
	3426887906
	3426887907
	3426887908
	3426887909
	3426887910
	3426887911
	3426887912
	3426887913
	3426887914
	3426887915
	3426887916
	3426887917
	3426887918
	3426887919
	3426887920
	3426887921
	3426887922
	3426887923
	3426887924
	3426887925
	3426887926
	3426887927
	3426887928
	3426887929
	3426887930
	3426887931
	3426887932
	3426887933
	3426887934
	3426887935
	3426887936
	3426887937
	3426887938
	3426887939
	3426887940
	3426887941
	3426887942
	3426887943
	3426887944
	3426887945
	3426887946
	3426887947
	3426887948
	3426887949
	3426887950
	3426887951
	3426887952
	3426887953
	3426887954
	3426887955
	3426887956
	3426887957
	3426887958
	3426887959
	3426887960
	3426887961
	3426887962
	3426887963
	3426887964
	3426887965
	3426887966
	3426887967
	3426887968
	3426887969
	3426887970
	3426887971
	3426887972
	3426887973
	3426887974
	3426887975
	3426887976
	3426887977
	3426887978
	3426887979
	3426887980
	3426887981
	3426887982
	3426887983
	3426887984
	3426887985
	3426887986
	3426887987
	3426887988
	3426887989
	3426887990
	3426887991
	3426887992
	3426887993
	3426887994
	3426887995
	3426887996
	3426887997
	3426887998
	3426887999
	3426888000
	3426888001
	3426888002
	3426888003
	3426888004
	3426888005
	3426888006
	3426888007
	3426888008
	3426888009
	3426888010
	3426888011
	3426888012
	3426888013
	3426888014
	3426888015
	3426888016
	3426888017
	3426888018
	3426888019
	3426888020
	3426888021
	3426888022
	3426888023
	3426888024
	3426888025
	3426888026
	3426888027
	3426888028
	3426888029
	3426888030
	3426888031
	3426888032
	3426888033
	3426888034
	3426888035
	3426888036
	3426888037
	3426888038
	3426888039
	3426888040
	3426888041
	3426888042
	3426888043
	3426888044
	3426888045
	3426888046
	3426888047
	3426888048
	3426888049
	3426888050
	3426888051
	3426888052
	3426888053
	3426888054
	3426888055
	3426888056
	3426888057
	3426888058
	3426888059
	3426888060
	3426888061
	3426888062
	3426888063
	3426888064
	3426888065
	3426888066
	3426888067
	3426888068
	3426888069
	3426888070
	3426888071
	3426888072
	3426888073
	3426888074
	3426888075
	3426888076
	3426888077
	3426888078
	3426888079
	3426888080
	3426888081
	3426888082
	3426888083
	3426888084
	3426888085
	3426888086
	3426888087
	3426888088
	3426888089
	3426888090
	3426888091
	3426888092
	3426888093
	3426888094
	3426888095
	3426888096
	3426888097
	3426888098
	3426888099
	3426888100
	3426888101
	3426888102
	3426888103
	3426888104
	3426888105
	3426888106
	3426888107
	3426888108
	3426888109
	3426888110
	3426888111
	3426888112
	3426888113
	3426888114
	3426888115
	3426888116
	3426888117
	3426888118
	3426888119
	3426888120
	3426888121
	3426888122
	3426888123
	3426888124
	3426888125
	3426888126
	3426888127
	3426888128
	3426888129
	3426888130
	3426888131
	3426888132
	3426888133
	3426888134
	3426888135
	3426888136
	3426888137
	3426888138
	3426888139
	3426888140
	3426888141
	3426888142
	3426888143
	3426888144
	3426888145
	3426888146
	3426888147
	3426888148
	3426888149
	3426888150
	3426888151
	3426888152
	3426888153
	3426888154
	3426888155
	3426888156
	3426888157
	3426888158
	3426888159
	3426888160
	3426888161
	3426888162
	3426888163
	3426888164
	3426888165
	3426888166
	3426888167
	3426888168
	3426888169
	3426888170
	3426888171
	3426888172
	3426888173
	3426888174
	3426888175
	3426888176
	3426888177
	3426888178
	3426888179
	3426888180
	3426888181
	3426888182
	3426888183
	3426888184
	3426888185
	3426888186
	3426888187
	3426888188
	3426888189
	3426888190
	3426888191
	3426888192
	3426888193
	3426888194
	3426888195
	3426888196
	3426888197
	3426888198
	3426888199
	3426888200
	3426888201
	3426888202
	3426888203
	3426888204
	3426888205
	3426888206
	3426888207
	3426888208
	3426888209
	3426888210
	3426888211
	3426888212
	3426888213
	3426888214
	3426888215
	3426888216
	3426888217
	3426888218
	3426888219
	3426888220
	3426888221
	3426888222
	3426888223
	3426888224
	3426888225
	3426888226
	3426888227
	3426888228
	3426888229
	3426888230
	3426888231
	3426888232
	3426888233
	3426888234
	3426888235
	3426888236
	3426888237
	3426888238
	3426888239
	3426888240
	3426888241
	3426888242
	3426888243
	3426888244
	3426888245
	3426888246
	3426888247
	3426888248
	3426888249
	3426888250
	3426888251
	3426888252
	3426888253
	3426888254
	3426888255
	3426888256
	3426888257
	3426888258
	3426888259
	3426888260
	3426888261
	3426888262
	3426888263
	3426888264
	3426888265
	3426888266
	3426888267
	3426888268
	3426888269
	3426888270
	3426888271
	3426888272
	3426888273
	3426888274
	3426888275
	3426888276
	3426888277
	3426888278
	3426888279
	3426888280
	3426888281
	3426888282
	3426888283
	3426888284
	3426888285
	3426888286
	3426888287
	3426888288
	3426888289
	3426888290
	3426888291
	3426888292
	3426888293
	3426888294
	3426888295
	3426888296
	3426888297
	3426888298
	3426888299
	3426888300
	3426888301
	3426888302
	3426888303
	3426888304
	3426888305
	3426888306
	3426888307
	3426888308
	3426888309
	3426888310
	3426888311
	3426888312
	3426888313
	3426888314
	3426888315
	3426888316
	3426888317
	3426888318
	3426888319
	3426888320
	3426888321
	3426888322
	3426888323
	3426888324
	3426888325
	3426888326
	3426888327
	3426888328
	3426888329
	3426888330
	3426888331
	3426888332
	3426888333
	3426888334
	3426888335
	3426888336
	3426888337
	3426888338
	3426888339
	3426888340
	3426888341
	3426888342
	3426888343
	3426888344
	3426888345
	3426888346
	3426888347
	3426888348
	3426888349
	3426888350
	3426888351
	3426888352
	3426888353
	3426888354
	3426888355
	3426888356
	3426888357
	3426888358
	3426888359
	3426888360
	3426888361
	3426888362
	3426888363
	3426888364
	3426888365
	3426888366
	3426888367
	3426888368
	3426888369
	3426888370
	3426888371
	3426888372
	3426888373
	3426888374
	3426888375
	3426888376
	3426888377
	3426888378
	3426888379
	3426888380
	3426888381
	3426888382
	3426888383
	3426888384
	3426888385
	3426888386
	3426888387
	3426888388
	3426888389
	3426888390
	3426888391
	3426888392
	3426888393
	3426888394
	3426888395
	3426888396
	3426888397
	3426888398
	3426888399
	3426888400
	3426888401
	3426888402
	3426888403
	3426888404
	3426888405
	3426888406
	3426888407
	3426888408
	3426888409
	3426888410
	3426888411
	3426888412
	3426888413
	3426888414
	3426888415
	3426888416
	3426888417
	3426888418
	3426888419
	3426888420
	3426888421
	3426888422
	3426888423
	3426888424
	3426888425
	3426888426
	3426888427
	3426888428
	3426888429
	3426888430
	3426888431
	3426888432
	3426888433
	3426888434
	3426888435
	3426888436
	3426888437
	3426888438
	3426888439
	3426888440
	3426888441
	3426888442
	3426888443
	3426888444
	3426888445
	3426888446
	3426888447
	3426888448
	3426888449
	3426888450
	3426888451
	3426888452
	3426888453
	3426888454
	3426888455
	3426888456
	3426888457
	3426888458
	3426888459
	3426888460
	3426888461
	3426888462
	3426888463
	3426888464
	3426888465
	3426888466
	3426888467
	3426888468
	3426888469
	3426888470
	3426888471
	3426888472
	3426888473
	3426888474
	3426888475
	3426888476
	3426888477
	3426888478
	3426888479
	3426888480
	3426888481
	3426888482
	3426888483
	3426888484
	3426888485
	3426888486
	3426888487
	3426888488
	3426888489
	3426888490
