	3426496261
	3426496262
	3426496263
	3426496264
	3426496265
	3426496266
	3426496267
	3426496268
	3426496269
	3426496270
	3426496271
	3426496272
	3426496273
	3426496274
	3426496275
	3426496276
	3426496277
	3426496278
	3426496279
	3426496280
	3426496281
	3426496282
	3426496283
	3426496284
	3426496285
	3426496286
	3426496287
	3426496288
	3426496289
	3426496290
	3426496291
	3426496292
	3426496293
	3426496294
	3426496295
	3426496296
	3426496297
	3426496298
	3426496299
	3426496300
	3426496301
	3426496302
	3426496303
	3426496304
	3426496305
	3426496306
	3426496307
	3426496308
	3426496309
	3426496310
	3426496311
	3426496312
	3426496313
	3426496314
	3426496315
	3426496316
	3426496317
	3426496318
	3426496319
	3426496320
	3426496321
	3426496322
	3426496323
	3426496324
	3426496325
	3426496326
	3426496327
	3426496328
	3426496329
	3426496330
	3426496331
	3426496332
	3426496333
	3426496334
	3426496335
	3426496336
	3426496337
	3426496338
	3426496339
	3426496340
	3426496341
	3426496342
	3426496343
	3426496344
	3426496345
	3426496346
	3426496347
	3426496348
	3426496349
	3426496350
	3426496351
	3426496352
	3426496353
	3426496354
	3426496355
	3426496356
	3426496357
	3426496358
	3426496359
	3426496360
	3426496361
	3426496362
	3426496363
	3426496364
	3426496365
	3426496366
	3426496367
	3426496368
	3426496369
	3426496370
	3426496371
	3426496372
	3426496373
	3426496374
	3426496375
	3426496376
	3426496377
	3426496378
	3426496379
	3426496380
	3426496381
	3426496382
	3426496383
	3426496384
	3426496385
	3426496386
	3426496387
	3426496388
	3426496389
	3426496390
	3426496391
	3426496392
	3426496393
	3426496394
	3426496395
	3426496396
	3426496397
	3426496398
	3426496399
	3426496400
	3426496401
	3426496402
	3426496403
	3426496404
	3426496405
	3426496406
	3426496407
	3426496408
	3426496409
	3426496410
	3426496411
	3426496412
	3426496413
	3426496414
	3426496415
	3426496416
	3426496417
	3426496418
	3426496419
	3426496420
	3426496421
	3426496422
	3426496423
	3426496424
	3426496425
	3426496426
	3426496427
	3426496428
	3426496429
	3426496430
	3426496431
	3426496432
	3426496433
	3426496434
	3426496435
	3426496436
	3426496437
	3426496438
	3426496439
	3426496440
	3426496441
	3426496442
	3426496443
	3426496444
	3426496445
	3426496446
	3426496447
	3426496448
	3426496449
	3426496450
	3426496451
	3426496452
	3426496453
	3426496454
	3426496455
	3426496456
	3426496457
	3426496458
	3426496459
	3426496460
	3426496461
	3426496462
	3426496463
	3426496464
	3426496465
	3426496466
	3426496467
	3426496468
	3426496469
	3426496470
	3426496471
	3426496472
	3426496473
	3426496474
	3426496475
	3426496476
	3426496477
	3426496478
	3426496479
	3426496480
	3426496481
	3426496482
	3426496483
	3426496484
	3426496485
	3426496486
	3426496487
	3426496488
	3426496489
	3426496490
	3426496491
	3426496492
	3426496493
	3426496494
	3426496495
	3426496496
	3426496497
	3426496498
	3426496499
	3426496500
	3426496501
	3426496502
	3426496503
	3426496504
	3426496505
	3426496506
	3426496507
	3426496508
	3426496509
	3426496510
	3426496511
	3426496512
	3426496513
	3426496514
	3426496515
	3426496516
	3426496517
	3426496518
	3426496519
	3426496520
	3426496521
	3426496522
	3426496523
	3426496524
	3426496525
	3426496526
	3426496527
	3426496528
	3426496529
	3426496530
	3426496531
	3426496532
	3426496533
	3426496534
	3426496535
	3426496536
	3426496537
	3426496538
	3426496539
	3426496540
	3426496541
	3426496542
	3426496543
	3426496544
	3426496545
	3426496546
	3426496547
	3426496548
	3426496549
	3426496550
	3426496551
	3426496552
	3426496553
	3426496554
	3426496555
	3426496556
	3426496557
	3426496558
	3426496559
	3426496560
	3426496561
	3426496562
	3426496563
	3426496564
	3426496565
	3426496566
	3426496567
	3426496568
	3426496569
	3426496570
	3426496571
	3426496572
	3426496573
	3426496574
	3426496575
	3426496576
	3426496577
	3426496578
	3426496579
	3426496580
	3426496581
	3426496582
	3426496583
	3426496584
	3426496585
	3426496586
	3426496587
	3426496588
	3426496589
	3426496590
	3426496591
	3426496592
	3426496593
	3426496594
	3426496595
	3426496596
	3426496597
	3426496598
	3426496599
	3426496600
	3426496601
	3426496602
	3426496603
	3426496604
	3426496605
	3426496606
	3426496607
	3426496608
	3426496609
	3426496610
	3426496611
	3426496612
	3426496613
	3426496614
	3426496615
	3426496616
	3426496617
	3426496618
	3426496619
	3426496620
	3426496621
	3426496622
	3426496623
	3426496624
	3426496625
	3426496626
	3426496627
	3426496628
	3426496629
	3426496630
	3426496631
	3426496632
	3426496633
	3426496634
	3426496635
	3426496636
	3426496637
	3426496638
	3426496639
	3426496640
	3426496641
	3426496642
	3426496643
	3426496644
	3426496645
	3426496646
	3426496647
	3426496648
	3426496649
	3426496650
	3426496651
	3426496652
	3426496653
	3426496654
	3426496655
	3426496656
	3426496657
	3426496658
	3426496659
	3426496660
	3426496661
	3426496662
	3426496663
	3426496664
	3426496665
	3426496666
	3426496667
	3426496668
	3426496669
	3426496670
	3426496671
	3426496672
	3426496673
	3426496674
	3426496675
	3426496676
	3426496677
	3426496678
	3426496679
	3426496680
	3426496681
	3426496682
	3426496683
	3426496684
	3426496685
	3426496686
	3426496687
	3426496688
	3426496689
	3426496690
	3426496691
	3426496692
	3426496693
	3426496694
	3426496695
	3426496696
	3426496697
	3426496698
	3426496699
	3426496700
	3426496701
	3426496702
	3426496703
	3426496704
	3426496705
	3426496706
	3426496707
	3426496708
	3426496709
	3426496710
	3426496711
	3426496712
	3426496713
	3426496714
	3426496715
	3426496716
	3426496717
	3426496718
	3426496719
	3426496720
	3426496721
	3426496722
	3426496723
	3426496724
	3426496725
	3426496726
	3426496727
	3426496728
	3426496729
	3426496730
	3426496731
	3426496732
	3426496733
	3426496734
	3426496735
	3426496736
	3426496737
	3426496738
	3426496739
	3426496740
	3426496741
	3426496742
	3426496743
	3426496744
	3426496745
	3426496746
	3426496747
	3426496748
	3426496749
	3426496750
	3426496751
	3426496752
	3426496753
	3426496754
	3426496755
	3426496756
	3426496757
	3426496758
	3426496759
	3426496760
	3426496761
	3426496762
	3426496763
	3426496764
	3426496765
	3426496766
	3426496767
	3426496768
	3426496769
	3426496770
	3426496771
	3426496772
	3426496773
	3426496774
	3426496775
	3426496776
	3426496777
	3426496778
	3426496779
	3426496780
	3426496781
	3426496782
	3426496783
	3426496784
	3426496785
	3426496786
	3426496787
	3426496788
	3426496789
	3426496790
	3426496791
	3426496792
	3426496793
	3426496794
	3426496795
	3426496796
	3426496797
	3426496798
	3426496799
	3426496800
	3426496801
	3426496802
	3426496803
	3426496804
	3426496805
	3426496806
	3426496807
	3426496808
	3426496809
	3426496810
	3426496811
	3426496812
	3426496813
	3426496814
	3426496815
	3426496816
	3426496817
	3426496818
	3426496819
	3426496820
	3426496821
	3426496822
	3426496823
	3426496824
	3426496825
	3426496826
	3426496827
	3426496828
	3426496829
	3426496830
	3426496831
	3426496832
	3426496833
	3426496834
	3426496835
	3426496836
	3426496837
	3426496838
	3426496839
	3426496840
	3426496841
	3426496842
	3426496843
	3426496844
	3426496845
	3426496846
	3426496847
	3426496848
	3426496849
	3426496850
	3426496851
	3426496852
	3426496853
	3426496854
	3426496855
	3426496856
	3426496857
	3426496858
	3426496859
	3426496860
	3426496861
	3426496862
	3426496863
	3426496864
	3426496865
	3426496866
	3426496867
	3426496868
	3426496869
	3426496870
	3426496871
	3426496872
	3426496873
	3426496874
	3426496875
	3426496876
	3426496877
	3426496878
	3426496879
	3426496880
	3426496881
	3426496882
	3426496883
	3426496884
	3426496885
	3426496886
	3426496887
	3426496888
	3426496889
	3426496890
	3426496891
	3426496892
	3426496893
	3426496894
	3426496895
	3426496896
	3426496897
	3426496898
	3426496899
	3426496900
	3426496901
	3426496902
	3426496903
	3426496904
	3426496905
	3426496906
	3426496907
	3426496908
	3426496909
	3426496910
	3426496911
	3426496912
	3426496913
	3426496914
	3426496915
	3426496916
	3426496917
	3426496918
	3426496919
	3426496920
	3426496921
	3426496922
	3426496923
	3426496924
	3426496925
	3426496926
	3426496927
	3426496928
	3426496929
	3426496930
	3426496931
	3426496932
	3426496933
	3426496934
	3426496935
	3426496936
	3426496937
	3426496938
	3426496939
	3426496940
	3426496941
	3426496942
	3426496943
	3426496944
	3426496945
	3426496946
	3426496947
	3426496948
	3426496949
	3426496950
	3426496951
	3426496952
	3426496953
	3426496954
	3426496955
	3426496956
	3426496957
	3426496958
	3426496959
	3426496960
	3426496961
	3426496962
	3426496963
	3426496964
	3426496965
	3426496966
	3426496967
	3426496968
	3426496969
	3426496970
	3426496971
	3426496972
	3426496973
	3426496974
	3426496975
	3426496976
	3426496977
	3426496978
	3426496979
	3426496980
	3426496981
	3426496982
	3426496983
	3426496984
	3426496985
	3426496986
	3426496987
	3426496988
	3426496989
	3426496990
	3426496991
	3426496992
	3426496993
	3426496994
	3426496995
	3426496996
	3426496997
	3426496998
	3426496999
	3426497000
	3426497001
	3426497002
	3426497003
	3426497004
	3426497005
	3426497006
	3426497007
	3426497008
	3426497009
	3426497010
	3426497011
	3426497012
	3426497013
	3426497014
	3426497015
	3426497016
	3426497017
	3426497018
	3426497019
	3426497020
	3426497021
	3426497022
	3426497023
	3426497024
	3426497025
	3426497026
	3426497027
	3426497028
	3426497029
	3426497030
	3426497031
	3426497032
	3426497033
	3426497034
	3426497035
	3426497036
	3426497037
	3426497038
	3426497039
	3426497040
	3426497041
	3426497042
	3426497043
	3426497044
	3426497045
	3426497046
	3426497047
	3426497048
	3426497049
	3426497050
	3426497051
	3426497052
	3426497053
	3426497054
	3426497055
	3426497056
	3426497057
	3426497058
	3426497059
	3426497060
	3426497061
	3426497062
	3426497063
	3426497064
	3426497065
	3426497066
	3426497067
	3426497068
	3426497069
	3426497070
	3426497071
	3426497072
	3426497073
	3426497074
	3426497075
	3426497076
	3426497077
	3426497078
	3426497079
	3426497080
	3426497081
	3426497082
	3426497083
	3426497084
	3426497085
	3426497086
	3426497087
	3426497088
	3426497089
	3426497090
	3426497091
	3426497092
	3426497093
	3426497094
	3426497095
	3426497096
	3426497097
	3426497098
	3426497099
	3426497100
	3426497101
	3426497102
	3426497103
	3426497104
	3426497105
	3426497106
	3426497107
	3426497108
	3426497109
	3426497110
	3426497111
	3426497112
	3426497113
	3426497114
	3426497115
	3426497116
	3426497117
	3426497118
	3426497119
	3426497120
	3426497121
	3426497122
	3426497123
	3426497124
	3426497125
	3426497126
	3426497127
	3426497128
	3426497129
	3426497130
	3426497131
	3426497132
	3426497133
	3426497134
	3426497135
	3426497136
	3426497137
	3426497138
	3426497139
	3426497140
	3426497141
	3426497142
	3426497143
	3426497144
	3426497145
	3426497146
	3426497147
	3426497148
	3426497149
	3426497150
	3426497151
	3426497152
	3426497153
	3426497154
	3426497155
	3426497156
	3426497157
	3426497158
	3426497159
	3426497160
	3426497161
	3426497162
	3426497163
	3426497164
	3426497165
	3426497166
	3426497167
	3426497168
	3426497169
	3426497170
	3426497171
	3426497172
	3426497173
	3426497174
	3426497175
	3426497176
	3426497177
	3426497178
	3426497179
	3426497180
	3426497181
	3426497182
	3426497183
	3426497184
	3426497185
	3426497186
	3426497187
	3426497188
	3426497189
	3426497190
	3426497191
	3426497192
	3426497193
	3426497194
	3426497195
	3426497196
	3426497197
	3426497198
	3426497199
	3426497200
	3426497201
	3426497202
	3426497203
	3426497204
	3426497205
	3426497206
	3426497207
	3426497208
	3426497209
	3426497210
	3426497211
	3426497212
	3426497213
	3426497214
	3426497215
	3426497216
	3426497217
	3426497218
	3426497219
	3426497220
	3426497221
	3426497222
	3426497223
	3426497224
	3426497225
	3426497226
	3426497227
	3426497228
	3426497229
	3426497230
	3426497231
	3426497232
	3426497233
	3426497234
	3426497235
	3426497236
	3426497237
	3426497238
	3426497239
	3426497240
	3426497241
	3426497242
	3426497243
	3426497244
	3426497245
	3426497246
	3426497247
	3426497248
	3426497249
	3426497250
	3426497251
	3426497252
	3426497253
	3426497254
	3426497255
	3426497256
	3426497257
	3426497258
	3426497259
	3426497260
	3426497261
	3426497262
	3426497263
	3426497264
	3426497265
	3426497266
	3426497267
	3426497268
	3426497269
	3426497270
	3426497271
	3426497272
	3426497273
	3426497274
	3426497275
	3426497276
	3426497277
	3426497278
	3426497279
	3426497280
	3426497281
	3426497282
	3426497283
	3426497284
	3426497285
	3426497286
	3426497287
	3426497288
	3426497289
	3426497290
	3426497291
	3426497292
	3426497293
	3426497294
	3426497295
	3426497296
	3426497297
	3426497298
	3426497299
	3426497300
	3426497301
	3426497302
	3426497303
	3426497304
	3426497305
	3426497306
	3426497307
	3426497308
	3426497309
	3426497310
	3426497311
	3426497312
	3426497313
	3426497314
	3426497315
	3426497316
	3426497317
	3426497318
	3426497319
	3426497320
	3426497321
	3426497322
	3426497323
	3426497324
	3426497325
	3426497326
	3426497327
	3426497328
	3426497329
	3426497330
	3426497331
	3426497332
	3426497333
	3426497334
	3426497335
	3426497336
	3426497337
	3426497338
	3426497339
	3426497340
	3426497341
	3426497342
	3426497343
	3426497344
	3426497345
	3426497346
	3426497347
	3426497348
	3426497349
	3426497350
	3426497351
	3426497352
	3426497353
	3426497354
	3426497355
	3426497356
	3426497357
	3426497358
	3426497359
	3426497360
	3426497361
	3426497362
	3426497363
	3426497364
	3426497365
	3426497366
	3426497367
	3426497368
	3426497369
	3426497370
	3426497371
	3426497372
	3426497373
	3426497374
	3426497375
	3426497376
	3426497377
	3426497378
	3426497379
	3426497380
	3426497381
	3426497382
	3426497383
	3426497384
	3426497385
	3426497386
	3426497387
	3426497388
	3426497389
	3426497390
	3426497391
	3426497392
	3426497393
	3426497394
	3426497395
	3426497396
	3426497397
	3426497398
	3426497399
	3426497400
	3426497401
	3426497402
	3426497403
	3426497404
	3426497405
	3426497406
	3426497407
	3426497408
	3426497409
	3426497410
	3426497411
	3426497412
	3426497413
	3426497414
	3426497415
	3426497416
	3426497417
	3426497418
	3426497419
	3426497420
	3426497421
	3426497422
	3426497423
	3426497424
	3426497425
	3426497426
	3426497427
	3426497428
	3426497429
	3426497430
	3426497431
	3426497432
	3426497433
	3426497434
	3426497435
	3426497436
	3426497437
	3426497438
	3426497439
	3426497440
	3426497441
	3426497442
	3426497443
	3426497444
	3426497445
	3426497446
	3426497447
	3426497448
	3426497449
	3426497450
	3426497451
	3426497452
	3426497453
	3426497454
	3426497455
	3426497456
	3426497457
	3426497458
	3426497459
	3426497460
	3426497461
	3426497462
	3426497463
	3426497464
	3426497465
	3426497466
	3426497467
	3426497468
	3426497469
	3426497470
	3426497471
	3426497472
	3426497473
	3426497474
	3426497475
	3426497476
	3426497477
	3426497478
	3426497479
	3426497480
	3426497481
	3426497482
	3426497483
	3426497484
	3426497485
	3426497486
	3426497487
	3426497488
	3426497489
	3426497490
	3426497491
	3426497492
	3426497493
	3426497494
	3426497495
	3426497496
	3426497497
	3426497498
	3426497499
	3426497500
	3426497501
	3426497502
	3426497503
	3426497504
	3426497505
	3426497506
	3426497507
	3426497508
	3426497509
	3426497510
	3426497511
	3426497512
	3426497513
	3426497514
	3426497515
	3426497516
	3426497517
	3426497518
	3426497519
	3426497520
	3426497521
	3426497522
	3426497523
	3426497524
	3426497525
	3426497526
	3426497527
	3426497528
	3426497529
	3426497530
	3426497531
	3426497532
	3426497533
	3426497534
	3426497535
	3426497536
	3426497537
	3426497538
	3426497539
	3426497540
	3426497541
	3426497542
	3426497543
	3426497544
	3426497545
	3426497546
	3426497547
	3426497548
	3426497549
	3426497550
	3426497551
	3426497552
	3426497553
	3426497554
	3426497555
	3426497556
	3426497557
	3426497558
	3426497559
	3426497560
	3426497561
	3426497562
	3426497563
	3426497564
	3426497565
	3426497566
	3426497567
	3426497568
	3426497569
	3426497570
	3426497571
	3426497572
	3426497573
	3426497574
	3426497575
	3426497576
	3426497577
	3426497578
	3426497579
	3426497580
	3426497581
	3426497582
	3426497583
	3426497584
	3426497585
	3426497586
	3426497587
	3426497588
	3426497589
	3426497590
	3426497591
	3426497592
	3426497593
	3426497594
	3426497595
	3426497596
	3426497597
	3426497598
	3426497599
	3426497600
	3426497601
	3426497602
	3426497603
	3426497604
	3426497605
	3426497606
	3426497607
	3426497608
	3426497609
	3426497610
	3426497611
	3426497612
	3426497613
	3426497614
	3426497615
	3426497616
	3426497617
	3426497618
	3426497619
	3426497620
	3426497621
	3426497622
	3426497623
	3426497624
	3426497625
	3426497626
	3426497627
	3426497628
	3426497629
	3426497630
	3426497631
	3426497632
	3426497633
	3426497634
	3426497635
	3426497636
	3426497637
	3426497638
	3426497639
	3426497640
	3426497641
	3426497642
	3426497643
	3426497644
	3426497645
	3426497646
	3426497647
	3426497648
	3426497649
	3426497650
	3426497651
	3426497652
	3426497653
	3426497654
	3426497655
	3426497656
	3426497657
	3426497658
	3426497659
	3426497660
	3426497661
	3426497662
	3426497663
	3426497664
	3426497665
	3426497666
	3426497667
	3426497668
	3426497669
	3426497670
	3426497671
	3426497672
	3426497673
	3426497674
	3426497675
	3426497676
	3426497677
	3426497678
	3426497679
	3426497680
	3426497681
	3426497682
	3426497683
	3426497684
	3426497685
	3426497686
	3426497687
	3426497688
	3426497689
	3426497690
	3426497691
	3426497692
	3426497693
	3426497694
	3426497695
	3426497696
	3426497697
	3426497698
	3426497699
	3426497700
	3426497701
	3426497702
	3426497703
	3426497704
	3426497705
	3426497706
	3426497707
	3426497708
	3426497709
	3426497710
	3426497711
	3426497712
	3426497713
	3426497714
	3426497715
	3426497716
	3426497717
	3426497718
	3426497719
	3426497720
	3426497721
	3426497722
	3426497723
	3426497724
	3426497725
	3426497726
	3426497727
	3426497728
	3426497729
	3426497730
	3426497731
	3426497732
	3426497733
	3426497734
	3426497735
	3426497736
	3426497737
	3426497738
	3426497739
	3426497740
	3426497741
	3426497742
	3426497743
	3426497744
	3426497745
	3426497746
	3426497747
	3426497748
	3426497749
	3426497750
	3426497751
	3426497752
	3426497753
	3426497754
	3426497755
	3426497756
	3426497757
	3426497758
	3426497759
	3426497760
	3426497761
	3426497762
	3426497763
	3426497764
	3426497765
	3426497766
	3426497767
	3426497768
	3426497769
	3426497770
	3426497771
	3426497772
	3426497773
	3426497774
	3426497775
	3426497776
	3426497777
	3426497778
	3426497779
	3426497780
	3426497781
	3426497782
	3426497783
	3426497784
	3426497785
	3426497786
	3426497787
	3426497788
	3426497789
	3426497790
	3426497791
	3426497792
	3426497793
	3426497794
	3426497795
	3426497796
	3426497797
	3426497798
	3426497799
	3426497800
	3426497801
	3426497802
	3426497803
	3426497804
	3426497805
	3426497806
	3426497807
	3426497808
	3426497809
	3426497810
	3426497811
	3426497812
	3426497813
	3426497814
	3426497815
	3426497816
	3426497817
	3426497818
	3426497819
	3426497820
	3426497821
	3426497822
	3426497823
	3426497824
	3426497825
	3426497826
	3426497827
	3426497828
	3426497829
	3426497830
	3426497831
	3426497832
	3426497833
	3426497834
	3426497835
	3426497836
	3426497837
	3426497838
	3426497839
	3426497840
	3426497841
	3426497842
	3426497843
	3426497844
	3426497845
	3426497846
	3426497847
	3426497848
	3426497849
	3426497850
	3426497851
	3426497852
	3426497853
	3426497854
	3426497855
	3426497856
	3426497857
	3426497858
	3426497859
	3426497860
	3426497861
	3426497862
	3426497863
	3426497864
	3426497865
	3426497866
	3426497867
	3426497868
	3426497869
	3426497870
	3426497871
	3426497872
	3426497873
	3426497874
	3426497875
	3426497876
	3426497877
	3426497878
	3426497879
	3426497880
	3426497881
	3426497882
	3426497883
	3426497884
	3426497885
	3426497886
	3426497887
	3426497888
	3426497889
	3426497890
	3426497891
	3426497892
	3426497893
	3426497894
	3426497895
	3426497896
	3426497897
	3426497898
	3426497899
	3426497900
	3426497901
	3426497902
	3426497903
	3426497904
	3426497905
	3426497906
	3426497907
	3426497908
	3426497909
	3426497910
	3426497911
	3426497912
	3426497913
	3426497914
	3426497915
	3426497916
	3426497917
	3426497918
	3426497919
	3426497920
	3426497921
	3426497922
	3426497923
	3426497924
	3426497925
	3426497926
	3426497927
	3426497928
	3426497929
	3426497930
	3426497931
	3426497932
	3426497933
	3426497934
	3426497935
	3426497936
	3426497937
	3426497938
	3426497939
	3426497940
	3426497941
	3426497942
	3426497943
	3426497944
	3426497945
	3426497946
	3426497947
	3426497948
	3426497949
	3426497950
	3426497951
	3426497952
	3426497953
	3426497954
	3426497955
	3426497956
	3426497957
	3426497958
	3426497959
	3426497960
	3426497961
	3426497962
	3426497963
	3426497964
	3426497965
	3426497966
	3426497967
	3426497968
	3426497969
	3426497970
	3426497971
	3426497972
	3426497973
	3426497974
	3426497975
	3426497976
	3426497977
	3426497978
	3426497979
	3426497980
	3426497981
	3426497982
	3426497983
	3426497984
	3426497985
	3426497986
	3426497987
	3426497988
	3426497989
	3426497990
	3426497991
	3426497992
	3426497993
	3426497994
	3426497995
	3426497996
	3426497997
	3426497998
	3426497999
	3426498000
	3426498001
	3426498002
	3426498003
	3426498004
	3426498005
	3426498006
	3426498007
	3426498008
	3426498009
	3426498010
	3426498011
	3426498012
	3426498013
	3426498014
	3426498015
	3426498016
	3426498017
	3426498018
	3426498019
	3426498020
	3426498021
	3426498022
	3426498023
	3426498024
	3426498025
	3426498026
	3426498027
	3426498028
	3426498029
	3426498030
	3426498031
	3426498032
	3426498033
	3426498034
	3426498035
	3426498036
	3426498037
	3426498038
	3426498039
	3426498040
	3426498041
	3426498042
	3426498043
	3426498044
	3426498045
	3426498046
	3426498047
	3426498048
	3426498049
	3426498050
	3426498051
	3426498052
	3426498053
	3426498054
	3426498055
	3426498056
	3426498057
	3426498058
	3426498059
	3426498060
	3426498061
	3426498062
	3426498063
	3426498064
	3426498065
	3426498066
	3426498067
	3426498068
	3426498069
	3426498070
	3426498071
	3426498072
	3426498073
	3426498074
	3426498075
	3426498076
	3426498077
	3426498078
	3426498079
	3426498080
	3426498081
	3426498082
	3426498083
	3426498084
	3426498085
	3426498086
	3426498087
	3426498088
	3426498089
	3426498090
	3426498091
	3426498092
	3426498093
	3426498094
	3426498095
	3426498096
	3426498097
	3426498098
	3426498099
	3426498100
	3426498101
	3426498102
	3426498103
	3426498104
	3426498105
	3426498106
	3426498107
	3426498108
	3426498109
	3426498110
	3426498111
	3426498112
	3426498113
	3426498114
	3426498115
	3426498116
	3426498117
	3426498118
	3426498119
	3426498120
	3426498121
	3426498122
	3426498123
	3426498124
	3426498125
	3426498126
	3426498127
	3426498128
	3426498129
	3426498130
	3426498131
	3426498132
	3426498133
	3426498134
	3426498135
	3426498136
	3426498137
	3426498138
	3426498139
	3426498140
	3426498141
	3426498142
	3426498143
	3426498144
	3426498145
	3426498146
	3426498147
	3426498148
	3426498149
	3426498150
	3426498151
	3426498152
	3426498153
	3426498154
	3426498155
	3426498156
	3426498157
	3426498158
	3426498159
	3426498160
	3426498161
	3426498162
	3426498163
	3426498164
	3426498165
	3426498166
	3426498167
	3426498168
	3426498169
	3426498170
	3426498171
	3426498172
	3426498173
	3426498174
	3426498175
	3426498176
	3426498177
	3426498178
	3426498179
	3426498180
	3426498181
	3426498182
	3426498183
	3426498184
	3426498185
	3426498186
	3426498187
	3426498188
	3426498189
	3426498190
	3426498191
	3426498192
	3426498193
	3426498194
	3426498195
	3426498196
	3426498197
	3426498198
	3426498199
	3426498200
	3426498201
	3426498202
	3426498203
	3426498204
	3426498205
	3426498206
	3426498207
	3426498208
	3426498209
	3426498210
	3426498211
	3426498212
	3426498213
	3426498214
	3426498215
	3426498216
	3426498217
	3426498218
	3426498219
	3426498220
	3426498221
	3426498222
	3426498223
	3426498224
	3426498225
	3426498226
	3426498227
	3426498228
	3426498229
	3426498230
	3426498231
	3426498232
	3426498233
	3426498234
	3426498235
	3426498236
	3426498237
	3426498238
	3426498239
	3426498240
	3426498241
	3426498242
	3426498243
	3426498244
	3426498245
	3426498246
	3426498247
	3426498248
	3426498249
	3426498250
	3426498251
	3426498252
	3426498253
	3426498254
	3426498255
	3426498256
	3426498257
	3426498258
	3426498259
	3426498260
	3426498261
	3426498262
	3426498263
	3426498264
	3426498265
	3426498266
	3426498267
	3426498268
	3426498269
	3426498270
	3426498271
	3426498272
	3426498273
	3426498274
	3426498275
	3426498276
	3426498277
	3426498278
	3426498279
	3426498280
	3426498281
	3426498282
	3426498283
	3426498284
	3426498285
	3426498286
	3426498287
	3426498288
	3426498289
	3426498290
	3426498291
	3426498292
	3426498293
	3426498294
	3426498295
	3426498296
	3426498297
	3426498298
	3426498299
	3426498300
	3426498301
	3426498302
	3426498303
	3426498304
	3426498305
	3426498306
	3426498307
	3426498308
	3426498309
	3426498310
	3426498311
	3426498312
	3426498313
	3426498314
	3426498315
	3426498316
	3426498317
	3426498318
	3426498319
	3426498320
	3426498321
	3426498322
	3426498323
	3426498324
	3426498325
	3426498326
	3426498327
	3426498328
	3426498329
	3426498330
	3426498331
	3426498332
	3426498333
	3426498334
	3426498335
	3426498336
	3426498337
	3426498338
	3426498339
	3426498340
	3426498341
	3426498342
	3426498343
	3426498344
	3426498345
	3426498346
	3426498347
	3426498348
	3426498349
	3426498350
	3426498351
	3426498352
	3426498353
	3426498354
	3426498355
	3426498356
	3426498357
	3426498358
	3426498359
	3426498360
	3426498361
	3426498362
	3426498363
	3426498364
	3426498365
	3426498366
	3426498367
	3426498368
	3426498369
	3426498370
	3426498371
	3426498372
	3426498373
	3426498374
	3426498375
	3426498376
	3426498377
	3426498378
	3426498379
	3426498380
	3426498381
	3426498382
	3426498383
	3426498384
	3426498385
	3426498386
	3426498387
	3426498388
	3426498389
	3426498390
	3426498391
	3426498392
	3426498393
	3426498394
	3426498395
	3426498396
	3426498397
	3426498398
	3426498399
	3426498400
	3426498401
	3426498402
	3426498403
	3426498404
	3426498405
	3426498406
	3426498407
	3426498408
	3426498409
	3426498410
	3426498411
	3426498412
	3426498413
	3426498414
	3426498415
	3426498416
	3426498417
	3426498418
	3426498419
	3426498420
	3426498421
	3426498422
	3426498423
	3426498424
	3426498425
	3426498426
	3426498427
	3426498428
	3426498429
	3426498430
	3426498431
	3426498432
	3426498433
	3426498434
	3426498435
	3426498436
	3426498437
	3426498438
	3426498439
	3426498440
	3426498441
	3426498442
	3426498443
	3426498444
	3426498445
	3426498446
	3426498447
	3426498448
	3426498449
	3426498450
	3426498451
	3426498452
	3426498453
	3426498454
	3426498455
	3426498456
	3426498457
	3426498458
	3426498459
	3426498460
	3426498461
	3426498462
	3426498463
	3426498464
	3426498465
	3426498466
	3426498467
	3426498468
	3426498469
	3426498470
	3426498471
	3426498472
	3426498473
	3426498474
	3426498475
	3426498476
	3426498477
	3426498478
	3426498479
	3426498480
	3426498481
	3426498482
	3426498483
	3426498484
	3426498485
	3426498486
	3426498487
	3426498488
	3426498489
	3426498490
	3426498491
	3426498492
	3426498493
	3426498494
	3426498495
	3426498496
	3426498497
	3426498498
	3426498499
	3426498500
	3426498501
	3426498502
	3426498503
	3426498504
	3426498505
	3426498506
	3426498507
	3426498508
	3426498509
	3426498510
	3426498511
	3426498512
	3426498513
	3426498514
	3426498515
	3426498516
	3426498517
	3426498518
	3426498519
	3426498520
	3426498521
	3426498522
	3426498523
	3426498524
	3426498525
	3426498526
	3426498527
	3426498528
	3426498529
	3426498530
	3426498531
	3426498532
	3426498533
	3426498534
	3426498535
	3426498536
	3426498537
	3426498538
	3426498539
	3426498540
	3426498541
	3426498542
	3426498543
	3426498544
	3426498545
	3426498546
	3426498547
	3426498548
	3426498549
	3426498550
	3426498551
	3426498552
	3426498553
	3426498554
	3426498555
	3426498556
	3426498557
	3426498558
	3426498559
	3426498560
	3426498561
	3426498562
	3426498563
	3426498564
	3426498565
	3426498566
	3426498567
	3426498568
	3426498569
	3426498570
	3426498571
	3426498572
	3426498573
	3426498574
	3426498575
	3426498576
	3426498577
	3426498578
	3426498579
	3426498580
	3426498581
	3426498582
	3426498583
	3426498584
	3426498585
	3426498586
	3426498587
	3426498588
	3426498589
	3426498590
	3426498591
	3426498592
	3426498593
	3426498594
	3426498595
	3426498596
	3426498597
	3426498598
	3426498599
	3426498600
	3426498601
	3426498602
	3426498603
	3426498604
	3426498605
	3426498606
	3426498607
	3426498608
	3426498609
	3426498610
	3426498611
	3426498612
	3426498613
	3426498614
	3426498615
	3426498616
	3426498617
	3426498618
	3426498619
	3426498620
	3426498621
	3426498622
	3426498623
	3426498624
	3426498625
	3426498626
	3426498627
	3426498628
	3426498629
	3426498630
	3426498631
	3426498632
	3426498633
	3426498634
	3426498635
	3426498636
	3426498637
	3426498638
	3426498639
	3426498640
	3426498641
	3426498642
	3426498643
	3426498644
	3426498645
	3426498646
	3426498647
	3426498648
	3426498649
	3426498650
	3426498651
	3426498652
	3426498653
	3426498654
	3426498655
	3426498656
	3426498657
	3426498658
	3426498659
	3426498660
	3426498661
	3426498662
	3426498663
	3426498664
	3426498665
	3426498666
	3426498667
	3426498668
	3426498669
	3426498670
	3426498671
	3426498672
	3426498673
	3426498674
	3426498675
	3426498676
	3426498677
	3426498678
	3426498679
	3426498680
	3426498681
	3426498682
	3426498683
	3426498684
	3426498685
	3426498686
	3426498687
	3426498688
	3426498689
	3426498690
	3426498691
	3426498692
	3426498693
	3426498694
	3426498695
	3426498696
	3426498697
	3426498698
	3426498699
	3426498700
	3426498701
	3426498702
	3426498703
	3426498704
	3426498705
	3426498706
	3426498707
	3426498708
	3426498709
	3426498710
	3426498711
	3426498712
	3426498713
	3426498714
	3426498715
	3426498716
	3426498717
	3426498718
	3426498719
	3426498720
	3426498721
	3426498722
	3426498723
	3426498724
	3426498725
	3426498726
	3426498727
	3426498728
	3426498729
	3426498730
	3426498731
	3426498732
	3426498733
	3426498734
	3426498735
	3426498736
	3426498737
	3426498738
	3426498739
	3426498740
	3426498741
	3426498742
	3426498743
	3426498744
	3426498745
	3426498746
	3426498747
	3426498748
	3426498749
	3426498750
	3426498751
	3426498752
	3426498753
	3426498754
	3426498755
	3426498756
	3426498757
	3426498758
	3426498759
	3426498760
	3426498761
	3426498762
	3426498763
	3426498764
	3426498765
	3426498766
	3426498767
	3426498768
	3426498769
	3426498770
	3426498771
	3426498772
	3426498773
	3426498774
	3426498775
	3426498776
	3426498777
	3426498778
	3426498779
	3426498780
	3426498781
	3426498782
	3426498783
	3426498784
	3426498785
	3426498786
	3426498787
	3426498788
	3426498789
	3426498790
	3426498791
	3426498792
	3426498793
	3426498794
	3426498795
	3426498796
	3426498797
	3426498798
	3426498799
	3426498800
	3426498801
	3426498802
	3426498803
	3426498804
	3426498805
	3426498806
	3426498807
	3426498808
	3426498809
	3426498810
	3426498811
	3426498812
	3426498813
	3426498814
	3426498815
	3426498816
	3426498817
	3426498818
	3426498819
	3426498820
	3426498821
	3426498822
	3426498823
	3426498824
	3426498825
	3426498826
	3426498827
	3426498828
	3426498829
	3426498830
	3426498831
	3426498832
	3426498833
	3426498834
	3426498835
	3426498836
	3426498837
	3426498838
	3426498839
	3426498840
	3426498841
	3426498842
	3426498843
	3426498844
	3426498845
	3426498846
	3426498847
	3426498848
	3426498849
	3426498850
	3426498851
	3426498852
	3426498853
	3426498854
	3426498855
	3426498856
	3426498857
	3426498858
	3426498859
	3426498860
	3426498861
	3426498862
	3426498863
	3426498864
	3426498865
	3426498866
	3426498867
	3426498868
	3426498869
	3426498870
	3426498871
	3426498872
	3426498873
	3426498874
	3426498875
	3426498876
	3426498877
	3426498878
	3426498879
	3426498880
	3426498881
	3426498882
	3426498883
	3426498884
	3426498885
	3426498886
	3426498887
	3426498888
	3426498889
	3426498890
	3426498891
	3426498892
	3426498893
	3426498894
	3426498895
	3426498896
	3426498897
	3426498898
	3426498899
	3426498900
	3426498901
	3426498902
	3426498903
	3426498904
	3426498905
	3426498906
	3426498907
	3426498908
	3426498909
	3426498910
	3426498911
	3426498912
	3426498913
	3426498914
	3426498915
	3426498916
	3426498917
	3426498918
	3426498919
	3426498920
	3426498921
	3426498922
	3426498923
	3426498924
	3426498925
	3426498926
	3426498927
	3426498928
	3426498929
	3426498930
	3426498931
	3426498932
	3426498933
	3426498934
	3426498935
	3426498936
	3426498937
	3426498938
	3426498939
	3426498940
	3426498941
	3426498942
	3426498943
	3426498944
	3426498945
	3426498946
	3426498947
	3426498948
	3426498949
	3426498950
	3426498951
	3426498952
	3426498953
	3426498954
	3426498955
	3426498956
	3426498957
	3426498958
	3426498959
	3426498960
	3426498961
	3426498962
	3426498963
	3426498964
	3426498965
	3426498966
	3426498967
	3426498968
	3426498969
	3426498970
	3426498971
	3426498972
	3426498973
	3426498974
	3426498975
	3426498976
	3426498977
	3426498978
	3426498979
	3426498980
	3426498981
	3426498982
	3426498983
	3426498984
	3426498985
	3426498986
	3426498987
	3426498988
	3426498989
	3426498990
	3426498991
	3426498992
	3426498993
	3426498994
	3426498995
	3426498996
	3426498997
	3426498998
	3426498999
	3426499000
	3426499001
	3426499002
	3426499003
	3426499004
	3426499005
	3426499006
	3426499007
	3426499008
	3426499009
	3426499010
	3426499011
	3426499012
	3426499013
	3426499014
	3426499015
	3426499016
	3426499017
	3426499018
	3426499019
	3426499020
	3426499021
	3426499022
	3426499023
	3426499024
	3426499025
	3426499026
	3426499027
	3426499028
	3426499029
	3426499030
	3426499031
	3426499032
	3426499033
	3426499034
	3426499035
	3426499036
	3426499037
	3426499038
	3426499039
	3426499040
	3426499041
	3426499042
	3426499043
	3426499044
	3426499045
	3426499046
	3426499047
	3426499048
	3426499049
	3426499050
	3426499051
	3426499052
	3426499053
	3426499054
	3426499055
	3426499056
	3426499057
	3426499058
	3426499059
	3426499060
	3426499061
	3426499062
	3426499063
	3426499064
	3426499065
	3426499066
	3426499067
	3426499068
	3426499069
	3426499070
	3426499071
	3426499072
	3426499073
	3426499074
	3426499075
	3426499076
	3426499077
	3426499078
	3426499079
	3426499080
	3426499081
	3426499082
	3426499083
	3426499084
	3426499085
	3426499086
	3426499087
	3426499088
	3426499089
	3426499090
	3426499091
	3426499092
	3426499093
	3426499094
	3426499095
	3426499096
	3426499097
	3426499098
	3426499099
	3426499100
	3426499101
	3426499102
	3426499103
	3426499104
	3426499105
	3426499106
	3426499107
	3426499108
	3426499109
	3426499110
	3426499111
	3426499112
	3426499113
	3426499114
	3426499115
	3426499116
	3426499117
	3426499118
	3426499119
	3426499120
	3426499121
	3426499122
	3426499123
	3426499124
	3426499125
	3426499126
	3426499127
	3426499128
	3426499129
	3426499130
	3426499131
	3426499132
	3426499133
	3426499134
	3426499135
	3426499136
	3426499137
	3426499138
	3426499139
	3426499140
	3426499141
	3426499142
	3426499143
	3426499144
	3426499145
	3426499146
	3426499147
	3426499148
	3426499149
	3426499150
	3426499151
	3426499152
	3426499153
	3426499154
	3426499155
	3426499156
	3426499157
	3426499158
	3426499159
	3426499160
	3426499161
	3426499162
	3426499163
	3426499164
	3426499165
	3426499166
	3426499167
	3426499168
	3426499169
	3426499170
	3426499171
	3426499172
	3426499173
	3426499174
	3426499175
	3426499176
	3426499177
	3426499178
	3426499179
	3426499180
	3426499181
	3426499182
	3426499183
	3426499184
	3426499185
	3426499186
	3426499187
	3426499188
	3426499189
	3426499190
	3426499191
	3426499192
	3426499193
	3426499194
	3426499195
	3426499196
	3426499197
	3426499198
	3426499199
	3426499200
	3426499201
	3426499202
	3426499203
	3426499204
	3426499205
	3426499206
	3426499207
	3426499208
	3426499209
	3426499210
	3426499211
	3426499212
	3426499213
	3426499214
	3426499215
	3426499216
	3426499217
	3426499218
	3426499219
	3426499220
	3426499221
	3426499222
	3426499223
	3426499224
	3426499225
	3426499226
	3426499227
	3426499228
	3426499229
	3426499230
	3426499231
	3426499232
	3426499233
	3426499234
	3426499235
	3426499236
	3426499237
	3426499238
	3426499239
	3426499240
	3426499241
	3426499242
	3426499243
	3426499244
	3426499245
	3426499246
	3426499247
	3426499248
	3426499249
	3426499250
	3426499251
	3426499252
	3426499253
	3426499254
	3426499255
	3426499256
	3426499257
	3426499258
	3426499259
	3426499260
	3426499261
	3426499262
	3426499263
	3426499264
	3426499265
	3426499266
	3426499267
	3426499268
	3426499269
	3426499270
	3426499271
	3426499272
	3426499273
	3426499274
	3426499275
	3426499276
	3426499277
	3426499278
	3426499279
	3426499280
	3426499281
	3426499282
	3426499283
	3426499284
	3426499285
	3426499286
	3426499287
	3426499288
	3426499289
	3426499290
	3426499291
	3426499292
	3426499293
	3426499294
	3426499295
	3426499296
	3426499297
	3426499298
	3426499299
	3426499300
	3426499301
	3426499302
	3426499303
	3426499304
	3426499305
	3426499306
	3426499307
	3426499308
	3426499309
	3426499310
	3426499311
	3426499312
	3426499313
	3426499314
	3426499315
	3426499316
	3426499317
	3426499318
	3426499319
	3426499320
	3426499321
	3426499322
	3426499323
	3426499324
	3426499325
	3426499326
	3426499327
	3426499328
	3426499329
	3426499330
	3426499331
	3426499332
	3426499333
	3426499334
	3426499335
	3426499336
	3426499337
	3426499338
	3426499339
	3426499340
	3426499341
	3426499342
	3426499343
	3426499344
	3426499345
	3426499346
	3426499347
	3426499348
	3426499349
	3426499350
	3426499351
	3426499352
	3426499353
	3426499354
	3426499355
	3426499356
	3426499357
	3426499358
	3426499359
	3426499360
	3426499361
	3426499362
	3426499363
	3426499364
	3426499365
	3426499366
	3426499367
	3426499368
	3426499369
	3426499370
	3426499371
	3426499372
	3426499373
	3426499374
	3426499375
	3426499376
	3426499377
	3426499378
	3426499379
	3426499380
	3426499381
	3426499382
	3426499383
	3426499384
	3426499385
	3426499386
	3426499387
	3426499388
	3426499389
	3426499390
	3426499391
	3426499392
	3426499393
	3426499394
	3426499395
	3426499396
	3426499397
	3426499398
	3426499399
	3426499400
	3426499401
	3426499402
	3426499403
	3426499404
	3426499405
	3426499406
	3426499407
	3426499408
	3426499409
	3426499410
	3426499411
	3426499412
	3426499413
	3426499414
	3426499415
	3426499416
	3426499417
	3426499418
	3426499419
	3426499420
	3426499421
	3426499422
	3426499423
	3426499424
	3426499425
	3426499426
	3426499427
	3426499428
	3426499429
	3426499430
	3426499431
	3426499432
	3426499433
	3426499434
	3426499435
	3426499436
	3426499437
	3426499438
	3426499439
	3426499440
	3426499441
	3426499442
	3426499443
	3426499444
	3426499445
	3426499446
	3426499447
	3426499448
	3426499449
	3426499450
	3426499451
	3426499452
	3426499453
	3426499454
	3426499455
	3426499456
	3426499457
	3426499458
	3426499459
	3426499460
	3426499461
	3426499462
	3426499463
	3426499464
	3426499465
	3426499466
	3426499467
	3426499468
	3426499469
	3426499470
	3426499471
	3426499472
	3426499473
	3426499474
	3426499475
	3426499476
	3426499477
	3426499478
	3426499479
	3426499480
	3426499481
	3426499482
	3426499483
	3426499484
	3426499485
	3426499486
	3426499487
	3426499488
	3426499489
	3426499490
	3426499491
	3426499492
	3426499493
	3426499494
	3426499495
	3426499496
	3426499497
	3426499498
	3426499499
	3426499500
	3426499501
	3426499502
	3426499503
	3426499504
	3426499505
	3426499506
	3426499507
	3426499508
	3426499509
	3426499510
	3426499511
	3426499512
	3426499513
	3426499514
	3426499515
	3426499516
	3426499517
	3426499518
	3426499519
	3426499520
	3426499521
	3426499522
	3426499523
	3426499524
	3426499525
	3426499526
	3426499527
	3426499528
	3426499529
	3426499530
	3426499531
	3426499532
	3426499533
	3426499534
	3426499535
	3426499536
	3426499537
	3426499538
	3426499539
	3426499540
	3426499541
	3426499542
	3426499543
	3426499544
	3426499545
	3426499546
	3426499547
	3426499548
	3426499549
	3426499550
	3426499551
	3426499552
	3426499553
	3426499554
	3426499555
	3426499556
	3426499557
	3426499558
	3426499559
	3426499560
	3426499561
	3426499562
	3426499563
	3426499564
	3426499565
	3426499566
	3426499567
	3426499568
	3426499569
	3426499570
	3426499571
	3426499572
	3426499573
	3426499574
	3426499575
	3426499576
	3426499577
	3426499578
	3426499579
	3426499580
	3426499581
	3426499582
	3426499583
	3426499584
	3426499585
	3426499586
	3426499587
	3426499588
	3426499589
	3426499590
	3426499591
	3426499592
	3426499593
	3426499594
	3426499595
	3426499596
	3426499597
	3426499598
	3426499599
	3426499600
	3426499601
	3426499602
	3426499603
	3426499604
	3426499605
	3426499606
	3426499607
	3426499608
	3426499609
	3426499610
	3426499611
	3426499612
	3426499613
	3426499614
	3426499615
	3426499616
	3426499617
	3426499618
	3426499619
	3426499620
	3426499621
	3426499622
	3426499623
	3426499624
	3426499625
	3426499626
	3426499627
	3426499628
	3426499629
	3426499630
	3426499631
	3426499632
	3426499633
	3426499634
	3426499635
	3426499636
	3426499637
	3426499638
	3426499639
	3426499640
	3426499641
	3426499642
	3426499643
	3426499644
	3426499645
	3426499646
	3426499647
	3426499648
	3426499649
	3426499650
	3426499651
	3426499652
	3426499653
	3426499654
	3426499655
	3426499656
	3426499657
	3426499658
	3426499659
	3426499660
	3426499661
	3426499662
	3426499663
	3426499664
	3426499665
	3426499666
	3426499667
	3426499668
	3426499669
	3426499670
	3426499671
	3426499672
	3426499673
	3426499674
	3426499675
	3426499676
	3426499677
	3426499678
	3426499679
	3426499680
	3426499681
	3426499682
	3426499683
	3426499684
	3426499685
	3426499686
	3426499687
	3426499688
	3426499689
	3426499690
	3426499691
	3426499692
	3426499693
	3426499694
	3426499695
	3426499696
	3426499697
	3426499698
	3426499699
	3426499700
	3426499701
	3426499702
	3426499703
	3426499704
	3426499705
	3426499706
	3426499707
	3426499708
	3426499709
	3426499710
	3426499711
	3426499712
	3426499713
	3426499714
	3426499715
	3426499716
	3426499717
	3426499718
	3426499719
	3426499720
	3426499721
	3426499722
	3426499723
	3426499724
	3426499725
	3426499726
	3426499727
	3426499728
	3426499729
	3426499730
	3426499731
	3426499732
	3426499733
	3426499734
	3426499735
	3426499736
	3426499737
	3426499738
	3426499739
	3426499740
	3426499741
	3426499742
	3426499743
	3426499744
	3426499745
	3426499746
	3426499747
	3426499748
	3426499749
	3426499750
	3426499751
	3426499752
	3426499753
	3426499754
	3426499755
	3426499756
	3426499757
	3426499758
	3426499759
	3426499760
	3426499761
	3426499762
	3426499763
	3426499764
	3426499765
	3426499766
	3426499767
	3426499768
	3426499769
	3426499770
	3426499771
	3426499772
	3426499773
	3426499774
	3426499775
	3426499776
	3426499777
	3426499778
	3426499779
	3426499780
	3426499781
	3426499782
	3426499783
	3426499784
	3426499785
	3426499786
	3426499787
	3426499788
	3426499789
	3426499790
	3426499791
	3426499792
	3426499793
	3426499794
	3426499795
	3426499796
	3426499797
	3426499798
	3426499799
	3426499800
	3426499801
	3426499802
	3426499803
	3426499804
	3426499805
	3426499806
	3426499807
	3426499808
	3426499809
	3426499810
	3426499811
	3426499812
	3426499813
	3426499814
	3426499815
	3426499816
	3426499817
	3426499818
	3426499819
	3426499820
	3426499821
	3426499822
	3426499823
	3426499824
	3426499825
	3426499826
	3426499827
	3426499828
	3426499829
	3426499830
	3426499831
	3426499832
	3426499833
	3426499834
	3426499835
	3426499836
	3426499837
	3426499838
	3426499839
	3426499840
	3426499841
	3426499842
	3426499843
	3426499844
	3426499845
	3426499846
	3426499847
	3426499848
	3426499849
	3426499850
	3426499851
	3426499852
	3426499853
	3426499854
	3426499855
	3426499856
	3426499857
	3426499858
	3426499859
	3426499860
