	3426630319
	3426630320
	3426630321
	3426630322
	3426630323
	3426630324
	3426630325
	3426630326
	3426630327
	3426630328
	3426630329
	3426630330
	3426630331
	3426630332
	3426630333
	3426630334
	3426630335
	3426630336
	3426630337
	3426630338
	3426630339
	3426630340
	3426630341
	3426630342
	3426630343
	3426630344
	3426630345
	3426630346
	3426630347
	3426630348
	3426630349
	3426630350
	3426630351
	3426630352
	3426630353
	3426630354
	3426630355
	3426630356
	3426630357
	3426630358
	3426630359
	3426630360
	3426630361
	3426630362
	3426630363
	3426630364
	3426630365
	3426630366
	3426630367
	3426630368
	3426630369
	3426630370
	3426630371
	3426630372
	3426630373
	3426630374
	3426630375
	3426630376
	3426630377
	3426630378
	3426630379
	3426630380
	3426630381
	3426630382
	3426630383
	3426630384
	3426630385
	3426630386
	3426630387
	3426630388
	3426630389
	3426630390
	3426630391
	3426630392
	3426630393
	3426630394
	3426630395
	3426630396
	3426630397
	3426630398
	3426630399
	3426630400
	3426630401
	3426630402
	3426630403
	3426630404
	3426630405
	3426630406
	3426630407
	3426630408
	3426630409
	3426630410
	3426630411
	3426630412
	3426630413
	3426630414
	3426630415
	3426630416
	3426630417
	3426630418
	3426630419
	3426630420
	3426630421
	3426630422
	3426630423
	3426630424
	3426630425
	3426630426
	3426630427
	3426630428
	3426630429
	3426630430
	3426630431
	3426630432
	3426630433
	3426630434
	3426630435
	3426630436
	3426630437
	3426630438
	3426630439
	3426630440
	3426630441
	3426630442
	3426630443
	3426630444
	3426630445
	3426630446
	3426630447
	3426630448
	3426630449
	3426630450
	3426630451
	3426630452
	3426630453
	3426630454
	3426630455
	3426630456
	3426630457
	3426630458
	3426630459
	3426630460
	3426630461
	3426630462
	3426630463
	3426630464
	3426630465
	3426630466
	3426630467
	3426630468
	3426630469
	3426630470
	3426630471
	3426630472
	3426630473
	3426630474
	3426630475
	3426630476
	3426630477
	3426630478
	3426630479
	3426630480
	3426630481
	3426630482
	3426630483
	3426630484
	3426630485
	3426630486
	3426630487
	3426630488
	3426630489
	3426630490
	3426630491
	3426630492
	3426630493
	3426630494
	3426630495
	3426630496
	3426630497
	3426630498
	3426630499
	3426630500
	3426630501
	3426630502
	3426630503
	3426630504
	3426630505
	3426630506
	3426630507
	3426630508
	3426630509
	3426630510
	3426630511
	3426630512
	3426630513
	3426630514
	3426630515
	3426630516
	3426630517
	3426630518
	3426630519
	3426630520
	3426630521
	3426630522
	3426630523
	3426630524
	3426630525
	3426630526
	3426630527
	3426630528
	3426630529
	3426630530
	3426630531
	3426630532
	3426630533
	3426630534
	3426630535
	3426630536
	3426630537
	3426630538
	3426630539
	3426630540
	3426630541
	3426630542
	3426630543
	3426630544
	3426630545
	3426630546
	3426630547
	3426630548
	3426630549
	3426630550
	3426630551
	3426630552
	3426630553
	3426630554
	3426630555
	3426630556
	3426630557
	3426630558
	3426630559
	3426630560
	3426630561
	3426630562
	3426630563
	3426630564
	3426630565
	3426630566
	3426630567
	3426630568
	3426630569
	3426630570
	3426630571
	3426630572
	3426630573
	3426630574
	3426630575
	3426630576
	3426630577
	3426630578
	3426630579
	3426630580
	3426630581
	3426630582
	3426630583
	3426630584
	3426630585
	3426630586
	3426630587
	3426630588
	3426630589
	3426630590
	3426630591
	3426630592
	3426630593
	3426630594
	3426630595
	3426630596
	3426630597
	3426630598
	3426630599
	3426630600
	3426630601
	3426630602
	3426630603
	3426630604
	3426630605
	3426630606
	3426630607
	3426630608
	3426630609
	3426630610
	3426630611
	3426630612
	3426630613
	3426630614
	3426630615
	3426630616
	3426630617
	3426630618
	3426630619
	3426630620
	3426630621
	3426630622
	3426630623
	3426630624
	3426630625
	3426630626
	3426630627
	3426630628
	3426630629
	3426630630
	3426630631
	3426630632
	3426630633
	3426630634
	3426630635
	3426630636
	3426630637
	3426630638
	3426630639
	3426630640
	3426630641
	3426630642
	3426630643
	3426630644
	3426630645
	3426630646
	3426630647
	3426630648
	3426630649
	3426630650
	3426630651
	3426630652
	3426630653
	3426630654
	3426630655
	3426630656
	3426630657
	3426630658
	3426630659
	3426630660
	3426630661
	3426630662
	3426630663
	3426630664
	3426630665
	3426630666
	3426630667
	3426630668
	3426630669
	3426630670
	3426630671
	3426630672
	3426630673
	3426630674
	3426630675
	3426630676
	3426630677
	3426630678
	3426630679
	3426630680
	3426630681
	3426630682
	3426630683
	3426630684
	3426630685
	3426630686
	3426630687
	3426630688
	3426630689
	3426630690
	3426630691
	3426630692
	3426630693
	3426630694
	3426630695
	3426630696
	3426630697
	3426630698
	3426630699
	3426630700
	3426630701
	3426630702
	3426630703
	3426630704
	3426630705
	3426630706
	3426630707
	3426630708
	3426630709
	3426630710
	3426630711
	3426630712
	3426630713
	3426630714
	3426630715
	3426630716
	3426630717
	3426630718
	3426630719
	3426630720
	3426630721
	3426630722
	3426630723
	3426630724
	3426630725
	3426630726
	3426630727
	3426630728
	3426630729
	3426630730
	3426630731
	3426630732
	3426630733
	3426630734
	3426630735
	3426630736
	3426630737
	3426630738
	3426630739
	3426630740
	3426630741
	3426630742
	3426630743
	3426630744
	3426630745
	3426630746
	3426630747
	3426630748
	3426630749
	3426630750
	3426630751
	3426630752
	3426630753
	3426630754
	3426630755
	3426630756
	3426630757
	3426630758
	3426630759
	3426630760
	3426630761
	3426630762
	3426630763
	3426630764
	3426630765
	3426630766
	3426630767
	3426630768
	3426630769
	3426630770
	3426630771
	3426630772
	3426630773
	3426630774
	3426630775
	3426630776
	3426630777
	3426630778
	3426630779
	3426630780
	3426630781
	3426630782
	3426630783
	3426630784
	3426630785
	3426630786
	3426630787
	3426630788
	3426630789
	3426630790
	3426630791
	3426630792
	3426630793
	3426630794
	3426630795
	3426630796
	3426630797
	3426630798
	3426630799
	3426630800
	3426630801
	3426630802
	3426630803
	3426630804
	3426630805
	3426630806
	3426630807
	3426630808
	3426630809
	3426630810
	3426630811
	3426630812
	3426630813
	3426630814
	3426630815
	3426630816
	3426630817
	3426630818
	3426630819
	3426630820
	3426630821
	3426630822
	3426630823
	3426630824
	3426630825
	3426630826
	3426630827
	3426630828
	3426630829
	3426630830
	3426630831
	3426630832
	3426630833
	3426630834
	3426630835
	3426630836
	3426630837
	3426630838
	3426630839
	3426630840
	3426630841
	3426630842
	3426630843
	3426630844
	3426630845
	3426630846
	3426630847
	3426630848
	3426630849
	3426630850
	3426630851
	3426630852
	3426630853
	3426630854
	3426630855
	3426630856
	3426630857
	3426630858
	3426630859
	3426630860
	3426630861
	3426630862
	3426630863
	3426630864
	3426630865
	3426630866
	3426630867
	3426630868
	3426630869
	3426630870
	3426630871
	3426630872
	3426630873
	3426630874
	3426630875
	3426630876
	3426630877
	3426630878
	3426630879
	3426630880
	3426630881
	3426630882
	3426630883
	3426630884
	3426630885
	3426630886
	3426630887
	3426630888
	3426630889
	3426630890
	3426630891
	3426630892
	3426630893
	3426630894
	3426630895
	3426630896
	3426630897
	3426630898
	3426630899
	3426630900
	3426630901
	3426630902
	3426630903
	3426630904
	3426630905
	3426630906
	3426630907
	3426630908
	3426630909
	3426630910
	3426630911
	3426630912
	3426630913
	3426630914
	3426630915
	3426630916
	3426630917
	3426630918
	3426630919
	3426630920
	3426630921
	3426630922
	3426630923
	3426630924
	3426630925
	3426630926
	3426630927
	3426630928
	3426630929
	3426630930
	3426630931
	3426630932
	3426630933
	3426630934
	3426630935
	3426630936
	3426630937
	3426630938
	3426630939
	3426630940
	3426630941
	3426630942
	3426630943
	3426630944
	3426630945
	3426630946
	3426630947
	3426630948
	3426630949
	3426630950
	3426630951
	3426630952
	3426630953
	3426630954
	3426630955
	3426630956
	3426630957
	3426630958
	3426630959
	3426630960
	3426630961
	3426630962
	3426630963
	3426630964
	3426630965
	3426630966
	3426630967
	3426630968
	3426630969
	3426630970
	3426630971
	3426630972
	3426630973
	3426630974
	3426630975
	3426630976
	3426630977
	3426630978
	3426630979
	3426630980
	3426630981
	3426630982
	3426630983
	3426630984
	3426630985
	3426630986
	3426630987
	3426630988
	3426630989
	3426630990
	3426630991
	3426630992
	3426630993
	3426630994
	3426630995
	3426630996
	3426630997
	3426630998
	3426630999
	3426631000
	3426631001
	3426631002
	3426631003
	3426631004
	3426631005
	3426631006
	3426631007
	3426631008
	3426631009
	3426631010
	3426631011
	3426631012
	3426631013
	3426631014
	3426631015
	3426631016
	3426631017
	3426631018
	3426631019
	3426631020
	3426631021
	3426631022
	3426631023
	3426631024
	3426631025
	3426631026
	3426631027
	3426631028
	3426631029
	3426631030
	3426631031
	3426631032
	3426631033
	3426631034
	3426631035
	3426631036
	3426631037
	3426631038
	3426631039
	3426631040
	3426631041
	3426631042
	3426631043
	3426631044
	3426631045
	3426631046
	3426631047
	3426631048
	3426631049
	3426631050
	3426631051
	3426631052
	3426631053
	3426631054
	3426631055
	3426631056
	3426631057
	3426631058
	3426631059
	3426631060
	3426631061
	3426631062
	3426631063
	3426631064
	3426631065
	3426631066
	3426631067
	3426631068
	3426631069
	3426631070
	3426631071
	3426631072
	3426631073
	3426631074
	3426631075
	3426631076
	3426631077
	3426631078
	3426631079
	3426631080
	3426631081
	3426631082
	3426631083
	3426631084
	3426631085
	3426631086
	3426631087
	3426631088
	3426631089
	3426631090
	3426631091
	3426631092
	3426631093
	3426631094
	3426631095
	3426631096
	3426631097
	3426631098
	3426631099
	3426631100
	3426631101
	3426631102
	3426631103
	3426631104
	3426631105
	3426631106
	3426631107
	3426631108
	3426631109
	3426631110
	3426631111
	3426631112
	3426631113
	3426631114
	3426631115
	3426631116
	3426631117
	3426631118
	3426631119
	3426631120
	3426631121
	3426631122
	3426631123
	3426631124
	3426631125
	3426631126
	3426631127
	3426631128
	3426631129
	3426631130
	3426631131
	3426631132
	3426631133
	3426631134
	3426631135
	3426631136
	3426631137
	3426631138
	3426631139
	3426631140
	3426631141
	3426631142
	3426631143
	3426631144
	3426631145
	3426631146
	3426631147
	3426631148
	3426631149
	3426631150
	3426631151
	3426631152
	3426631153
	3426631154
	3426631155
	3426631156
	3426631157
	3426631158
	3426631159
	3426631160
	3426631161
	3426631162
	3426631163
	3426631164
	3426631165
	3426631166
	3426631167
	3426631168
	3426631169
	3426631170
	3426631171
	3426631172
	3426631173
	3426631174
	3426631175
	3426631176
	3426631177
	3426631178
	3426631179
	3426631180
	3426631181
	3426631182
	3426631183
	3426631184
	3426631185
	3426631186
	3426631187
	3426631188
	3426631189
	3426631190
	3426631191
	3426631192
	3426631193
	3426631194
	3426631195
	3426631196
	3426631197
	3426631198
	3426631199
	3426631200
	3426631201
	3426631202
	3426631203
	3426631204
	3426631205
	3426631206
	3426631207
	3426631208
	3426631209
	3426631210
	3426631211
	3426631212
	3426631213
	3426631214
	3426631215
	3426631216
	3426631217
	3426631218
	3426631219
	3426631220
	3426631221
	3426631222
	3426631223
	3426631224
	3426631225
	3426631226
	3426631227
	3426631228
	3426631229
	3426631230
	3426631231
	3426631232
	3426631233
	3426631234
	3426631235
	3426631236
	3426631237
	3426631238
	3426631239
	3426631240
	3426631241
	3426631242
	3426631243
	3426631244
	3426631245
	3426631246
	3426631247
	3426631248
	3426631249
	3426631250
	3426631251
	3426631252
	3426631253
	3426631254
	3426631255
	3426631256
	3426631257
	3426631258
	3426631259
	3426631260
	3426631261
	3426631262
	3426631263
	3426631264
	3426631265
	3426631266
	3426631267
	3426631268
	3426631269
	3426631270
	3426631271
	3426631272
	3426631273
	3426631274
	3426631275
	3426631276
	3426631277
	3426631278
	3426631279
	3426631280
	3426631281
	3426631282
	3426631283
	3426631284
	3426631285
	3426631286
	3426631287
	3426631288
	3426631289
	3426631290
	3426631291
	3426631292
	3426631293
	3426631294
	3426631295
	3426631296
	3426631297
	3426631298
	3426631299
	3426631300
	3426631301
	3426631302
	3426631303
	3426631304
	3426631305
	3426631306
	3426631307
	3426631308
	3426631309
	3426631310
	3426631311
	3426631312
	3426631313
	3426631314
	3426631315
	3426631316
	3426631317
	3426631318
	3426631319
	3426631320
	3426631321
	3426631322
	3426631323
	3426631324
	3426631325
	3426631326
	3426631327
	3426631328
	3426631329
	3426631330
	3426631331
	3426631332
	3426631333
	3426631334
	3426631335
	3426631336
	3426631337
	3426631338
	3426631339
	3426631340
	3426631341
	3426631342
	3426631343
	3426631344
	3426631345
	3426631346
	3426631347
	3426631348
	3426631349
	3426631350
	3426631351
	3426631352
	3426631353
	3426631354
	3426631355
	3426631356
	3426631357
	3426631358
	3426631359
	3426631360
	3426631361
	3426631362
	3426631363
	3426631364
	3426631365
	3426631366
	3426631367
	3426631368
	3426631369
	3426631370
	3426631371
	3426631372
	3426631373
	3426631374
	3426631375
	3426631376
	3426631377
	3426631378
	3426631379
	3426631380
	3426631381
	3426631382
	3426631383
	3426631384
	3426631385
	3426631386
	3426631387
	3426631388
	3426631389
	3426631390
	3426631391
	3426631392
	3426631393
	3426631394
	3426631395
	3426631396
	3426631397
	3426631398
	3426631399
	3426631400
	3426631401
	3426631402
	3426631403
	3426631404
	3426631405
	3426631406
	3426631407
	3426631408
	3426631409
	3426631410
	3426631411
	3426631412
	3426631413
	3426631414
	3426631415
	3426631416
	3426631417
	3426631418
	3426631419
	3426631420
	3426631421
	3426631422
	3426631423
	3426631424
	3426631425
	3426631426
	3426631427
	3426631428
	3426631429
	3426631430
	3426631431
	3426631432
	3426631433
	3426631434
	3426631435
	3426631436
	3426631437
	3426631438
	3426631439
	3426631440
	3426631441
	3426631442
	3426631443
	3426631444
	3426631445
	3426631446
	3426631447
	3426631448
	3426631449
	3426631450
	3426631451
	3426631452
	3426631453
	3426631454
	3426631455
	3426631456
	3426631457
	3426631458
	3426631459
	3426631460
	3426631461
	3426631462
	3426631463
	3426631464
	3426631465
	3426631466
	3426631467
	3426631468
	3426631469
	3426631470
	3426631471
	3426631472
	3426631473
	3426631474
	3426631475
	3426631476
	3426631477
	3426631478
	3426631479
	3426631480
	3426631481
	3426631482
	3426631483
	3426631484
	3426631485
	3426631486
	3426631487
	3426631488
	3426631489
	3426631490
	3426631491
	3426631492
	3426631493
	3426631494
	3426631495
	3426631496
	3426631497
	3426631498
	3426631499
	3426631500
	3426631501
	3426631502
	3426631503
	3426631504
	3426631505
	3426631506
	3426631507
	3426631508
	3426631509
	3426631510
	3426631511
	3426631512
	3426631513
	3426631514
	3426631515
	3426631516
	3426631517
	3426631518
	3426631519
	3426631520
	3426631521
	3426631522
	3426631523
	3426631524
	3426631525
	3426631526
	3426631527
	3426631528
	3426631529
	3426631530
	3426631531
	3426631532
	3426631533
	3426631534
	3426631535
	3426631536
	3426631537
	3426631538
	3426631539
	3426631540
	3426631541
	3426631542
	3426631543
	3426631544
	3426631545
	3426631546
	3426631547
	3426631548
	3426631549
	3426631550
	3426631551
	3426631552
	3426631553
	3426631554
	3426631555
	3426631556
	3426631557
	3426631558
	3426631559
	3426631560
	3426631561
	3426631562
	3426631563
	3426631564
	3426631565
	3426631566
	3426631567
	3426631568
	3426631569
	3426631570
	3426631571
	3426631572
	3426631573
	3426631574
	3426631575
	3426631576
	3426631577
	3426631578
	3426631579
	3426631580
	3426631581
	3426631582
	3426631583
	3426631584
	3426631585
	3426631586
	3426631587
	3426631588
	3426631589
	3426631590
	3426631591
	3426631592
	3426631593
	3426631594
	3426631595
	3426631596
	3426631597
	3426631598
	3426631599
	3426631600
	3426631601
	3426631602
	3426631603
	3426631604
	3426631605
	3426631606
	3426631607
	3426631608
	3426631609
	3426631610
	3426631611
	3426631612
	3426631613
	3426631614
	3426631615
	3426631616
	3426631617
	3426631618
	3426631619
	3426631620
	3426631621
	3426631622
	3426631623
	3426631624
	3426631625
	3426631626
	3426631627
	3426631628
	3426631629
	3426631630
	3426631631
	3426631632
	3426631633
	3426631634
	3426631635
	3426631636
	3426631637
	3426631638
	3426631639
	3426631640
	3426631641
	3426631642
	3426631643
	3426631644
	3426631645
	3426631646
	3426631647
	3426631648
	3426631649
	3426631650
	3426631651
	3426631652
	3426631653
	3426631654
	3426631655
	3426631656
	3426631657
	3426631658
	3426631659
	3426631660
	3426631661
	3426631662
	3426631663
	3426631664
	3426631665
	3426631666
	3426631667
	3426631668
	3426631669
	3426631670
	3426631671
	3426631672
	3426631673
	3426631674
	3426631675
	3426631676
	3426631677
	3426631678
	3426631679
	3426631680
	3426631681
	3426631682
	3426631683
	3426631684
	3426631685
	3426631686
	3426631687
	3426631688
	3426631689
	3426631690
	3426631691
	3426631692
	3426631693
	3426631694
	3426631695
	3426631696
	3426631697
	3426631698
	3426631699
	3426631700
	3426631701
	3426631702
	3426631703
	3426631704
	3426631705
	3426631706
	3426631707
	3426631708
	3426631709
	3426631710
	3426631711
	3426631712
	3426631713
	3426631714
	3426631715
	3426631716
	3426631717
	3426631718
	3426631719
	3426631720
	3426631721
	3426631722
	3426631723
	3426631724
	3426631725
	3426631726
	3426631727
	3426631728
	3426631729
	3426631730
	3426631731
	3426631732
	3426631733
	3426631734
	3426631735
	3426631736
	3426631737
	3426631738
	3426631739
	3426631740
	3426631741
	3426631742
	3426631743
	3426631744
	3426631745
	3426631746
	3426631747
	3426631748
	3426631749
	3426631750
	3426631751
	3426631752
	3426631753
	3426631754
	3426631755
	3426631756
	3426631757
	3426631758
	3426631759
	3426631760
	3426631761
	3426631762
	3426631763
	3426631764
	3426631765
	3426631766
	3426631767
	3426631768
	3426631769
	3426631770
	3426631771
	3426631772
	3426631773
	3426631774
	3426631775
	3426631776
	3426631777
	3426631778
	3426631779
	3426631780
	3426631781
	3426631782
	3426631783
	3426631784
	3426631785
	3426631786
	3426631787
	3426631788
	3426631789
	3426631790
	3426631791
	3426631792
	3426631793
	3426631794
	3426631795
	3426631796
	3426631797
	3426631798
	3426631799
	3426631800
	3426631801
	3426631802
	3426631803
	3426631804
	3426631805
	3426631806
	3426631807
	3426631808
	3426631809
	3426631810
	3426631811
	3426631812
	3426631813
	3426631814
	3426631815
	3426631816
	3426631817
	3426631818
	3426631819
	3426631820
	3426631821
	3426631822
	3426631823
	3426631824
	3426631825
	3426631826
	3426631827
	3426631828
	3426631829
	3426631830
	3426631831
	3426631832
	3426631833
	3426631834
	3426631835
	3426631836
	3426631837
	3426631838
	3426631839
	3426631840
	3426631841
	3426631842
	3426631843
	3426631844
	3426631845
	3426631846
	3426631847
	3426631848
	3426631849
	3426631850
	3426631851
	3426631852
	3426631853
	3426631854
	3426631855
	3426631856
	3426631857
	3426631858
	3426631859
	3426631860
	3426631861
	3426631862
	3426631863
	3426631864
	3426631865
	3426631866
	3426631867
	3426631868
	3426631869
	3426631870
	3426631871
	3426631872
	3426631873
	3426631874
	3426631875
	3426631876
	3426631877
	3426631878
	3426631879
	3426631880
	3426631881
	3426631882
	3426631883
	3426631884
	3426631885
	3426631886
	3426631887
	3426631888
	3426631889
	3426631890
	3426631891
	3426631892
	3426631893
	3426631894
	3426631895
	3426631896
	3426631897
	3426631898
	3426631899
	3426631900
	3426631901
	3426631902
	3426631903
	3426631904
	3426631905
	3426631906
	3426631907
	3426631908
	3426631909
	3426631910
	3426631911
	3426631912
	3426631913
	3426631914
	3426631915
	3426631916
	3426631917
	3426631918
	3426631919
	3426631920
	3426631921
	3426631922
	3426631923
	3426631924
	3426631925
	3426631926
	3426631927
	3426631928
	3426631929
	3426631930
	3426631931
	3426631932
	3426631933
	3426631934
	3426631935
	3426631936
	3426631937
	3426631938
	3426631939
	3426631940
	3426631941
	3426631942
	3426631943
	3426631944
	3426631945
	3426631946
	3426631947
	3426631948
	3426631949
	3426631950
	3426631951
	3426631952
	3426631953
	3426631954
	3426631955
	3426631956
	3426631957
	3426631958
	3426631959
	3426631960
	3426631961
	3426631962
	3426631963
	3426631964
	3426631965
	3426631966
	3426631967
	3426631968
	3426631969
	3426631970
	3426631971
	3426631972
	3426631973
	3426631974
	3426631975
	3426631976
	3426631977
	3426631978
	3426631979
	3426631980
	3426631981
	3426631982
	3426631983
	3426631984
	3426631985
	3426631986
	3426631987
	3426631988
	3426631989
	3426631990
	3426631991
	3426631992
	3426631993
	3426631994
	3426631995
	3426631996
	3426631997
	3426631998
	3426631999
	3426632000
	3426632001
	3426632002
	3426632003
	3426632004
	3426632005
	3426632006
	3426632007
	3426632008
	3426632009
	3426632010
	3426632011
	3426632012
	3426632013
	3426632014
	3426632015
	3426632016
	3426632017
	3426632018
	3426632019
	3426632020
	3426632021
	3426632022
	3426632023
	3426632024
	3426632025
	3426632026
	3426632027
	3426632028
	3426632029
	3426632030
	3426632031
	3426632032
	3426632033
	3426632034
	3426632035
	3426632036
	3426632037
	3426632038
	3426632039
	3426632040
	3426632041
	3426632042
	3426632043
	3426632044
	3426632045
	3426632046
	3426632047
	3426632048
	3426632049
	3426632050
	3426632051
	3426632052
	3426632053
	3426632054
	3426632055
	3426632056
	3426632057
	3426632058
	3426632059
	3426632060
	3426632061
	3426632062
	3426632063
	3426632064
	3426632065
	3426632066
	3426632067
	3426632068
	3426632069
	3426632070
	3426632071
	3426632072
	3426632073
	3426632074
	3426632075
	3426632076
	3426632077
	3426632078
	3426632079
	3426632080
	3426632081
	3426632082
	3426632083
	3426632084
	3426632085
	3426632086
	3426632087
	3426632088
	3426632089
	3426632090
	3426632091
	3426632092
	3426632093
	3426632094
	3426632095
	3426632096
	3426632097
	3426632098
	3426632099
	3426632100
	3426632101
	3426632102
	3426632103
	3426632104
	3426632105
	3426632106
	3426632107
	3426632108
	3426632109
	3426632110
	3426632111
	3426632112
	3426632113
	3426632114
	3426632115
	3426632116
	3426632117
	3426632118
	3426632119
	3426632120
	3426632121
	3426632122
	3426632123
	3426632124
	3426632125
	3426632126
	3426632127
	3426632128
	3426632129
	3426632130
	3426632131
	3426632132
	3426632133
	3426632134
	3426632135
	3426632136
	3426632137
	3426632138
	3426632139
	3426632140
	3426632141
	3426632142
	3426632143
	3426632144
	3426632145
	3426632146
	3426632147
	3426632148
	3426632149
	3426632150
	3426632151
	3426632152
	3426632153
	3426632154
	3426632155
	3426632156
	3426632157
	3426632158
	3426632159
	3426632160
	3426632161
	3426632162
	3426632163
	3426632164
	3426632165
	3426632166
	3426632167
	3426632168
	3426632169
	3426632170
	3426632171
	3426632172
	3426632173
	3426632174
	3426632175
	3426632176
	3426632177
	3426632178
	3426632179
	3426632180
	3426632181
	3426632182
	3426632183
	3426632184
	3426632185
	3426632186
	3426632187
	3426632188
	3426632189
	3426632190
	3426632191
	3426632192
	3426632193
	3426632194
	3426632195
	3426632196
	3426632197
	3426632198
	3426632199
	3426632200
	3426632201
	3426632202
	3426632203
	3426632204
	3426632205
	3426632206
	3426632207
	3426632208
	3426632209
	3426632210
	3426632211
	3426632212
	3426632213
	3426632214
	3426632215
	3426632216
	3426632217
	3426632218
	3426632219
	3426632220
	3426632221
	3426632222
	3426632223
	3426632224
	3426632225
	3426632226
	3426632227
	3426632228
	3426632229
	3426632230
	3426632231
	3426632232
	3426632233
	3426632234
	3426632235
	3426632236
	3426632237
	3426632238
	3426632239
	3426632240
	3426632241
	3426632242
	3426632243
	3426632244
	3426632245
	3426632246
	3426632247
	3426632248
	3426632249
	3426632250
	3426632251
	3426632252
	3426632253
	3426632254
	3426632255
	3426632256
	3426632257
	3426632258
	3426632259
	3426632260
	3426632261
	3426632262
	3426632263
	3426632264
	3426632265
	3426632266
	3426632267
	3426632268
	3426632269
	3426632270
	3426632271
	3426632272
	3426632273
	3426632274
	3426632275
	3426632276
	3426632277
	3426632278
	3426632279
	3426632280
	3426632281
	3426632282
	3426632283
	3426632284
	3426632285
	3426632286
	3426632287
	3426632288
	3426632289
	3426632290
	3426632291
	3426632292
	3426632293
	3426632294
	3426632295
	3426632296
	3426632297
	3426632298
	3426632299
	3426632300
	3426632301
	3426632302
	3426632303
	3426632304
	3426632305
	3426632306
	3426632307
	3426632308
	3426632309
	3426632310
	3426632311
	3426632312
	3426632313
	3426632314
	3426632315
	3426632316
	3426632317
	3426632318
	3426632319
	3426632320
	3426632321
	3426632322
	3426632323
	3426632324
	3426632325
	3426632326
	3426632327
	3426632328
	3426632329
	3426632330
	3426632331
	3426632332
	3426632333
	3426632334
	3426632335
	3426632336
	3426632337
	3426632338
	3426632339
	3426632340
	3426632341
	3426632342
	3426632343
	3426632344
	3426632345
	3426632346
	3426632347
	3426632348
	3426632349
	3426632350
	3426632351
	3426632352
	3426632353
	3426632354
	3426632355
	3426632356
	3426632357
	3426632358
	3426632359
	3426632360
	3426632361
	3426632362
	3426632363
	3426632364
	3426632365
	3426632366
	3426632367
	3426632368
	3426632369
	3426632370
	3426632371
	3426632372
	3426632373
	3426632374
	3426632375
	3426632376
	3426632377
	3426632378
	3426632379
	3426632380
	3426632381
	3426632382
	3426632383
	3426632384
	3426632385
	3426632386
	3426632387
	3426632388
	3426632389
	3426632390
	3426632391
	3426632392
	3426632393
	3426632394
	3426632395
	3426632396
	3426632397
	3426632398
	3426632399
	3426632400
	3426632401
	3426632402
	3426632403
	3426632404
	3426632405
	3426632406
	3426632407
	3426632408
	3426632409
	3426632410
	3426632411
	3426632412
	3426632413
	3426632414
	3426632415
	3426632416
	3426632417
	3426632418
	3426632419
	3426632420
	3426632421
	3426632422
	3426632423
	3426632424
	3426632425
	3426632426
	3426632427
	3426632428
	3426632429
	3426632430
	3426632431
	3426632432
	3426632433
	3426632434
	3426632435
	3426632436
	3426632437
	3426632438
	3426632439
	3426632440
	3426632441
	3426632442
	3426632443
	3426632444
	3426632445
	3426632446
	3426632447
	3426632448
	3426632449
	3426632450
	3426632451
	3426632452
	3426632453
	3426632454
	3426632455
	3426632456
	3426632457
	3426632458
	3426632459
	3426632460
	3426632461
	3426632462
	3426632463
	3426632464
	3426632465
	3426632466
	3426632467
	3426632468
	3426632469
	3426632470
	3426632471
	3426632472
	3426632473
	3426632474
	3426632475
	3426632476
	3426632477
	3426632478
	3426632479
	3426632480
	3426632481
	3426632482
	3426632483
	3426632484
	3426632485
	3426632486
	3426632487
	3426632488
	3426632489
	3426632490
	3426632491
	3426632492
	3426632493
	3426632494
	3426632495
	3426632496
	3426632497
	3426632498
	3426632499
	3426632500
	3426632501
	3426632502
	3426632503
	3426632504
	3426632505
	3426632506
	3426632507
	3426632508
	3426632509
	3426632510
	3426632511
	3426632512
	3426632513
	3426632514
	3426632515
	3426632516
	3426632517
	3426632518
	3426632519
	3426632520
	3426632521
	3426632522
	3426632523
	3426632524
	3426632525
	3426632526
	3426632527
	3426632528
	3426632529
	3426632530
	3426632531
	3426632532
	3426632533
	3426632534
	3426632535
	3426632536
	3426632537
	3426632538
	3426632539
	3426632540
	3426632541
	3426632542
	3426632543
	3426632544
	3426632545
	3426632546
	3426632547
	3426632548
	3426632549
	3426632550
	3426632551
	3426632552
	3426632553
	3426632554
	3426632555
	3426632556
	3426632557
	3426632558
	3426632559
	3426632560
	3426632561
	3426632562
	3426632563
	3426632564
	3426632565
	3426632566
	3426632567
	3426632568
	3426632569
	3426632570
	3426632571
	3426632572
	3426632573
	3426632574
	3426632575
	3426632576
	3426632577
	3426632578
	3426632579
	3426632580
	3426632581
	3426632582
	3426632583
	3426632584
	3426632585
	3426632586
	3426632587
	3426632588
	3426632589
	3426632590
	3426632591
	3426632592
	3426632593
	3426632594
	3426632595
	3426632596
	3426632597
	3426632598
	3426632599
	3426632600
	3426632601
	3426632602
	3426632603
	3426632604
	3426632605
	3426632606
	3426632607
	3426632608
	3426632609
	3426632610
	3426632611
	3426632612
	3426632613
	3426632614
	3426632615
	3426632616
	3426632617
	3426632618
	3426632619
	3426632620
	3426632621
	3426632622
	3426632623
	3426632624
	3426632625
	3426632626
	3426632627
	3426632628
	3426632629
	3426632630
	3426632631
	3426632632
	3426632633
	3426632634
	3426632635
	3426632636
	3426632637
	3426632638
	3426632639
	3426632640
	3426632641
	3426632642
	3426632643
	3426632644
	3426632645
	3426632646
	3426632647
	3426632648
	3426632649
	3426632650
	3426632651
	3426632652
	3426632653
	3426632654
	3426632655
	3426632656
	3426632657
	3426632658
	3426632659
	3426632660
	3426632661
	3426632662
	3426632663
	3426632664
	3426632665
	3426632666
	3426632667
	3426632668
	3426632669
	3426632670
	3426632671
	3426632672
	3426632673
	3426632674
	3426632675
	3426632676
	3426632677
	3426632678
	3426632679
	3426632680
	3426632681
	3426632682
	3426632683
	3426632684
	3426632685
	3426632686
	3426632687
	3426632688
	3426632689
	3426632690
	3426632691
	3426632692
	3426632693
	3426632694
	3426632695
	3426632696
	3426632697
	3426632698
	3426632699
	3426632700
	3426632701
	3426632702
	3426632703
	3426632704
	3426632705
	3426632706
	3426632707
	3426632708
	3426632709
	3426632710
	3426632711
	3426632712
	3426632713
	3426632714
	3426632715
	3426632716
	3426632717
	3426632718
	3426632719
	3426632720
	3426632721
	3426632722
	3426632723
	3426632724
	3426632725
	3426632726
	3426632727
	3426632728
	3426632729
	3426632730
	3426632731
	3426632732
	3426632733
	3426632734
	3426632735
	3426632736
	3426632737
	3426632738
	3426632739
	3426632740
	3426632741
	3426632742
	3426632743
	3426632744
	3426632745
	3426632746
	3426632747
	3426632748
	3426632749
	3426632750
	3426632751
	3426632752
	3426632753
	3426632754
	3426632755
	3426632756
	3426632757
	3426632758
	3426632759
	3426632760
	3426632761
	3426632762
	3426632763
	3426632764
	3426632765
	3426632766
	3426632767
	3426632768
	3426632769
	3426632770
	3426632771
	3426632772
	3426632773
	3426632774
	3426632775
	3426632776
	3426632777
	3426632778
	3426632779
	3426632780
	3426632781
	3426632782
	3426632783
	3426632784
	3426632785
	3426632786
	3426632787
	3426632788
	3426632789
	3426632790
	3426632791
	3426632792
	3426632793
	3426632794
	3426632795
	3426632796
	3426632797
	3426632798
	3426632799
	3426632800
	3426632801
	3426632802
	3426632803
	3426632804
	3426632805
	3426632806
	3426632807
	3426632808
	3426632809
	3426632810
	3426632811
	3426632812
	3426632813
	3426632814
	3426632815
	3426632816
	3426632817
	3426632818
	3426632819
	3426632820
	3426632821
	3426632822
	3426632823
	3426632824
	3426632825
	3426632826
	3426632827
	3426632828
	3426632829
	3426632830
	3426632831
	3426632832
	3426632833
	3426632834
	3426632835
	3426632836
	3426632837
	3426632838
	3426632839
	3426632840
	3426632841
	3426632842
	3426632843
	3426632844
	3426632845
	3426632846
	3426632847
	3426632848
	3426632849
	3426632850
	3426632851
	3426632852
	3426632853
	3426632854
	3426632855
	3426632856
	3426632857
	3426632858
	3426632859
	3426632860
	3426632861
	3426632862
	3426632863
	3426632864
	3426632865
	3426632866
	3426632867
	3426632868
	3426632869
	3426632870
	3426632871
	3426632872
	3426632873
	3426632874
	3426632875
	3426632876
	3426632877
	3426632878
	3426632879
	3426632880
	3426632881
	3426632882
	3426632883
	3426632884
	3426632885
	3426632886
	3426632887
	3426632888
	3426632889
	3426632890
	3426632891
	3426632892
	3426632893
	3426632894
	3426632895
	3426632896
	3426632897
	3426632898
	3426632899
	3426632900
	3426632901
	3426632902
	3426632903
	3426632904
	3426632905
	3426632906
	3426632907
	3426632908
	3426632909
	3426632910
	3426632911
	3426632912
	3426632913
	3426632914
	3426632915
	3426632916
	3426632917
	3426632918
	3426632919
	3426632920
	3426632921
	3426632922
	3426632923
	3426632924
	3426632925
	3426632926
	3426632927
	3426632928
	3426632929
	3426632930
	3426632931
	3426632932
	3426632933
	3426632934
	3426632935
	3426632936
	3426632937
	3426632938
	3426632939
	3426632940
	3426632941
	3426632942
	3426632943
	3426632944
	3426632945
	3426632946
	3426632947
	3426632948
	3426632949
	3426632950
	3426632951
	3426632952
	3426632953
	3426632954
	3426632955
	3426632956
	3426632957
	3426632958
	3426632959
	3426632960
	3426632961
	3426632962
	3426632963
	3426632964
	3426632965
	3426632966
	3426632967
	3426632968
	3426632969
	3426632970
	3426632971
	3426632972
	3426632973
	3426632974
	3426632975
	3426632976
	3426632977
	3426632978
	3426632979
	3426632980
	3426632981
	3426632982
	3426632983
	3426632984
	3426632985
	3426632986
	3426632987
	3426632988
	3426632989
	3426632990
	3426632991
	3426632992
	3426632993
	3426632994
	3426632995
	3426632996
	3426632997
	3426632998
	3426632999
	3426633000
	3426633001
	3426633002
	3426633003
	3426633004
	3426633005
	3426633006
	3426633007
	3426633008
	3426633009
	3426633010
	3426633011
	3426633012
	3426633013
	3426633014
	3426633015
	3426633016
	3426633017
	3426633018
	3426633019
	3426633020
	3426633021
	3426633022
	3426633023
	3426633024
	3426633025
	3426633026
	3426633027
	3426633028
	3426633029
	3426633030
	3426633031
	3426633032
	3426633033
	3426633034
	3426633035
	3426633036
	3426633037
	3426633038
	3426633039
	3426633040
	3426633041
	3426633042
	3426633043
	3426633044
	3426633045
	3426633046
	3426633047
	3426633048
	3426633049
	3426633050
	3426633051
	3426633052
	3426633053
	3426633054
	3426633055
	3426633056
	3426633057
	3426633058
	3426633059
	3426633060
	3426633061
	3426633062
	3426633063
	3426633064
	3426633065
	3426633066
	3426633067
	3426633068
	3426633069
	3426633070
	3426633071
	3426633072
	3426633073
	3426633074
	3426633075
	3426633076
	3426633077
	3426633078
	3426633079
	3426633080
	3426633081
	3426633082
	3426633083
	3426633084
	3426633085
	3426633086
	3426633087
	3426633088
	3426633089
	3426633090
	3426633091
	3426633092
	3426633093
	3426633094
	3426633095
	3426633096
	3426633097
	3426633098
	3426633099
	3426633100
	3426633101
	3426633102
	3426633103
	3426633104
	3426633105
	3426633106
	3426633107
	3426633108
	3426633109
	3426633110
	3426633111
	3426633112
	3426633113
	3426633114
	3426633115
	3426633116
	3426633117
	3426633118
	3426633119
	3426633120
	3426633121
	3426633122
	3426633123
	3426633124
	3426633125
	3426633126
	3426633127
	3426633128
	3426633129
	3426633130
	3426633131
	3426633132
	3426633133
	3426633134
	3426633135
	3426633136
	3426633137
	3426633138
	3426633139
	3426633140
	3426633141
	3426633142
	3426633143
	3426633144
	3426633145
	3426633146
	3426633147
	3426633148
	3426633149
	3426633150
	3426633151
	3426633152
	3426633153
	3426633154
	3426633155
	3426633156
	3426633157
	3426633158
	3426633159
	3426633160
	3426633161
	3426633162
	3426633163
	3426633164
	3426633165
	3426633166
	3426633167
	3426633168
	3426633169
	3426633170
	3426633171
	3426633172
	3426633173
	3426633174
	3426633175
	3426633176
	3426633177
	3426633178
	3426633179
	3426633180
	3426633181
	3426633182
	3426633183
	3426633184
	3426633185
	3426633186
	3426633187
	3426633188
	3426633189
	3426633190
	3426633191
	3426633192
	3426633193
	3426633194
	3426633195
	3426633196
	3426633197
	3426633198
	3426633199
	3426633200
	3426633201
	3426633202
	3426633203
	3426633204
	3426633205
	3426633206
	3426633207
	3426633208
	3426633209
	3426633210
	3426633211
	3426633212
	3426633213
	3426633214
	3426633215
	3426633216
	3426633217
	3426633218
	3426633219
	3426633220
	3426633221
	3426633222
	3426633223
	3426633224
	3426633225
	3426633226
	3426633227
	3426633228
	3426633229
	3426633230
	3426633231
	3426633232
	3426633233
	3426633234
	3426633235
	3426633236
	3426633237
	3426633238
	3426633239
	3426633240
	3426633241
	3426633242
	3426633243
	3426633244
	3426633245
	3426633246
	3426633247
	3426633248
	3426633249
	3426633250
	3426633251
	3426633252
	3426633253
	3426633254
	3426633255
	3426633256
	3426633257
	3426633258
	3426633259
	3426633260
	3426633261
	3426633262
	3426633263
	3426633264
	3426633265
	3426633266
	3426633267
	3426633268
	3426633269
	3426633270
	3426633271
	3426633272
	3426633273
	3426633274
	3426633275
	3426633276
	3426633277
	3426633278
	3426633279
	3426633280
	3426633281
	3426633282
	3426633283
	3426633284
	3426633285
	3426633286
	3426633287
	3426633288
	3426633289
	3426633290
	3426633291
	3426633292
	3426633293
	3426633294
	3426633295
	3426633296
	3426633297
	3426633298
	3426633299
	3426633300
	3426633301
	3426633302
	3426633303
	3426633304
	3426633305
	3426633306
	3426633307
	3426633308
	3426633309
	3426633310
	3426633311
	3426633312
	3426633313
	3426633314
	3426633315
	3426633316
	3426633317
	3426633318
	3426633319
	3426633320
	3426633321
	3426633322
	3426633323
	3426633324
	3426633325
	3426633326
	3426633327
	3426633328
	3426633329
	3426633330
	3426633331
	3426633332
	3426633333
	3426633334
	3426633335
	3426633336
	3426633337
	3426633338
	3426633339
	3426633340
	3426633341
	3426633342
	3426633343
	3426633344
	3426633345
	3426633346
	3426633347
	3426633348
	3426633349
	3426633350
	3426633351
	3426633352
	3426633353
	3426633354
	3426633355
	3426633356
	3426633357
	3426633358
	3426633359
	3426633360
	3426633361
	3426633362
	3426633363
	3426633364
	3426633365
	3426633366
	3426633367
	3426633368
	3426633369
	3426633370
	3426633371
	3426633372
	3426633373
	3426633374
	3426633375
	3426633376
	3426633377
	3426633378
	3426633379
	3426633380
	3426633381
	3426633382
	3426633383
	3426633384
	3426633385
	3426633386
	3426633387
	3426633388
	3426633389
	3426633390
	3426633391
	3426633392
	3426633393
	3426633394
	3426633395
	3426633396
	3426633397
	3426633398
	3426633399
	3426633400
	3426633401
	3426633402
	3426633403
	3426633404
	3426633405
	3426633406
	3426633407
	3426633408
	3426633409
	3426633410
	3426633411
	3426633412
	3426633413
	3426633414
	3426633415
	3426633416
	3426633417
	3426633418
	3426633419
	3426633420
	3426633421
	3426633422
	3426633423
	3426633424
	3426633425
	3426633426
	3426633427
	3426633428
	3426633429
	3426633430
	3426633431
	3426633432
	3426633433
	3426633434
	3426633435
	3426633436
	3426633437
	3426633438
	3426633439
	3426633440
	3426633441
	3426633442
	3426633443
	3426633444
	3426633445
	3426633446
	3426633447
	3426633448
	3426633449
	3426633450
	3426633451
	3426633452
	3426633453
	3426633454
	3426633455
	3426633456
	3426633457
	3426633458
	3426633459
	3426633460
	3426633461
	3426633462
	3426633463
	3426633464
	3426633465
	3426633466
	3426633467
	3426633468
	3426633469
	3426633470
	3426633471
	3426633472
	3426633473
	3426633474
	3426633475
	3426633476
	3426633477
	3426633478
	3426633479
	3426633480
	3426633481
	3426633482
	3426633483
	3426633484
	3426633485
	3426633486
	3426633487
	3426633488
	3426633489
	3426633490
	3426633491
	3426633492
	3426633493
	3426633494
	3426633495
	3426633496
	3426633497
	3426633498
	3426633499
	3426633500
	3426633501
	3426633502
	3426633503
	3426633504
	3426633505
	3426633506
	3426633507
	3426633508
	3426633509
	3426633510
	3426633511
	3426633512
	3426633513
	3426633514
	3426633515
	3426633516
	3426633517
	3426633518
	3426633519
	3426633520
	3426633521
	3426633522
	3426633523
	3426633524
	3426633525
	3426633526
	3426633527
	3426633528
	3426633529
	3426633530
	3426633531
	3426633532
	3426633533
	3426633534
	3426633535
	3426633536
	3426633537
	3426633538
	3426633539
	3426633540
	3426633541
	3426633542
	3426633543
	3426633544
	3426633545
	3426633546
	3426633547
	3426633548
	3426633549
	3426633550
	3426633551
	3426633552
	3426633553
	3426633554
	3426633555
	3426633556
	3426633557
	3426633558
	3426633559
	3426633560
	3426633561
	3426633562
	3426633563
	3426633564
	3426633565
	3426633566
	3426633567
	3426633568
	3426633569
	3426633570
	3426633571
	3426633572
	3426633573
	3426633574
	3426633575
	3426633576
	3426633577
	3426633578
	3426633579
	3426633580
	3426633581
	3426633582
	3426633583
	3426633584
	3426633585
	3426633586
	3426633587
	3426633588
	3426633589
	3426633590
	3426633591
	3426633592
	3426633593
	3426633594
	3426633595
	3426633596
	3426633597
	3426633598
	3426633599
	3426633600
	3426633601
	3426633602
	3426633603
	3426633604
	3426633605
	3426633606
	3426633607
	3426633608
	3426633609
	3426633610
	3426633611
	3426633612
	3426633613
	3426633614
	3426633615
	3426633616
	3426633617
	3426633618
	3426633619
	3426633620
	3426633621
	3426633622
	3426633623
	3426633624
	3426633625
	3426633626
	3426633627
	3426633628
	3426633629
	3426633630
	3426633631
	3426633632
	3426633633
	3426633634
	3426633635
	3426633636
	3426633637
	3426633638
	3426633639
	3426633640
	3426633641
	3426633642
	3426633643
	3426633644
	3426633645
	3426633646
	3426633647
	3426633648
	3426633649
	3426633650
	3426633651
	3426633652
	3426633653
	3426633654
	3426633655
	3426633656
	3426633657
	3426633658
	3426633659
	3426633660
	3426633661
	3426633662
	3426633663
	3426633664
	3426633665
	3426633666
	3426633667
	3426633668
	3426633669
	3426633670
	3426633671
	3426633672
	3426633673
	3426633674
	3426633675
	3426633676
	3426633677
	3426633678
	3426633679
	3426633680
	3426633681
	3426633682
	3426633683
	3426633684
	3426633685
	3426633686
	3426633687
	3426633688
	3426633689
	3426633690
	3426633691
	3426633692
	3426633693
	3426633694
	3426633695
	3426633696
	3426633697
	3426633698
	3426633699
	3426633700
	3426633701
	3426633702
	3426633703
	3426633704
	3426633705
	3426633706
	3426633707
	3426633708
	3426633709
	3426633710
	3426633711
	3426633712
	3426633713
	3426633714
	3426633715
	3426633716
	3426633717
	3426633718
	3426633719
	3426633720
	3426633721
	3426633722
	3426633723
	3426633724
	3426633725
	3426633726
	3426633727
	3426633728
	3426633729
	3426633730
	3426633731
	3426633732
	3426633733
	3426633734
	3426633735
	3426633736
	3426633737
	3426633738
	3426633739
	3426633740
	3426633741
	3426633742
	3426633743
	3426633744
	3426633745
	3426633746
	3426633747
	3426633748
	3426633749
	3426633750
	3426633751
	3426633752
	3426633753
	3426633754
	3426633755
	3426633756
	3426633757
	3426633758
	3426633759
	3426633760
	3426633761
	3426633762
	3426633763
	3426633764
	3426633765
	3426633766
	3426633767
	3426633768
	3426633769
	3426633770
	3426633771
	3426633772
	3426633773
	3426633774
	3426633775
	3426633776
	3426633777
	3426633778
	3426633779
	3426633780
	3426633781
	3426633782
	3426633783
	3426633784
	3426633785
	3426633786
	3426633787
	3426633788
	3426633789
	3426633790
	3426633791
	3426633792
	3426633793
	3426633794
	3426633795
	3426633796
	3426633797
	3426633798
	3426633799
	3426633800
	3426633801
	3426633802
	3426633803
	3426633804
	3426633805
	3426633806
	3426633807
	3426633808
	3426633809
	3426633810
	3426633811
	3426633812
	3426633813
	3426633814
	3426633815
	3426633816
	3426633817
	3426633818
	3426633819
	3426633820
	3426633821
	3426633822
	3426633823
	3426633824
	3426633825
	3426633826
	3426633827
	3426633828
	3426633829
	3426633830
	3426633831
	3426633832
	3426633833
	3426633834
	3426633835
	3426633836
	3426633837
	3426633838
	3426633839
	3426633840
	3426633841
	3426633842
	3426633843
	3426633844
	3426633845
	3426633846
	3426633847
	3426633848
	3426633849
	3426633850
	3426633851
	3426633852
	3426633853
	3426633854
	3426633855
	3426633856
	3426633857
	3426633858
	3426633859
	3426633860
	3426633861
	3426633862
	3426633863
	3426633864
	3426633865
	3426633866
	3426633867
	3426633868
	3426633869
	3426633870
	3426633871
	3426633872
	3426633873
	3426633874
	3426633875
	3426633876
	3426633877
	3426633878
	3426633879
	3426633880
	3426633881
	3426633882
	3426633883
	3426633884
	3426633885
	3426633886
	3426633887
	3426633888
	3426633889
	3426633890
	3426633891
	3426633892
	3426633893
	3426633894
	3426633895
	3426633896
	3426633897
	3426633898
	3426633899
	3426633900
	3426633901
	3426633902
	3426633903
	3426633904
	3426633905
	3426633906
	3426633907
	3426633908
	3426633909
	3426633910
	3426633911
	3426633912
	3426633913
	3426633914
	3426633915
	3426633916
	3426633917
	3426633918
