	3426648319
	3426648320
	3426648321
	3426648322
	3426648323
	3426648324
	3426648325
	3426648326
	3426648327
	3426648328
	3426648329
	3426648330
	3426648331
	3426648332
	3426648333
	3426648334
	3426648335
	3426648336
	3426648337
	3426648338
	3426648339
	3426648340
	3426648341
	3426648342
	3426648343
	3426648344
	3426648345
	3426648346
	3426648347
	3426648348
	3426648349
	3426648350
	3426648351
	3426648352
	3426648353
	3426648354
	3426648355
	3426648356
	3426648357
	3426648358
	3426648359
	3426648360
	3426648361
	3426648362
	3426648363
	3426648364
	3426648365
	3426648366
	3426648367
	3426648368
	3426648369
	3426648370
	3426648371
	3426648372
	3426648373
	3426648374
	3426648375
	3426648376
	3426648377
	3426648378
	3426648379
	3426648380
	3426648381
	3426648382
	3426648383
	3426648384
	3426648385
	3426648386
	3426648387
	3426648388
	3426648389
	3426648390
	3426648391
	3426648392
	3426648393
	3426648394
	3426648395
	3426648396
	3426648397
	3426648398
	3426648399
	3426648400
	3426648401
	3426648402
	3426648403
	3426648404
	3426648405
	3426648406
	3426648407
	3426648408
	3426648409
	3426648410
	3426648411
	3426648412
	3426648413
	3426648414
	3426648415
	3426648416
	3426648417
	3426648418
	3426648419
	3426648420
	3426648421
	3426648422
	3426648423
	3426648424
	3426648425
	3426648426
	3426648427
	3426648428
	3426648429
	3426648430
	3426648431
	3426648432
	3426648433
	3426648434
	3426648435
	3426648436
	3426648437
	3426648438
	3426648439
	3426648440
	3426648441
	3426648442
	3426648443
	3426648444
	3426648445
	3426648446
	3426648447
	3426648448
	3426648449
	3426648450
	3426648451
	3426648452
	3426648453
	3426648454
	3426648455
	3426648456
	3426648457
	3426648458
	3426648459
	3426648460
	3426648461
	3426648462
	3426648463
	3426648464
	3426648465
	3426648466
	3426648467
	3426648468
	3426648469
	3426648470
	3426648471
	3426648472
	3426648473
	3426648474
	3426648475
	3426648476
	3426648477
	3426648478
	3426648479
	3426648480
	3426648481
	3426648482
	3426648483
	3426648484
	3426648485
	3426648486
	3426648487
	3426648488
	3426648489
	3426648490
	3426648491
	3426648492
	3426648493
	3426648494
	3426648495
	3426648496
	3426648497
	3426648498
	3426648499
	3426648500
	3426648501
	3426648502
	3426648503
	3426648504
	3426648505
	3426648506
	3426648507
	3426648508
	3426648509
	3426648510
	3426648511
	3426648512
	3426648513
	3426648514
	3426648515
	3426648516
	3426648517
	3426648518
	3426648519
	3426648520
	3426648521
	3426648522
	3426648523
	3426648524
	3426648525
	3426648526
	3426648527
	3426648528
	3426648529
	3426648530
	3426648531
	3426648532
	3426648533
	3426648534
	3426648535
	3426648536
	3426648537
	3426648538
	3426648539
	3426648540
	3426648541
	3426648542
	3426648543
	3426648544
	3426648545
	3426648546
	3426648547
	3426648548
	3426648549
	3426648550
	3426648551
	3426648552
	3426648553
	3426648554
	3426648555
	3426648556
	3426648557
	3426648558
	3426648559
	3426648560
	3426648561
	3426648562
	3426648563
	3426648564
	3426648565
	3426648566
	3426648567
	3426648568
	3426648569
	3426648570
	3426648571
	3426648572
	3426648573
	3426648574
	3426648575
	3426648576
	3426648577
	3426648578
	3426648579
	3426648580
	3426648581
	3426648582
	3426648583
	3426648584
	3426648585
	3426648586
	3426648587
	3426648588
	3426648589
	3426648590
	3426648591
	3426648592
	3426648593
	3426648594
	3426648595
	3426648596
	3426648597
	3426648598
	3426648599
	3426648600
	3426648601
	3426648602
	3426648603
	3426648604
	3426648605
	3426648606
	3426648607
	3426648608
	3426648609
	3426648610
	3426648611
	3426648612
	3426648613
	3426648614
	3426648615
	3426648616
	3426648617
	3426648618
	3426648619
	3426648620
	3426648621
	3426648622
	3426648623
	3426648624
	3426648625
	3426648626
	3426648627
	3426648628
	3426648629
	3426648630
	3426648631
	3426648632
	3426648633
	3426648634
	3426648635
	3426648636
	3426648637
	3426648638
	3426648639
	3426648640
	3426648641
	3426648642
	3426648643
	3426648644
	3426648645
	3426648646
	3426648647
	3426648648
	3426648649
	3426648650
	3426648651
	3426648652
	3426648653
	3426648654
	3426648655
	3426648656
	3426648657
	3426648658
	3426648659
	3426648660
	3426648661
	3426648662
	3426648663
	3426648664
	3426648665
	3426648666
	3426648667
	3426648668
	3426648669
	3426648670
	3426648671
	3426648672
	3426648673
	3426648674
	3426648675
	3426648676
	3426648677
	3426648678
	3426648679
	3426648680
	3426648681
	3426648682
	3426648683
	3426648684
	3426648685
	3426648686
	3426648687
	3426648688
	3426648689
	3426648690
	3426648691
	3426648692
	3426648693
	3426648694
	3426648695
	3426648696
	3426648697
	3426648698
	3426648699
	3426648700
	3426648701
	3426648702
	3426648703
	3426648704
	3426648705
	3426648706
	3426648707
	3426648708
	3426648709
	3426648710
	3426648711
	3426648712
	3426648713
	3426648714
	3426648715
	3426648716
	3426648717
	3426648718
	3426648719
	3426648720
	3426648721
	3426648722
	3426648723
	3426648724
	3426648725
	3426648726
	3426648727
	3426648728
	3426648729
	3426648730
	3426648731
	3426648732
	3426648733
	3426648734
	3426648735
	3426648736
	3426648737
	3426648738
	3426648739
	3426648740
	3426648741
	3426648742
	3426648743
	3426648744
	3426648745
	3426648746
	3426648747
	3426648748
	3426648749
	3426648750
	3426648751
	3426648752
	3426648753
	3426648754
	3426648755
	3426648756
	3426648757
	3426648758
	3426648759
	3426648760
	3426648761
	3426648762
	3426648763
	3426648764
	3426648765
	3426648766
	3426648767
	3426648768
	3426648769
	3426648770
	3426648771
	3426648772
	3426648773
	3426648774
	3426648775
	3426648776
	3426648777
	3426648778
	3426648779
	3426648780
	3426648781
	3426648782
	3426648783
	3426648784
	3426648785
	3426648786
	3426648787
	3426648788
	3426648789
	3426648790
	3426648791
	3426648792
	3426648793
	3426648794
	3426648795
	3426648796
	3426648797
	3426648798
	3426648799
	3426648800
	3426648801
	3426648802
	3426648803
	3426648804
	3426648805
	3426648806
	3426648807
	3426648808
	3426648809
	3426648810
	3426648811
	3426648812
	3426648813
	3426648814
	3426648815
	3426648816
	3426648817
	3426648818
	3426648819
	3426648820
	3426648821
	3426648822
	3426648823
	3426648824
	3426648825
	3426648826
	3426648827
	3426648828
	3426648829
	3426648830
	3426648831
	3426648832
	3426648833
	3426648834
	3426648835
	3426648836
	3426648837
	3426648838
	3426648839
	3426648840
	3426648841
	3426648842
	3426648843
	3426648844
	3426648845
	3426648846
	3426648847
	3426648848
	3426648849
	3426648850
	3426648851
	3426648852
	3426648853
	3426648854
	3426648855
	3426648856
	3426648857
	3426648858
	3426648859
	3426648860
	3426648861
	3426648862
	3426648863
	3426648864
	3426648865
	3426648866
	3426648867
	3426648868
	3426648869
	3426648870
	3426648871
	3426648872
	3426648873
	3426648874
	3426648875
	3426648876
	3426648877
	3426648878
	3426648879
	3426648880
	3426648881
	3426648882
	3426648883
	3426648884
	3426648885
	3426648886
	3426648887
	3426648888
	3426648889
	3426648890
	3426648891
	3426648892
	3426648893
	3426648894
	3426648895
	3426648896
	3426648897
	3426648898
	3426648899
	3426648900
	3426648901
	3426648902
	3426648903
	3426648904
	3426648905
	3426648906
	3426648907
	3426648908
	3426648909
	3426648910
	3426648911
	3426648912
	3426648913
	3426648914
	3426648915
	3426648916
	3426648917
	3426648918
	3426648919
	3426648920
	3426648921
	3426648922
	3426648923
	3426648924
	3426648925
	3426648926
	3426648927
	3426648928
	3426648929
	3426648930
	3426648931
	3426648932
	3426648933
	3426648934
	3426648935
	3426648936
	3426648937
	3426648938
	3426648939
	3426648940
	3426648941
	3426648942
	3426648943
	3426648944
	3426648945
	3426648946
	3426648947
	3426648948
	3426648949
	3426648950
	3426648951
	3426648952
	3426648953
	3426648954
	3426648955
	3426648956
	3426648957
	3426648958
	3426648959
	3426648960
	3426648961
	3426648962
	3426648963
	3426648964
	3426648965
	3426648966
	3426648967
	3426648968
	3426648969
	3426648970
	3426648971
	3426648972
	3426648973
	3426648974
	3426648975
	3426648976
	3426648977
	3426648978
	3426648979
	3426648980
	3426648981
	3426648982
	3426648983
	3426648984
	3426648985
	3426648986
	3426648987
	3426648988
	3426648989
	3426648990
	3426648991
	3426648992
	3426648993
	3426648994
	3426648995
	3426648996
	3426648997
	3426648998
	3426648999
	3426649000
	3426649001
	3426649002
	3426649003
	3426649004
	3426649005
	3426649006
	3426649007
	3426649008
	3426649009
	3426649010
	3426649011
	3426649012
	3426649013
	3426649014
	3426649015
	3426649016
	3426649017
	3426649018
	3426649019
	3426649020
	3426649021
	3426649022
	3426649023
	3426649024
	3426649025
	3426649026
	3426649027
	3426649028
	3426649029
	3426649030
	3426649031
	3426649032
	3426649033
	3426649034
	3426649035
	3426649036
	3426649037
	3426649038
	3426649039
	3426649040
	3426649041
	3426649042
	3426649043
	3426649044
	3426649045
	3426649046
	3426649047
	3426649048
	3426649049
	3426649050
	3426649051
	3426649052
	3426649053
	3426649054
	3426649055
	3426649056
	3426649057
	3426649058
	3426649059
	3426649060
	3426649061
	3426649062
	3426649063
	3426649064
	3426649065
	3426649066
	3426649067
	3426649068
	3426649069
	3426649070
	3426649071
	3426649072
	3426649073
	3426649074
	3426649075
	3426649076
	3426649077
	3426649078
	3426649079
	3426649080
	3426649081
	3426649082
	3426649083
	3426649084
	3426649085
	3426649086
	3426649087
	3426649088
	3426649089
	3426649090
	3426649091
	3426649092
	3426649093
	3426649094
	3426649095
	3426649096
	3426649097
	3426649098
	3426649099
	3426649100
	3426649101
	3426649102
	3426649103
	3426649104
	3426649105
	3426649106
	3426649107
	3426649108
	3426649109
	3426649110
	3426649111
	3426649112
	3426649113
	3426649114
	3426649115
	3426649116
	3426649117
	3426649118
	3426649119
	3426649120
	3426649121
	3426649122
	3426649123
	3426649124
	3426649125
	3426649126
	3426649127
	3426649128
	3426649129
	3426649130
	3426649131
	3426649132
	3426649133
	3426649134
	3426649135
	3426649136
	3426649137
	3426649138
	3426649139
	3426649140
	3426649141
	3426649142
	3426649143
	3426649144
	3426649145
	3426649146
	3426649147
	3426649148
	3426649149
	3426649150
	3426649151
	3426649152
	3426649153
	3426649154
	3426649155
	3426649156
	3426649157
	3426649158
	3426649159
	3426649160
	3426649161
	3426649162
	3426649163
	3426649164
	3426649165
	3426649166
	3426649167
	3426649168
	3426649169
	3426649170
	3426649171
	3426649172
	3426649173
	3426649174
	3426649175
	3426649176
	3426649177
	3426649178
	3426649179
	3426649180
	3426649181
	3426649182
	3426649183
	3426649184
	3426649185
	3426649186
	3426649187
	3426649188
	3426649189
	3426649190
	3426649191
	3426649192
	3426649193
	3426649194
	3426649195
	3426649196
	3426649197
	3426649198
	3426649199
	3426649200
	3426649201
	3426649202
	3426649203
	3426649204
	3426649205
	3426649206
	3426649207
	3426649208
	3426649209
	3426649210
	3426649211
	3426649212
	3426649213
	3426649214
	3426649215
	3426649216
	3426649217
	3426649218
	3426649219
	3426649220
	3426649221
	3426649222
	3426649223
	3426649224
	3426649225
	3426649226
	3426649227
	3426649228
	3426649229
	3426649230
	3426649231
	3426649232
	3426649233
	3426649234
	3426649235
	3426649236
	3426649237
	3426649238
	3426649239
	3426649240
	3426649241
	3426649242
	3426649243
	3426649244
	3426649245
	3426649246
	3426649247
	3426649248
	3426649249
	3426649250
	3426649251
	3426649252
	3426649253
	3426649254
	3426649255
	3426649256
	3426649257
	3426649258
	3426649259
	3426649260
	3426649261
	3426649262
	3426649263
	3426649264
	3426649265
	3426649266
	3426649267
	3426649268
	3426649269
	3426649270
	3426649271
	3426649272
	3426649273
	3426649274
	3426649275
	3426649276
	3426649277
	3426649278
	3426649279
	3426649280
	3426649281
	3426649282
	3426649283
	3426649284
	3426649285
	3426649286
	3426649287
	3426649288
	3426649289
	3426649290
	3426649291
	3426649292
	3426649293
	3426649294
	3426649295
	3426649296
	3426649297
	3426649298
	3426649299
	3426649300
	3426649301
	3426649302
	3426649303
	3426649304
	3426649305
	3426649306
	3426649307
	3426649308
	3426649309
	3426649310
	3426649311
	3426649312
	3426649313
	3426649314
	3426649315
	3426649316
	3426649317
	3426649318
	3426649319
	3426649320
	3426649321
	3426649322
	3426649323
	3426649324
	3426649325
	3426649326
	3426649327
	3426649328
	3426649329
	3426649330
	3426649331
	3426649332
	3426649333
	3426649334
	3426649335
	3426649336
	3426649337
	3426649338
	3426649339
	3426649340
	3426649341
	3426649342
	3426649343
	3426649344
	3426649345
	3426649346
	3426649347
	3426649348
	3426649349
	3426649350
	3426649351
	3426649352
	3426649353
	3426649354
	3426649355
	3426649356
	3426649357
	3426649358
	3426649359
	3426649360
	3426649361
	3426649362
	3426649363
	3426649364
	3426649365
	3426649366
	3426649367
	3426649368
	3426649369
	3426649370
	3426649371
	3426649372
	3426649373
	3426649374
	3426649375
	3426649376
	3426649377
	3426649378
	3426649379
	3426649380
	3426649381
	3426649382
	3426649383
	3426649384
	3426649385
	3426649386
	3426649387
	3426649388
	3426649389
	3426649390
	3426649391
	3426649392
	3426649393
	3426649394
	3426649395
	3426649396
	3426649397
	3426649398
	3426649399
	3426649400
	3426649401
	3426649402
	3426649403
	3426649404
	3426649405
	3426649406
	3426649407
	3426649408
	3426649409
	3426649410
	3426649411
	3426649412
	3426649413
	3426649414
	3426649415
	3426649416
	3426649417
	3426649418
	3426649419
	3426649420
	3426649421
	3426649422
	3426649423
	3426649424
	3426649425
	3426649426
	3426649427
	3426649428
	3426649429
	3426649430
	3426649431
	3426649432
	3426649433
	3426649434
	3426649435
	3426649436
	3426649437
	3426649438
	3426649439
	3426649440
	3426649441
	3426649442
	3426649443
	3426649444
	3426649445
	3426649446
	3426649447
	3426649448
	3426649449
	3426649450
	3426649451
	3426649452
	3426649453
	3426649454
	3426649455
	3426649456
	3426649457
	3426649458
	3426649459
	3426649460
	3426649461
	3426649462
	3426649463
	3426649464
	3426649465
	3426649466
	3426649467
	3426649468
	3426649469
	3426649470
	3426649471
	3426649472
	3426649473
	3426649474
	3426649475
	3426649476
	3426649477
	3426649478
	3426649479
	3426649480
	3426649481
	3426649482
	3426649483
	3426649484
	3426649485
	3426649486
	3426649487
	3426649488
	3426649489
	3426649490
	3426649491
	3426649492
	3426649493
	3426649494
	3426649495
	3426649496
	3426649497
	3426649498
	3426649499
	3426649500
	3426649501
	3426649502
	3426649503
	3426649504
	3426649505
	3426649506
	3426649507
	3426649508
	3426649509
	3426649510
	3426649511
	3426649512
	3426649513
	3426649514
	3426649515
	3426649516
	3426649517
	3426649518
	3426649519
	3426649520
	3426649521
	3426649522
	3426649523
	3426649524
	3426649525
	3426649526
	3426649527
	3426649528
	3426649529
	3426649530
	3426649531
	3426649532
	3426649533
	3426649534
	3426649535
	3426649536
	3426649537
	3426649538
	3426649539
	3426649540
	3426649541
	3426649542
	3426649543
	3426649544
	3426649545
	3426649546
	3426649547
	3426649548
	3426649549
	3426649550
	3426649551
	3426649552
	3426649553
	3426649554
	3426649555
	3426649556
	3426649557
	3426649558
	3426649559
	3426649560
	3426649561
	3426649562
	3426649563
	3426649564
	3426649565
	3426649566
	3426649567
	3426649568
	3426649569
	3426649570
	3426649571
	3426649572
	3426649573
	3426649574
	3426649575
	3426649576
	3426649577
	3426649578
	3426649579
	3426649580
	3426649581
	3426649582
	3426649583
	3426649584
	3426649585
	3426649586
	3426649587
	3426649588
	3426649589
	3426649590
	3426649591
	3426649592
	3426649593
	3426649594
	3426649595
	3426649596
	3426649597
	3426649598
	3426649599
	3426649600
	3426649601
	3426649602
	3426649603
	3426649604
	3426649605
	3426649606
	3426649607
	3426649608
	3426649609
	3426649610
	3426649611
	3426649612
	3426649613
	3426649614
	3426649615
	3426649616
	3426649617
	3426649618
	3426649619
	3426649620
	3426649621
	3426649622
	3426649623
	3426649624
	3426649625
	3426649626
	3426649627
	3426649628
	3426649629
	3426649630
	3426649631
	3426649632
	3426649633
	3426649634
	3426649635
	3426649636
	3426649637
	3426649638
	3426649639
	3426649640
	3426649641
	3426649642
	3426649643
	3426649644
	3426649645
	3426649646
	3426649647
	3426649648
	3426649649
	3426649650
	3426649651
	3426649652
	3426649653
	3426649654
	3426649655
	3426649656
	3426649657
	3426649658
	3426649659
	3426649660
	3426649661
	3426649662
	3426649663
	3426649664
	3426649665
	3426649666
	3426649667
	3426649668
	3426649669
	3426649670
	3426649671
	3426649672
	3426649673
	3426649674
	3426649675
	3426649676
	3426649677
	3426649678
	3426649679
	3426649680
	3426649681
	3426649682
	3426649683
	3426649684
	3426649685
	3426649686
	3426649687
	3426649688
	3426649689
	3426649690
	3426649691
	3426649692
	3426649693
	3426649694
	3426649695
	3426649696
	3426649697
	3426649698
	3426649699
	3426649700
	3426649701
	3426649702
	3426649703
	3426649704
	3426649705
	3426649706
	3426649707
	3426649708
	3426649709
	3426649710
	3426649711
	3426649712
	3426649713
	3426649714
	3426649715
	3426649716
	3426649717
	3426649718
	3426649719
	3426649720
	3426649721
	3426649722
	3426649723
	3426649724
	3426649725
	3426649726
	3426649727
	3426649728
	3426649729
	3426649730
	3426649731
	3426649732
	3426649733
	3426649734
	3426649735
	3426649736
	3426649737
	3426649738
	3426649739
	3426649740
	3426649741
	3426649742
	3426649743
	3426649744
	3426649745
	3426649746
	3426649747
	3426649748
	3426649749
	3426649750
	3426649751
	3426649752
	3426649753
	3426649754
	3426649755
	3426649756
	3426649757
	3426649758
	3426649759
	3426649760
	3426649761
	3426649762
	3426649763
	3426649764
	3426649765
	3426649766
	3426649767
	3426649768
	3426649769
	3426649770
	3426649771
	3426649772
	3426649773
	3426649774
	3426649775
	3426649776
	3426649777
	3426649778
	3426649779
	3426649780
	3426649781
	3426649782
	3426649783
	3426649784
	3426649785
	3426649786
	3426649787
	3426649788
	3426649789
	3426649790
	3426649791
	3426649792
	3426649793
	3426649794
	3426649795
	3426649796
	3426649797
	3426649798
	3426649799
	3426649800
	3426649801
	3426649802
	3426649803
	3426649804
	3426649805
	3426649806
	3426649807
	3426649808
	3426649809
	3426649810
	3426649811
	3426649812
	3426649813
	3426649814
	3426649815
	3426649816
	3426649817
	3426649818
	3426649819
	3426649820
	3426649821
	3426649822
	3426649823
	3426649824
	3426649825
	3426649826
	3426649827
	3426649828
	3426649829
	3426649830
	3426649831
	3426649832
	3426649833
	3426649834
	3426649835
	3426649836
	3426649837
	3426649838
	3426649839
	3426649840
	3426649841
	3426649842
	3426649843
	3426649844
	3426649845
	3426649846
	3426649847
	3426649848
	3426649849
	3426649850
	3426649851
	3426649852
	3426649853
	3426649854
	3426649855
	3426649856
	3426649857
	3426649858
	3426649859
	3426649860
	3426649861
	3426649862
	3426649863
	3426649864
	3426649865
	3426649866
	3426649867
	3426649868
	3426649869
	3426649870
	3426649871
	3426649872
	3426649873
	3426649874
	3426649875
	3426649876
	3426649877
	3426649878
	3426649879
	3426649880
	3426649881
	3426649882
	3426649883
	3426649884
	3426649885
	3426649886
	3426649887
	3426649888
	3426649889
	3426649890
	3426649891
	3426649892
	3426649893
	3426649894
	3426649895
	3426649896
	3426649897
	3426649898
	3426649899
	3426649900
	3426649901
	3426649902
	3426649903
	3426649904
	3426649905
	3426649906
	3426649907
	3426649908
	3426649909
	3426649910
	3426649911
	3426649912
	3426649913
	3426649914
	3426649915
	3426649916
	3426649917
	3426649918
	3426649919
	3426649920
	3426649921
	3426649922
	3426649923
	3426649924
	3426649925
	3426649926
	3426649927
	3426649928
	3426649929
	3426649930
	3426649931
	3426649932
	3426649933
	3426649934
	3426649935
	3426649936
	3426649937
	3426649938
	3426649939
	3426649940
	3426649941
	3426649942
	3426649943
	3426649944
	3426649945
	3426649946
	3426649947
	3426649948
	3426649949
	3426649950
	3426649951
	3426649952
	3426649953
	3426649954
	3426649955
	3426649956
	3426649957
	3426649958
	3426649959
	3426649960
	3426649961
	3426649962
	3426649963
	3426649964
	3426649965
	3426649966
	3426649967
	3426649968
	3426649969
	3426649970
	3426649971
	3426649972
	3426649973
	3426649974
	3426649975
	3426649976
	3426649977
	3426649978
	3426649979
	3426649980
	3426649981
	3426649982
	3426649983
	3426649984
	3426649985
	3426649986
	3426649987
	3426649988
	3426649989
	3426649990
	3426649991
	3426649992
	3426649993
	3426649994
	3426649995
	3426649996
	3426649997
	3426649998
	3426649999
	3426650000
	3426650001
	3426650002
	3426650003
	3426650004
	3426650005
	3426650006
	3426650007
	3426650008
	3426650009
	3426650010
	3426650011
	3426650012
	3426650013
	3426650014
	3426650015
	3426650016
	3426650017
	3426650018
	3426650019
	3426650020
	3426650021
	3426650022
	3426650023
	3426650024
	3426650025
	3426650026
	3426650027
	3426650028
	3426650029
	3426650030
	3426650031
	3426650032
	3426650033
	3426650034
	3426650035
	3426650036
	3426650037
	3426650038
	3426650039
	3426650040
	3426650041
	3426650042
	3426650043
	3426650044
	3426650045
	3426650046
	3426650047
	3426650048
	3426650049
	3426650050
	3426650051
	3426650052
	3426650053
	3426650054
	3426650055
	3426650056
	3426650057
	3426650058
	3426650059
	3426650060
	3426650061
	3426650062
	3426650063
	3426650064
	3426650065
	3426650066
	3426650067
	3426650068
	3426650069
	3426650070
	3426650071
	3426650072
	3426650073
	3426650074
	3426650075
	3426650076
	3426650077
	3426650078
	3426650079
	3426650080
	3426650081
	3426650082
	3426650083
	3426650084
	3426650085
	3426650086
	3426650087
	3426650088
	3426650089
	3426650090
	3426650091
	3426650092
	3426650093
	3426650094
	3426650095
	3426650096
	3426650097
	3426650098
	3426650099
	3426650100
	3426650101
	3426650102
	3426650103
	3426650104
	3426650105
	3426650106
	3426650107
	3426650108
	3426650109
	3426650110
	3426650111
	3426650112
	3426650113
	3426650114
	3426650115
	3426650116
	3426650117
	3426650118
	3426650119
	3426650120
	3426650121
	3426650122
	3426650123
	3426650124
	3426650125
	3426650126
	3426650127
	3426650128
	3426650129
	3426650130
	3426650131
	3426650132
	3426650133
	3426650134
	3426650135
	3426650136
	3426650137
	3426650138
	3426650139
	3426650140
	3426650141
	3426650142
	3426650143
	3426650144
	3426650145
	3426650146
	3426650147
	3426650148
	3426650149
	3426650150
	3426650151
	3426650152
	3426650153
	3426650154
	3426650155
	3426650156
	3426650157
	3426650158
	3426650159
	3426650160
	3426650161
	3426650162
	3426650163
	3426650164
	3426650165
	3426650166
	3426650167
	3426650168
	3426650169
	3426650170
	3426650171
	3426650172
	3426650173
	3426650174
	3426650175
	3426650176
	3426650177
	3426650178
	3426650179
	3426650180
	3426650181
	3426650182
	3426650183
	3426650184
	3426650185
	3426650186
	3426650187
	3426650188
	3426650189
	3426650190
	3426650191
	3426650192
	3426650193
	3426650194
	3426650195
	3426650196
	3426650197
	3426650198
	3426650199
	3426650200
	3426650201
	3426650202
	3426650203
	3426650204
	3426650205
	3426650206
	3426650207
	3426650208
	3426650209
	3426650210
	3426650211
	3426650212
	3426650213
	3426650214
	3426650215
	3426650216
	3426650217
	3426650218
	3426650219
	3426650220
	3426650221
	3426650222
	3426650223
	3426650224
	3426650225
	3426650226
	3426650227
	3426650228
	3426650229
	3426650230
	3426650231
	3426650232
	3426650233
	3426650234
	3426650235
	3426650236
	3426650237
	3426650238
	3426650239
	3426650240
	3426650241
	3426650242
	3426650243
	3426650244
	3426650245
	3426650246
	3426650247
	3426650248
	3426650249
	3426650250
	3426650251
	3426650252
	3426650253
	3426650254
	3426650255
	3426650256
	3426650257
	3426650258
	3426650259
	3426650260
	3426650261
	3426650262
	3426650263
	3426650264
	3426650265
	3426650266
	3426650267
	3426650268
	3426650269
	3426650270
	3426650271
	3426650272
	3426650273
	3426650274
	3426650275
	3426650276
	3426650277
	3426650278
	3426650279
	3426650280
	3426650281
	3426650282
	3426650283
	3426650284
	3426650285
	3426650286
	3426650287
	3426650288
	3426650289
	3426650290
	3426650291
	3426650292
	3426650293
	3426650294
	3426650295
	3426650296
	3426650297
	3426650298
	3426650299
	3426650300
	3426650301
	3426650302
	3426650303
	3426650304
	3426650305
	3426650306
	3426650307
	3426650308
	3426650309
	3426650310
	3426650311
	3426650312
	3426650313
	3426650314
	3426650315
	3426650316
	3426650317
	3426650318
	3426650319
	3426650320
	3426650321
	3426650322
	3426650323
	3426650324
	3426650325
	3426650326
	3426650327
	3426650328
	3426650329
	3426650330
	3426650331
	3426650332
	3426650333
	3426650334
	3426650335
	3426650336
	3426650337
	3426650338
	3426650339
	3426650340
	3426650341
	3426650342
	3426650343
	3426650344
	3426650345
	3426650346
	3426650347
	3426650348
	3426650349
	3426650350
	3426650351
	3426650352
	3426650353
	3426650354
	3426650355
	3426650356
	3426650357
	3426650358
	3426650359
	3426650360
	3426650361
	3426650362
	3426650363
	3426650364
	3426650365
	3426650366
	3426650367
	3426650368
	3426650369
	3426650370
	3426650371
	3426650372
	3426650373
	3426650374
	3426650375
	3426650376
	3426650377
	3426650378
	3426650379
	3426650380
	3426650381
	3426650382
	3426650383
	3426650384
	3426650385
	3426650386
	3426650387
	3426650388
	3426650389
	3426650390
	3426650391
	3426650392
	3426650393
	3426650394
	3426650395
	3426650396
	3426650397
	3426650398
	3426650399
	3426650400
	3426650401
	3426650402
	3426650403
	3426650404
	3426650405
	3426650406
	3426650407
	3426650408
	3426650409
	3426650410
	3426650411
	3426650412
	3426650413
	3426650414
	3426650415
	3426650416
	3426650417
	3426650418
	3426650419
	3426650420
	3426650421
	3426650422
	3426650423
	3426650424
	3426650425
	3426650426
	3426650427
	3426650428
	3426650429
	3426650430
	3426650431
	3426650432
	3426650433
	3426650434
	3426650435
	3426650436
	3426650437
	3426650438
	3426650439
	3426650440
	3426650441
	3426650442
	3426650443
	3426650444
	3426650445
	3426650446
	3426650447
	3426650448
	3426650449
	3426650450
	3426650451
	3426650452
	3426650453
	3426650454
	3426650455
	3426650456
	3426650457
	3426650458
	3426650459
	3426650460
	3426650461
	3426650462
	3426650463
	3426650464
	3426650465
	3426650466
	3426650467
	3426650468
	3426650469
	3426650470
	3426650471
	3426650472
	3426650473
	3426650474
	3426650475
	3426650476
	3426650477
	3426650478
	3426650479
	3426650480
	3426650481
	3426650482
	3426650483
	3426650484
	3426650485
	3426650486
	3426650487
	3426650488
	3426650489
	3426650490
	3426650491
	3426650492
	3426650493
	3426650494
	3426650495
	3426650496
	3426650497
	3426650498
	3426650499
	3426650500
	3426650501
	3426650502
	3426650503
	3426650504
	3426650505
	3426650506
	3426650507
	3426650508
	3426650509
	3426650510
	3426650511
	3426650512
	3426650513
	3426650514
	3426650515
	3426650516
	3426650517
	3426650518
	3426650519
	3426650520
	3426650521
	3426650522
	3426650523
	3426650524
	3426650525
	3426650526
	3426650527
	3426650528
	3426650529
	3426650530
	3426650531
	3426650532
	3426650533
	3426650534
	3426650535
	3426650536
	3426650537
	3426650538
	3426650539
	3426650540
	3426650541
	3426650542
	3426650543
	3426650544
	3426650545
	3426650546
	3426650547
	3426650548
	3426650549
	3426650550
	3426650551
	3426650552
	3426650553
	3426650554
	3426650555
	3426650556
	3426650557
	3426650558
	3426650559
	3426650560
	3426650561
	3426650562
	3426650563
	3426650564
	3426650565
	3426650566
	3426650567
	3426650568
	3426650569
	3426650570
	3426650571
	3426650572
	3426650573
	3426650574
	3426650575
	3426650576
	3426650577
	3426650578
	3426650579
	3426650580
	3426650581
	3426650582
	3426650583
	3426650584
	3426650585
	3426650586
	3426650587
	3426650588
	3426650589
	3426650590
	3426650591
	3426650592
	3426650593
	3426650594
	3426650595
	3426650596
	3426650597
	3426650598
	3426650599
	3426650600
	3426650601
	3426650602
	3426650603
	3426650604
	3426650605
	3426650606
	3426650607
	3426650608
	3426650609
	3426650610
	3426650611
	3426650612
	3426650613
	3426650614
	3426650615
	3426650616
	3426650617
	3426650618
	3426650619
	3426650620
	3426650621
	3426650622
	3426650623
	3426650624
	3426650625
	3426650626
	3426650627
	3426650628
	3426650629
	3426650630
	3426650631
	3426650632
	3426650633
	3426650634
	3426650635
	3426650636
	3426650637
	3426650638
	3426650639
	3426650640
	3426650641
	3426650642
	3426650643
	3426650644
	3426650645
	3426650646
	3426650647
	3426650648
	3426650649
	3426650650
	3426650651
	3426650652
	3426650653
	3426650654
	3426650655
	3426650656
	3426650657
	3426650658
	3426650659
	3426650660
	3426650661
	3426650662
	3426650663
	3426650664
	3426650665
	3426650666
	3426650667
	3426650668
	3426650669
	3426650670
	3426650671
	3426650672
	3426650673
	3426650674
	3426650675
	3426650676
	3426650677
	3426650678
	3426650679
	3426650680
	3426650681
	3426650682
	3426650683
	3426650684
	3426650685
	3426650686
	3426650687
	3426650688
	3426650689
	3426650690
	3426650691
	3426650692
	3426650693
	3426650694
	3426650695
	3426650696
	3426650697
	3426650698
	3426650699
	3426650700
	3426650701
	3426650702
	3426650703
	3426650704
	3426650705
	3426650706
	3426650707
	3426650708
	3426650709
	3426650710
	3426650711
	3426650712
	3426650713
	3426650714
	3426650715
	3426650716
	3426650717
	3426650718
	3426650719
	3426650720
	3426650721
	3426650722
	3426650723
	3426650724
	3426650725
	3426650726
	3426650727
	3426650728
	3426650729
	3426650730
	3426650731
	3426650732
	3426650733
	3426650734
	3426650735
	3426650736
	3426650737
	3426650738
	3426650739
	3426650740
	3426650741
	3426650742
	3426650743
	3426650744
	3426650745
	3426650746
	3426650747
	3426650748
	3426650749
	3426650750
	3426650751
	3426650752
	3426650753
	3426650754
	3426650755
	3426650756
	3426650757
	3426650758
	3426650759
	3426650760
	3426650761
	3426650762
	3426650763
	3426650764
	3426650765
	3426650766
	3426650767
	3426650768
	3426650769
	3426650770
	3426650771
	3426650772
	3426650773
	3426650774
	3426650775
	3426650776
	3426650777
	3426650778
	3426650779
	3426650780
	3426650781
	3426650782
	3426650783
	3426650784
	3426650785
	3426650786
	3426650787
	3426650788
	3426650789
	3426650790
	3426650791
	3426650792
	3426650793
	3426650794
	3426650795
	3426650796
	3426650797
	3426650798
	3426650799
	3426650800
	3426650801
	3426650802
	3426650803
	3426650804
	3426650805
	3426650806
	3426650807
	3426650808
	3426650809
	3426650810
	3426650811
	3426650812
	3426650813
	3426650814
	3426650815
	3426650816
	3426650817
	3426650818
	3426650819
	3426650820
	3426650821
	3426650822
	3426650823
	3426650824
	3426650825
	3426650826
	3426650827
	3426650828
	3426650829
	3426650830
	3426650831
	3426650832
	3426650833
	3426650834
	3426650835
	3426650836
	3426650837
	3426650838
	3426650839
	3426650840
	3426650841
	3426650842
	3426650843
	3426650844
	3426650845
	3426650846
	3426650847
	3426650848
	3426650849
	3426650850
	3426650851
	3426650852
	3426650853
	3426650854
	3426650855
	3426650856
	3426650857
	3426650858
	3426650859
	3426650860
	3426650861
	3426650862
	3426650863
	3426650864
	3426650865
	3426650866
	3426650867
	3426650868
	3426650869
	3426650870
	3426650871
	3426650872
	3426650873
	3426650874
	3426650875
	3426650876
	3426650877
	3426650878
	3426650879
	3426650880
	3426650881
	3426650882
	3426650883
	3426650884
	3426650885
	3426650886
	3426650887
	3426650888
	3426650889
	3426650890
	3426650891
	3426650892
	3426650893
	3426650894
	3426650895
	3426650896
	3426650897
	3426650898
	3426650899
	3426650900
	3426650901
	3426650902
	3426650903
	3426650904
	3426650905
	3426650906
	3426650907
	3426650908
	3426650909
	3426650910
	3426650911
	3426650912
	3426650913
	3426650914
	3426650915
	3426650916
	3426650917
	3426650918
	3426650919
	3426650920
	3426650921
	3426650922
	3426650923
	3426650924
	3426650925
	3426650926
	3426650927
	3426650928
	3426650929
	3426650930
	3426650931
	3426650932
	3426650933
	3426650934
	3426650935
	3426650936
	3426650937
	3426650938
	3426650939
	3426650940
	3426650941
	3426650942
	3426650943
	3426650944
	3426650945
	3426650946
	3426650947
	3426650948
	3426650949
	3426650950
	3426650951
	3426650952
	3426650953
	3426650954
	3426650955
	3426650956
	3426650957
	3426650958
	3426650959
	3426650960
	3426650961
	3426650962
	3426650963
	3426650964
	3426650965
	3426650966
	3426650967
	3426650968
	3426650969
	3426650970
	3426650971
	3426650972
	3426650973
	3426650974
	3426650975
	3426650976
	3426650977
	3426650978
	3426650979
	3426650980
	3426650981
	3426650982
	3426650983
	3426650984
	3426650985
	3426650986
	3426650987
	3426650988
	3426650989
	3426650990
	3426650991
	3426650992
	3426650993
	3426650994
	3426650995
	3426650996
	3426650997
	3426650998
	3426650999
	3426651000
	3426651001
	3426651002
	3426651003
	3426651004
	3426651005
	3426651006
	3426651007
	3426651008
	3426651009
	3426651010
	3426651011
	3426651012
	3426651013
	3426651014
	3426651015
	3426651016
	3426651017
	3426651018
	3426651019
	3426651020
	3426651021
	3426651022
	3426651023
	3426651024
	3426651025
	3426651026
	3426651027
	3426651028
	3426651029
	3426651030
	3426651031
	3426651032
	3426651033
	3426651034
	3426651035
	3426651036
	3426651037
	3426651038
	3426651039
	3426651040
	3426651041
	3426651042
	3426651043
	3426651044
	3426651045
	3426651046
	3426651047
	3426651048
	3426651049
	3426651050
	3426651051
	3426651052
	3426651053
	3426651054
	3426651055
	3426651056
	3426651057
	3426651058
	3426651059
	3426651060
	3426651061
	3426651062
	3426651063
	3426651064
	3426651065
	3426651066
	3426651067
	3426651068
	3426651069
	3426651070
	3426651071
	3426651072
	3426651073
	3426651074
	3426651075
	3426651076
	3426651077
	3426651078
	3426651079
	3426651080
	3426651081
	3426651082
	3426651083
	3426651084
	3426651085
	3426651086
	3426651087
	3426651088
	3426651089
	3426651090
	3426651091
	3426651092
	3426651093
	3426651094
	3426651095
	3426651096
	3426651097
	3426651098
	3426651099
	3426651100
	3426651101
	3426651102
	3426651103
	3426651104
	3426651105
	3426651106
	3426651107
	3426651108
	3426651109
	3426651110
	3426651111
	3426651112
	3426651113
	3426651114
	3426651115
	3426651116
	3426651117
	3426651118
	3426651119
	3426651120
	3426651121
	3426651122
	3426651123
	3426651124
	3426651125
	3426651126
	3426651127
	3426651128
	3426651129
	3426651130
	3426651131
	3426651132
	3426651133
	3426651134
	3426651135
	3426651136
	3426651137
	3426651138
	3426651139
	3426651140
	3426651141
	3426651142
	3426651143
	3426651144
	3426651145
	3426651146
	3426651147
	3426651148
	3426651149
	3426651150
	3426651151
	3426651152
	3426651153
	3426651154
	3426651155
	3426651156
	3426651157
	3426651158
	3426651159
	3426651160
	3426651161
	3426651162
	3426651163
	3426651164
	3426651165
	3426651166
	3426651167
	3426651168
	3426651169
	3426651170
	3426651171
	3426651172
	3426651173
	3426651174
	3426651175
	3426651176
	3426651177
	3426651178
	3426651179
	3426651180
	3426651181
	3426651182
	3426651183
	3426651184
	3426651185
	3426651186
	3426651187
	3426651188
	3426651189
	3426651190
	3426651191
	3426651192
	3426651193
	3426651194
	3426651195
	3426651196
	3426651197
	3426651198
	3426651199
	3426651200
	3426651201
	3426651202
	3426651203
	3426651204
	3426651205
	3426651206
	3426651207
	3426651208
	3426651209
	3426651210
	3426651211
	3426651212
	3426651213
	3426651214
	3426651215
	3426651216
	3426651217
	3426651218
	3426651219
	3426651220
	3426651221
	3426651222
	3426651223
	3426651224
	3426651225
	3426651226
	3426651227
	3426651228
	3426651229
	3426651230
	3426651231
	3426651232
	3426651233
	3426651234
	3426651235
	3426651236
	3426651237
	3426651238
	3426651239
	3426651240
	3426651241
	3426651242
	3426651243
	3426651244
	3426651245
	3426651246
	3426651247
	3426651248
	3426651249
	3426651250
	3426651251
	3426651252
	3426651253
	3426651254
	3426651255
	3426651256
	3426651257
	3426651258
	3426651259
	3426651260
	3426651261
	3426651262
	3426651263
	3426651264
	3426651265
	3426651266
	3426651267
	3426651268
	3426651269
	3426651270
	3426651271
	3426651272
	3426651273
	3426651274
	3426651275
	3426651276
	3426651277
	3426651278
	3426651279
	3426651280
	3426651281
	3426651282
	3426651283
	3426651284
	3426651285
	3426651286
	3426651287
	3426651288
	3426651289
	3426651290
	3426651291
	3426651292
	3426651293
	3426651294
	3426651295
	3426651296
	3426651297
	3426651298
	3426651299
	3426651300
	3426651301
	3426651302
	3426651303
	3426651304
	3426651305
	3426651306
	3426651307
	3426651308
	3426651309
	3426651310
	3426651311
	3426651312
	3426651313
	3426651314
	3426651315
	3426651316
	3426651317
	3426651318
	3426651319
	3426651320
	3426651321
	3426651322
	3426651323
	3426651324
	3426651325
	3426651326
	3426651327
	3426651328
	3426651329
	3426651330
	3426651331
	3426651332
	3426651333
	3426651334
	3426651335
	3426651336
	3426651337
	3426651338
	3426651339
	3426651340
	3426651341
	3426651342
	3426651343
	3426651344
	3426651345
	3426651346
	3426651347
	3426651348
	3426651349
	3426651350
	3426651351
	3426651352
	3426651353
	3426651354
	3426651355
	3426651356
	3426651357
	3426651358
	3426651359
	3426651360
	3426651361
	3426651362
	3426651363
	3426651364
	3426651365
	3426651366
	3426651367
	3426651368
	3426651369
	3426651370
	3426651371
	3426651372
	3426651373
	3426651374
	3426651375
	3426651376
	3426651377
	3426651378
	3426651379
	3426651380
	3426651381
	3426651382
	3426651383
	3426651384
	3426651385
	3426651386
	3426651387
	3426651388
	3426651389
	3426651390
	3426651391
	3426651392
	3426651393
	3426651394
	3426651395
	3426651396
	3426651397
	3426651398
	3426651399
	3426651400
	3426651401
	3426651402
	3426651403
	3426651404
	3426651405
	3426651406
	3426651407
	3426651408
	3426651409
	3426651410
	3426651411
	3426651412
	3426651413
	3426651414
	3426651415
	3426651416
	3426651417
	3426651418
	3426651419
	3426651420
	3426651421
	3426651422
	3426651423
	3426651424
	3426651425
	3426651426
	3426651427
	3426651428
	3426651429
	3426651430
	3426651431
	3426651432
	3426651433
	3426651434
	3426651435
	3426651436
	3426651437
	3426651438
	3426651439
	3426651440
	3426651441
	3426651442
	3426651443
	3426651444
	3426651445
	3426651446
	3426651447
	3426651448
	3426651449
	3426651450
	3426651451
	3426651452
	3426651453
	3426651454
	3426651455
	3426651456
	3426651457
	3426651458
	3426651459
	3426651460
	3426651461
	3426651462
	3426651463
	3426651464
	3426651465
	3426651466
	3426651467
	3426651468
	3426651469
	3426651470
	3426651471
	3426651472
	3426651473
	3426651474
	3426651475
	3426651476
	3426651477
	3426651478
	3426651479
	3426651480
	3426651481
	3426651482
	3426651483
	3426651484
	3426651485
	3426651486
	3426651487
	3426651488
	3426651489
	3426651490
	3426651491
	3426651492
	3426651493
	3426651494
	3426651495
	3426651496
	3426651497
	3426651498
	3426651499
	3426651500
	3426651501
	3426651502
	3426651503
	3426651504
	3426651505
	3426651506
	3426651507
	3426651508
	3426651509
	3426651510
	3426651511
	3426651512
	3426651513
	3426651514
	3426651515
	3426651516
	3426651517
	3426651518
	3426651519
	3426651520
	3426651521
	3426651522
	3426651523
	3426651524
	3426651525
	3426651526
	3426651527
	3426651528
	3426651529
	3426651530
	3426651531
	3426651532
	3426651533
	3426651534
	3426651535
	3426651536
	3426651537
	3426651538
	3426651539
	3426651540
	3426651541
	3426651542
	3426651543
	3426651544
	3426651545
	3426651546
	3426651547
	3426651548
	3426651549
	3426651550
	3426651551
	3426651552
	3426651553
	3426651554
	3426651555
	3426651556
	3426651557
	3426651558
	3426651559
	3426651560
	3426651561
	3426651562
	3426651563
	3426651564
	3426651565
	3426651566
	3426651567
	3426651568
	3426651569
	3426651570
	3426651571
	3426651572
	3426651573
	3426651574
	3426651575
	3426651576
	3426651577
	3426651578
	3426651579
	3426651580
	3426651581
	3426651582
	3426651583
	3426651584
	3426651585
	3426651586
	3426651587
	3426651588
	3426651589
	3426651590
	3426651591
	3426651592
	3426651593
	3426651594
	3426651595
	3426651596
	3426651597
	3426651598
	3426651599
	3426651600
	3426651601
	3426651602
	3426651603
	3426651604
	3426651605
	3426651606
	3426651607
	3426651608
	3426651609
	3426651610
	3426651611
	3426651612
	3426651613
	3426651614
	3426651615
	3426651616
	3426651617
	3426651618
	3426651619
	3426651620
	3426651621
	3426651622
	3426651623
	3426651624
	3426651625
	3426651626
	3426651627
	3426651628
	3426651629
	3426651630
	3426651631
	3426651632
	3426651633
	3426651634
	3426651635
	3426651636
	3426651637
	3426651638
	3426651639
	3426651640
	3426651641
	3426651642
	3426651643
	3426651644
	3426651645
	3426651646
	3426651647
	3426651648
	3426651649
	3426651650
	3426651651
	3426651652
	3426651653
	3426651654
	3426651655
	3426651656
	3426651657
	3426651658
	3426651659
	3426651660
	3426651661
	3426651662
	3426651663
	3426651664
	3426651665
	3426651666
	3426651667
	3426651668
	3426651669
	3426651670
	3426651671
	3426651672
	3426651673
	3426651674
	3426651675
	3426651676
	3426651677
	3426651678
	3426651679
	3426651680
	3426651681
	3426651682
	3426651683
	3426651684
	3426651685
	3426651686
	3426651687
	3426651688
	3426651689
	3426651690
	3426651691
	3426651692
	3426651693
	3426651694
	3426651695
	3426651696
	3426651697
	3426651698
	3426651699
	3426651700
	3426651701
	3426651702
	3426651703
	3426651704
	3426651705
	3426651706
	3426651707
	3426651708
	3426651709
	3426651710
	3426651711
	3426651712
	3426651713
	3426651714
	3426651715
	3426651716
	3426651717
	3426651718
	3426651719
	3426651720
	3426651721
	3426651722
	3426651723
	3426651724
	3426651725
	3426651726
	3426651727
	3426651728
	3426651729
	3426651730
	3426651731
	3426651732
	3426651733
	3426651734
	3426651735
	3426651736
	3426651737
	3426651738
	3426651739
	3426651740
	3426651741
	3426651742
	3426651743
	3426651744
	3426651745
	3426651746
	3426651747
	3426651748
	3426651749
	3426651750
	3426651751
	3426651752
	3426651753
	3426651754
	3426651755
	3426651756
	3426651757
	3426651758
	3426651759
	3426651760
	3426651761
	3426651762
	3426651763
	3426651764
	3426651765
	3426651766
	3426651767
	3426651768
	3426651769
	3426651770
	3426651771
	3426651772
	3426651773
	3426651774
	3426651775
	3426651776
	3426651777
	3426651778
	3426651779
	3426651780
	3426651781
	3426651782
	3426651783
	3426651784
	3426651785
	3426651786
	3426651787
	3426651788
	3426651789
	3426651790
	3426651791
	3426651792
	3426651793
	3426651794
	3426651795
	3426651796
	3426651797
	3426651798
	3426651799
	3426651800
	3426651801
	3426651802
	3426651803
	3426651804
	3426651805
	3426651806
	3426651807
	3426651808
	3426651809
	3426651810
	3426651811
	3426651812
	3426651813
	3426651814
	3426651815
	3426651816
	3426651817
	3426651818
	3426651819
	3426651820
	3426651821
	3426651822
	3426651823
	3426651824
	3426651825
	3426651826
	3426651827
	3426651828
	3426651829
	3426651830
	3426651831
	3426651832
	3426651833
	3426651834
	3426651835
	3426651836
	3426651837
	3426651838
	3426651839
	3426651840
	3426651841
	3426651842
	3426651843
	3426651844
	3426651845
	3426651846
	3426651847
	3426651848
	3426651849
	3426651850
	3426651851
	3426651852
	3426651853
	3426651854
	3426651855
	3426651856
	3426651857
	3426651858
	3426651859
	3426651860
	3426651861
	3426651862
	3426651863
	3426651864
	3426651865
	3426651866
	3426651867
	3426651868
	3426651869
	3426651870
	3426651871
	3426651872
	3426651873
	3426651874
	3426651875
	3426651876
	3426651877
	3426651878
	3426651879
	3426651880
	3426651881
	3426651882
	3426651883
	3426651884
	3426651885
	3426651886
	3426651887
	3426651888
	3426651889
	3426651890
	3426651891
	3426651892
	3426651893
	3426651894
	3426651895
	3426651896
	3426651897
	3426651898
	3426651899
	3426651900
	3426651901
	3426651902
	3426651903
	3426651904
	3426651905
	3426651906
	3426651907
	3426651908
	3426651909
	3426651910
	3426651911
	3426651912
	3426651913
	3426651914
	3426651915
	3426651916
	3426651917
	3426651918
