	3426525061
	3426525062
	3426525063
	3426525064
	3426525065
	3426525066
	3426525067
	3426525068
	3426525069
	3426525070
	3426525071
	3426525072
	3426525073
	3426525074
	3426525075
	3426525076
	3426525077
	3426525078
	3426525079
	3426525080
	3426525081
	3426525082
	3426525083
	3426525084
	3426525085
	3426525086
	3426525087
	3426525088
	3426525089
	3426525090
	3426525091
	3426525092
	3426525093
	3426525094
	3426525095
	3426525096
	3426525097
	3426525098
	3426525099
	3426525100
	3426525101
	3426525102
	3426525103
	3426525104
	3426525105
	3426525106
	3426525107
	3426525108
	3426525109
	3426525110
	3426525111
	3426525112
	3426525113
	3426525114
	3426525115
	3426525116
	3426525117
	3426525118
	3426525119
	3426525120
	3426525121
	3426525122
	3426525123
	3426525124
	3426525125
	3426525126
	3426525127
	3426525128
	3426525129
	3426525130
	3426525131
	3426525132
	3426525133
	3426525134
	3426525135
	3426525136
	3426525137
	3426525138
	3426525139
	3426525140
	3426525141
	3426525142
	3426525143
	3426525144
	3426525145
	3426525146
	3426525147
	3426525148
	3426525149
	3426525150
	3426525151
	3426525152
	3426525153
	3426525154
	3426525155
	3426525156
	3426525157
	3426525158
	3426525159
	3426525160
	3426525161
	3426525162
	3426525163
	3426525164
	3426525165
	3426525166
	3426525167
	3426525168
	3426525169
	3426525170
	3426525171
	3426525172
	3426525173
	3426525174
	3426525175
	3426525176
	3426525177
	3426525178
	3426525179
	3426525180
	3426525181
	3426525182
	3426525183
	3426525184
	3426525185
	3426525186
	3426525187
	3426525188
	3426525189
	3426525190
	3426525191
	3426525192
	3426525193
	3426525194
	3426525195
	3426525196
	3426525197
	3426525198
	3426525199
	3426525200
	3426525201
	3426525202
	3426525203
	3426525204
	3426525205
	3426525206
	3426525207
	3426525208
	3426525209
	3426525210
	3426525211
	3426525212
	3426525213
	3426525214
	3426525215
	3426525216
	3426525217
	3426525218
	3426525219
	3426525220
	3426525221
	3426525222
	3426525223
	3426525224
	3426525225
	3426525226
	3426525227
	3426525228
	3426525229
	3426525230
	3426525231
	3426525232
	3426525233
	3426525234
	3426525235
	3426525236
	3426525237
	3426525238
	3426525239
	3426525240
	3426525241
	3426525242
	3426525243
	3426525244
	3426525245
	3426525246
	3426525247
	3426525248
	3426525249
	3426525250
	3426525251
	3426525252
	3426525253
	3426525254
	3426525255
	3426525256
	3426525257
	3426525258
	3426525259
	3426525260
	3426525261
	3426525262
	3426525263
	3426525264
	3426525265
	3426525266
	3426525267
	3426525268
	3426525269
	3426525270
	3426525271
	3426525272
	3426525273
	3426525274
	3426525275
	3426525276
	3426525277
	3426525278
	3426525279
	3426525280
	3426525281
	3426525282
	3426525283
	3426525284
	3426525285
	3426525286
	3426525287
	3426525288
	3426525289
	3426525290
	3426525291
	3426525292
	3426525293
	3426525294
	3426525295
	3426525296
	3426525297
	3426525298
	3426525299
	3426525300
	3426525301
	3426525302
	3426525303
	3426525304
	3426525305
	3426525306
	3426525307
	3426525308
	3426525309
	3426525310
	3426525311
	3426525312
	3426525313
	3426525314
	3426525315
	3426525316
	3426525317
	3426525318
	3426525319
	3426525320
	3426525321
	3426525322
	3426525323
	3426525324
	3426525325
	3426525326
	3426525327
	3426525328
	3426525329
	3426525330
	3426525331
	3426525332
	3426525333
	3426525334
	3426525335
	3426525336
	3426525337
	3426525338
	3426525339
	3426525340
	3426525341
	3426525342
	3426525343
	3426525344
	3426525345
	3426525346
	3426525347
	3426525348
	3426525349
	3426525350
	3426525351
	3426525352
	3426525353
	3426525354
	3426525355
	3426525356
	3426525357
	3426525358
	3426525359
	3426525360
	3426525361
	3426525362
	3426525363
	3426525364
	3426525365
	3426525366
	3426525367
	3426525368
	3426525369
	3426525370
	3426525371
	3426525372
	3426525373
	3426525374
	3426525375
	3426525376
	3426525377
	3426525378
	3426525379
	3426525380
	3426525381
	3426525382
	3426525383
	3426525384
	3426525385
	3426525386
	3426525387
	3426525388
	3426525389
	3426525390
	3426525391
	3426525392
	3426525393
	3426525394
	3426525395
	3426525396
	3426525397
	3426525398
	3426525399
	3426525400
	3426525401
	3426525402
	3426525403
	3426525404
	3426525405
	3426525406
	3426525407
	3426525408
	3426525409
	3426525410
	3426525411
	3426525412
	3426525413
	3426525414
	3426525415
	3426525416
	3426525417
	3426525418
	3426525419
	3426525420
	3426525421
	3426525422
	3426525423
	3426525424
	3426525425
	3426525426
	3426525427
	3426525428
	3426525429
	3426525430
	3426525431
	3426525432
	3426525433
	3426525434
	3426525435
	3426525436
	3426525437
	3426525438
	3426525439
	3426525440
	3426525441
	3426525442
	3426525443
	3426525444
	3426525445
	3426525446
	3426525447
	3426525448
	3426525449
	3426525450
	3426525451
	3426525452
	3426525453
	3426525454
	3426525455
	3426525456
	3426525457
	3426525458
	3426525459
	3426525460
	3426525461
	3426525462
	3426525463
	3426525464
	3426525465
	3426525466
	3426525467
	3426525468
	3426525469
	3426525470
	3426525471
	3426525472
	3426525473
	3426525474
	3426525475
	3426525476
	3426525477
	3426525478
	3426525479
	3426525480
	3426525481
	3426525482
	3426525483
	3426525484
	3426525485
	3426525486
	3426525487
	3426525488
	3426525489
	3426525490
	3426525491
	3426525492
	3426525493
	3426525494
	3426525495
	3426525496
	3426525497
	3426525498
	3426525499
	3426525500
	3426525501
	3426525502
	3426525503
	3426525504
	3426525505
	3426525506
	3426525507
	3426525508
	3426525509
	3426525510
	3426525511
	3426525512
	3426525513
	3426525514
	3426525515
	3426525516
	3426525517
	3426525518
	3426525519
	3426525520
	3426525521
	3426525522
	3426525523
	3426525524
	3426525525
	3426525526
	3426525527
	3426525528
	3426525529
	3426525530
	3426525531
	3426525532
	3426525533
	3426525534
	3426525535
	3426525536
	3426525537
	3426525538
	3426525539
	3426525540
	3426525541
	3426525542
	3426525543
	3426525544
	3426525545
	3426525546
	3426525547
	3426525548
	3426525549
	3426525550
	3426525551
	3426525552
	3426525553
	3426525554
	3426525555
	3426525556
	3426525557
	3426525558
	3426525559
	3426525560
	3426525561
	3426525562
	3426525563
	3426525564
	3426525565
	3426525566
	3426525567
	3426525568
	3426525569
	3426525570
	3426525571
	3426525572
	3426525573
	3426525574
	3426525575
	3426525576
	3426525577
	3426525578
	3426525579
	3426525580
	3426525581
	3426525582
	3426525583
	3426525584
	3426525585
	3426525586
	3426525587
	3426525588
	3426525589
	3426525590
	3426525591
	3426525592
	3426525593
	3426525594
	3426525595
	3426525596
	3426525597
	3426525598
	3426525599
	3426525600
	3426525601
	3426525602
	3426525603
	3426525604
	3426525605
	3426525606
	3426525607
	3426525608
	3426525609
	3426525610
	3426525611
	3426525612
	3426525613
	3426525614
	3426525615
	3426525616
	3426525617
	3426525618
	3426525619
	3426525620
	3426525621
	3426525622
	3426525623
	3426525624
	3426525625
	3426525626
	3426525627
	3426525628
	3426525629
	3426525630
	3426525631
	3426525632
	3426525633
	3426525634
	3426525635
	3426525636
	3426525637
	3426525638
	3426525639
	3426525640
	3426525641
	3426525642
	3426525643
	3426525644
	3426525645
	3426525646
	3426525647
	3426525648
	3426525649
	3426525650
	3426525651
	3426525652
	3426525653
	3426525654
	3426525655
	3426525656
	3426525657
	3426525658
	3426525659
	3426525660
	3426525661
	3426525662
	3426525663
	3426525664
	3426525665
	3426525666
	3426525667
	3426525668
	3426525669
	3426525670
	3426525671
	3426525672
	3426525673
	3426525674
	3426525675
	3426525676
	3426525677
	3426525678
	3426525679
	3426525680
	3426525681
	3426525682
	3426525683
	3426525684
	3426525685
	3426525686
	3426525687
	3426525688
	3426525689
	3426525690
	3426525691
	3426525692
	3426525693
	3426525694
	3426525695
	3426525696
	3426525697
	3426525698
	3426525699
	3426525700
	3426525701
	3426525702
	3426525703
	3426525704
	3426525705
	3426525706
	3426525707
	3426525708
	3426525709
	3426525710
	3426525711
	3426525712
	3426525713
	3426525714
	3426525715
	3426525716
	3426525717
	3426525718
	3426525719
	3426525720
	3426525721
	3426525722
	3426525723
	3426525724
	3426525725
	3426525726
	3426525727
	3426525728
	3426525729
	3426525730
	3426525731
	3426525732
	3426525733
	3426525734
	3426525735
	3426525736
	3426525737
	3426525738
	3426525739
	3426525740
	3426525741
	3426525742
	3426525743
	3426525744
	3426525745
	3426525746
	3426525747
	3426525748
	3426525749
	3426525750
	3426525751
	3426525752
	3426525753
	3426525754
	3426525755
	3426525756
	3426525757
	3426525758
	3426525759
	3426525760
	3426525761
	3426525762
	3426525763
	3426525764
	3426525765
	3426525766
	3426525767
	3426525768
	3426525769
	3426525770
	3426525771
	3426525772
	3426525773
	3426525774
	3426525775
	3426525776
	3426525777
	3426525778
	3426525779
	3426525780
	3426525781
	3426525782
	3426525783
	3426525784
	3426525785
	3426525786
	3426525787
	3426525788
	3426525789
	3426525790
	3426525791
	3426525792
	3426525793
	3426525794
	3426525795
	3426525796
	3426525797
	3426525798
	3426525799
	3426525800
	3426525801
	3426525802
	3426525803
	3426525804
	3426525805
	3426525806
	3426525807
	3426525808
	3426525809
	3426525810
	3426525811
	3426525812
	3426525813
	3426525814
	3426525815
	3426525816
	3426525817
	3426525818
	3426525819
	3426525820
	3426525821
	3426525822
	3426525823
	3426525824
	3426525825
	3426525826
	3426525827
	3426525828
	3426525829
	3426525830
	3426525831
	3426525832
	3426525833
	3426525834
	3426525835
	3426525836
	3426525837
	3426525838
	3426525839
	3426525840
	3426525841
	3426525842
	3426525843
	3426525844
	3426525845
	3426525846
	3426525847
	3426525848
	3426525849
	3426525850
	3426525851
	3426525852
	3426525853
	3426525854
	3426525855
	3426525856
	3426525857
	3426525858
	3426525859
	3426525860
	3426525861
	3426525862
	3426525863
	3426525864
	3426525865
	3426525866
	3426525867
	3426525868
	3426525869
	3426525870
	3426525871
	3426525872
	3426525873
	3426525874
	3426525875
	3426525876
	3426525877
	3426525878
	3426525879
	3426525880
	3426525881
	3426525882
	3426525883
	3426525884
	3426525885
	3426525886
	3426525887
	3426525888
	3426525889
	3426525890
	3426525891
	3426525892
	3426525893
	3426525894
	3426525895
	3426525896
	3426525897
	3426525898
	3426525899
	3426525900
	3426525901
	3426525902
	3426525903
	3426525904
	3426525905
	3426525906
	3426525907
	3426525908
	3426525909
	3426525910
	3426525911
	3426525912
	3426525913
	3426525914
	3426525915
	3426525916
	3426525917
	3426525918
	3426525919
	3426525920
	3426525921
	3426525922
	3426525923
	3426525924
	3426525925
	3426525926
	3426525927
	3426525928
	3426525929
	3426525930
	3426525931
	3426525932
	3426525933
	3426525934
	3426525935
	3426525936
	3426525937
	3426525938
	3426525939
	3426525940
	3426525941
	3426525942
	3426525943
	3426525944
	3426525945
	3426525946
	3426525947
	3426525948
	3426525949
	3426525950
	3426525951
	3426525952
	3426525953
	3426525954
	3426525955
	3426525956
	3426525957
	3426525958
	3426525959
	3426525960
	3426525961
	3426525962
	3426525963
	3426525964
	3426525965
	3426525966
	3426525967
	3426525968
	3426525969
	3426525970
	3426525971
	3426525972
	3426525973
	3426525974
	3426525975
	3426525976
	3426525977
	3426525978
	3426525979
	3426525980
	3426525981
	3426525982
	3426525983
	3426525984
	3426525985
	3426525986
	3426525987
	3426525988
	3426525989
	3426525990
	3426525991
	3426525992
	3426525993
	3426525994
	3426525995
	3426525996
	3426525997
	3426525998
	3426525999
	3426526000
	3426526001
	3426526002
	3426526003
	3426526004
	3426526005
	3426526006
	3426526007
	3426526008
	3426526009
	3426526010
	3426526011
	3426526012
	3426526013
	3426526014
	3426526015
	3426526016
	3426526017
	3426526018
	3426526019
	3426526020
	3426526021
	3426526022
	3426526023
	3426526024
	3426526025
	3426526026
	3426526027
	3426526028
	3426526029
	3426526030
	3426526031
	3426526032
	3426526033
	3426526034
	3426526035
	3426526036
	3426526037
	3426526038
	3426526039
	3426526040
	3426526041
	3426526042
	3426526043
	3426526044
	3426526045
	3426526046
	3426526047
	3426526048
	3426526049
	3426526050
	3426526051
	3426526052
	3426526053
	3426526054
	3426526055
	3426526056
	3426526057
	3426526058
	3426526059
	3426526060
	3426526061
	3426526062
	3426526063
	3426526064
	3426526065
	3426526066
	3426526067
	3426526068
	3426526069
	3426526070
	3426526071
	3426526072
	3426526073
	3426526074
	3426526075
	3426526076
	3426526077
	3426526078
	3426526079
	3426526080
	3426526081
	3426526082
	3426526083
	3426526084
	3426526085
	3426526086
	3426526087
	3426526088
	3426526089
	3426526090
	3426526091
	3426526092
	3426526093
	3426526094
	3426526095
	3426526096
	3426526097
	3426526098
	3426526099
	3426526100
	3426526101
	3426526102
	3426526103
	3426526104
	3426526105
	3426526106
	3426526107
	3426526108
	3426526109
	3426526110
	3426526111
	3426526112
	3426526113
	3426526114
	3426526115
	3426526116
	3426526117
	3426526118
	3426526119
	3426526120
	3426526121
	3426526122
	3426526123
	3426526124
	3426526125
	3426526126
	3426526127
	3426526128
	3426526129
	3426526130
	3426526131
	3426526132
	3426526133
	3426526134
	3426526135
	3426526136
	3426526137
	3426526138
	3426526139
	3426526140
	3426526141
	3426526142
	3426526143
	3426526144
	3426526145
	3426526146
	3426526147
	3426526148
	3426526149
	3426526150
	3426526151
	3426526152
	3426526153
	3426526154
	3426526155
	3426526156
	3426526157
	3426526158
	3426526159
	3426526160
	3426526161
	3426526162
	3426526163
	3426526164
	3426526165
	3426526166
	3426526167
	3426526168
	3426526169
	3426526170
	3426526171
	3426526172
	3426526173
	3426526174
	3426526175
	3426526176
	3426526177
	3426526178
	3426526179
	3426526180
	3426526181
	3426526182
	3426526183
	3426526184
	3426526185
	3426526186
	3426526187
	3426526188
	3426526189
	3426526190
	3426526191
	3426526192
	3426526193
	3426526194
	3426526195
	3426526196
	3426526197
	3426526198
	3426526199
	3426526200
	3426526201
	3426526202
	3426526203
	3426526204
	3426526205
	3426526206
	3426526207
	3426526208
	3426526209
	3426526210
	3426526211
	3426526212
	3426526213
	3426526214
	3426526215
	3426526216
	3426526217
	3426526218
	3426526219
	3426526220
	3426526221
	3426526222
	3426526223
	3426526224
	3426526225
	3426526226
	3426526227
	3426526228
	3426526229
	3426526230
	3426526231
	3426526232
	3426526233
	3426526234
	3426526235
	3426526236
	3426526237
	3426526238
	3426526239
	3426526240
	3426526241
	3426526242
	3426526243
	3426526244
	3426526245
	3426526246
	3426526247
	3426526248
	3426526249
	3426526250
	3426526251
	3426526252
	3426526253
	3426526254
	3426526255
	3426526256
	3426526257
	3426526258
	3426526259
	3426526260
	3426526261
	3426526262
	3426526263
	3426526264
	3426526265
	3426526266
	3426526267
	3426526268
	3426526269
	3426526270
	3426526271
	3426526272
	3426526273
	3426526274
	3426526275
	3426526276
	3426526277
	3426526278
	3426526279
	3426526280
	3426526281
	3426526282
	3426526283
	3426526284
	3426526285
	3426526286
	3426526287
	3426526288
	3426526289
	3426526290
	3426526291
	3426526292
	3426526293
	3426526294
	3426526295
	3426526296
	3426526297
	3426526298
	3426526299
	3426526300
	3426526301
	3426526302
	3426526303
	3426526304
	3426526305
	3426526306
	3426526307
	3426526308
	3426526309
	3426526310
	3426526311
	3426526312
	3426526313
	3426526314
	3426526315
	3426526316
	3426526317
	3426526318
	3426526319
	3426526320
	3426526321
	3426526322
	3426526323
	3426526324
	3426526325
	3426526326
	3426526327
	3426526328
	3426526329
	3426526330
	3426526331
	3426526332
	3426526333
	3426526334
	3426526335
	3426526336
	3426526337
	3426526338
	3426526339
	3426526340
	3426526341
	3426526342
	3426526343
	3426526344
	3426526345
	3426526346
	3426526347
	3426526348
	3426526349
	3426526350
	3426526351
	3426526352
	3426526353
	3426526354
	3426526355
	3426526356
	3426526357
	3426526358
	3426526359
	3426526360
	3426526361
	3426526362
	3426526363
	3426526364
	3426526365
	3426526366
	3426526367
	3426526368
	3426526369
	3426526370
	3426526371
	3426526372
	3426526373
	3426526374
	3426526375
	3426526376
	3426526377
	3426526378
	3426526379
	3426526380
	3426526381
	3426526382
	3426526383
	3426526384
	3426526385
	3426526386
	3426526387
	3426526388
	3426526389
	3426526390
	3426526391
	3426526392
	3426526393
	3426526394
	3426526395
	3426526396
	3426526397
	3426526398
	3426526399
	3426526400
	3426526401
	3426526402
	3426526403
	3426526404
	3426526405
	3426526406
	3426526407
	3426526408
	3426526409
	3426526410
	3426526411
	3426526412
	3426526413
	3426526414
	3426526415
	3426526416
	3426526417
	3426526418
	3426526419
	3426526420
	3426526421
	3426526422
	3426526423
	3426526424
	3426526425
	3426526426
	3426526427
	3426526428
	3426526429
	3426526430
	3426526431
	3426526432
	3426526433
	3426526434
	3426526435
	3426526436
	3426526437
	3426526438
	3426526439
	3426526440
	3426526441
	3426526442
	3426526443
	3426526444
	3426526445
	3426526446
	3426526447
	3426526448
	3426526449
	3426526450
	3426526451
	3426526452
	3426526453
	3426526454
	3426526455
	3426526456
	3426526457
	3426526458
	3426526459
	3426526460
	3426526461
	3426526462
	3426526463
	3426526464
	3426526465
	3426526466
	3426526467
	3426526468
	3426526469
	3426526470
	3426526471
	3426526472
	3426526473
	3426526474
	3426526475
	3426526476
	3426526477
	3426526478
	3426526479
	3426526480
	3426526481
	3426526482
	3426526483
	3426526484
	3426526485
	3426526486
	3426526487
	3426526488
	3426526489
	3426526490
	3426526491
	3426526492
	3426526493
	3426526494
	3426526495
	3426526496
	3426526497
	3426526498
	3426526499
	3426526500
	3426526501
	3426526502
	3426526503
	3426526504
	3426526505
	3426526506
	3426526507
	3426526508
	3426526509
	3426526510
	3426526511
	3426526512
	3426526513
	3426526514
	3426526515
	3426526516
	3426526517
	3426526518
	3426526519
	3426526520
	3426526521
	3426526522
	3426526523
	3426526524
	3426526525
	3426526526
	3426526527
	3426526528
	3426526529
	3426526530
	3426526531
	3426526532
	3426526533
	3426526534
	3426526535
	3426526536
	3426526537
	3426526538
	3426526539
	3426526540
	3426526541
	3426526542
	3426526543
	3426526544
	3426526545
	3426526546
	3426526547
	3426526548
	3426526549
	3426526550
	3426526551
	3426526552
	3426526553
	3426526554
	3426526555
	3426526556
	3426526557
	3426526558
	3426526559
	3426526560
	3426526561
	3426526562
	3426526563
	3426526564
	3426526565
	3426526566
	3426526567
	3426526568
	3426526569
	3426526570
	3426526571
	3426526572
	3426526573
	3426526574
	3426526575
	3426526576
	3426526577
	3426526578
	3426526579
	3426526580
	3426526581
	3426526582
	3426526583
	3426526584
	3426526585
	3426526586
	3426526587
	3426526588
	3426526589
	3426526590
	3426526591
	3426526592
	3426526593
	3426526594
	3426526595
	3426526596
	3426526597
	3426526598
	3426526599
	3426526600
	3426526601
	3426526602
	3426526603
	3426526604
	3426526605
	3426526606
	3426526607
	3426526608
	3426526609
	3426526610
	3426526611
	3426526612
	3426526613
	3426526614
	3426526615
	3426526616
	3426526617
	3426526618
	3426526619
	3426526620
	3426526621
	3426526622
	3426526623
	3426526624
	3426526625
	3426526626
	3426526627
	3426526628
	3426526629
	3426526630
	3426526631
	3426526632
	3426526633
	3426526634
	3426526635
	3426526636
	3426526637
	3426526638
	3426526639
	3426526640
	3426526641
	3426526642
	3426526643
	3426526644
	3426526645
	3426526646
	3426526647
	3426526648
	3426526649
	3426526650
	3426526651
	3426526652
	3426526653
	3426526654
	3426526655
	3426526656
	3426526657
	3426526658
	3426526659
	3426526660
	3426526661
	3426526662
	3426526663
	3426526664
	3426526665
	3426526666
	3426526667
	3426526668
	3426526669
	3426526670
	3426526671
	3426526672
	3426526673
	3426526674
	3426526675
	3426526676
	3426526677
	3426526678
	3426526679
	3426526680
	3426526681
	3426526682
	3426526683
	3426526684
	3426526685
	3426526686
	3426526687
	3426526688
	3426526689
	3426526690
	3426526691
	3426526692
	3426526693
	3426526694
	3426526695
	3426526696
	3426526697
	3426526698
	3426526699
	3426526700
	3426526701
	3426526702
	3426526703
	3426526704
	3426526705
	3426526706
	3426526707
	3426526708
	3426526709
	3426526710
	3426526711
	3426526712
	3426526713
	3426526714
	3426526715
	3426526716
	3426526717
	3426526718
	3426526719
	3426526720
	3426526721
	3426526722
	3426526723
	3426526724
	3426526725
	3426526726
	3426526727
	3426526728
	3426526729
	3426526730
	3426526731
	3426526732
	3426526733
	3426526734
	3426526735
	3426526736
	3426526737
	3426526738
	3426526739
	3426526740
	3426526741
	3426526742
	3426526743
	3426526744
	3426526745
	3426526746
	3426526747
	3426526748
	3426526749
	3426526750
	3426526751
	3426526752
	3426526753
	3426526754
	3426526755
	3426526756
	3426526757
	3426526758
	3426526759
	3426526760
	3426526761
	3426526762
	3426526763
	3426526764
	3426526765
	3426526766
	3426526767
	3426526768
	3426526769
	3426526770
	3426526771
	3426526772
	3426526773
	3426526774
	3426526775
	3426526776
	3426526777
	3426526778
	3426526779
	3426526780
	3426526781
	3426526782
	3426526783
	3426526784
	3426526785
	3426526786
	3426526787
	3426526788
	3426526789
	3426526790
	3426526791
	3426526792
	3426526793
	3426526794
	3426526795
	3426526796
	3426526797
	3426526798
	3426526799
	3426526800
	3426526801
	3426526802
	3426526803
	3426526804
	3426526805
	3426526806
	3426526807
	3426526808
	3426526809
	3426526810
	3426526811
	3426526812
	3426526813
	3426526814
	3426526815
	3426526816
	3426526817
	3426526818
	3426526819
	3426526820
	3426526821
	3426526822
	3426526823
	3426526824
	3426526825
	3426526826
	3426526827
	3426526828
	3426526829
	3426526830
	3426526831
	3426526832
	3426526833
	3426526834
	3426526835
	3426526836
	3426526837
	3426526838
	3426526839
	3426526840
	3426526841
	3426526842
	3426526843
	3426526844
	3426526845
	3426526846
	3426526847
	3426526848
	3426526849
	3426526850
	3426526851
	3426526852
	3426526853
	3426526854
	3426526855
	3426526856
	3426526857
	3426526858
	3426526859
	3426526860
	3426526861
	3426526862
	3426526863
	3426526864
	3426526865
	3426526866
	3426526867
	3426526868
	3426526869
	3426526870
	3426526871
	3426526872
	3426526873
	3426526874
	3426526875
	3426526876
	3426526877
	3426526878
	3426526879
	3426526880
	3426526881
	3426526882
	3426526883
	3426526884
	3426526885
	3426526886
	3426526887
	3426526888
	3426526889
	3426526890
	3426526891
	3426526892
	3426526893
	3426526894
	3426526895
	3426526896
	3426526897
	3426526898
	3426526899
	3426526900
	3426526901
	3426526902
	3426526903
	3426526904
	3426526905
	3426526906
	3426526907
	3426526908
	3426526909
	3426526910
	3426526911
	3426526912
	3426526913
	3426526914
	3426526915
	3426526916
	3426526917
	3426526918
	3426526919
	3426526920
	3426526921
	3426526922
	3426526923
	3426526924
	3426526925
	3426526926
	3426526927
	3426526928
	3426526929
	3426526930
	3426526931
	3426526932
	3426526933
	3426526934
	3426526935
	3426526936
	3426526937
	3426526938
	3426526939
	3426526940
	3426526941
	3426526942
	3426526943
	3426526944
	3426526945
	3426526946
	3426526947
	3426526948
	3426526949
	3426526950
	3426526951
	3426526952
	3426526953
	3426526954
	3426526955
	3426526956
	3426526957
	3426526958
	3426526959
	3426526960
	3426526961
	3426526962
	3426526963
	3426526964
	3426526965
	3426526966
	3426526967
	3426526968
	3426526969
	3426526970
	3426526971
	3426526972
	3426526973
	3426526974
	3426526975
	3426526976
	3426526977
	3426526978
	3426526979
	3426526980
	3426526981
	3426526982
	3426526983
	3426526984
	3426526985
	3426526986
	3426526987
	3426526988
	3426526989
	3426526990
	3426526991
	3426526992
	3426526993
	3426526994
	3426526995
	3426526996
	3426526997
	3426526998
	3426526999
	3426527000
	3426527001
	3426527002
	3426527003
	3426527004
	3426527005
	3426527006
	3426527007
	3426527008
	3426527009
	3426527010
	3426527011
	3426527012
	3426527013
	3426527014
	3426527015
	3426527016
	3426527017
	3426527018
	3426527019
	3426527020
	3426527021
	3426527022
	3426527023
	3426527024
	3426527025
	3426527026
	3426527027
	3426527028
	3426527029
	3426527030
	3426527031
	3426527032
	3426527033
	3426527034
	3426527035
	3426527036
	3426527037
	3426527038
	3426527039
	3426527040
	3426527041
	3426527042
	3426527043
	3426527044
	3426527045
	3426527046
	3426527047
	3426527048
	3426527049
	3426527050
	3426527051
	3426527052
	3426527053
	3426527054
	3426527055
	3426527056
	3426527057
	3426527058
	3426527059
	3426527060
	3426527061
	3426527062
	3426527063
	3426527064
	3426527065
	3426527066
	3426527067
	3426527068
	3426527069
	3426527070
	3426527071
	3426527072
	3426527073
	3426527074
	3426527075
	3426527076
	3426527077
	3426527078
	3426527079
	3426527080
	3426527081
	3426527082
	3426527083
	3426527084
	3426527085
	3426527086
	3426527087
	3426527088
	3426527089
	3426527090
	3426527091
	3426527092
	3426527093
	3426527094
	3426527095
	3426527096
	3426527097
	3426527098
	3426527099
	3426527100
	3426527101
	3426527102
	3426527103
	3426527104
	3426527105
	3426527106
	3426527107
	3426527108
	3426527109
	3426527110
	3426527111
	3426527112
	3426527113
	3426527114
	3426527115
	3426527116
	3426527117
	3426527118
	3426527119
	3426527120
	3426527121
	3426527122
	3426527123
	3426527124
	3426527125
	3426527126
	3426527127
	3426527128
	3426527129
	3426527130
	3426527131
	3426527132
	3426527133
	3426527134
	3426527135
	3426527136
	3426527137
	3426527138
	3426527139
	3426527140
	3426527141
	3426527142
	3426527143
	3426527144
	3426527145
	3426527146
	3426527147
	3426527148
	3426527149
	3426527150
	3426527151
	3426527152
	3426527153
	3426527154
	3426527155
	3426527156
	3426527157
	3426527158
	3426527159
	3426527160
	3426527161
	3426527162
	3426527163
	3426527164
	3426527165
	3426527166
	3426527167
	3426527168
	3426527169
	3426527170
	3426527171
	3426527172
	3426527173
	3426527174
	3426527175
	3426527176
	3426527177
	3426527178
	3426527179
	3426527180
	3426527181
	3426527182
	3426527183
	3426527184
	3426527185
	3426527186
	3426527187
	3426527188
	3426527189
	3426527190
	3426527191
	3426527192
	3426527193
	3426527194
	3426527195
	3426527196
	3426527197
	3426527198
	3426527199
	3426527200
	3426527201
	3426527202
	3426527203
	3426527204
	3426527205
	3426527206
	3426527207
	3426527208
	3426527209
	3426527210
	3426527211
	3426527212
	3426527213
	3426527214
	3426527215
	3426527216
	3426527217
	3426527218
	3426527219
	3426527220
	3426527221
	3426527222
	3426527223
	3426527224
	3426527225
	3426527226
	3426527227
	3426527228
	3426527229
	3426527230
	3426527231
	3426527232
	3426527233
	3426527234
	3426527235
	3426527236
	3426527237
	3426527238
	3426527239
	3426527240
	3426527241
	3426527242
	3426527243
	3426527244
	3426527245
	3426527246
	3426527247
	3426527248
	3426527249
	3426527250
	3426527251
	3426527252
	3426527253
	3426527254
	3426527255
	3426527256
	3426527257
	3426527258
	3426527259
	3426527260
	3426527261
	3426527262
	3426527263
	3426527264
	3426527265
	3426527266
	3426527267
	3426527268
	3426527269
	3426527270
	3426527271
	3426527272
	3426527273
	3426527274
	3426527275
	3426527276
	3426527277
	3426527278
	3426527279
	3426527280
	3426527281
	3426527282
	3426527283
	3426527284
	3426527285
	3426527286
	3426527287
	3426527288
	3426527289
	3426527290
	3426527291
	3426527292
	3426527293
	3426527294
	3426527295
	3426527296
	3426527297
	3426527298
	3426527299
	3426527300
	3426527301
	3426527302
	3426527303
	3426527304
	3426527305
	3426527306
	3426527307
	3426527308
	3426527309
	3426527310
	3426527311
	3426527312
	3426527313
	3426527314
	3426527315
	3426527316
	3426527317
	3426527318
	3426527319
	3426527320
	3426527321
	3426527322
	3426527323
	3426527324
	3426527325
	3426527326
	3426527327
	3426527328
	3426527329
	3426527330
	3426527331
	3426527332
	3426527333
	3426527334
	3426527335
	3426527336
	3426527337
	3426527338
	3426527339
	3426527340
	3426527341
	3426527342
	3426527343
	3426527344
	3426527345
	3426527346
	3426527347
	3426527348
	3426527349
	3426527350
	3426527351
	3426527352
	3426527353
	3426527354
	3426527355
	3426527356
	3426527357
	3426527358
	3426527359
	3426527360
	3426527361
	3426527362
	3426527363
	3426527364
	3426527365
	3426527366
	3426527367
	3426527368
	3426527369
	3426527370
	3426527371
	3426527372
	3426527373
	3426527374
	3426527375
	3426527376
	3426527377
	3426527378
	3426527379
	3426527380
	3426527381
	3426527382
	3426527383
	3426527384
	3426527385
	3426527386
	3426527387
	3426527388
	3426527389
	3426527390
	3426527391
	3426527392
	3426527393
	3426527394
	3426527395
	3426527396
	3426527397
	3426527398
	3426527399
	3426527400
	3426527401
	3426527402
	3426527403
	3426527404
	3426527405
	3426527406
	3426527407
	3426527408
	3426527409
	3426527410
	3426527411
	3426527412
	3426527413
	3426527414
	3426527415
	3426527416
	3426527417
	3426527418
	3426527419
	3426527420
	3426527421
	3426527422
	3426527423
	3426527424
	3426527425
	3426527426
	3426527427
	3426527428
	3426527429
	3426527430
	3426527431
	3426527432
	3426527433
	3426527434
	3426527435
	3426527436
	3426527437
	3426527438
	3426527439
	3426527440
	3426527441
	3426527442
	3426527443
	3426527444
	3426527445
	3426527446
	3426527447
	3426527448
	3426527449
	3426527450
	3426527451
	3426527452
	3426527453
	3426527454
	3426527455
	3426527456
	3426527457
	3426527458
	3426527459
	3426527460
	3426527461
	3426527462
	3426527463
	3426527464
	3426527465
	3426527466
	3426527467
	3426527468
	3426527469
	3426527470
	3426527471
	3426527472
	3426527473
	3426527474
	3426527475
	3426527476
	3426527477
	3426527478
	3426527479
	3426527480
	3426527481
	3426527482
	3426527483
	3426527484
	3426527485
	3426527486
	3426527487
	3426527488
	3426527489
	3426527490
	3426527491
	3426527492
	3426527493
	3426527494
	3426527495
	3426527496
	3426527497
	3426527498
	3426527499
	3426527500
	3426527501
	3426527502
	3426527503
	3426527504
	3426527505
	3426527506
	3426527507
	3426527508
	3426527509
	3426527510
	3426527511
	3426527512
	3426527513
	3426527514
	3426527515
	3426527516
	3426527517
	3426527518
	3426527519
	3426527520
	3426527521
	3426527522
	3426527523
	3426527524
	3426527525
	3426527526
	3426527527
	3426527528
	3426527529
	3426527530
	3426527531
	3426527532
	3426527533
	3426527534
	3426527535
	3426527536
	3426527537
	3426527538
	3426527539
	3426527540
	3426527541
	3426527542
	3426527543
	3426527544
	3426527545
	3426527546
	3426527547
	3426527548
	3426527549
	3426527550
	3426527551
	3426527552
	3426527553
	3426527554
	3426527555
	3426527556
	3426527557
	3426527558
	3426527559
	3426527560
	3426527561
	3426527562
	3426527563
	3426527564
	3426527565
	3426527566
	3426527567
	3426527568
	3426527569
	3426527570
	3426527571
	3426527572
	3426527573
	3426527574
	3426527575
	3426527576
	3426527577
	3426527578
	3426527579
	3426527580
	3426527581
	3426527582
	3426527583
	3426527584
	3426527585
	3426527586
	3426527587
	3426527588
	3426527589
	3426527590
	3426527591
	3426527592
	3426527593
	3426527594
	3426527595
	3426527596
	3426527597
	3426527598
	3426527599
	3426527600
	3426527601
	3426527602
	3426527603
	3426527604
	3426527605
	3426527606
	3426527607
	3426527608
	3426527609
	3426527610
	3426527611
	3426527612
	3426527613
	3426527614
	3426527615
	3426527616
	3426527617
	3426527618
	3426527619
	3426527620
	3426527621
	3426527622
	3426527623
	3426527624
	3426527625
	3426527626
	3426527627
	3426527628
	3426527629
	3426527630
	3426527631
	3426527632
	3426527633
	3426527634
	3426527635
	3426527636
	3426527637
	3426527638
	3426527639
	3426527640
	3426527641
	3426527642
	3426527643
	3426527644
	3426527645
	3426527646
	3426527647
	3426527648
	3426527649
	3426527650
	3426527651
	3426527652
	3426527653
	3426527654
	3426527655
	3426527656
	3426527657
	3426527658
	3426527659
	3426527660
	3426527661
	3426527662
	3426527663
	3426527664
	3426527665
	3426527666
	3426527667
	3426527668
	3426527669
	3426527670
	3426527671
	3426527672
	3426527673
	3426527674
	3426527675
	3426527676
	3426527677
	3426527678
	3426527679
	3426527680
	3426527681
	3426527682
	3426527683
	3426527684
	3426527685
	3426527686
	3426527687
	3426527688
	3426527689
	3426527690
	3426527691
	3426527692
	3426527693
	3426527694
	3426527695
	3426527696
	3426527697
	3426527698
	3426527699
	3426527700
	3426527701
	3426527702
	3426527703
	3426527704
	3426527705
	3426527706
	3426527707
	3426527708
	3426527709
	3426527710
	3426527711
	3426527712
	3426527713
	3426527714
	3426527715
	3426527716
	3426527717
	3426527718
	3426527719
	3426527720
	3426527721
	3426527722
	3426527723
	3426527724
	3426527725
	3426527726
	3426527727
	3426527728
	3426527729
	3426527730
	3426527731
	3426527732
	3426527733
	3426527734
	3426527735
	3426527736
	3426527737
	3426527738
	3426527739
	3426527740
	3426527741
	3426527742
	3426527743
	3426527744
	3426527745
	3426527746
	3426527747
	3426527748
	3426527749
	3426527750
	3426527751
	3426527752
	3426527753
	3426527754
	3426527755
	3426527756
	3426527757
	3426527758
	3426527759
	3426527760
	3426527761
	3426527762
	3426527763
	3426527764
	3426527765
	3426527766
	3426527767
	3426527768
	3426527769
	3426527770
	3426527771
	3426527772
	3426527773
	3426527774
	3426527775
	3426527776
	3426527777
	3426527778
	3426527779
	3426527780
	3426527781
	3426527782
	3426527783
	3426527784
	3426527785
	3426527786
	3426527787
	3426527788
	3426527789
	3426527790
	3426527791
	3426527792
	3426527793
	3426527794
	3426527795
	3426527796
	3426527797
	3426527798
	3426527799
	3426527800
	3426527801
	3426527802
	3426527803
	3426527804
	3426527805
	3426527806
	3426527807
	3426527808
	3426527809
	3426527810
	3426527811
	3426527812
	3426527813
	3426527814
	3426527815
	3426527816
	3426527817
	3426527818
	3426527819
	3426527820
	3426527821
	3426527822
	3426527823
	3426527824
	3426527825
	3426527826
	3426527827
	3426527828
	3426527829
	3426527830
	3426527831
	3426527832
	3426527833
	3426527834
	3426527835
	3426527836
	3426527837
	3426527838
	3426527839
	3426527840
	3426527841
	3426527842
	3426527843
	3426527844
	3426527845
	3426527846
	3426527847
	3426527848
	3426527849
	3426527850
	3426527851
	3426527852
	3426527853
	3426527854
	3426527855
	3426527856
	3426527857
	3426527858
	3426527859
	3426527860
	3426527861
	3426527862
	3426527863
	3426527864
	3426527865
	3426527866
	3426527867
	3426527868
	3426527869
	3426527870
	3426527871
	3426527872
	3426527873
	3426527874
	3426527875
	3426527876
	3426527877
	3426527878
	3426527879
	3426527880
	3426527881
	3426527882
	3426527883
	3426527884
	3426527885
	3426527886
	3426527887
	3426527888
	3426527889
	3426527890
	3426527891
	3426527892
	3426527893
	3426527894
	3426527895
	3426527896
	3426527897
	3426527898
	3426527899
	3426527900
	3426527901
	3426527902
	3426527903
	3426527904
	3426527905
	3426527906
	3426527907
	3426527908
	3426527909
	3426527910
	3426527911
	3426527912
	3426527913
	3426527914
	3426527915
	3426527916
	3426527917
	3426527918
	3426527919
	3426527920
	3426527921
	3426527922
	3426527923
	3426527924
	3426527925
	3426527926
	3426527927
	3426527928
	3426527929
	3426527930
	3426527931
	3426527932
	3426527933
	3426527934
	3426527935
	3426527936
	3426527937
	3426527938
	3426527939
	3426527940
	3426527941
	3426527942
	3426527943
	3426527944
	3426527945
	3426527946
	3426527947
	3426527948
	3426527949
	3426527950
	3426527951
	3426527952
	3426527953
	3426527954
	3426527955
	3426527956
	3426527957
	3426527958
	3426527959
	3426527960
	3426527961
	3426527962
	3426527963
	3426527964
	3426527965
	3426527966
	3426527967
	3426527968
	3426527969
	3426527970
	3426527971
	3426527972
	3426527973
	3426527974
	3426527975
	3426527976
	3426527977
	3426527978
	3426527979
	3426527980
	3426527981
	3426527982
	3426527983
	3426527984
	3426527985
	3426527986
	3426527987
	3426527988
	3426527989
	3426527990
	3426527991
	3426527992
	3426527993
	3426527994
	3426527995
	3426527996
	3426527997
	3426527998
	3426527999
	3426528000
	3426528001
	3426528002
	3426528003
	3426528004
	3426528005
	3426528006
	3426528007
	3426528008
	3426528009
	3426528010
	3426528011
	3426528012
	3426528013
	3426528014
	3426528015
	3426528016
	3426528017
	3426528018
	3426528019
	3426528020
	3426528021
	3426528022
	3426528023
	3426528024
	3426528025
	3426528026
	3426528027
	3426528028
	3426528029
	3426528030
	3426528031
	3426528032
	3426528033
	3426528034
	3426528035
	3426528036
	3426528037
	3426528038
	3426528039
	3426528040
	3426528041
	3426528042
	3426528043
	3426528044
	3426528045
	3426528046
	3426528047
	3426528048
	3426528049
	3426528050
	3426528051
	3426528052
	3426528053
	3426528054
	3426528055
	3426528056
	3426528057
	3426528058
	3426528059
	3426528060
	3426528061
	3426528062
	3426528063
	3426528064
	3426528065
	3426528066
	3426528067
	3426528068
	3426528069
	3426528070
	3426528071
	3426528072
	3426528073
	3426528074
	3426528075
	3426528076
	3426528077
	3426528078
	3426528079
	3426528080
	3426528081
	3426528082
	3426528083
	3426528084
	3426528085
	3426528086
	3426528087
	3426528088
	3426528089
	3426528090
	3426528091
	3426528092
	3426528093
	3426528094
	3426528095
	3426528096
	3426528097
	3426528098
	3426528099
	3426528100
	3426528101
	3426528102
	3426528103
	3426528104
	3426528105
	3426528106
	3426528107
	3426528108
	3426528109
	3426528110
	3426528111
	3426528112
	3426528113
	3426528114
	3426528115
	3426528116
	3426528117
	3426528118
	3426528119
	3426528120
	3426528121
	3426528122
	3426528123
	3426528124
	3426528125
	3426528126
	3426528127
	3426528128
	3426528129
	3426528130
	3426528131
	3426528132
	3426528133
	3426528134
	3426528135
	3426528136
	3426528137
	3426528138
	3426528139
	3426528140
	3426528141
	3426528142
	3426528143
	3426528144
	3426528145
	3426528146
	3426528147
	3426528148
	3426528149
	3426528150
	3426528151
	3426528152
	3426528153
	3426528154
	3426528155
	3426528156
	3426528157
	3426528158
	3426528159
	3426528160
	3426528161
	3426528162
	3426528163
	3426528164
	3426528165
	3426528166
	3426528167
	3426528168
	3426528169
	3426528170
	3426528171
	3426528172
	3426528173
	3426528174
	3426528175
	3426528176
	3426528177
	3426528178
	3426528179
	3426528180
	3426528181
	3426528182
	3426528183
	3426528184
	3426528185
	3426528186
	3426528187
	3426528188
	3426528189
	3426528190
	3426528191
	3426528192
	3426528193
	3426528194
	3426528195
	3426528196
	3426528197
	3426528198
	3426528199
	3426528200
	3426528201
	3426528202
	3426528203
	3426528204
	3426528205
	3426528206
	3426528207
	3426528208
	3426528209
	3426528210
	3426528211
	3426528212
	3426528213
	3426528214
	3426528215
	3426528216
	3426528217
	3426528218
	3426528219
	3426528220
	3426528221
	3426528222
	3426528223
	3426528224
	3426528225
	3426528226
	3426528227
	3426528228
	3426528229
	3426528230
	3426528231
	3426528232
	3426528233
	3426528234
	3426528235
	3426528236
	3426528237
	3426528238
	3426528239
	3426528240
	3426528241
	3426528242
	3426528243
	3426528244
	3426528245
	3426528246
	3426528247
	3426528248
	3426528249
	3426528250
	3426528251
	3426528252
	3426528253
	3426528254
	3426528255
	3426528256
	3426528257
	3426528258
	3426528259
	3426528260
	3426528261
	3426528262
	3426528263
	3426528264
	3426528265
	3426528266
	3426528267
	3426528268
	3426528269
	3426528270
	3426528271
	3426528272
	3426528273
	3426528274
	3426528275
	3426528276
	3426528277
	3426528278
	3426528279
	3426528280
	3426528281
	3426528282
	3426528283
	3426528284
	3426528285
	3426528286
	3426528287
	3426528288
	3426528289
	3426528290
	3426528291
	3426528292
	3426528293
	3426528294
	3426528295
	3426528296
	3426528297
	3426528298
	3426528299
	3426528300
	3426528301
	3426528302
	3426528303
	3426528304
	3426528305
	3426528306
	3426528307
	3426528308
	3426528309
	3426528310
	3426528311
	3426528312
	3426528313
	3426528314
	3426528315
	3426528316
	3426528317
	3426528318
	3426528319
	3426528320
	3426528321
	3426528322
	3426528323
	3426528324
	3426528325
	3426528326
	3426528327
	3426528328
	3426528329
	3426528330
	3426528331
	3426528332
	3426528333
	3426528334
	3426528335
	3426528336
	3426528337
	3426528338
	3426528339
	3426528340
	3426528341
	3426528342
	3426528343
	3426528344
	3426528345
	3426528346
	3426528347
	3426528348
	3426528349
	3426528350
	3426528351
	3426528352
	3426528353
	3426528354
	3426528355
	3426528356
	3426528357
	3426528358
	3426528359
	3426528360
	3426528361
	3426528362
	3426528363
	3426528364
	3426528365
	3426528366
	3426528367
	3426528368
	3426528369
	3426528370
	3426528371
	3426528372
	3426528373
	3426528374
	3426528375
	3426528376
	3426528377
	3426528378
	3426528379
	3426528380
	3426528381
	3426528382
	3426528383
	3426528384
	3426528385
	3426528386
	3426528387
	3426528388
	3426528389
	3426528390
	3426528391
	3426528392
	3426528393
	3426528394
	3426528395
	3426528396
	3426528397
	3426528398
	3426528399
	3426528400
	3426528401
	3426528402
	3426528403
	3426528404
	3426528405
	3426528406
	3426528407
	3426528408
	3426528409
	3426528410
	3426528411
	3426528412
	3426528413
	3426528414
	3426528415
	3426528416
	3426528417
	3426528418
	3426528419
	3426528420
	3426528421
	3426528422
	3426528423
	3426528424
	3426528425
	3426528426
	3426528427
	3426528428
	3426528429
	3426528430
	3426528431
	3426528432
	3426528433
	3426528434
	3426528435
	3426528436
	3426528437
	3426528438
	3426528439
	3426528440
	3426528441
	3426528442
	3426528443
	3426528444
	3426528445
	3426528446
	3426528447
	3426528448
	3426528449
	3426528450
	3426528451
	3426528452
	3426528453
	3426528454
	3426528455
	3426528456
	3426528457
	3426528458
	3426528459
	3426528460
	3426528461
	3426528462
	3426528463
	3426528464
	3426528465
	3426528466
	3426528467
	3426528468
	3426528469
	3426528470
	3426528471
	3426528472
	3426528473
	3426528474
	3426528475
	3426528476
	3426528477
	3426528478
	3426528479
	3426528480
	3426528481
	3426528482
	3426528483
	3426528484
	3426528485
	3426528486
	3426528487
	3426528488
	3426528489
	3426528490
	3426528491
	3426528492
	3426528493
	3426528494
	3426528495
	3426528496
	3426528497
	3426528498
	3426528499
	3426528500
	3426528501
	3426528502
	3426528503
	3426528504
	3426528505
	3426528506
	3426528507
	3426528508
	3426528509
	3426528510
	3426528511
	3426528512
	3426528513
	3426528514
	3426528515
	3426528516
	3426528517
	3426528518
	3426528519
	3426528520
	3426528521
	3426528522
	3426528523
	3426528524
	3426528525
	3426528526
	3426528527
	3426528528
	3426528529
	3426528530
	3426528531
	3426528532
	3426528533
	3426528534
	3426528535
	3426528536
	3426528537
	3426528538
	3426528539
	3426528540
	3426528541
	3426528542
	3426528543
	3426528544
	3426528545
	3426528546
	3426528547
	3426528548
	3426528549
	3426528550
	3426528551
	3426528552
	3426528553
	3426528554
	3426528555
	3426528556
	3426528557
	3426528558
	3426528559
	3426528560
	3426528561
	3426528562
	3426528563
	3426528564
	3426528565
	3426528566
	3426528567
	3426528568
	3426528569
	3426528570
	3426528571
	3426528572
	3426528573
	3426528574
	3426528575
	3426528576
	3426528577
	3426528578
	3426528579
	3426528580
	3426528581
	3426528582
	3426528583
	3426528584
	3426528585
	3426528586
	3426528587
	3426528588
	3426528589
	3426528590
	3426528591
	3426528592
	3426528593
	3426528594
	3426528595
	3426528596
	3426528597
	3426528598
	3426528599
	3426528600
	3426528601
	3426528602
	3426528603
	3426528604
	3426528605
	3426528606
	3426528607
	3426528608
	3426528609
	3426528610
	3426528611
	3426528612
	3426528613
	3426528614
	3426528615
	3426528616
	3426528617
	3426528618
	3426528619
	3426528620
	3426528621
	3426528622
	3426528623
	3426528624
	3426528625
	3426528626
	3426528627
	3426528628
	3426528629
	3426528630
	3426528631
	3426528632
	3426528633
	3426528634
	3426528635
	3426528636
	3426528637
	3426528638
	3426528639
	3426528640
	3426528641
	3426528642
	3426528643
	3426528644
	3426528645
	3426528646
	3426528647
	3426528648
	3426528649
	3426528650
	3426528651
	3426528652
	3426528653
	3426528654
	3426528655
	3426528656
	3426528657
	3426528658
	3426528659
	3426528660
