	3426641119
	3426641120
	3426641121
	3426641122
	3426641123
	3426641124
	3426641125
	3426641126
	3426641127
	3426641128
	3426641129
	3426641130
	3426641131
	3426641132
	3426641133
	3426641134
	3426641135
	3426641136
	3426641137
	3426641138
	3426641139
	3426641140
	3426641141
	3426641142
	3426641143
	3426641144
	3426641145
	3426641146
	3426641147
	3426641148
	3426641149
	3426641150
	3426641151
	3426641152
	3426641153
	3426641154
	3426641155
	3426641156
	3426641157
	3426641158
	3426641159
	3426641160
	3426641161
	3426641162
	3426641163
	3426641164
	3426641165
	3426641166
	3426641167
	3426641168
	3426641169
	3426641170
	3426641171
	3426641172
	3426641173
	3426641174
	3426641175
	3426641176
	3426641177
	3426641178
	3426641179
	3426641180
	3426641181
	3426641182
	3426641183
	3426641184
	3426641185
	3426641186
	3426641187
	3426641188
	3426641189
	3426641190
	3426641191
	3426641192
	3426641193
	3426641194
	3426641195
	3426641196
	3426641197
	3426641198
	3426641199
	3426641200
	3426641201
	3426641202
	3426641203
	3426641204
	3426641205
	3426641206
	3426641207
	3426641208
	3426641209
	3426641210
	3426641211
	3426641212
	3426641213
	3426641214
	3426641215
	3426641216
	3426641217
	3426641218
	3426641219
	3426641220
	3426641221
	3426641222
	3426641223
	3426641224
	3426641225
	3426641226
	3426641227
	3426641228
	3426641229
	3426641230
	3426641231
	3426641232
	3426641233
	3426641234
	3426641235
	3426641236
	3426641237
	3426641238
	3426641239
	3426641240
	3426641241
	3426641242
	3426641243
	3426641244
	3426641245
	3426641246
	3426641247
	3426641248
	3426641249
	3426641250
	3426641251
	3426641252
	3426641253
	3426641254
	3426641255
	3426641256
	3426641257
	3426641258
	3426641259
	3426641260
	3426641261
	3426641262
	3426641263
	3426641264
	3426641265
	3426641266
	3426641267
	3426641268
	3426641269
	3426641270
	3426641271
	3426641272
	3426641273
	3426641274
	3426641275
	3426641276
	3426641277
	3426641278
	3426641279
	3426641280
	3426641281
	3426641282
	3426641283
	3426641284
	3426641285
	3426641286
	3426641287
	3426641288
	3426641289
	3426641290
	3426641291
	3426641292
	3426641293
	3426641294
	3426641295
	3426641296
	3426641297
	3426641298
	3426641299
	3426641300
	3426641301
	3426641302
	3426641303
	3426641304
	3426641305
	3426641306
	3426641307
	3426641308
	3426641309
	3426641310
	3426641311
	3426641312
	3426641313
	3426641314
	3426641315
	3426641316
	3426641317
	3426641318
	3426641319
	3426641320
	3426641321
	3426641322
	3426641323
	3426641324
	3426641325
	3426641326
	3426641327
	3426641328
	3426641329
	3426641330
	3426641331
	3426641332
	3426641333
	3426641334
	3426641335
	3426641336
	3426641337
	3426641338
	3426641339
	3426641340
	3426641341
	3426641342
	3426641343
	3426641344
	3426641345
	3426641346
	3426641347
	3426641348
	3426641349
	3426641350
	3426641351
	3426641352
	3426641353
	3426641354
	3426641355
	3426641356
	3426641357
	3426641358
	3426641359
	3426641360
	3426641361
	3426641362
	3426641363
	3426641364
	3426641365
	3426641366
	3426641367
	3426641368
	3426641369
	3426641370
	3426641371
	3426641372
	3426641373
	3426641374
	3426641375
	3426641376
	3426641377
	3426641378
	3426641379
	3426641380
	3426641381
	3426641382
	3426641383
	3426641384
	3426641385
	3426641386
	3426641387
	3426641388
	3426641389
	3426641390
	3426641391
	3426641392
	3426641393
	3426641394
	3426641395
	3426641396
	3426641397
	3426641398
	3426641399
	3426641400
	3426641401
	3426641402
	3426641403
	3426641404
	3426641405
	3426641406
	3426641407
	3426641408
	3426641409
	3426641410
	3426641411
	3426641412
	3426641413
	3426641414
	3426641415
	3426641416
	3426641417
	3426641418
	3426641419
	3426641420
	3426641421
	3426641422
	3426641423
	3426641424
	3426641425
	3426641426
	3426641427
	3426641428
	3426641429
	3426641430
	3426641431
	3426641432
	3426641433
	3426641434
	3426641435
	3426641436
	3426641437
	3426641438
	3426641439
	3426641440
	3426641441
	3426641442
	3426641443
	3426641444
	3426641445
	3426641446
	3426641447
	3426641448
	3426641449
	3426641450
	3426641451
	3426641452
	3426641453
	3426641454
	3426641455
	3426641456
	3426641457
	3426641458
	3426641459
	3426641460
	3426641461
	3426641462
	3426641463
	3426641464
	3426641465
	3426641466
	3426641467
	3426641468
	3426641469
	3426641470
	3426641471
	3426641472
	3426641473
	3426641474
	3426641475
	3426641476
	3426641477
	3426641478
	3426641479
	3426641480
	3426641481
	3426641482
	3426641483
	3426641484
	3426641485
	3426641486
	3426641487
	3426641488
	3426641489
	3426641490
	3426641491
	3426641492
	3426641493
	3426641494
	3426641495
	3426641496
	3426641497
	3426641498
	3426641499
	3426641500
	3426641501
	3426641502
	3426641503
	3426641504
	3426641505
	3426641506
	3426641507
	3426641508
	3426641509
	3426641510
	3426641511
	3426641512
	3426641513
	3426641514
	3426641515
	3426641516
	3426641517
	3426641518
	3426641519
	3426641520
	3426641521
	3426641522
	3426641523
	3426641524
	3426641525
	3426641526
	3426641527
	3426641528
	3426641529
	3426641530
	3426641531
	3426641532
	3426641533
	3426641534
	3426641535
	3426641536
	3426641537
	3426641538
	3426641539
	3426641540
	3426641541
	3426641542
	3426641543
	3426641544
	3426641545
	3426641546
	3426641547
	3426641548
	3426641549
	3426641550
	3426641551
	3426641552
	3426641553
	3426641554
	3426641555
	3426641556
	3426641557
	3426641558
	3426641559
	3426641560
	3426641561
	3426641562
	3426641563
	3426641564
	3426641565
	3426641566
	3426641567
	3426641568
	3426641569
	3426641570
	3426641571
	3426641572
	3426641573
	3426641574
	3426641575
	3426641576
	3426641577
	3426641578
	3426641579
	3426641580
	3426641581
	3426641582
	3426641583
	3426641584
	3426641585
	3426641586
	3426641587
	3426641588
	3426641589
	3426641590
	3426641591
	3426641592
	3426641593
	3426641594
	3426641595
	3426641596
	3426641597
	3426641598
	3426641599
	3426641600
	3426641601
	3426641602
	3426641603
	3426641604
	3426641605
	3426641606
	3426641607
	3426641608
	3426641609
	3426641610
	3426641611
	3426641612
	3426641613
	3426641614
	3426641615
	3426641616
	3426641617
	3426641618
	3426641619
	3426641620
	3426641621
	3426641622
	3426641623
	3426641624
	3426641625
	3426641626
	3426641627
	3426641628
	3426641629
	3426641630
	3426641631
	3426641632
	3426641633
	3426641634
	3426641635
	3426641636
	3426641637
	3426641638
	3426641639
	3426641640
	3426641641
	3426641642
	3426641643
	3426641644
	3426641645
	3426641646
	3426641647
	3426641648
	3426641649
	3426641650
	3426641651
	3426641652
	3426641653
	3426641654
	3426641655
	3426641656
	3426641657
	3426641658
	3426641659
	3426641660
	3426641661
	3426641662
	3426641663
	3426641664
	3426641665
	3426641666
	3426641667
	3426641668
	3426641669
	3426641670
	3426641671
	3426641672
	3426641673
	3426641674
	3426641675
	3426641676
	3426641677
	3426641678
	3426641679
	3426641680
	3426641681
	3426641682
	3426641683
	3426641684
	3426641685
	3426641686
	3426641687
	3426641688
	3426641689
	3426641690
	3426641691
	3426641692
	3426641693
	3426641694
	3426641695
	3426641696
	3426641697
	3426641698
	3426641699
	3426641700
	3426641701
	3426641702
	3426641703
	3426641704
	3426641705
	3426641706
	3426641707
	3426641708
	3426641709
	3426641710
	3426641711
	3426641712
	3426641713
	3426641714
	3426641715
	3426641716
	3426641717
	3426641718
	3426641719
	3426641720
	3426641721
	3426641722
	3426641723
	3426641724
	3426641725
	3426641726
	3426641727
	3426641728
	3426641729
	3426641730
	3426641731
	3426641732
	3426641733
	3426641734
	3426641735
	3426641736
	3426641737
	3426641738
	3426641739
	3426641740
	3426641741
	3426641742
	3426641743
	3426641744
	3426641745
	3426641746
	3426641747
	3426641748
	3426641749
	3426641750
	3426641751
	3426641752
	3426641753
	3426641754
	3426641755
	3426641756
	3426641757
	3426641758
	3426641759
	3426641760
	3426641761
	3426641762
	3426641763
	3426641764
	3426641765
	3426641766
	3426641767
	3426641768
	3426641769
	3426641770
	3426641771
	3426641772
	3426641773
	3426641774
	3426641775
	3426641776
	3426641777
	3426641778
	3426641779
	3426641780
	3426641781
	3426641782
	3426641783
	3426641784
	3426641785
	3426641786
	3426641787
	3426641788
	3426641789
	3426641790
	3426641791
	3426641792
	3426641793
	3426641794
	3426641795
	3426641796
	3426641797
	3426641798
	3426641799
	3426641800
	3426641801
	3426641802
	3426641803
	3426641804
	3426641805
	3426641806
	3426641807
	3426641808
	3426641809
	3426641810
	3426641811
	3426641812
	3426641813
	3426641814
	3426641815
	3426641816
	3426641817
	3426641818
	3426641819
	3426641820
	3426641821
	3426641822
	3426641823
	3426641824
	3426641825
	3426641826
	3426641827
	3426641828
	3426641829
	3426641830
	3426641831
	3426641832
	3426641833
	3426641834
	3426641835
	3426641836
	3426641837
	3426641838
	3426641839
	3426641840
	3426641841
	3426641842
	3426641843
	3426641844
	3426641845
	3426641846
	3426641847
	3426641848
	3426641849
	3426641850
	3426641851
	3426641852
	3426641853
	3426641854
	3426641855
	3426641856
	3426641857
	3426641858
	3426641859
	3426641860
	3426641861
	3426641862
	3426641863
	3426641864
	3426641865
	3426641866
	3426641867
	3426641868
	3426641869
	3426641870
	3426641871
	3426641872
	3426641873
	3426641874
	3426641875
	3426641876
	3426641877
	3426641878
	3426641879
	3426641880
	3426641881
	3426641882
	3426641883
	3426641884
	3426641885
	3426641886
	3426641887
	3426641888
	3426641889
	3426641890
	3426641891
	3426641892
	3426641893
	3426641894
	3426641895
	3426641896
	3426641897
	3426641898
	3426641899
	3426641900
	3426641901
	3426641902
	3426641903
	3426641904
	3426641905
	3426641906
	3426641907
	3426641908
	3426641909
	3426641910
	3426641911
	3426641912
	3426641913
	3426641914
	3426641915
	3426641916
	3426641917
	3426641918
	3426641919
	3426641920
	3426641921
	3426641922
	3426641923
	3426641924
	3426641925
	3426641926
	3426641927
	3426641928
	3426641929
	3426641930
	3426641931
	3426641932
	3426641933
	3426641934
	3426641935
	3426641936
	3426641937
	3426641938
	3426641939
	3426641940
	3426641941
	3426641942
	3426641943
	3426641944
	3426641945
	3426641946
	3426641947
	3426641948
	3426641949
	3426641950
	3426641951
	3426641952
	3426641953
	3426641954
	3426641955
	3426641956
	3426641957
	3426641958
	3426641959
	3426641960
	3426641961
	3426641962
	3426641963
	3426641964
	3426641965
	3426641966
	3426641967
	3426641968
	3426641969
	3426641970
	3426641971
	3426641972
	3426641973
	3426641974
	3426641975
	3426641976
	3426641977
	3426641978
	3426641979
	3426641980
	3426641981
	3426641982
	3426641983
	3426641984
	3426641985
	3426641986
	3426641987
	3426641988
	3426641989
	3426641990
	3426641991
	3426641992
	3426641993
	3426641994
	3426641995
	3426641996
	3426641997
	3426641998
	3426641999
	3426642000
	3426642001
	3426642002
	3426642003
	3426642004
	3426642005
	3426642006
	3426642007
	3426642008
	3426642009
	3426642010
	3426642011
	3426642012
	3426642013
	3426642014
	3426642015
	3426642016
	3426642017
	3426642018
	3426642019
	3426642020
	3426642021
	3426642022
	3426642023
	3426642024
	3426642025
	3426642026
	3426642027
	3426642028
	3426642029
	3426642030
	3426642031
	3426642032
	3426642033
	3426642034
	3426642035
	3426642036
	3426642037
	3426642038
	3426642039
	3426642040
	3426642041
	3426642042
	3426642043
	3426642044
	3426642045
	3426642046
	3426642047
	3426642048
	3426642049
	3426642050
	3426642051
	3426642052
	3426642053
	3426642054
	3426642055
	3426642056
	3426642057
	3426642058
	3426642059
	3426642060
	3426642061
	3426642062
	3426642063
	3426642064
	3426642065
	3426642066
	3426642067
	3426642068
	3426642069
	3426642070
	3426642071
	3426642072
	3426642073
	3426642074
	3426642075
	3426642076
	3426642077
	3426642078
	3426642079
	3426642080
	3426642081
	3426642082
	3426642083
	3426642084
	3426642085
	3426642086
	3426642087
	3426642088
	3426642089
	3426642090
	3426642091
	3426642092
	3426642093
	3426642094
	3426642095
	3426642096
	3426642097
	3426642098
	3426642099
	3426642100
	3426642101
	3426642102
	3426642103
	3426642104
	3426642105
	3426642106
	3426642107
	3426642108
	3426642109
	3426642110
	3426642111
	3426642112
	3426642113
	3426642114
	3426642115
	3426642116
	3426642117
	3426642118
	3426642119
	3426642120
	3426642121
	3426642122
	3426642123
	3426642124
	3426642125
	3426642126
	3426642127
	3426642128
	3426642129
	3426642130
	3426642131
	3426642132
	3426642133
	3426642134
	3426642135
	3426642136
	3426642137
	3426642138
	3426642139
	3426642140
	3426642141
	3426642142
	3426642143
	3426642144
	3426642145
	3426642146
	3426642147
	3426642148
	3426642149
	3426642150
	3426642151
	3426642152
	3426642153
	3426642154
	3426642155
	3426642156
	3426642157
	3426642158
	3426642159
	3426642160
	3426642161
	3426642162
	3426642163
	3426642164
	3426642165
	3426642166
	3426642167
	3426642168
	3426642169
	3426642170
	3426642171
	3426642172
	3426642173
	3426642174
	3426642175
	3426642176
	3426642177
	3426642178
	3426642179
	3426642180
	3426642181
	3426642182
	3426642183
	3426642184
	3426642185
	3426642186
	3426642187
	3426642188
	3426642189
	3426642190
	3426642191
	3426642192
	3426642193
	3426642194
	3426642195
	3426642196
	3426642197
	3426642198
	3426642199
	3426642200
	3426642201
	3426642202
	3426642203
	3426642204
	3426642205
	3426642206
	3426642207
	3426642208
	3426642209
	3426642210
	3426642211
	3426642212
	3426642213
	3426642214
	3426642215
	3426642216
	3426642217
	3426642218
	3426642219
	3426642220
	3426642221
	3426642222
	3426642223
	3426642224
	3426642225
	3426642226
	3426642227
	3426642228
	3426642229
	3426642230
	3426642231
	3426642232
	3426642233
	3426642234
	3426642235
	3426642236
	3426642237
	3426642238
	3426642239
	3426642240
	3426642241
	3426642242
	3426642243
	3426642244
	3426642245
	3426642246
	3426642247
	3426642248
	3426642249
	3426642250
	3426642251
	3426642252
	3426642253
	3426642254
	3426642255
	3426642256
	3426642257
	3426642258
	3426642259
	3426642260
	3426642261
	3426642262
	3426642263
	3426642264
	3426642265
	3426642266
	3426642267
	3426642268
	3426642269
	3426642270
	3426642271
	3426642272
	3426642273
	3426642274
	3426642275
	3426642276
	3426642277
	3426642278
	3426642279
	3426642280
	3426642281
	3426642282
	3426642283
	3426642284
	3426642285
	3426642286
	3426642287
	3426642288
	3426642289
	3426642290
	3426642291
	3426642292
	3426642293
	3426642294
	3426642295
	3426642296
	3426642297
	3426642298
	3426642299
	3426642300
	3426642301
	3426642302
	3426642303
	3426642304
	3426642305
	3426642306
	3426642307
	3426642308
	3426642309
	3426642310
	3426642311
	3426642312
	3426642313
	3426642314
	3426642315
	3426642316
	3426642317
	3426642318
	3426642319
	3426642320
	3426642321
	3426642322
	3426642323
	3426642324
	3426642325
	3426642326
	3426642327
	3426642328
	3426642329
	3426642330
	3426642331
	3426642332
	3426642333
	3426642334
	3426642335
	3426642336
	3426642337
	3426642338
	3426642339
	3426642340
	3426642341
	3426642342
	3426642343
	3426642344
	3426642345
	3426642346
	3426642347
	3426642348
	3426642349
	3426642350
	3426642351
	3426642352
	3426642353
	3426642354
	3426642355
	3426642356
	3426642357
	3426642358
	3426642359
	3426642360
	3426642361
	3426642362
	3426642363
	3426642364
	3426642365
	3426642366
	3426642367
	3426642368
	3426642369
	3426642370
	3426642371
	3426642372
	3426642373
	3426642374
	3426642375
	3426642376
	3426642377
	3426642378
	3426642379
	3426642380
	3426642381
	3426642382
	3426642383
	3426642384
	3426642385
	3426642386
	3426642387
	3426642388
	3426642389
	3426642390
	3426642391
	3426642392
	3426642393
	3426642394
	3426642395
	3426642396
	3426642397
	3426642398
	3426642399
	3426642400
	3426642401
	3426642402
	3426642403
	3426642404
	3426642405
	3426642406
	3426642407
	3426642408
	3426642409
	3426642410
	3426642411
	3426642412
	3426642413
	3426642414
	3426642415
	3426642416
	3426642417
	3426642418
	3426642419
	3426642420
	3426642421
	3426642422
	3426642423
	3426642424
	3426642425
	3426642426
	3426642427
	3426642428
	3426642429
	3426642430
	3426642431
	3426642432
	3426642433
	3426642434
	3426642435
	3426642436
	3426642437
	3426642438
	3426642439
	3426642440
	3426642441
	3426642442
	3426642443
	3426642444
	3426642445
	3426642446
	3426642447
	3426642448
	3426642449
	3426642450
	3426642451
	3426642452
	3426642453
	3426642454
	3426642455
	3426642456
	3426642457
	3426642458
	3426642459
	3426642460
	3426642461
	3426642462
	3426642463
	3426642464
	3426642465
	3426642466
	3426642467
	3426642468
	3426642469
	3426642470
	3426642471
	3426642472
	3426642473
	3426642474
	3426642475
	3426642476
	3426642477
	3426642478
	3426642479
	3426642480
	3426642481
	3426642482
	3426642483
	3426642484
	3426642485
	3426642486
	3426642487
	3426642488
	3426642489
	3426642490
	3426642491
	3426642492
	3426642493
	3426642494
	3426642495
	3426642496
	3426642497
	3426642498
	3426642499
	3426642500
	3426642501
	3426642502
	3426642503
	3426642504
	3426642505
	3426642506
	3426642507
	3426642508
	3426642509
	3426642510
	3426642511
	3426642512
	3426642513
	3426642514
	3426642515
	3426642516
	3426642517
	3426642518
	3426642519
	3426642520
	3426642521
	3426642522
	3426642523
	3426642524
	3426642525
	3426642526
	3426642527
	3426642528
	3426642529
	3426642530
	3426642531
	3426642532
	3426642533
	3426642534
	3426642535
	3426642536
	3426642537
	3426642538
	3426642539
	3426642540
	3426642541
	3426642542
	3426642543
	3426642544
	3426642545
	3426642546
	3426642547
	3426642548
	3426642549
	3426642550
	3426642551
	3426642552
	3426642553
	3426642554
	3426642555
	3426642556
	3426642557
	3426642558
	3426642559
	3426642560
	3426642561
	3426642562
	3426642563
	3426642564
	3426642565
	3426642566
	3426642567
	3426642568
	3426642569
	3426642570
	3426642571
	3426642572
	3426642573
	3426642574
	3426642575
	3426642576
	3426642577
	3426642578
	3426642579
	3426642580
	3426642581
	3426642582
	3426642583
	3426642584
	3426642585
	3426642586
	3426642587
	3426642588
	3426642589
	3426642590
	3426642591
	3426642592
	3426642593
	3426642594
	3426642595
	3426642596
	3426642597
	3426642598
	3426642599
	3426642600
	3426642601
	3426642602
	3426642603
	3426642604
	3426642605
	3426642606
	3426642607
	3426642608
	3426642609
	3426642610
	3426642611
	3426642612
	3426642613
	3426642614
	3426642615
	3426642616
	3426642617
	3426642618
	3426642619
	3426642620
	3426642621
	3426642622
	3426642623
	3426642624
	3426642625
	3426642626
	3426642627
	3426642628
	3426642629
	3426642630
	3426642631
	3426642632
	3426642633
	3426642634
	3426642635
	3426642636
	3426642637
	3426642638
	3426642639
	3426642640
	3426642641
	3426642642
	3426642643
	3426642644
	3426642645
	3426642646
	3426642647
	3426642648
	3426642649
	3426642650
	3426642651
	3426642652
	3426642653
	3426642654
	3426642655
	3426642656
	3426642657
	3426642658
	3426642659
	3426642660
	3426642661
	3426642662
	3426642663
	3426642664
	3426642665
	3426642666
	3426642667
	3426642668
	3426642669
	3426642670
	3426642671
	3426642672
	3426642673
	3426642674
	3426642675
	3426642676
	3426642677
	3426642678
	3426642679
	3426642680
	3426642681
	3426642682
	3426642683
	3426642684
	3426642685
	3426642686
	3426642687
	3426642688
	3426642689
	3426642690
	3426642691
	3426642692
	3426642693
	3426642694
	3426642695
	3426642696
	3426642697
	3426642698
	3426642699
	3426642700
	3426642701
	3426642702
	3426642703
	3426642704
	3426642705
	3426642706
	3426642707
	3426642708
	3426642709
	3426642710
	3426642711
	3426642712
	3426642713
	3426642714
	3426642715
	3426642716
	3426642717
	3426642718
	3426642719
	3426642720
	3426642721
	3426642722
	3426642723
	3426642724
	3426642725
	3426642726
	3426642727
	3426642728
	3426642729
	3426642730
	3426642731
	3426642732
	3426642733
	3426642734
	3426642735
	3426642736
	3426642737
	3426642738
	3426642739
	3426642740
	3426642741
	3426642742
	3426642743
	3426642744
	3426642745
	3426642746
	3426642747
	3426642748
	3426642749
	3426642750
	3426642751
	3426642752
	3426642753
	3426642754
	3426642755
	3426642756
	3426642757
	3426642758
	3426642759
	3426642760
	3426642761
	3426642762
	3426642763
	3426642764
	3426642765
	3426642766
	3426642767
	3426642768
	3426642769
	3426642770
	3426642771
	3426642772
	3426642773
	3426642774
	3426642775
	3426642776
	3426642777
	3426642778
	3426642779
	3426642780
	3426642781
	3426642782
	3426642783
	3426642784
	3426642785
	3426642786
	3426642787
	3426642788
	3426642789
	3426642790
	3426642791
	3426642792
	3426642793
	3426642794
	3426642795
	3426642796
	3426642797
	3426642798
	3426642799
	3426642800
	3426642801
	3426642802
	3426642803
	3426642804
	3426642805
	3426642806
	3426642807
	3426642808
	3426642809
	3426642810
	3426642811
	3426642812
	3426642813
	3426642814
	3426642815
	3426642816
	3426642817
	3426642818
	3426642819
	3426642820
	3426642821
	3426642822
	3426642823
	3426642824
	3426642825
	3426642826
	3426642827
	3426642828
	3426642829
	3426642830
	3426642831
	3426642832
	3426642833
	3426642834
	3426642835
	3426642836
	3426642837
	3426642838
	3426642839
	3426642840
	3426642841
	3426642842
	3426642843
	3426642844
	3426642845
	3426642846
	3426642847
	3426642848
	3426642849
	3426642850
	3426642851
	3426642852
	3426642853
	3426642854
	3426642855
	3426642856
	3426642857
	3426642858
	3426642859
	3426642860
	3426642861
	3426642862
	3426642863
	3426642864
	3426642865
	3426642866
	3426642867
	3426642868
	3426642869
	3426642870
	3426642871
	3426642872
	3426642873
	3426642874
	3426642875
	3426642876
	3426642877
	3426642878
	3426642879
	3426642880
	3426642881
	3426642882
	3426642883
	3426642884
	3426642885
	3426642886
	3426642887
	3426642888
	3426642889
	3426642890
	3426642891
	3426642892
	3426642893
	3426642894
	3426642895
	3426642896
	3426642897
	3426642898
	3426642899
	3426642900
	3426642901
	3426642902
	3426642903
	3426642904
	3426642905
	3426642906
	3426642907
	3426642908
	3426642909
	3426642910
	3426642911
	3426642912
	3426642913
	3426642914
	3426642915
	3426642916
	3426642917
	3426642918
	3426642919
	3426642920
	3426642921
	3426642922
	3426642923
	3426642924
	3426642925
	3426642926
	3426642927
	3426642928
	3426642929
	3426642930
	3426642931
	3426642932
	3426642933
	3426642934
	3426642935
	3426642936
	3426642937
	3426642938
	3426642939
	3426642940
	3426642941
	3426642942
	3426642943
	3426642944
	3426642945
	3426642946
	3426642947
	3426642948
	3426642949
	3426642950
	3426642951
	3426642952
	3426642953
	3426642954
	3426642955
	3426642956
	3426642957
	3426642958
	3426642959
	3426642960
	3426642961
	3426642962
	3426642963
	3426642964
	3426642965
	3426642966
	3426642967
	3426642968
	3426642969
	3426642970
	3426642971
	3426642972
	3426642973
	3426642974
	3426642975
	3426642976
	3426642977
	3426642978
	3426642979
	3426642980
	3426642981
	3426642982
	3426642983
	3426642984
	3426642985
	3426642986
	3426642987
	3426642988
	3426642989
	3426642990
	3426642991
	3426642992
	3426642993
	3426642994
	3426642995
	3426642996
	3426642997
	3426642998
	3426642999
	3426643000
	3426643001
	3426643002
	3426643003
	3426643004
	3426643005
	3426643006
	3426643007
	3426643008
	3426643009
	3426643010
	3426643011
	3426643012
	3426643013
	3426643014
	3426643015
	3426643016
	3426643017
	3426643018
	3426643019
	3426643020
	3426643021
	3426643022
	3426643023
	3426643024
	3426643025
	3426643026
	3426643027
	3426643028
	3426643029
	3426643030
	3426643031
	3426643032
	3426643033
	3426643034
	3426643035
	3426643036
	3426643037
	3426643038
	3426643039
	3426643040
	3426643041
	3426643042
	3426643043
	3426643044
	3426643045
	3426643046
	3426643047
	3426643048
	3426643049
	3426643050
	3426643051
	3426643052
	3426643053
	3426643054
	3426643055
	3426643056
	3426643057
	3426643058
	3426643059
	3426643060
	3426643061
	3426643062
	3426643063
	3426643064
	3426643065
	3426643066
	3426643067
	3426643068
	3426643069
	3426643070
	3426643071
	3426643072
	3426643073
	3426643074
	3426643075
	3426643076
	3426643077
	3426643078
	3426643079
	3426643080
	3426643081
	3426643082
	3426643083
	3426643084
	3426643085
	3426643086
	3426643087
	3426643088
	3426643089
	3426643090
	3426643091
	3426643092
	3426643093
	3426643094
	3426643095
	3426643096
	3426643097
	3426643098
	3426643099
	3426643100
	3426643101
	3426643102
	3426643103
	3426643104
	3426643105
	3426643106
	3426643107
	3426643108
	3426643109
	3426643110
	3426643111
	3426643112
	3426643113
	3426643114
	3426643115
	3426643116
	3426643117
	3426643118
	3426643119
	3426643120
	3426643121
	3426643122
	3426643123
	3426643124
	3426643125
	3426643126
	3426643127
	3426643128
	3426643129
	3426643130
	3426643131
	3426643132
	3426643133
	3426643134
	3426643135
	3426643136
	3426643137
	3426643138
	3426643139
	3426643140
	3426643141
	3426643142
	3426643143
	3426643144
	3426643145
	3426643146
	3426643147
	3426643148
	3426643149
	3426643150
	3426643151
	3426643152
	3426643153
	3426643154
	3426643155
	3426643156
	3426643157
	3426643158
	3426643159
	3426643160
	3426643161
	3426643162
	3426643163
	3426643164
	3426643165
	3426643166
	3426643167
	3426643168
	3426643169
	3426643170
	3426643171
	3426643172
	3426643173
	3426643174
	3426643175
	3426643176
	3426643177
	3426643178
	3426643179
	3426643180
	3426643181
	3426643182
	3426643183
	3426643184
	3426643185
	3426643186
	3426643187
	3426643188
	3426643189
	3426643190
	3426643191
	3426643192
	3426643193
	3426643194
	3426643195
	3426643196
	3426643197
	3426643198
	3426643199
	3426643200
	3426643201
	3426643202
	3426643203
	3426643204
	3426643205
	3426643206
	3426643207
	3426643208
	3426643209
	3426643210
	3426643211
	3426643212
	3426643213
	3426643214
	3426643215
	3426643216
	3426643217
	3426643218
	3426643219
	3426643220
	3426643221
	3426643222
	3426643223
	3426643224
	3426643225
	3426643226
	3426643227
	3426643228
	3426643229
	3426643230
	3426643231
	3426643232
	3426643233
	3426643234
	3426643235
	3426643236
	3426643237
	3426643238
	3426643239
	3426643240
	3426643241
	3426643242
	3426643243
	3426643244
	3426643245
	3426643246
	3426643247
	3426643248
	3426643249
	3426643250
	3426643251
	3426643252
	3426643253
	3426643254
	3426643255
	3426643256
	3426643257
	3426643258
	3426643259
	3426643260
	3426643261
	3426643262
	3426643263
	3426643264
	3426643265
	3426643266
	3426643267
	3426643268
	3426643269
	3426643270
	3426643271
	3426643272
	3426643273
	3426643274
	3426643275
	3426643276
	3426643277
	3426643278
	3426643279
	3426643280
	3426643281
	3426643282
	3426643283
	3426643284
	3426643285
	3426643286
	3426643287
	3426643288
	3426643289
	3426643290
	3426643291
	3426643292
	3426643293
	3426643294
	3426643295
	3426643296
	3426643297
	3426643298
	3426643299
	3426643300
	3426643301
	3426643302
	3426643303
	3426643304
	3426643305
	3426643306
	3426643307
	3426643308
	3426643309
	3426643310
	3426643311
	3426643312
	3426643313
	3426643314
	3426643315
	3426643316
	3426643317
	3426643318
	3426643319
	3426643320
	3426643321
	3426643322
	3426643323
	3426643324
	3426643325
	3426643326
	3426643327
	3426643328
	3426643329
	3426643330
	3426643331
	3426643332
	3426643333
	3426643334
	3426643335
	3426643336
	3426643337
	3426643338
	3426643339
	3426643340
	3426643341
	3426643342
	3426643343
	3426643344
	3426643345
	3426643346
	3426643347
	3426643348
	3426643349
	3426643350
	3426643351
	3426643352
	3426643353
	3426643354
	3426643355
	3426643356
	3426643357
	3426643358
	3426643359
	3426643360
	3426643361
	3426643362
	3426643363
	3426643364
	3426643365
	3426643366
	3426643367
	3426643368
	3426643369
	3426643370
	3426643371
	3426643372
	3426643373
	3426643374
	3426643375
	3426643376
	3426643377
	3426643378
	3426643379
	3426643380
	3426643381
	3426643382
	3426643383
	3426643384
	3426643385
	3426643386
	3426643387
	3426643388
	3426643389
	3426643390
	3426643391
	3426643392
	3426643393
	3426643394
	3426643395
	3426643396
	3426643397
	3426643398
	3426643399
	3426643400
	3426643401
	3426643402
	3426643403
	3426643404
	3426643405
	3426643406
	3426643407
	3426643408
	3426643409
	3426643410
	3426643411
	3426643412
	3426643413
	3426643414
	3426643415
	3426643416
	3426643417
	3426643418
	3426643419
	3426643420
	3426643421
	3426643422
	3426643423
	3426643424
	3426643425
	3426643426
	3426643427
	3426643428
	3426643429
	3426643430
	3426643431
	3426643432
	3426643433
	3426643434
	3426643435
	3426643436
	3426643437
	3426643438
	3426643439
	3426643440
	3426643441
	3426643442
	3426643443
	3426643444
	3426643445
	3426643446
	3426643447
	3426643448
	3426643449
	3426643450
	3426643451
	3426643452
	3426643453
	3426643454
	3426643455
	3426643456
	3426643457
	3426643458
	3426643459
	3426643460
	3426643461
	3426643462
	3426643463
	3426643464
	3426643465
	3426643466
	3426643467
	3426643468
	3426643469
	3426643470
	3426643471
	3426643472
	3426643473
	3426643474
	3426643475
	3426643476
	3426643477
	3426643478
	3426643479
	3426643480
	3426643481
	3426643482
	3426643483
	3426643484
	3426643485
	3426643486
	3426643487
	3426643488
	3426643489
	3426643490
	3426643491
	3426643492
	3426643493
	3426643494
	3426643495
	3426643496
	3426643497
	3426643498
	3426643499
	3426643500
	3426643501
	3426643502
	3426643503
	3426643504
	3426643505
	3426643506
	3426643507
	3426643508
	3426643509
	3426643510
	3426643511
	3426643512
	3426643513
	3426643514
	3426643515
	3426643516
	3426643517
	3426643518
	3426643519
	3426643520
	3426643521
	3426643522
	3426643523
	3426643524
	3426643525
	3426643526
	3426643527
	3426643528
	3426643529
	3426643530
	3426643531
	3426643532
	3426643533
	3426643534
	3426643535
	3426643536
	3426643537
	3426643538
	3426643539
	3426643540
	3426643541
	3426643542
	3426643543
	3426643544
	3426643545
	3426643546
	3426643547
	3426643548
	3426643549
	3426643550
	3426643551
	3426643552
	3426643553
	3426643554
	3426643555
	3426643556
	3426643557
	3426643558
	3426643559
	3426643560
	3426643561
	3426643562
	3426643563
	3426643564
	3426643565
	3426643566
	3426643567
	3426643568
	3426643569
	3426643570
	3426643571
	3426643572
	3426643573
	3426643574
	3426643575
	3426643576
	3426643577
	3426643578
	3426643579
	3426643580
	3426643581
	3426643582
	3426643583
	3426643584
	3426643585
	3426643586
	3426643587
	3426643588
	3426643589
	3426643590
	3426643591
	3426643592
	3426643593
	3426643594
	3426643595
	3426643596
	3426643597
	3426643598
	3426643599
	3426643600
	3426643601
	3426643602
	3426643603
	3426643604
	3426643605
	3426643606
	3426643607
	3426643608
	3426643609
	3426643610
	3426643611
	3426643612
	3426643613
	3426643614
	3426643615
	3426643616
	3426643617
	3426643618
	3426643619
	3426643620
	3426643621
	3426643622
	3426643623
	3426643624
	3426643625
	3426643626
	3426643627
	3426643628
	3426643629
	3426643630
	3426643631
	3426643632
	3426643633
	3426643634
	3426643635
	3426643636
	3426643637
	3426643638
	3426643639
	3426643640
	3426643641
	3426643642
	3426643643
	3426643644
	3426643645
	3426643646
	3426643647
	3426643648
	3426643649
	3426643650
	3426643651
	3426643652
	3426643653
	3426643654
	3426643655
	3426643656
	3426643657
	3426643658
	3426643659
	3426643660
	3426643661
	3426643662
	3426643663
	3426643664
	3426643665
	3426643666
	3426643667
	3426643668
	3426643669
	3426643670
	3426643671
	3426643672
	3426643673
	3426643674
	3426643675
	3426643676
	3426643677
	3426643678
	3426643679
	3426643680
	3426643681
	3426643682
	3426643683
	3426643684
	3426643685
	3426643686
	3426643687
	3426643688
	3426643689
	3426643690
	3426643691
	3426643692
	3426643693
	3426643694
	3426643695
	3426643696
	3426643697
	3426643698
	3426643699
	3426643700
	3426643701
	3426643702
	3426643703
	3426643704
	3426643705
	3426643706
	3426643707
	3426643708
	3426643709
	3426643710
	3426643711
	3426643712
	3426643713
	3426643714
	3426643715
	3426643716
	3426643717
	3426643718
	3426643719
	3426643720
	3426643721
	3426643722
	3426643723
	3426643724
	3426643725
	3426643726
	3426643727
	3426643728
	3426643729
	3426643730
	3426643731
	3426643732
	3426643733
	3426643734
	3426643735
	3426643736
	3426643737
	3426643738
	3426643739
	3426643740
	3426643741
	3426643742
	3426643743
	3426643744
	3426643745
	3426643746
	3426643747
	3426643748
	3426643749
	3426643750
	3426643751
	3426643752
	3426643753
	3426643754
	3426643755
	3426643756
	3426643757
	3426643758
	3426643759
	3426643760
	3426643761
	3426643762
	3426643763
	3426643764
	3426643765
	3426643766
	3426643767
	3426643768
	3426643769
	3426643770
	3426643771
	3426643772
	3426643773
	3426643774
	3426643775
	3426643776
	3426643777
	3426643778
	3426643779
	3426643780
	3426643781
	3426643782
	3426643783
	3426643784
	3426643785
	3426643786
	3426643787
	3426643788
	3426643789
	3426643790
	3426643791
	3426643792
	3426643793
	3426643794
	3426643795
	3426643796
	3426643797
	3426643798
	3426643799
	3426643800
	3426643801
	3426643802
	3426643803
	3426643804
	3426643805
	3426643806
	3426643807
	3426643808
	3426643809
	3426643810
	3426643811
	3426643812
	3426643813
	3426643814
	3426643815
	3426643816
	3426643817
	3426643818
	3426643819
	3426643820
	3426643821
	3426643822
	3426643823
	3426643824
	3426643825
	3426643826
	3426643827
	3426643828
	3426643829
	3426643830
	3426643831
	3426643832
	3426643833
	3426643834
	3426643835
	3426643836
	3426643837
	3426643838
	3426643839
	3426643840
	3426643841
	3426643842
	3426643843
	3426643844
	3426643845
	3426643846
	3426643847
	3426643848
	3426643849
	3426643850
	3426643851
	3426643852
	3426643853
	3426643854
	3426643855
	3426643856
	3426643857
	3426643858
	3426643859
	3426643860
	3426643861
	3426643862
	3426643863
	3426643864
	3426643865
	3426643866
	3426643867
	3426643868
	3426643869
	3426643870
	3426643871
	3426643872
	3426643873
	3426643874
	3426643875
	3426643876
	3426643877
	3426643878
	3426643879
	3426643880
	3426643881
	3426643882
	3426643883
	3426643884
	3426643885
	3426643886
	3426643887
	3426643888
	3426643889
	3426643890
	3426643891
	3426643892
	3426643893
	3426643894
	3426643895
	3426643896
	3426643897
	3426643898
	3426643899
	3426643900
	3426643901
	3426643902
	3426643903
	3426643904
	3426643905
	3426643906
	3426643907
	3426643908
	3426643909
	3426643910
	3426643911
	3426643912
	3426643913
	3426643914
	3426643915
	3426643916
	3426643917
	3426643918
	3426643919
	3426643920
	3426643921
	3426643922
	3426643923
	3426643924
	3426643925
	3426643926
	3426643927
	3426643928
	3426643929
	3426643930
	3426643931
	3426643932
	3426643933
	3426643934
	3426643935
	3426643936
	3426643937
	3426643938
	3426643939
	3426643940
	3426643941
	3426643942
	3426643943
	3426643944
	3426643945
	3426643946
	3426643947
	3426643948
	3426643949
	3426643950
	3426643951
	3426643952
	3426643953
	3426643954
	3426643955
	3426643956
	3426643957
	3426643958
	3426643959
	3426643960
	3426643961
	3426643962
	3426643963
	3426643964
	3426643965
	3426643966
	3426643967
	3426643968
	3426643969
	3426643970
	3426643971
	3426643972
	3426643973
	3426643974
	3426643975
	3426643976
	3426643977
	3426643978
	3426643979
	3426643980
	3426643981
	3426643982
	3426643983
	3426643984
	3426643985
	3426643986
	3426643987
	3426643988
	3426643989
	3426643990
	3426643991
	3426643992
	3426643993
	3426643994
	3426643995
	3426643996
	3426643997
	3426643998
	3426643999
	3426644000
	3426644001
	3426644002
	3426644003
	3426644004
	3426644005
	3426644006
	3426644007
	3426644008
	3426644009
	3426644010
	3426644011
	3426644012
	3426644013
	3426644014
	3426644015
	3426644016
	3426644017
	3426644018
	3426644019
	3426644020
	3426644021
	3426644022
	3426644023
	3426644024
	3426644025
	3426644026
	3426644027
	3426644028
	3426644029
	3426644030
	3426644031
	3426644032
	3426644033
	3426644034
	3426644035
	3426644036
	3426644037
	3426644038
	3426644039
	3426644040
	3426644041
	3426644042
	3426644043
	3426644044
	3426644045
	3426644046
	3426644047
	3426644048
	3426644049
	3426644050
	3426644051
	3426644052
	3426644053
	3426644054
	3426644055
	3426644056
	3426644057
	3426644058
	3426644059
	3426644060
	3426644061
	3426644062
	3426644063
	3426644064
	3426644065
	3426644066
	3426644067
	3426644068
	3426644069
	3426644070
	3426644071
	3426644072
	3426644073
	3426644074
	3426644075
	3426644076
	3426644077
	3426644078
	3426644079
	3426644080
	3426644081
	3426644082
	3426644083
	3426644084
	3426644085
	3426644086
	3426644087
	3426644088
	3426644089
	3426644090
	3426644091
	3426644092
	3426644093
	3426644094
	3426644095
	3426644096
	3426644097
	3426644098
	3426644099
	3426644100
	3426644101
	3426644102
	3426644103
	3426644104
	3426644105
	3426644106
	3426644107
	3426644108
	3426644109
	3426644110
	3426644111
	3426644112
	3426644113
	3426644114
	3426644115
	3426644116
	3426644117
	3426644118
	3426644119
	3426644120
	3426644121
	3426644122
	3426644123
	3426644124
	3426644125
	3426644126
	3426644127
	3426644128
	3426644129
	3426644130
	3426644131
	3426644132
	3426644133
	3426644134
	3426644135
	3426644136
	3426644137
	3426644138
	3426644139
	3426644140
	3426644141
	3426644142
	3426644143
	3426644144
	3426644145
	3426644146
	3426644147
	3426644148
	3426644149
	3426644150
	3426644151
	3426644152
	3426644153
	3426644154
	3426644155
	3426644156
	3426644157
	3426644158
	3426644159
	3426644160
	3426644161
	3426644162
	3426644163
	3426644164
	3426644165
	3426644166
	3426644167
	3426644168
	3426644169
	3426644170
	3426644171
	3426644172
	3426644173
	3426644174
	3426644175
	3426644176
	3426644177
	3426644178
	3426644179
	3426644180
	3426644181
	3426644182
	3426644183
	3426644184
	3426644185
	3426644186
	3426644187
	3426644188
	3426644189
	3426644190
	3426644191
	3426644192
	3426644193
	3426644194
	3426644195
	3426644196
	3426644197
	3426644198
	3426644199
	3426644200
	3426644201
	3426644202
	3426644203
	3426644204
	3426644205
	3426644206
	3426644207
	3426644208
	3426644209
	3426644210
	3426644211
	3426644212
	3426644213
	3426644214
	3426644215
	3426644216
	3426644217
	3426644218
	3426644219
	3426644220
	3426644221
	3426644222
	3426644223
	3426644224
	3426644225
	3426644226
	3426644227
	3426644228
	3426644229
	3426644230
	3426644231
	3426644232
	3426644233
	3426644234
	3426644235
	3426644236
	3426644237
	3426644238
	3426644239
	3426644240
	3426644241
	3426644242
	3426644243
	3426644244
	3426644245
	3426644246
	3426644247
	3426644248
	3426644249
	3426644250
	3426644251
	3426644252
	3426644253
	3426644254
	3426644255
	3426644256
	3426644257
	3426644258
	3426644259
	3426644260
	3426644261
	3426644262
	3426644263
	3426644264
	3426644265
	3426644266
	3426644267
	3426644268
	3426644269
	3426644270
	3426644271
	3426644272
	3426644273
	3426644274
	3426644275
	3426644276
	3426644277
	3426644278
	3426644279
	3426644280
	3426644281
	3426644282
	3426644283
	3426644284
	3426644285
	3426644286
	3426644287
	3426644288
	3426644289
	3426644290
	3426644291
	3426644292
	3426644293
	3426644294
	3426644295
	3426644296
	3426644297
	3426644298
	3426644299
	3426644300
	3426644301
	3426644302
	3426644303
	3426644304
	3426644305
	3426644306
	3426644307
	3426644308
	3426644309
	3426644310
	3426644311
	3426644312
	3426644313
	3426644314
	3426644315
	3426644316
	3426644317
	3426644318
	3426644319
	3426644320
	3426644321
	3426644322
	3426644323
	3426644324
	3426644325
	3426644326
	3426644327
	3426644328
	3426644329
	3426644330
	3426644331
	3426644332
	3426644333
	3426644334
	3426644335
	3426644336
	3426644337
	3426644338
	3426644339
	3426644340
	3426644341
	3426644342
	3426644343
	3426644344
	3426644345
	3426644346
	3426644347
	3426644348
	3426644349
	3426644350
	3426644351
	3426644352
	3426644353
	3426644354
	3426644355
	3426644356
	3426644357
	3426644358
	3426644359
	3426644360
	3426644361
	3426644362
	3426644363
	3426644364
	3426644365
	3426644366
	3426644367
	3426644368
	3426644369
	3426644370
	3426644371
	3426644372
	3426644373
	3426644374
	3426644375
	3426644376
	3426644377
	3426644378
	3426644379
	3426644380
	3426644381
	3426644382
	3426644383
	3426644384
	3426644385
	3426644386
	3426644387
	3426644388
	3426644389
	3426644390
	3426644391
	3426644392
	3426644393
	3426644394
	3426644395
	3426644396
	3426644397
	3426644398
	3426644399
	3426644400
	3426644401
	3426644402
	3426644403
	3426644404
	3426644405
	3426644406
	3426644407
	3426644408
	3426644409
	3426644410
	3426644411
	3426644412
	3426644413
	3426644414
	3426644415
	3426644416
	3426644417
	3426644418
	3426644419
	3426644420
	3426644421
	3426644422
	3426644423
	3426644424
	3426644425
	3426644426
	3426644427
	3426644428
	3426644429
	3426644430
	3426644431
	3426644432
	3426644433
	3426644434
	3426644435
	3426644436
	3426644437
	3426644438
	3426644439
	3426644440
	3426644441
	3426644442
	3426644443
	3426644444
	3426644445
	3426644446
	3426644447
	3426644448
	3426644449
	3426644450
	3426644451
	3426644452
	3426644453
	3426644454
	3426644455
	3426644456
	3426644457
	3426644458
	3426644459
	3426644460
	3426644461
	3426644462
	3426644463
	3426644464
	3426644465
	3426644466
	3426644467
	3426644468
	3426644469
	3426644470
	3426644471
	3426644472
	3426644473
	3426644474
	3426644475
	3426644476
	3426644477
	3426644478
	3426644479
	3426644480
	3426644481
	3426644482
	3426644483
	3426644484
	3426644485
	3426644486
	3426644487
	3426644488
	3426644489
	3426644490
	3426644491
	3426644492
	3426644493
	3426644494
	3426644495
	3426644496
	3426644497
	3426644498
	3426644499
	3426644500
	3426644501
	3426644502
	3426644503
	3426644504
	3426644505
	3426644506
	3426644507
	3426644508
	3426644509
	3426644510
	3426644511
	3426644512
	3426644513
	3426644514
	3426644515
	3426644516
	3426644517
	3426644518
	3426644519
	3426644520
	3426644521
	3426644522
	3426644523
	3426644524
	3426644525
	3426644526
	3426644527
	3426644528
	3426644529
	3426644530
	3426644531
	3426644532
	3426644533
	3426644534
	3426644535
	3426644536
	3426644537
	3426644538
	3426644539
	3426644540
	3426644541
	3426644542
	3426644543
	3426644544
	3426644545
	3426644546
	3426644547
	3426644548
	3426644549
	3426644550
	3426644551
	3426644552
	3426644553
	3426644554
	3426644555
	3426644556
	3426644557
	3426644558
	3426644559
	3426644560
	3426644561
	3426644562
	3426644563
	3426644564
	3426644565
	3426644566
	3426644567
	3426644568
	3426644569
	3426644570
	3426644571
	3426644572
	3426644573
	3426644574
	3426644575
	3426644576
	3426644577
	3426644578
	3426644579
	3426644580
	3426644581
	3426644582
	3426644583
	3426644584
	3426644585
	3426644586
	3426644587
	3426644588
	3426644589
	3426644590
	3426644591
	3426644592
	3426644593
	3426644594
	3426644595
	3426644596
	3426644597
	3426644598
	3426644599
	3426644600
	3426644601
	3426644602
	3426644603
	3426644604
	3426644605
	3426644606
	3426644607
	3426644608
	3426644609
	3426644610
	3426644611
	3426644612
	3426644613
	3426644614
	3426644615
	3426644616
	3426644617
	3426644618
	3426644619
	3426644620
	3426644621
	3426644622
	3426644623
	3426644624
	3426644625
	3426644626
	3426644627
	3426644628
	3426644629
	3426644630
	3426644631
	3426644632
	3426644633
	3426644634
	3426644635
	3426644636
	3426644637
	3426644638
	3426644639
	3426644640
	3426644641
	3426644642
	3426644643
	3426644644
	3426644645
	3426644646
	3426644647
	3426644648
	3426644649
	3426644650
	3426644651
	3426644652
	3426644653
	3426644654
	3426644655
	3426644656
	3426644657
	3426644658
	3426644659
	3426644660
	3426644661
	3426644662
	3426644663
	3426644664
	3426644665
	3426644666
	3426644667
	3426644668
	3426644669
	3426644670
	3426644671
	3426644672
	3426644673
	3426644674
	3426644675
	3426644676
	3426644677
	3426644678
	3426644679
	3426644680
	3426644681
	3426644682
	3426644683
	3426644684
	3426644685
	3426644686
	3426644687
	3426644688
	3426644689
	3426644690
	3426644691
	3426644692
	3426644693
	3426644694
	3426644695
	3426644696
	3426644697
	3426644698
	3426644699
	3426644700
	3426644701
	3426644702
	3426644703
	3426644704
	3426644705
	3426644706
	3426644707
	3426644708
	3426644709
	3426644710
	3426644711
	3426644712
	3426644713
	3426644714
	3426644715
	3426644716
	3426644717
	3426644718
