	3426921749
	3426921750
	3426921751
	3426921752
	3426921753
	3426921754
	3426921755
	3426921756
	3426921757
	3426921758
	3426921759
	3426921760
	3426921761
	3426921762
	3426921763
	3426921764
	3426921765
	3426921766
	3426921767
	3426921768
	3426921769
	3426921770
	3426921771
	3426921772
	3426921773
	3426921774
	3426921775
	3426921776
	3426921777
	3426921778
	3426921779
	3426921780
	3426921781
	3426921782
	3426921783
	3426921784
	3426921785
	3426921786
	3426921787
	3426921788
	3426921789
	3426921790
	3426921791
	3426921792
	3426921793
	3426921794
	3426921795
	3426921796
	3426921797
	3426921798
	3426921799
	3426921800
	3426921801
	3426921802
	3426921803
	3426921804
	3426921805
	3426921806
	3426921807
	3426921808
	3426921809
	3426921810
	3426921811
	3426921812
	3426921813
	3426921814
	3426921815
	3426921816
	3426921817
	3426921818
	3426921819
	3426921820
	3426921821
	3426921822
	3426921823
	3426921824
	3426921825
	3426921826
	3426921827
	3426921828
	3426921829
	3426921830
	3426921831
	3426921832
	3426921833
	3426921834
	3426921835
	3426921836
	3426921837
	3426921838
	3426921839
	3426921840
	3426921841
	3426921842
	3426921843
	3426921844
	3426921845
	3426921846
	3426921847
	3426921848
	3426921849
	3426921850
	3426921851
	3426921852
	3426921853
	3426921854
	3426921855
	3426921856
	3426921857
	3426921858
	3426921859
	3426921860
	3426921861
	3426921862
	3426921863
	3426921864
	3426921865
	3426921866
	3426921867
	3426921868
	3426921869
	3426921870
	3426921871
	3426921872
	3426921873
	3426921874
	3426921875
	3426921876
	3426921877
	3426921878
	3426921879
	3426921880
	3426921881
	3426921882
	3426921883
	3426921884
	3426921885
	3426921886
	3426921887
	3426921888
	3426921889
	3426921890
	3426921891
	3426921892
	3426921893
	3426921894
	3426921895
	3426921896
	3426921897
	3426921898
	3426921899
	3426921900
	3426921901
	3426921902
	3426921903
	3426921904
	3426921905
	3426921906
	3426921907
	3426921908
	3426921909
	3426921910
	3426921911
	3426921912
	3426921913
	3426921914
	3426921915
	3426921916
	3426921917
	3426921918
	3426921919
	3426921920
	3426921921
	3426921922
	3426921923
	3426921924
	3426921925
	3426921926
	3426921927
	3426921928
	3426921929
	3426921930
	3426921931
	3426921932
	3426921933
	3426921934
	3426921935
	3426921936
	3426921937
	3426921938
	3426921939
	3426921940
	3426921941
	3426921942
	3426921943
	3426921944
	3426921945
	3426921946
	3426921947
	3426921948
	3426921949
	3426921950
	3426921951
	3426921952
	3426921953
	3426921954
	3426921955
	3426921956
	3426921957
	3426921958
	3426921959
	3426921960
	3426921961
	3426921962
	3426921963
	3426921964
	3426921965
	3426921966
	3426921967
	3426921968
	3426921969
	3426921970
	3426921971
	3426921972
	3426921973
	3426921974
	3426921975
	3426921976
	3426921977
	3426921978
	3426921979
	3426921980
	3426921981
	3426921982
	3426921983
	3426921984
	3426921985
	3426921986
	3426921987
	3426921988
	3426921989
	3426921990
	3426921991
	3426921992
	3426921993
	3426921994
	3426921995
	3426921996
	3426921997
	3426921998
	3426921999
	3426922000
	3426922001
	3426922002
	3426922003
	3426922004
	3426922005
	3426922006
	3426922007
	3426922008
	3426922009
	3426922010
	3426922011
	3426922012
	3426922013
	3426922014
	3426922015
	3426922016
	3426922017
	3426922018
	3426922019
	3426922020
	3426922021
	3426922022
	3426922023
	3426922024
	3426922025
	3426922026
	3426922027
	3426922028
	3426922029
	3426922030
	3426922031
	3426922032
	3426922033
	3426922034
	3426922035
	3426922036
	3426922037
	3426922038
	3426922039
	3426922040
	3426922041
	3426922042
	3426922043
	3426922044
	3426922045
	3426922046
	3426922047
	3426922048
	3426922049
	3426922050
	3426922051
	3426922052
	3426922053
	3426922054
	3426922055
	3426922056
	3426922057
	3426922058
	3426922059
	3426922060
	3426922061
	3426922062
	3426922063
	3426922064
	3426922065
	3426922066
	3426922067
	3426922068
	3426922069
	3426922070
	3426922071
	3426922072
	3426922073
	3426922074
	3426922075
	3426922076
	3426922077
	3426922078
	3426922079
	3426922080
	3426922081
	3426922082
	3426922083
	3426922084
	3426922085
	3426922086
	3426922087
	3426922088
	3426922089
	3426922090
	3426922091
	3426922092
	3426922093
	3426922094
	3426922095
	3426922096
	3426922097
	3426922098
	3426922099
	3426922100
	3426922101
	3426922102
	3426922103
	3426922104
	3426922105
	3426922106
	3426922107
	3426922108
	3426922109
	3426922110
	3426922111
	3426922112
	3426922113
	3426922114
	3426922115
	3426922116
	3426922117
	3426922118
	3426922119
	3426922120
	3426922121
	3426922122
	3426922123
	3426922124
	3426922125
	3426922126
	3426922127
	3426922128
	3426922129
	3426922130
	3426922131
	3426922132
	3426922133
	3426922134
	3426922135
	3426922136
	3426922137
	3426922138
	3426922139
	3426922140
	3426922141
	3426922142
	3426922143
	3426922144
	3426922145
	3426922146
	3426922147
	3426922148
	3426922149
	3426922150
	3426922151
	3426922152
	3426922153
	3426922154
	3426922155
	3426922156
	3426922157
	3426922158
	3426922159
	3426922160
	3426922161
	3426922162
	3426922163
	3426922164
	3426922165
	3426922166
	3426922167
	3426922168
	3426922169
	3426922170
	3426922171
	3426922172
	3426922173
	3426922174
	3426922175
	3426922176
	3426922177
	3426922178
	3426922179
	3426922180
	3426922181
	3426922182
	3426922183
	3426922184
	3426922185
	3426922186
	3426922187
	3426922188
	3426922189
	3426922190
	3426922191
	3426922192
	3426922193
	3426922194
	3426922195
	3426922196
	3426922197
	3426922198
	3426922199
	3426922200
	3426922201
	3426922202
	3426922203
	3426922204
	3426922205
	3426922206
	3426922207
	3426922208
	3426922209
	3426922210
	3426922211
	3426922212
	3426922213
	3426922214
	3426922215
	3426922216
	3426922217
	3426922218
	3426922219
	3426922220
	3426922221
	3426922222
	3426922223
	3426922224
	3426922225
	3426922226
	3426922227
	3426922228
	3426922229
	3426922230
	3426922231
	3426922232
	3426922233
	3426922234
	3426922235
	3426922236
	3426922237
	3426922238
	3426922239
	3426922240
	3426922241
	3426922242
	3426922243
	3426922244
	3426922245
	3426922246
	3426922247
	3426922248
	3426922249
	3426922250
	3426922251
	3426922252
	3426922253
	3426922254
	3426922255
	3426922256
	3426922257
	3426922258
	3426922259
	3426922260
	3426922261
	3426922262
	3426922263
	3426922264
	3426922265
	3426922266
	3426922267
	3426922268
	3426922269
	3426922270
	3426922271
	3426922272
	3426922273
	3426922274
	3426922275
	3426922276
	3426922277
	3426922278
	3426922279
	3426922280
	3426922281
	3426922282
	3426922283
	3426922284
	3426922285
	3426922286
	3426922287
	3426922288
	3426922289
	3426922290
	3426922291
	3426922292
	3426922293
	3426922294
	3426922295
	3426922296
	3426922297
	3426922298
	3426922299
	3426922300
	3426922301
	3426922302
	3426922303
	3426922304
	3426922305
	3426922306
	3426922307
	3426922308
	3426922309
	3426922310
	3426922311
	3426922312
	3426922313
	3426922314
	3426922315
	3426922316
	3426922317
	3426922318
	3426922319
	3426922320
	3426922321
	3426922322
	3426922323
	3426922324
	3426922325
	3426922326
	3426922327
	3426922328
	3426922329
	3426922330
	3426922331
	3426922332
	3426922333
	3426922334
	3426922335
	3426922336
	3426922337
	3426922338
	3426922339
	3426922340
	3426922341
	3426922342
	3426922343
	3426922344
	3426922345
	3426922346
	3426922347
	3426922348
	3426922349
	3426922350
	3426922351
	3426922352
	3426922353
	3426922354
	3426922355
	3426922356
	3426922357
	3426922358
	3426922359
	3426922360
	3426922361
	3426922362
	3426922363
	3426922364
	3426922365
	3426922366
	3426922367
	3426922368
	3426922369
	3426922370
	3426922371
	3426922372
	3426922373
	3426922374
	3426922375
	3426922376
	3426922377
	3426922378
	3426922379
	3426922380
	3426922381
	3426922382
	3426922383
	3426922384
	3426922385
	3426922386
	3426922387
	3426922388
	3426922389
	3426922390
	3426922391
	3426922392
	3426922393
	3426922394
	3426922395
	3426922396
	3426922397
	3426922398
	3426922399
	3426922400
	3426922401
	3426922402
	3426922403
	3426922404
	3426922405
	3426922406
	3426922407
	3426922408
	3426922409
	3426922410
	3426922411
	3426922412
	3426922413
	3426922414
	3426922415
	3426922416
	3426922417
	3426922418
	3426922419
	3426922420
	3426922421
	3426922422
	3426922423
	3426922424
	3426922425
	3426922426
	3426922427
	3426922428
	3426922429
	3426922430
	3426922431
	3426922432
	3426922433
	3426922434
	3426922435
	3426922436
	3426922437
	3426922438
	3426922439
	3426922440
	3426922441
	3426922442
	3426922443
	3426922444
	3426922445
	3426922446
	3426922447
	3426922448
	3426922449
	3426922450
	3426922451
	3426922452
	3426922453
	3426922454
	3426922455
	3426922456
	3426922457
	3426922458
	3426922459
	3426922460
	3426922461
	3426922462
	3426922463
	3426922464
	3426922465
	3426922466
	3426922467
	3426922468
	3426922469
	3426922470
	3426922471
	3426922472
	3426922473
	3426922474
	3426922475
	3426922476
	3426922477
	3426922478
	3426922479
	3426922480
	3426922481
	3426922482
	3426922483
	3426922484
	3426922485
	3426922486
	3426922487
	3426922488
	3426922489
	3426922490
	3426922491
	3426922492
	3426922493
	3426922494
	3426922495
	3426922496
	3426922497
	3426922498
	3426922499
	3426922500
	3426922501
	3426922502
	3426922503
	3426922504
	3426922505
	3426922506
	3426922507
	3426922508
	3426922509
	3426922510
	3426922511
	3426922512
	3426922513
	3426922514
	3426922515
	3426922516
	3426922517
	3426922518
	3426922519
	3426922520
	3426922521
	3426922522
	3426922523
	3426922524
	3426922525
	3426922526
	3426922527
	3426922528
	3426922529
	3426922530
	3426922531
	3426922532
	3426922533
	3426922534
	3426922535
	3426922536
	3426922537
	3426922538
	3426922539
	3426922540
	3426922541
	3426922542
	3426922543
	3426922544
	3426922545
	3426922546
	3426922547
	3426922548
	3426922549
	3426922550
	3426922551
	3426922552
	3426922553
	3426922554
	3426922555
	3426922556
	3426922557
	3426922558
	3426922559
	3426922560
	3426922561
	3426922562
	3426922563
	3426922564
	3426922565
	3426922566
	3426922567
	3426922568
	3426922569
	3426922570
	3426922571
	3426922572
	3426922573
	3426922574
	3426922575
	3426922576
	3426922577
	3426922578
	3426922579
	3426922580
	3426922581
	3426922582
	3426922583
	3426922584
	3426922585
	3426922586
	3426922587
	3426922588
	3426922589
	3426922590
	3426922591
	3426922592
	3426922593
	3426922594
	3426922595
	3426922596
	3426922597
	3426922598
	3426922599
	3426922600
	3426922601
	3426922602
	3426922603
	3426922604
	3426922605
	3426922606
	3426922607
	3426922608
	3426922609
	3426922610
	3426922611
	3426922612
	3426922613
	3426922614
	3426922615
	3426922616
	3426922617
	3426922618
	3426922619
	3426922620
	3426922621
	3426922622
	3426922623
	3426922624
	3426922625
	3426922626
	3426922627
	3426922628
	3426922629
	3426922630
	3426922631
	3426922632
	3426922633
	3426922634
	3426922635
	3426922636
	3426922637
	3426922638
	3426922639
	3426922640
	3426922641
	3426922642
	3426922643
	3426922644
	3426922645
	3426922646
	3426922647
	3426922648
	3426922649
	3426922650
	3426922651
	3426922652
	3426922653
	3426922654
	3426922655
	3426922656
	3426922657
	3426922658
	3426922659
	3426922660
	3426922661
	3426922662
	3426922663
	3426922664
	3426922665
	3426922666
	3426922667
	3426922668
	3426922669
	3426922670
	3426922671
	3426922672
	3426922673
	3426922674
	3426922675
	3426922676
	3426922677
	3426922678
	3426922679
	3426922680
	3426922681
	3426922682
	3426922683
	3426922684
	3426922685
	3426922686
	3426922687
	3426922688
	3426922689
	3426922690
	3426922691
	3426922692
	3426922693
	3426922694
	3426922695
	3426922696
	3426922697
	3426922698
	3426922699
	3426922700
	3426922701
	3426922702
	3426922703
	3426922704
	3426922705
	3426922706
	3426922707
	3426922708
	3426922709
	3426922710
	3426922711
	3426922712
	3426922713
	3426922714
	3426922715
	3426922716
	3426922717
	3426922718
	3426922719
	3426922720
	3426922721
	3426922722
	3426922723
	3426922724
	3426922725
	3426922726
	3426922727
	3426922728
	3426922729
	3426922730
	3426922731
	3426922732
	3426922733
	3426922734
	3426922735
	3426922736
	3426922737
	3426922738
	3426922739
	3426922740
	3426922741
	3426922742
	3426922743
	3426922744
	3426922745
	3426922746
	3426922747
	3426922748
	3426922749
	3426922750
	3426922751
	3426922752
	3426922753
	3426922754
	3426922755
	3426922756
	3426922757
	3426922758
	3426922759
	3426922760
	3426922761
	3426922762
	3426922763
	3426922764
	3426922765
	3426922766
	3426922767
	3426922768
	3426922769
	3426922770
	3426922771
	3426922772
	3426922773
	3426922774
	3426922775
	3426922776
	3426922777
	3426922778
	3426922779
	3426922780
	3426922781
	3426922782
	3426922783
	3426922784
	3426922785
	3426922786
	3426922787
	3426922788
	3426922789
	3426922790
	3426922791
	3426922792
	3426922793
	3426922794
	3426922795
	3426922796
	3426922797
	3426922798
	3426922799
	3426922800
	3426922801
	3426922802
	3426922803
	3426922804
	3426922805
	3426922806
	3426922807
	3426922808
	3426922809
	3426922810
	3426922811
	3426922812
	3426922813
	3426922814
	3426922815
	3426922816
	3426922817
	3426922818
	3426922819
	3426922820
	3426922821
	3426922822
	3426922823
	3426922824
	3426922825
	3426922826
	3426922827
	3426922828
	3426922829
	3426922830
	3426922831
	3426922832
	3426922833
	3426922834
	3426922835
	3426922836
	3426922837
	3426922838
	3426922839
	3426922840
	3426922841
	3426922842
	3426922843
	3426922844
	3426922845
	3426922846
	3426922847
	3426922848
	3426922849
	3426922850
	3426922851
	3426922852
	3426922853
	3426922854
	3426922855
	3426922856
	3426922857
	3426922858
	3426922859
	3426922860
	3426922861
	3426922862
	3426922863
	3426922864
	3426922865
	3426922866
	3426922867
	3426922868
	3426922869
	3426922870
	3426922871
	3426922872
	3426922873
	3426922874
	3426922875
	3426922876
	3426922877
	3426922878
	3426922879
	3426922880
	3426922881
	3426922882
	3426922883
	3426922884
	3426922885
	3426922886
	3426922887
	3426922888
	3426922889
	3426922890
	3426922891
	3426922892
	3426922893
	3426922894
	3426922895
	3426922896
	3426922897
	3426922898
	3426922899
	3426922900
	3426922901
	3426922902
	3426922903
	3426922904
	3426922905
	3426922906
	3426922907
	3426922908
	3426922909
	3426922910
	3426922911
	3426922912
	3426922913
	3426922914
	3426922915
	3426922916
	3426922917
	3426922918
	3426922919
	3426922920
	3426922921
	3426922922
	3426922923
	3426922924
	3426922925
	3426922926
	3426922927
	3426922928
	3426922929
	3426922930
	3426922931
	3426922932
	3426922933
	3426922934
	3426922935
	3426922936
	3426922937
	3426922938
	3426922939
	3426922940
	3426922941
	3426922942
	3426922943
	3426922944
	3426922945
	3426922946
	3426922947
	3426922948
	3426922949
	3426922950
	3426922951
	3426922952
	3426922953
	3426922954
	3426922955
	3426922956
	3426922957
	3426922958
	3426922959
	3426922960
	3426922961
	3426922962
	3426922963
	3426922964
	3426922965
	3426922966
	3426922967
	3426922968
	3426922969
	3426922970
	3426922971
	3426922972
	3426922973
	3426922974
	3426922975
	3426922976
	3426922977
	3426922978
	3426922979
	3426922980
	3426922981
	3426922982
	3426922983
	3426922984
	3426922985
	3426922986
	3426922987
	3426922988
	3426922989
	3426922990
	3426922991
	3426922992
	3426922993
	3426922994
	3426922995
	3426922996
	3426922997
	3426922998
	3426922999
	3426923000
	3426923001
	3426923002
	3426923003
	3426923004
	3426923005
	3426923006
	3426923007
	3426923008
	3426923009
	3426923010
	3426923011
	3426923012
	3426923013
	3426923014
	3426923015
	3426923016
	3426923017
	3426923018
	3426923019
	3426923020
	3426923021
	3426923022
	3426923023
	3426923024
	3426923025
	3426923026
	3426923027
	3426923028
	3426923029
	3426923030
	3426923031
	3426923032
	3426923033
	3426923034
	3426923035
	3426923036
	3426923037
	3426923038
	3426923039
	3426923040
	3426923041
	3426923042
	3426923043
	3426923044
	3426923045
	3426923046
	3426923047
	3426923048
	3426923049
	3426923050
	3426923051
	3426923052
	3426923053
	3426923054
	3426923055
	3426923056
	3426923057
	3426923058
	3426923059
	3426923060
	3426923061
	3426923062
	3426923063
	3426923064
	3426923065
	3426923066
	3426923067
	3426923068
	3426923069
	3426923070
	3426923071
	3426923072
	3426923073
	3426923074
	3426923075
	3426923076
	3426923077
	3426923078
	3426923079
	3426923080
	3426923081
	3426923082
	3426923083
	3426923084
	3426923085
	3426923086
	3426923087
	3426923088
	3426923089
	3426923090
	3426923091
	3426923092
	3426923093
	3426923094
	3426923095
	3426923096
	3426923097
	3426923098
	3426923099
	3426923100
	3426923101
	3426923102
	3426923103
	3426923104
	3426923105
	3426923106
	3426923107
	3426923108
	3426923109
	3426923110
	3426923111
	3426923112
	3426923113
	3426923114
	3426923115
	3426923116
	3426923117
	3426923118
	3426923119
	3426923120
	3426923121
	3426923122
	3426923123
	3426923124
	3426923125
	3426923126
	3426923127
	3426923128
	3426923129
	3426923130
	3426923131
	3426923132
	3426923133
	3426923134
	3426923135
	3426923136
	3426923137
	3426923138
	3426923139
	3426923140
	3426923141
	3426923142
	3426923143
	3426923144
	3426923145
	3426923146
	3426923147
	3426923148
	3426923149
	3426923150
	3426923151
	3426923152
	3426923153
	3426923154
	3426923155
	3426923156
	3426923157
	3426923158
	3426923159
	3426923160
	3426923161
	3426923162
	3426923163
	3426923164
	3426923165
	3426923166
	3426923167
	3426923168
	3426923169
	3426923170
	3426923171
	3426923172
	3426923173
	3426923174
	3426923175
	3426923176
	3426923177
	3426923178
	3426923179
	3426923180
	3426923181
	3426923182
	3426923183
	3426923184
	3426923185
	3426923186
	3426923187
	3426923188
	3426923189
	3426923190
	3426923191
	3426923192
	3426923193
	3426923194
	3426923195
	3426923196
	3426923197
	3426923198
	3426923199
	3426923200
	3426923201
	3426923202
	3426923203
	3426923204
	3426923205
	3426923206
	3426923207
	3426923208
	3426923209
	3426923210
	3426923211
	3426923212
	3426923213
	3426923214
	3426923215
	3426923216
	3426923217
	3426923218
	3426923219
	3426923220
	3426923221
	3426923222
	3426923223
	3426923224
	3426923225
	3426923226
	3426923227
	3426923228
	3426923229
	3426923230
	3426923231
	3426923232
	3426923233
	3426923234
	3426923235
	3426923236
	3426923237
	3426923238
	3426923239
	3426923240
	3426923241
	3426923242
	3426923243
	3426923244
	3426923245
	3426923246
	3426923247
	3426923248
	3426923249
	3426923250
	3426923251
	3426923252
	3426923253
	3426923254
	3426923255
	3426923256
	3426923257
	3426923258
	3426923259
	3426923260
	3426923261
	3426923262
	3426923263
	3426923264
	3426923265
	3426923266
	3426923267
	3426923268
	3426923269
	3426923270
	3426923271
	3426923272
	3426923273
	3426923274
	3426923275
	3426923276
	3426923277
	3426923278
	3426923279
	3426923280
	3426923281
	3426923282
	3426923283
	3426923284
	3426923285
	3426923286
	3426923287
	3426923288
	3426923289
	3426923290
	3426923291
	3426923292
	3426923293
	3426923294
	3426923295
	3426923296
	3426923297
	3426923298
	3426923299
	3426923300
	3426923301
	3426923302
	3426923303
	3426923304
	3426923305
	3426923306
	3426923307
	3426923308
	3426923309
	3426923310
	3426923311
	3426923312
	3426923313
	3426923314
	3426923315
	3426923316
	3426923317
	3426923318
	3426923319
	3426923320
	3426923321
	3426923322
	3426923323
	3426923324
	3426923325
	3426923326
	3426923327
	3426923328
	3426923329
	3426923330
	3426923331
	3426923332
	3426923333
	3426923334
	3426923335
	3426923336
	3426923337
	3426923338
	3426923339
	3426923340
	3426923341
	3426923342
	3426923343
	3426923344
	3426923345
	3426923346
	3426923347
	3426923348
	3426923349
	3426923350
	3426923351
	3426923352
	3426923353
	3426923354
	3426923355
	3426923356
	3426923357
	3426923358
	3426923359
	3426923360
	3426923361
	3426923362
	3426923363
	3426923364
	3426923365
	3426923366
	3426923367
	3426923368
	3426923369
	3426923370
	3426923371
	3426923372
	3426923373
	3426923374
	3426923375
	3426923376
	3426923377
	3426923378
	3426923379
	3426923380
	3426923381
	3426923382
	3426923383
	3426923384
	3426923385
	3426923386
	3426923387
	3426923388
	3426923389
	3426923390
	3426923391
	3426923392
	3426923393
	3426923394
	3426923395
	3426923396
	3426923397
	3426923398
	3426923399
	3426923400
	3426923401
	3426923402
	3426923403
	3426923404
	3426923405
	3426923406
	3426923407
	3426923408
	3426923409
	3426923410
	3426923411
	3426923412
	3426923413
	3426923414
	3426923415
	3426923416
	3426923417
	3426923418
	3426923419
	3426923420
	3426923421
	3426923422
	3426923423
	3426923424
	3426923425
	3426923426
	3426923427
	3426923428
	3426923429
	3426923430
	3426923431
	3426923432
	3426923433
	3426923434
	3426923435
	3426923436
	3426923437
	3426923438
	3426923439
	3426923440
	3426923441
	3426923442
	3426923443
	3426923444
	3426923445
	3426923446
	3426923447
	3426923448
	3426923449
	3426923450
	3426923451
	3426923452
	3426923453
	3426923454
	3426923455
	3426923456
	3426923457
	3426923458
	3426923459
	3426923460
	3426923461
	3426923462
	3426923463
	3426923464
	3426923465
	3426923466
	3426923467
	3426923468
	3426923469
	3426923470
	3426923471
	3426923472
	3426923473
	3426923474
	3426923475
	3426923476
	3426923477
	3426923478
	3426923479
	3426923480
	3426923481
	3426923482
	3426923483
	3426923484
	3426923485
	3426923486
	3426923487
	3426923488
	3426923489
	3426923490
	3426923491
	3426923492
	3426923493
	3426923494
	3426923495
	3426923496
	3426923497
	3426923498
	3426923499
	3426923500
	3426923501
	3426923502
	3426923503
	3426923504
	3426923505
	3426923506
	3426923507
	3426923508
	3426923509
	3426923510
	3426923511
	3426923512
	3426923513
	3426923514
	3426923515
	3426923516
	3426923517
	3426923518
	3426923519
	3426923520
	3426923521
	3426923522
	3426923523
	3426923524
	3426923525
	3426923526
	3426923527
	3426923528
	3426923529
	3426923530
	3426923531
	3426923532
	3426923533
	3426923534
	3426923535
	3426923536
	3426923537
	3426923538
	3426923539
	3426923540
	3426923541
	3426923542
	3426923543
	3426923544
	3426923545
	3426923546
	3426923547
	3426923548
	3426923549
	3426923550
	3426923551
	3426923552
	3426923553
	3426923554
	3426923555
	3426923556
	3426923557
	3426923558
	3426923559
	3426923560
	3426923561
	3426923562
	3426923563
	3426923564
	3426923565
	3426923566
	3426923567
	3426923568
	3426923569
	3426923570
	3426923571
	3426923572
	3426923573
	3426923574
	3426923575
	3426923576
	3426923577
	3426923578
	3426923579
	3426923580
	3426923581
	3426923582
	3426923583
	3426923584
	3426923585
	3426923586
	3426923587
	3426923588
	3426923589
	3426923590
	3426923591
	3426923592
	3426923593
	3426923594
	3426923595
	3426923596
	3426923597
	3426923598
	3426923599
	3426923600
	3426923601
	3426923602
	3426923603
	3426923604
	3426923605
	3426923606
	3426923607
	3426923608
	3426923609
	3426923610
	3426923611
	3426923612
	3426923613
	3426923614
	3426923615
	3426923616
	3426923617
	3426923618
	3426923619
	3426923620
	3426923621
	3426923622
	3426923623
	3426923624
	3426923625
	3426923626
	3426923627
	3426923628
	3426923629
	3426923630
	3426923631
	3426923632
	3426923633
	3426923634
	3426923635
	3426923636
	3426923637
	3426923638
	3426923639
	3426923640
	3426923641
	3426923642
	3426923643
	3426923644
	3426923645
	3426923646
	3426923647
	3426923648
	3426923649
	3426923650
	3426923651
	3426923652
	3426923653
	3426923654
	3426923655
	3426923656
	3426923657
	3426923658
	3426923659
	3426923660
	3426923661
	3426923662
	3426923663
	3426923664
	3426923665
	3426923666
	3426923667
	3426923668
	3426923669
	3426923670
	3426923671
	3426923672
	3426923673
	3426923674
	3426923675
	3426923676
	3426923677
	3426923678
	3426923679
	3426923680
	3426923681
	3426923682
	3426923683
	3426923684
	3426923685
	3426923686
	3426923687
	3426923688
	3426923689
	3426923690
	3426923691
	3426923692
	3426923693
	3426923694
	3426923695
	3426923696
	3426923697
	3426923698
	3426923699
	3426923700
	3426923701
	3426923702
	3426923703
	3426923704
	3426923705
	3426923706
	3426923707
	3426923708
	3426923709
	3426923710
	3426923711
	3426923712
	3426923713
	3426923714
	3426923715
	3426923716
	3426923717
	3426923718
	3426923719
	3426923720
	3426923721
	3426923722
	3426923723
	3426923724
	3426923725
	3426923726
	3426923727
	3426923728
	3426923729
	3426923730
	3426923731
	3426923732
	3426923733
	3426923734
	3426923735
	3426923736
	3426923737
	3426923738
	3426923739
	3426923740
	3426923741
	3426923742
	3426923743
	3426923744
	3426923745
	3426923746
	3426923747
	3426923748
	3426923749
	3426923750
	3426923751
	3426923752
	3426923753
	3426923754
	3426923755
	3426923756
	3426923757
	3426923758
	3426923759
	3426923760
	3426923761
	3426923762
	3426923763
	3426923764
	3426923765
	3426923766
	3426923767
	3426923768
	3426923769
	3426923770
	3426923771
	3426923772
	3426923773
	3426923774
	3426923775
	3426923776
	3426923777
	3426923778
	3426923779
	3426923780
	3426923781
	3426923782
	3426923783
	3426923784
	3426923785
	3426923786
	3426923787
	3426923788
	3426923789
	3426923790
	3426923791
	3426923792
	3426923793
	3426923794
	3426923795
	3426923796
	3426923797
	3426923798
	3426923799
	3426923800
	3426923801
	3426923802
	3426923803
	3426923804
	3426923805
	3426923806
	3426923807
	3426923808
	3426923809
	3426923810
	3426923811
	3426923812
	3426923813
	3426923814
	3426923815
	3426923816
	3426923817
	3426923818
	3426923819
	3426923820
	3426923821
	3426923822
	3426923823
	3426923824
	3426923825
	3426923826
	3426923827
	3426923828
	3426923829
	3426923830
	3426923831
	3426923832
	3426923833
	3426923834
	3426923835
	3426923836
	3426923837
	3426923838
	3426923839
	3426923840
	3426923841
	3426923842
	3426923843
	3426923844
	3426923845
	3426923846
	3426923847
	3426923848
	3426923849
	3426923850
	3426923851
	3426923852
	3426923853
	3426923854
	3426923855
	3426923856
	3426923857
	3426923858
	3426923859
	3426923860
	3426923861
	3426923862
	3426923863
	3426923864
	3426923865
	3426923866
	3426923867
	3426923868
	3426923869
	3426923870
	3426923871
	3426923872
	3426923873
	3426923874
	3426923875
	3426923876
	3426923877
	3426923878
	3426923879
	3426923880
	3426923881
	3426923882
	3426923883
	3426923884
	3426923885
	3426923886
	3426923887
	3426923888
	3426923889
	3426923890
	3426923891
	3426923892
	3426923893
	3426923894
	3426923895
	3426923896
	3426923897
	3426923898
	3426923899
	3426923900
	3426923901
	3426923902
	3426923903
	3426923904
	3426923905
	3426923906
	3426923907
	3426923908
	3426923909
	3426923910
	3426923911
	3426923912
	3426923913
	3426923914
	3426923915
	3426923916
	3426923917
	3426923918
	3426923919
	3426923920
	3426923921
	3426923922
	3426923923
	3426923924
	3426923925
	3426923926
	3426923927
	3426923928
	3426923929
	3426923930
	3426923931
	3426923932
	3426923933
	3426923934
	3426923935
	3426923936
	3426923937
	3426923938
	3426923939
	3426923940
	3426923941
	3426923942
	3426923943
	3426923944
	3426923945
	3426923946
	3426923947
	3426923948
	3426923949
	3426923950
	3426923951
	3426923952
	3426923953
	3426923954
	3426923955
	3426923956
	3426923957
	3426923958
	3426923959
	3426923960
	3426923961
	3426923962
	3426923963
	3426923964
	3426923965
	3426923966
	3426923967
	3426923968
	3426923969
	3426923970
	3426923971
	3426923972
	3426923973
	3426923974
	3426923975
	3426923976
	3426923977
	3426923978
	3426923979
	3426923980
	3426923981
	3426923982
	3426923983
	3426923984
	3426923985
	3426923986
	3426923987
	3426923988
	3426923989
	3426923990
	3426923991
	3426923992
	3426923993
	3426923994
	3426923995
	3426923996
	3426923997
	3426923998
	3426923999
	3426924000
	3426924001
	3426924002
	3426924003
	3426924004
	3426924005
	3426924006
	3426924007
	3426924008
	3426924009
	3426924010
	3426924011
	3426924012
	3426924013
	3426924014
	3426924015
	3426924016
	3426924017
	3426924018
	3426924019
	3426924020
	3426924021
	3426924022
	3426924023
	3426924024
	3426924025
	3426924026
	3426924027
	3426924028
	3426924029
	3426924030
	3426924031
	3426924032
	3426924033
	3426924034
	3426924035
	3426924036
	3426924037
	3426924038
	3426924039
	3426924040
	3426924041
	3426924042
	3426924043
	3426924044
	3426924045
	3426924046
	3426924047
	3426924048
	3426924049
	3426924050
	3426924051
	3426924052
	3426924053
	3426924054
	3426924055
	3426924056
	3426924057
	3426924058
	3426924059
	3426924060
	3426924061
	3426924062
	3426924063
	3426924064
	3426924065
	3426924066
	3426924067
	3426924068
	3426924069
	3426924070
	3426924071
	3426924072
	3426924073
	3426924074
	3426924075
	3426924076
	3426924077
	3426924078
	3426924079
	3426924080
	3426924081
	3426924082
	3426924083
	3426924084
	3426924085
	3426924086
	3426924087
	3426924088
	3426924089
	3426924090
	3426924091
	3426924092
	3426924093
	3426924094
	3426924095
	3426924096
	3426924097
	3426924098
	3426924099
	3426924100
	3426924101
	3426924102
	3426924103
	3426924104
	3426924105
	3426924106
	3426924107
	3426924108
	3426924109
	3426924110
	3426924111
	3426924112
	3426924113
	3426924114
	3426924115
	3426924116
	3426924117
	3426924118
	3426924119
	3426924120
	3426924121
	3426924122
	3426924123
	3426924124
	3426924125
	3426924126
	3426924127
	3426924128
	3426924129
	3426924130
	3426924131
	3426924132
	3426924133
	3426924134
	3426924135
	3426924136
	3426924137
	3426924138
	3426924139
	3426924140
	3426924141
	3426924142
	3426924143
	3426924144
	3426924145
	3426924146
	3426924147
	3426924148
	3426924149
	3426924150
	3426924151
	3426924152
	3426924153
	3426924154
	3426924155
	3426924156
	3426924157
	3426924158
	3426924159
	3426924160
	3426924161
	3426924162
	3426924163
	3426924164
	3426924165
	3426924166
	3426924167
	3426924168
	3426924169
	3426924170
	3426924171
	3426924172
	3426924173
	3426924174
	3426924175
	3426924176
	3426924177
	3426924178
	3426924179
	3426924180
	3426924181
	3426924182
	3426924183
	3426924184
	3426924185
	3426924186
	3426924187
	3426924188
	3426924189
	3426924190
	3426924191
	3426924192
	3426924193
	3426924194
	3426924195
	3426924196
	3426924197
	3426924198
	3426924199
	3426924200
	3426924201
	3426924202
	3426924203
	3426924204
	3426924205
	3426924206
	3426924207
	3426924208
	3426924209
	3426924210
	3426924211
	3426924212
	3426924213
	3426924214
	3426924215
	3426924216
	3426924217
	3426924218
	3426924219
	3426924220
	3426924221
	3426924222
	3426924223
	3426924224
	3426924225
	3426924226
	3426924227
	3426924228
	3426924229
	3426924230
	3426924231
	3426924232
	3426924233
	3426924234
	3426924235
	3426924236
	3426924237
	3426924238
	3426924239
	3426924240
	3426924241
	3426924242
	3426924243
	3426924244
	3426924245
	3426924246
	3426924247
	3426924248
	3426924249
	3426924250
	3426924251
	3426924252
	3426924253
	3426924254
	3426924255
	3426924256
	3426924257
	3426924258
	3426924259
	3426924260
	3426924261
	3426924262
	3426924263
	3426924264
	3426924265
	3426924266
	3426924267
	3426924268
	3426924269
	3426924270
	3426924271
	3426924272
	3426924273
	3426924274
	3426924275
	3426924276
	3426924277
	3426924278
	3426924279
	3426924280
	3426924281
	3426924282
	3426924283
	3426924284
	3426924285
	3426924286
	3426924287
	3426924288
	3426924289
	3426924290
	3426924291
	3426924292
	3426924293
	3426924294
	3426924295
	3426924296
	3426924297
	3426924298
	3426924299
	3426924300
	3426924301
	3426924302
	3426924303
	3426924304
	3426924305
	3426924306
	3426924307
	3426924308
	3426924309
	3426924310
	3426924311
	3426924312
	3426924313
	3426924314
	3426924315
	3426924316
	3426924317
	3426924318
	3426924319
	3426924320
	3426924321
	3426924322
	3426924323
	3426924324
	3426924325
	3426924326
	3426924327
	3426924328
	3426924329
	3426924330
	3426924331
	3426924332
	3426924333
	3426924334
	3426924335
	3426924336
	3426924337
	3426924338
	3426924339
	3426924340
	3426924341
	3426924342
	3426924343
	3426924344
	3426924345
	3426924346
	3426924347
	3426924348
	3426924349
	3426924350
	3426924351
	3426924352
	3426924353
	3426924354
	3426924355
	3426924356
	3426924357
	3426924358
	3426924359
	3426924360
	3426924361
	3426924362
	3426924363
	3426924364
	3426924365
	3426924366
	3426924367
	3426924368
	3426924369
	3426924370
	3426924371
	3426924372
	3426924373
	3426924374
	3426924375
	3426924376
	3426924377
	3426924378
	3426924379
	3426924380
	3426924381
	3426924382
	3426924383
	3426924384
	3426924385
	3426924386
	3426924387
	3426924388
	3426924389
	3426924390
	3426924391
	3426924392
	3426924393
	3426924394
	3426924395
	3426924396
	3426924397
	3426924398
	3426924399
	3426924400
	3426924401
	3426924402
	3426924403
	3426924404
	3426924405
	3426924406
	3426924407
	3426924408
	3426924409
	3426924410
	3426924411
	3426924412
	3426924413
	3426924414
	3426924415
	3426924416
	3426924417
	3426924418
	3426924419
	3426924420
	3426924421
	3426924422
	3426924423
	3426924424
	3426924425
	3426924426
	3426924427
	3426924428
	3426924429
	3426924430
	3426924431
	3426924432
	3426924433
	3426924434
	3426924435
	3426924436
	3426924437
	3426924438
	3426924439
	3426924440
	3426924441
	3426924442
	3426924443
	3426924444
	3426924445
	3426924446
	3426924447
	3426924448
	3426924449
	3426924450
	3426924451
	3426924452
	3426924453
	3426924454
	3426924455
	3426924456
	3426924457
	3426924458
	3426924459
	3426924460
	3426924461
	3426924462
	3426924463
	3426924464
	3426924465
	3426924466
	3426924467
	3426924468
	3426924469
	3426924470
	3426924471
	3426924472
	3426924473
	3426924474
	3426924475
	3426924476
	3426924477
	3426924478
	3426924479
	3426924480
	3426924481
	3426924482
	3426924483
	3426924484
	3426924485
	3426924486
	3426924487
	3426924488
	3426924489
	3426924490
	3426924491
	3426924492
	3426924493
	3426924494
	3426924495
	3426924496
	3426924497
	3426924498
	3426924499
	3426924500
	3426924501
	3426924502
	3426924503
	3426924504
	3426924505
	3426924506
	3426924507
	3426924508
	3426924509
	3426924510
	3426924511
	3426924512
	3426924513
	3426924514
	3426924515
	3426924516
	3426924517
	3426924518
	3426924519
	3426924520
	3426924521
	3426924522
	3426924523
	3426924524
	3426924525
	3426924526
	3426924527
	3426924528
	3426924529
	3426924530
	3426924531
	3426924532
	3426924533
	3426924534
	3426924535
	3426924536
	3426924537
	3426924538
	3426924539
	3426924540
	3426924541
	3426924542
	3426924543
	3426924544
	3426924545
	3426924546
	3426924547
	3426924548
	3426924549
	3426924550
	3426924551
	3426924552
	3426924553
	3426924554
	3426924555
	3426924556
	3426924557
	3426924558
	3426924559
	3426924560
	3426924561
	3426924562
	3426924563
	3426924564
	3426924565
	3426924566
	3426924567
	3426924568
	3426924569
	3426924570
	3426924571
	3426924572
	3426924573
	3426924574
	3426924575
	3426924576
	3426924577
	3426924578
	3426924579
	3426924580
	3426924581
	3426924582
	3426924583
	3426924584
	3426924585
	3426924586
	3426924587
	3426924588
	3426924589
	3426924590
	3426924591
	3426924592
	3426924593
	3426924594
	3426924595
	3426924596
	3426924597
	3426924598
	3426924599
	3426924600
	3426924601
	3426924602
	3426924603
	3426924604
	3426924605
	3426924606
	3426924607
	3426924608
	3426924609
	3426924610
	3426924611
	3426924612
	3426924613
	3426924614
	3426924615
	3426924616
	3426924617
	3426924618
	3426924619
	3426924620
	3426924621
	3426924622
	3426924623
	3426924624
	3426924625
	3426924626
	3426924627
	3426924628
	3426924629
	3426924630
	3426924631
	3426924632
	3426924633
	3426924634
	3426924635
	3426924636
	3426924637
	3426924638
	3426924639
	3426924640
	3426924641
	3426924642
	3426924643
	3426924644
	3426924645
	3426924646
	3426924647
	3426924648
	3426924649
	3426924650
	3426924651
	3426924652
	3426924653
	3426924654
	3426924655
	3426924656
	3426924657
	3426924658
	3426924659
	3426924660
	3426924661
	3426924662
	3426924663
	3426924664
	3426924665
	3426924666
	3426924667
	3426924668
	3426924669
	3426924670
	3426924671
	3426924672
	3426924673
	3426924674
	3426924675
	3426924676
	3426924677
	3426924678
	3426924679
	3426924680
	3426924681
	3426924682
	3426924683
	3426924684
	3426924685
	3426924686
	3426924687
	3426924688
	3426924689
	3426924690
	3426924691
	3426924692
	3426924693
	3426924694
	3426924695
	3426924696
	3426924697
	3426924698
	3426924699
	3426924700
	3426924701
	3426924702
	3426924703
	3426924704
	3426924705
	3426924706
	3426924707
	3426924708
	3426924709
	3426924710
	3426924711
	3426924712
	3426924713
	3426924714
	3426924715
	3426924716
	3426924717
	3426924718
	3426924719
	3426924720
	3426924721
	3426924722
	3426924723
	3426924724
	3426924725
	3426924726
	3426924727
	3426924728
	3426924729
	3426924730
	3426924731
	3426924732
	3426924733
	3426924734
	3426924735
	3426924736
	3426924737
	3426924738
	3426924739
	3426924740
	3426924741
	3426924742
	3426924743
	3426924744
	3426924745
	3426924746
	3426924747
	3426924748
	3426924749
	3426924750
	3426924751
	3426924752
	3426924753
	3426924754
	3426924755
	3426924756
	3426924757
	3426924758
	3426924759
	3426924760
	3426924761
	3426924762
	3426924763
	3426924764
	3426924765
	3426924766
	3426924767
	3426924768
	3426924769
	3426924770
	3426924771
	3426924772
	3426924773
	3426924774
	3426924775
	3426924776
	3426924777
	3426924778
	3426924779
	3426924780
	3426924781
	3426924782
	3426924783
	3426924784
	3426924785
	3426924786
	3426924787
	3426924788
	3426924789
	3426924790
	3426924791
	3426924792
	3426924793
	3426924794
	3426924795
	3426924796
	3426924797
	3426924798
	3426924799
	3426924800
	3426924801
	3426924802
	3426924803
	3426924804
	3426924805
	3426924806
	3426924807
	3426924808
	3426924809
	3426924810
	3426924811
	3426924812
	3426924813
	3426924814
	3426924815
	3426924816
	3426924817
	3426924818
	3426924819
	3426924820
	3426924821
	3426924822
	3426924823
	3426924824
	3426924825
	3426924826
	3426924827
	3426924828
	3426924829
	3426924830
	3426924831
	3426924832
	3426924833
	3426924834
	3426924835
	3426924836
	3426924837
	3426924838
	3426924839
	3426924840
	3426924841
	3426924842
	3426924843
	3426924844
	3426924845
	3426924846
	3426924847
	3426924848
	3426924849
	3426924850
	3426924851
	3426924852
	3426924853
	3426924854
	3426924855
	3426924856
	3426924857
	3426924858
	3426924859
	3426924860
	3426924861
	3426924862
	3426924863
	3426924864
	3426924865
	3426924866
	3426924867
	3426924868
	3426924869
	3426924870
	3426924871
	3426924872
	3426924873
	3426924874
	3426924875
	3426924876
	3426924877
	3426924878
	3426924879
	3426924880
	3426924881
	3426924882
	3426924883
	3426924884
	3426924885
	3426924886
	3426924887
	3426924888
	3426924889
	3426924890
	3426924891
	3426924892
	3426924893
	3426924894
	3426924895
	3426924896
	3426924897
	3426924898
	3426924899
	3426924900
	3426924901
	3426924902
	3426924903
	3426924904
	3426924905
	3426924906
	3426924907
	3426924908
	3426924909
	3426924910
	3426924911
	3426924912
	3426924913
	3426924914
	3426924915
	3426924916
	3426924917
	3426924918
	3426924919
	3426924920
	3426924921
	3426924922
	3426924923
	3426924924
	3426924925
	3426924926
	3426924927
	3426924928
	3426924929
	3426924930
	3426924931
	3426924932
	3426924933
	3426924934
	3426924935
	3426924936
	3426924937
	3426924938
	3426924939
	3426924940
	3426924941
	3426924942
	3426924943
	3426924944
	3426924945
	3426924946
	3426924947
	3426924948
	3426924949
	3426924950
	3426924951
	3426924952
	3426924953
	3426924954
	3426924955
	3426924956
	3426924957
	3426924958
	3426924959
	3426924960
	3426924961
	3426924962
	3426924963
	3426924964
	3426924965
	3426924966
	3426924967
	3426924968
	3426924969
	3426924970
	3426924971
	3426924972
	3426924973
	3426924974
	3426924975
	3426924976
	3426924977
	3426924978
	3426924979
	3426924980
	3426924981
	3426924982
	3426924983
	3426924984
	3426924985
	3426924986
	3426924987
	3426924988
	3426924989
	3426924990
	3426924991
	3426924992
	3426924993
	3426924994
	3426924995
	3426924996
	3426924997
	3426924998
	3426924999
	3426925000
	3426925001
	3426925002
	3426925003
	3426925004
	3426925005
	3426925006
	3426925007
	3426925008
	3426925009
	3426925010
	3426925011
	3426925012
	3426925013
	3426925014
	3426925015
	3426925016
	3426925017
	3426925018
	3426925019
	3426925020
	3426925021
	3426925022
	3426925023
	3426925024
	3426925025
	3426925026
	3426925027
	3426925028
	3426925029
	3426925030
	3426925031
	3426925032
	3426925033
	3426925034
	3426925035
	3426925036
	3426925037
	3426925038
	3426925039
	3426925040
	3426925041
	3426925042
	3426925043
	3426925044
	3426925045
	3426925046
	3426925047
	3426925048
	3426925049
	3426925050
	3426925051
	3426925052
	3426925053
	3426925054
	3426925055
	3426925056
	3426925057
	3426925058
	3426925059
	3426925060
	3426925061
	3426925062
	3426925063
	3426925064
	3426925065
	3426925066
	3426925067
	3426925068
	3426925069
	3426925070
	3426925071
	3426925072
	3426925073
	3426925074
	3426925075
	3426925076
	3426925077
	3426925078
	3426925079
	3426925080
	3426925081
	3426925082
	3426925083
	3426925084
	3426925085
	3426925086
	3426925087
	3426925088
	3426925089
	3426925090
	3426925091
	3426925092
	3426925093
	3426925094
	3426925095
	3426925096
	3426925097
	3426925098
	3426925099
	3426925100
	3426925101
	3426925102
	3426925103
	3426925104
	3426925105
	3426925106
	3426925107
	3426925108
	3426925109
	3426925110
	3426925111
	3426925112
	3426925113
	3426925114
	3426925115
	3426925116
	3426925117
	3426925118
	3426925119
	3426925120
	3426925121
	3426925122
	3426925123
	3426925124
	3426925125
	3426925126
	3426925127
	3426925128
	3426925129
	3426925130
	3426925131
	3426925132
	3426925133
	3426925134
	3426925135
	3426925136
	3426925137
	3426925138
	3426925139
	3426925140
	3426925141
	3426925142
	3426925143
	3426925144
	3426925145
	3426925146
	3426925147
	3426925148
	3426925149
	3426925150
	3426925151
	3426925152
	3426925153
	3426925154
	3426925155
	3426925156
	3426925157
	3426925158
	3426925159
	3426925160
	3426925161
	3426925162
	3426925163
	3426925164
	3426925165
	3426925166
	3426925167
	3426925168
	3426925169
	3426925170
	3426925171
	3426925172
	3426925173
	3426925174
	3426925175
	3426925176
	3426925177
	3426925178
	3426925179
	3426925180
	3426925181
	3426925182
	3426925183
	3426925184
	3426925185
	3426925186
	3426925187
	3426925188
	3426925189
	3426925190
	3426925191
	3426925192
	3426925193
	3426925194
	3426925195
	3426925196
	3426925197
	3426925198
	3426925199
	3426925200
	3426925201
	3426925202
	3426925203
	3426925204
	3426925205
	3426925206
	3426925207
	3426925208
	3426925209
	3426925210
	3426925211
	3426925212
	3426925213
	3426925214
	3426925215
	3426925216
	3426925217
	3426925218
	3426925219
	3426925220
	3426925221
	3426925222
	3426925223
	3426925224
	3426925225
	3426925226
	3426925227
	3426925228
	3426925229
	3426925230
	3426925231
	3426925232
	3426925233
	3426925234
	3426925235
	3426925236
	3426925237
	3426925238
	3426925239
	3426925240
	3426925241
	3426925242
	3426925243
	3426925244
	3426925245
	3426925246
	3426925247
	3426925248
	3426925249
	3426925250
	3426925251
	3426925252
	3426925253
	3426925254
	3426925255
	3426925256
	3426925257
	3426925258
	3426925259
	3426925260
	3426925261
	3426925262
	3426925263
	3426925264
	3426925265
	3426925266
	3426925267
	3426925268
	3426925269
	3426925270
	3426925271
	3426925272
	3426925273
	3426925274
	3426925275
	3426925276
	3426925277
	3426925278
	3426925279
	3426925280
	3426925281
	3426925282
	3426925283
	3426925284
	3426925285
	3426925286
	3426925287
	3426925288
	3426925289
	3426925290
	3426925291
	3426925292
	3426925293
	3426925294
	3426925295
	3426925296
	3426925297
	3426925298
	3426925299
	3426925300
	3426925301
	3426925302
	3426925303
	3426925304
	3426925305
	3426925306
	3426925307
	3426925308
	3426925309
	3426925310
	3426925311
	3426925312
	3426925313
	3426925314
	3426925315
	3426925316
	3426925317
	3426925318
	3426925319
	3426925320
	3426925321
	3426925322
	3426925323
	3426925324
	3426925325
	3426925326
	3426925327
	3426925328
	3426925329
	3426925330
	3426925331
	3426925332
	3426925333
	3426925334
	3426925335
	3426925336
	3426925337
	3426925338
	3426925339
	3426925340
	3426925341
	3426925342
	3426925343
	3426925344
	3426925345
	3426925346
	3426925347
	3426925348
