	3426517861
	3426517862
	3426517863
	3426517864
	3426517865
	3426517866
	3426517867
	3426517868
	3426517869
	3426517870
	3426517871
	3426517872
	3426517873
	3426517874
	3426517875
	3426517876
	3426517877
	3426517878
	3426517879
	3426517880
	3426517881
	3426517882
	3426517883
	3426517884
	3426517885
	3426517886
	3426517887
	3426517888
	3426517889
	3426517890
	3426517891
	3426517892
	3426517893
	3426517894
	3426517895
	3426517896
	3426517897
	3426517898
	3426517899
	3426517900
	3426517901
	3426517902
	3426517903
	3426517904
	3426517905
	3426517906
	3426517907
	3426517908
	3426517909
	3426517910
	3426517911
	3426517912
	3426517913
	3426517914
	3426517915
	3426517916
	3426517917
	3426517918
	3426517919
	3426517920
	3426517921
	3426517922
	3426517923
	3426517924
	3426517925
	3426517926
	3426517927
	3426517928
	3426517929
	3426517930
	3426517931
	3426517932
	3426517933
	3426517934
	3426517935
	3426517936
	3426517937
	3426517938
	3426517939
	3426517940
	3426517941
	3426517942
	3426517943
	3426517944
	3426517945
	3426517946
	3426517947
	3426517948
	3426517949
	3426517950
	3426517951
	3426517952
	3426517953
	3426517954
	3426517955
	3426517956
	3426517957
	3426517958
	3426517959
	3426517960
	3426517961
	3426517962
	3426517963
	3426517964
	3426517965
	3426517966
	3426517967
	3426517968
	3426517969
	3426517970
	3426517971
	3426517972
	3426517973
	3426517974
	3426517975
	3426517976
	3426517977
	3426517978
	3426517979
	3426517980
	3426517981
	3426517982
	3426517983
	3426517984
	3426517985
	3426517986
	3426517987
	3426517988
	3426517989
	3426517990
	3426517991
	3426517992
	3426517993
	3426517994
	3426517995
	3426517996
	3426517997
	3426517998
	3426517999
	3426518000
	3426518001
	3426518002
	3426518003
	3426518004
	3426518005
	3426518006
	3426518007
	3426518008
	3426518009
	3426518010
	3426518011
	3426518012
	3426518013
	3426518014
	3426518015
	3426518016
	3426518017
	3426518018
	3426518019
	3426518020
	3426518021
	3426518022
	3426518023
	3426518024
	3426518025
	3426518026
	3426518027
	3426518028
	3426518029
	3426518030
	3426518031
	3426518032
	3426518033
	3426518034
	3426518035
	3426518036
	3426518037
	3426518038
	3426518039
	3426518040
	3426518041
	3426518042
	3426518043
	3426518044
	3426518045
	3426518046
	3426518047
	3426518048
	3426518049
	3426518050
	3426518051
	3426518052
	3426518053
	3426518054
	3426518055
	3426518056
	3426518057
	3426518058
	3426518059
	3426518060
	3426518061
	3426518062
	3426518063
	3426518064
	3426518065
	3426518066
	3426518067
	3426518068
	3426518069
	3426518070
	3426518071
	3426518072
	3426518073
	3426518074
	3426518075
	3426518076
	3426518077
	3426518078
	3426518079
	3426518080
	3426518081
	3426518082
	3426518083
	3426518084
	3426518085
	3426518086
	3426518087
	3426518088
	3426518089
	3426518090
	3426518091
	3426518092
	3426518093
	3426518094
	3426518095
	3426518096
	3426518097
	3426518098
	3426518099
	3426518100
	3426518101
	3426518102
	3426518103
	3426518104
	3426518105
	3426518106
	3426518107
	3426518108
	3426518109
	3426518110
	3426518111
	3426518112
	3426518113
	3426518114
	3426518115
	3426518116
	3426518117
	3426518118
	3426518119
	3426518120
	3426518121
	3426518122
	3426518123
	3426518124
	3426518125
	3426518126
	3426518127
	3426518128
	3426518129
	3426518130
	3426518131
	3426518132
	3426518133
	3426518134
	3426518135
	3426518136
	3426518137
	3426518138
	3426518139
	3426518140
	3426518141
	3426518142
	3426518143
	3426518144
	3426518145
	3426518146
	3426518147
	3426518148
	3426518149
	3426518150
	3426518151
	3426518152
	3426518153
	3426518154
	3426518155
	3426518156
	3426518157
	3426518158
	3426518159
	3426518160
	3426518161
	3426518162
	3426518163
	3426518164
	3426518165
	3426518166
	3426518167
	3426518168
	3426518169
	3426518170
	3426518171
	3426518172
	3426518173
	3426518174
	3426518175
	3426518176
	3426518177
	3426518178
	3426518179
	3426518180
	3426518181
	3426518182
	3426518183
	3426518184
	3426518185
	3426518186
	3426518187
	3426518188
	3426518189
	3426518190
	3426518191
	3426518192
	3426518193
	3426518194
	3426518195
	3426518196
	3426518197
	3426518198
	3426518199
	3426518200
	3426518201
	3426518202
	3426518203
	3426518204
	3426518205
	3426518206
	3426518207
	3426518208
	3426518209
	3426518210
	3426518211
	3426518212
	3426518213
	3426518214
	3426518215
	3426518216
	3426518217
	3426518218
	3426518219
	3426518220
	3426518221
	3426518222
	3426518223
	3426518224
	3426518225
	3426518226
	3426518227
	3426518228
	3426518229
	3426518230
	3426518231
	3426518232
	3426518233
	3426518234
	3426518235
	3426518236
	3426518237
	3426518238
	3426518239
	3426518240
	3426518241
	3426518242
	3426518243
	3426518244
	3426518245
	3426518246
	3426518247
	3426518248
	3426518249
	3426518250
	3426518251
	3426518252
	3426518253
	3426518254
	3426518255
	3426518256
	3426518257
	3426518258
	3426518259
	3426518260
	3426518261
	3426518262
	3426518263
	3426518264
	3426518265
	3426518266
	3426518267
	3426518268
	3426518269
	3426518270
	3426518271
	3426518272
	3426518273
	3426518274
	3426518275
	3426518276
	3426518277
	3426518278
	3426518279
	3426518280
	3426518281
	3426518282
	3426518283
	3426518284
	3426518285
	3426518286
	3426518287
	3426518288
	3426518289
	3426518290
	3426518291
	3426518292
	3426518293
	3426518294
	3426518295
	3426518296
	3426518297
	3426518298
	3426518299
	3426518300
	3426518301
	3426518302
	3426518303
	3426518304
	3426518305
	3426518306
	3426518307
	3426518308
	3426518309
	3426518310
	3426518311
	3426518312
	3426518313
	3426518314
	3426518315
	3426518316
	3426518317
	3426518318
	3426518319
	3426518320
	3426518321
	3426518322
	3426518323
	3426518324
	3426518325
	3426518326
	3426518327
	3426518328
	3426518329
	3426518330
	3426518331
	3426518332
	3426518333
	3426518334
	3426518335
	3426518336
	3426518337
	3426518338
	3426518339
	3426518340
	3426518341
	3426518342
	3426518343
	3426518344
	3426518345
	3426518346
	3426518347
	3426518348
	3426518349
	3426518350
	3426518351
	3426518352
	3426518353
	3426518354
	3426518355
	3426518356
	3426518357
	3426518358
	3426518359
	3426518360
	3426518361
	3426518362
	3426518363
	3426518364
	3426518365
	3426518366
	3426518367
	3426518368
	3426518369
	3426518370
	3426518371
	3426518372
	3426518373
	3426518374
	3426518375
	3426518376
	3426518377
	3426518378
	3426518379
	3426518380
	3426518381
	3426518382
	3426518383
	3426518384
	3426518385
	3426518386
	3426518387
	3426518388
	3426518389
	3426518390
	3426518391
	3426518392
	3426518393
	3426518394
	3426518395
	3426518396
	3426518397
	3426518398
	3426518399
	3426518400
	3426518401
	3426518402
	3426518403
	3426518404
	3426518405
	3426518406
	3426518407
	3426518408
	3426518409
	3426518410
	3426518411
	3426518412
	3426518413
	3426518414
	3426518415
	3426518416
	3426518417
	3426518418
	3426518419
	3426518420
	3426518421
	3426518422
	3426518423
	3426518424
	3426518425
	3426518426
	3426518427
	3426518428
	3426518429
	3426518430
	3426518431
	3426518432
	3426518433
	3426518434
	3426518435
	3426518436
	3426518437
	3426518438
	3426518439
	3426518440
	3426518441
	3426518442
	3426518443
	3426518444
	3426518445
	3426518446
	3426518447
	3426518448
	3426518449
	3426518450
	3426518451
	3426518452
	3426518453
	3426518454
	3426518455
	3426518456
	3426518457
	3426518458
	3426518459
	3426518460
	3426518461
	3426518462
	3426518463
	3426518464
	3426518465
	3426518466
	3426518467
	3426518468
	3426518469
	3426518470
	3426518471
	3426518472
	3426518473
	3426518474
	3426518475
	3426518476
	3426518477
	3426518478
	3426518479
	3426518480
	3426518481
	3426518482
	3426518483
	3426518484
	3426518485
	3426518486
	3426518487
	3426518488
	3426518489
	3426518490
	3426518491
	3426518492
	3426518493
	3426518494
	3426518495
	3426518496
	3426518497
	3426518498
	3426518499
	3426518500
	3426518501
	3426518502
	3426518503
	3426518504
	3426518505
	3426518506
	3426518507
	3426518508
	3426518509
	3426518510
	3426518511
	3426518512
	3426518513
	3426518514
	3426518515
	3426518516
	3426518517
	3426518518
	3426518519
	3426518520
	3426518521
	3426518522
	3426518523
	3426518524
	3426518525
	3426518526
	3426518527
	3426518528
	3426518529
	3426518530
	3426518531
	3426518532
	3426518533
	3426518534
	3426518535
	3426518536
	3426518537
	3426518538
	3426518539
	3426518540
	3426518541
	3426518542
	3426518543
	3426518544
	3426518545
	3426518546
	3426518547
	3426518548
	3426518549
	3426518550
	3426518551
	3426518552
	3426518553
	3426518554
	3426518555
	3426518556
	3426518557
	3426518558
	3426518559
	3426518560
	3426518561
	3426518562
	3426518563
	3426518564
	3426518565
	3426518566
	3426518567
	3426518568
	3426518569
	3426518570
	3426518571
	3426518572
	3426518573
	3426518574
	3426518575
	3426518576
	3426518577
	3426518578
	3426518579
	3426518580
	3426518581
	3426518582
	3426518583
	3426518584
	3426518585
	3426518586
	3426518587
	3426518588
	3426518589
	3426518590
	3426518591
	3426518592
	3426518593
	3426518594
	3426518595
	3426518596
	3426518597
	3426518598
	3426518599
	3426518600
	3426518601
	3426518602
	3426518603
	3426518604
	3426518605
	3426518606
	3426518607
	3426518608
	3426518609
	3426518610
	3426518611
	3426518612
	3426518613
	3426518614
	3426518615
	3426518616
	3426518617
	3426518618
	3426518619
	3426518620
	3426518621
	3426518622
	3426518623
	3426518624
	3426518625
	3426518626
	3426518627
	3426518628
	3426518629
	3426518630
	3426518631
	3426518632
	3426518633
	3426518634
	3426518635
	3426518636
	3426518637
	3426518638
	3426518639
	3426518640
	3426518641
	3426518642
	3426518643
	3426518644
	3426518645
	3426518646
	3426518647
	3426518648
	3426518649
	3426518650
	3426518651
	3426518652
	3426518653
	3426518654
	3426518655
	3426518656
	3426518657
	3426518658
	3426518659
	3426518660
	3426518661
	3426518662
	3426518663
	3426518664
	3426518665
	3426518666
	3426518667
	3426518668
	3426518669
	3426518670
	3426518671
	3426518672
	3426518673
	3426518674
	3426518675
	3426518676
	3426518677
	3426518678
	3426518679
	3426518680
	3426518681
	3426518682
	3426518683
	3426518684
	3426518685
	3426518686
	3426518687
	3426518688
	3426518689
	3426518690
	3426518691
	3426518692
	3426518693
	3426518694
	3426518695
	3426518696
	3426518697
	3426518698
	3426518699
	3426518700
	3426518701
	3426518702
	3426518703
	3426518704
	3426518705
	3426518706
	3426518707
	3426518708
	3426518709
	3426518710
	3426518711
	3426518712
	3426518713
	3426518714
	3426518715
	3426518716
	3426518717
	3426518718
	3426518719
	3426518720
	3426518721
	3426518722
	3426518723
	3426518724
	3426518725
	3426518726
	3426518727
	3426518728
	3426518729
	3426518730
	3426518731
	3426518732
	3426518733
	3426518734
	3426518735
	3426518736
	3426518737
	3426518738
	3426518739
	3426518740
	3426518741
	3426518742
	3426518743
	3426518744
	3426518745
	3426518746
	3426518747
	3426518748
	3426518749
	3426518750
	3426518751
	3426518752
	3426518753
	3426518754
	3426518755
	3426518756
	3426518757
	3426518758
	3426518759
	3426518760
	3426518761
	3426518762
	3426518763
	3426518764
	3426518765
	3426518766
	3426518767
	3426518768
	3426518769
	3426518770
	3426518771
	3426518772
	3426518773
	3426518774
	3426518775
	3426518776
	3426518777
	3426518778
	3426518779
	3426518780
	3426518781
	3426518782
	3426518783
	3426518784
	3426518785
	3426518786
	3426518787
	3426518788
	3426518789
	3426518790
	3426518791
	3426518792
	3426518793
	3426518794
	3426518795
	3426518796
	3426518797
	3426518798
	3426518799
	3426518800
	3426518801
	3426518802
	3426518803
	3426518804
	3426518805
	3426518806
	3426518807
	3426518808
	3426518809
	3426518810
	3426518811
	3426518812
	3426518813
	3426518814
	3426518815
	3426518816
	3426518817
	3426518818
	3426518819
	3426518820
	3426518821
	3426518822
	3426518823
	3426518824
	3426518825
	3426518826
	3426518827
	3426518828
	3426518829
	3426518830
	3426518831
	3426518832
	3426518833
	3426518834
	3426518835
	3426518836
	3426518837
	3426518838
	3426518839
	3426518840
	3426518841
	3426518842
	3426518843
	3426518844
	3426518845
	3426518846
	3426518847
	3426518848
	3426518849
	3426518850
	3426518851
	3426518852
	3426518853
	3426518854
	3426518855
	3426518856
	3426518857
	3426518858
	3426518859
	3426518860
	3426518861
	3426518862
	3426518863
	3426518864
	3426518865
	3426518866
	3426518867
	3426518868
	3426518869
	3426518870
	3426518871
	3426518872
	3426518873
	3426518874
	3426518875
	3426518876
	3426518877
	3426518878
	3426518879
	3426518880
	3426518881
	3426518882
	3426518883
	3426518884
	3426518885
	3426518886
	3426518887
	3426518888
	3426518889
	3426518890
	3426518891
	3426518892
	3426518893
	3426518894
	3426518895
	3426518896
	3426518897
	3426518898
	3426518899
	3426518900
	3426518901
	3426518902
	3426518903
	3426518904
	3426518905
	3426518906
	3426518907
	3426518908
	3426518909
	3426518910
	3426518911
	3426518912
	3426518913
	3426518914
	3426518915
	3426518916
	3426518917
	3426518918
	3426518919
	3426518920
	3426518921
	3426518922
	3426518923
	3426518924
	3426518925
	3426518926
	3426518927
	3426518928
	3426518929
	3426518930
	3426518931
	3426518932
	3426518933
	3426518934
	3426518935
	3426518936
	3426518937
	3426518938
	3426518939
	3426518940
	3426518941
	3426518942
	3426518943
	3426518944
	3426518945
	3426518946
	3426518947
	3426518948
	3426518949
	3426518950
	3426518951
	3426518952
	3426518953
	3426518954
	3426518955
	3426518956
	3426518957
	3426518958
	3426518959
	3426518960
	3426518961
	3426518962
	3426518963
	3426518964
	3426518965
	3426518966
	3426518967
	3426518968
	3426518969
	3426518970
	3426518971
	3426518972
	3426518973
	3426518974
	3426518975
	3426518976
	3426518977
	3426518978
	3426518979
	3426518980
	3426518981
	3426518982
	3426518983
	3426518984
	3426518985
	3426518986
	3426518987
	3426518988
	3426518989
	3426518990
	3426518991
	3426518992
	3426518993
	3426518994
	3426518995
	3426518996
	3426518997
	3426518998
	3426518999
	3426519000
	3426519001
	3426519002
	3426519003
	3426519004
	3426519005
	3426519006
	3426519007
	3426519008
	3426519009
	3426519010
	3426519011
	3426519012
	3426519013
	3426519014
	3426519015
	3426519016
	3426519017
	3426519018
	3426519019
	3426519020
	3426519021
	3426519022
	3426519023
	3426519024
	3426519025
	3426519026
	3426519027
	3426519028
	3426519029
	3426519030
	3426519031
	3426519032
	3426519033
	3426519034
	3426519035
	3426519036
	3426519037
	3426519038
	3426519039
	3426519040
	3426519041
	3426519042
	3426519043
	3426519044
	3426519045
	3426519046
	3426519047
	3426519048
	3426519049
	3426519050
	3426519051
	3426519052
	3426519053
	3426519054
	3426519055
	3426519056
	3426519057
	3426519058
	3426519059
	3426519060
	3426519061
	3426519062
	3426519063
	3426519064
	3426519065
	3426519066
	3426519067
	3426519068
	3426519069
	3426519070
	3426519071
	3426519072
	3426519073
	3426519074
	3426519075
	3426519076
	3426519077
	3426519078
	3426519079
	3426519080
	3426519081
	3426519082
	3426519083
	3426519084
	3426519085
	3426519086
	3426519087
	3426519088
	3426519089
	3426519090
	3426519091
	3426519092
	3426519093
	3426519094
	3426519095
	3426519096
	3426519097
	3426519098
	3426519099
	3426519100
	3426519101
	3426519102
	3426519103
	3426519104
	3426519105
	3426519106
	3426519107
	3426519108
	3426519109
	3426519110
	3426519111
	3426519112
	3426519113
	3426519114
	3426519115
	3426519116
	3426519117
	3426519118
	3426519119
	3426519120
	3426519121
	3426519122
	3426519123
	3426519124
	3426519125
	3426519126
	3426519127
	3426519128
	3426519129
	3426519130
	3426519131
	3426519132
	3426519133
	3426519134
	3426519135
	3426519136
	3426519137
	3426519138
	3426519139
	3426519140
	3426519141
	3426519142
	3426519143
	3426519144
	3426519145
	3426519146
	3426519147
	3426519148
	3426519149
	3426519150
	3426519151
	3426519152
	3426519153
	3426519154
	3426519155
	3426519156
	3426519157
	3426519158
	3426519159
	3426519160
	3426519161
	3426519162
	3426519163
	3426519164
	3426519165
	3426519166
	3426519167
	3426519168
	3426519169
	3426519170
	3426519171
	3426519172
	3426519173
	3426519174
	3426519175
	3426519176
	3426519177
	3426519178
	3426519179
	3426519180
	3426519181
	3426519182
	3426519183
	3426519184
	3426519185
	3426519186
	3426519187
	3426519188
	3426519189
	3426519190
	3426519191
	3426519192
	3426519193
	3426519194
	3426519195
	3426519196
	3426519197
	3426519198
	3426519199
	3426519200
	3426519201
	3426519202
	3426519203
	3426519204
	3426519205
	3426519206
	3426519207
	3426519208
	3426519209
	3426519210
	3426519211
	3426519212
	3426519213
	3426519214
	3426519215
	3426519216
	3426519217
	3426519218
	3426519219
	3426519220
	3426519221
	3426519222
	3426519223
	3426519224
	3426519225
	3426519226
	3426519227
	3426519228
	3426519229
	3426519230
	3426519231
	3426519232
	3426519233
	3426519234
	3426519235
	3426519236
	3426519237
	3426519238
	3426519239
	3426519240
	3426519241
	3426519242
	3426519243
	3426519244
	3426519245
	3426519246
	3426519247
	3426519248
	3426519249
	3426519250
	3426519251
	3426519252
	3426519253
	3426519254
	3426519255
	3426519256
	3426519257
	3426519258
	3426519259
	3426519260
	3426519261
	3426519262
	3426519263
	3426519264
	3426519265
	3426519266
	3426519267
	3426519268
	3426519269
	3426519270
	3426519271
	3426519272
	3426519273
	3426519274
	3426519275
	3426519276
	3426519277
	3426519278
	3426519279
	3426519280
	3426519281
	3426519282
	3426519283
	3426519284
	3426519285
	3426519286
	3426519287
	3426519288
	3426519289
	3426519290
	3426519291
	3426519292
	3426519293
	3426519294
	3426519295
	3426519296
	3426519297
	3426519298
	3426519299
	3426519300
	3426519301
	3426519302
	3426519303
	3426519304
	3426519305
	3426519306
	3426519307
	3426519308
	3426519309
	3426519310
	3426519311
	3426519312
	3426519313
	3426519314
	3426519315
	3426519316
	3426519317
	3426519318
	3426519319
	3426519320
	3426519321
	3426519322
	3426519323
	3426519324
	3426519325
	3426519326
	3426519327
	3426519328
	3426519329
	3426519330
	3426519331
	3426519332
	3426519333
	3426519334
	3426519335
	3426519336
	3426519337
	3426519338
	3426519339
	3426519340
	3426519341
	3426519342
	3426519343
	3426519344
	3426519345
	3426519346
	3426519347
	3426519348
	3426519349
	3426519350
	3426519351
	3426519352
	3426519353
	3426519354
	3426519355
	3426519356
	3426519357
	3426519358
	3426519359
	3426519360
	3426519361
	3426519362
	3426519363
	3426519364
	3426519365
	3426519366
	3426519367
	3426519368
	3426519369
	3426519370
	3426519371
	3426519372
	3426519373
	3426519374
	3426519375
	3426519376
	3426519377
	3426519378
	3426519379
	3426519380
	3426519381
	3426519382
	3426519383
	3426519384
	3426519385
	3426519386
	3426519387
	3426519388
	3426519389
	3426519390
	3426519391
	3426519392
	3426519393
	3426519394
	3426519395
	3426519396
	3426519397
	3426519398
	3426519399
	3426519400
	3426519401
	3426519402
	3426519403
	3426519404
	3426519405
	3426519406
	3426519407
	3426519408
	3426519409
	3426519410
	3426519411
	3426519412
	3426519413
	3426519414
	3426519415
	3426519416
	3426519417
	3426519418
	3426519419
	3426519420
	3426519421
	3426519422
	3426519423
	3426519424
	3426519425
	3426519426
	3426519427
	3426519428
	3426519429
	3426519430
	3426519431
	3426519432
	3426519433
	3426519434
	3426519435
	3426519436
	3426519437
	3426519438
	3426519439
	3426519440
	3426519441
	3426519442
	3426519443
	3426519444
	3426519445
	3426519446
	3426519447
	3426519448
	3426519449
	3426519450
	3426519451
	3426519452
	3426519453
	3426519454
	3426519455
	3426519456
	3426519457
	3426519458
	3426519459
	3426519460
	3426519461
	3426519462
	3426519463
	3426519464
	3426519465
	3426519466
	3426519467
	3426519468
	3426519469
	3426519470
	3426519471
	3426519472
	3426519473
	3426519474
	3426519475
	3426519476
	3426519477
	3426519478
	3426519479
	3426519480
	3426519481
	3426519482
	3426519483
	3426519484
	3426519485
	3426519486
	3426519487
	3426519488
	3426519489
	3426519490
	3426519491
	3426519492
	3426519493
	3426519494
	3426519495
	3426519496
	3426519497
	3426519498
	3426519499
	3426519500
	3426519501
	3426519502
	3426519503
	3426519504
	3426519505
	3426519506
	3426519507
	3426519508
	3426519509
	3426519510
	3426519511
	3426519512
	3426519513
	3426519514
	3426519515
	3426519516
	3426519517
	3426519518
	3426519519
	3426519520
	3426519521
	3426519522
	3426519523
	3426519524
	3426519525
	3426519526
	3426519527
	3426519528
	3426519529
	3426519530
	3426519531
	3426519532
	3426519533
	3426519534
	3426519535
	3426519536
	3426519537
	3426519538
	3426519539
	3426519540
	3426519541
	3426519542
	3426519543
	3426519544
	3426519545
	3426519546
	3426519547
	3426519548
	3426519549
	3426519550
	3426519551
	3426519552
	3426519553
	3426519554
	3426519555
	3426519556
	3426519557
	3426519558
	3426519559
	3426519560
	3426519561
	3426519562
	3426519563
	3426519564
	3426519565
	3426519566
	3426519567
	3426519568
	3426519569
	3426519570
	3426519571
	3426519572
	3426519573
	3426519574
	3426519575
	3426519576
	3426519577
	3426519578
	3426519579
	3426519580
	3426519581
	3426519582
	3426519583
	3426519584
	3426519585
	3426519586
	3426519587
	3426519588
	3426519589
	3426519590
	3426519591
	3426519592
	3426519593
	3426519594
	3426519595
	3426519596
	3426519597
	3426519598
	3426519599
	3426519600
	3426519601
	3426519602
	3426519603
	3426519604
	3426519605
	3426519606
	3426519607
	3426519608
	3426519609
	3426519610
	3426519611
	3426519612
	3426519613
	3426519614
	3426519615
	3426519616
	3426519617
	3426519618
	3426519619
	3426519620
	3426519621
	3426519622
	3426519623
	3426519624
	3426519625
	3426519626
	3426519627
	3426519628
	3426519629
	3426519630
	3426519631
	3426519632
	3426519633
	3426519634
	3426519635
	3426519636
	3426519637
	3426519638
	3426519639
	3426519640
	3426519641
	3426519642
	3426519643
	3426519644
	3426519645
	3426519646
	3426519647
	3426519648
	3426519649
	3426519650
	3426519651
	3426519652
	3426519653
	3426519654
	3426519655
	3426519656
	3426519657
	3426519658
	3426519659
	3426519660
	3426519661
	3426519662
	3426519663
	3426519664
	3426519665
	3426519666
	3426519667
	3426519668
	3426519669
	3426519670
	3426519671
	3426519672
	3426519673
	3426519674
	3426519675
	3426519676
	3426519677
	3426519678
	3426519679
	3426519680
	3426519681
	3426519682
	3426519683
	3426519684
	3426519685
	3426519686
	3426519687
	3426519688
	3426519689
	3426519690
	3426519691
	3426519692
	3426519693
	3426519694
	3426519695
	3426519696
	3426519697
	3426519698
	3426519699
	3426519700
	3426519701
	3426519702
	3426519703
	3426519704
	3426519705
	3426519706
	3426519707
	3426519708
	3426519709
	3426519710
	3426519711
	3426519712
	3426519713
	3426519714
	3426519715
	3426519716
	3426519717
	3426519718
	3426519719
	3426519720
	3426519721
	3426519722
	3426519723
	3426519724
	3426519725
	3426519726
	3426519727
	3426519728
	3426519729
	3426519730
	3426519731
	3426519732
	3426519733
	3426519734
	3426519735
	3426519736
	3426519737
	3426519738
	3426519739
	3426519740
	3426519741
	3426519742
	3426519743
	3426519744
	3426519745
	3426519746
	3426519747
	3426519748
	3426519749
	3426519750
	3426519751
	3426519752
	3426519753
	3426519754
	3426519755
	3426519756
	3426519757
	3426519758
	3426519759
	3426519760
	3426519761
	3426519762
	3426519763
	3426519764
	3426519765
	3426519766
	3426519767
	3426519768
	3426519769
	3426519770
	3426519771
	3426519772
	3426519773
	3426519774
	3426519775
	3426519776
	3426519777
	3426519778
	3426519779
	3426519780
	3426519781
	3426519782
	3426519783
	3426519784
	3426519785
	3426519786
	3426519787
	3426519788
	3426519789
	3426519790
	3426519791
	3426519792
	3426519793
	3426519794
	3426519795
	3426519796
	3426519797
	3426519798
	3426519799
	3426519800
	3426519801
	3426519802
	3426519803
	3426519804
	3426519805
	3426519806
	3426519807
	3426519808
	3426519809
	3426519810
	3426519811
	3426519812
	3426519813
	3426519814
	3426519815
	3426519816
	3426519817
	3426519818
	3426519819
	3426519820
	3426519821
	3426519822
	3426519823
	3426519824
	3426519825
	3426519826
	3426519827
	3426519828
	3426519829
	3426519830
	3426519831
	3426519832
	3426519833
	3426519834
	3426519835
	3426519836
	3426519837
	3426519838
	3426519839
	3426519840
	3426519841
	3426519842
	3426519843
	3426519844
	3426519845
	3426519846
	3426519847
	3426519848
	3426519849
	3426519850
	3426519851
	3426519852
	3426519853
	3426519854
	3426519855
	3426519856
	3426519857
	3426519858
	3426519859
	3426519860
	3426519861
	3426519862
	3426519863
	3426519864
	3426519865
	3426519866
	3426519867
	3426519868
	3426519869
	3426519870
	3426519871
	3426519872
	3426519873
	3426519874
	3426519875
	3426519876
	3426519877
	3426519878
	3426519879
	3426519880
	3426519881
	3426519882
	3426519883
	3426519884
	3426519885
	3426519886
	3426519887
	3426519888
	3426519889
	3426519890
	3426519891
	3426519892
	3426519893
	3426519894
	3426519895
	3426519896
	3426519897
	3426519898
	3426519899
	3426519900
	3426519901
	3426519902
	3426519903
	3426519904
	3426519905
	3426519906
	3426519907
	3426519908
	3426519909
	3426519910
	3426519911
	3426519912
	3426519913
	3426519914
	3426519915
	3426519916
	3426519917
	3426519918
	3426519919
	3426519920
	3426519921
	3426519922
	3426519923
	3426519924
	3426519925
	3426519926
	3426519927
	3426519928
	3426519929
	3426519930
	3426519931
	3426519932
	3426519933
	3426519934
	3426519935
	3426519936
	3426519937
	3426519938
	3426519939
	3426519940
	3426519941
	3426519942
	3426519943
	3426519944
	3426519945
	3426519946
	3426519947
	3426519948
	3426519949
	3426519950
	3426519951
	3426519952
	3426519953
	3426519954
	3426519955
	3426519956
	3426519957
	3426519958
	3426519959
	3426519960
	3426519961
	3426519962
	3426519963
	3426519964
	3426519965
	3426519966
	3426519967
	3426519968
	3426519969
	3426519970
	3426519971
	3426519972
	3426519973
	3426519974
	3426519975
	3426519976
	3426519977
	3426519978
	3426519979
	3426519980
	3426519981
	3426519982
	3426519983
	3426519984
	3426519985
	3426519986
	3426519987
	3426519988
	3426519989
	3426519990
	3426519991
	3426519992
	3426519993
	3426519994
	3426519995
	3426519996
	3426519997
	3426519998
	3426519999
	3426520000
	3426520001
	3426520002
	3426520003
	3426520004
	3426520005
	3426520006
	3426520007
	3426520008
	3426520009
	3426520010
	3426520011
	3426520012
	3426520013
	3426520014
	3426520015
	3426520016
	3426520017
	3426520018
	3426520019
	3426520020
	3426520021
	3426520022
	3426520023
	3426520024
	3426520025
	3426520026
	3426520027
	3426520028
	3426520029
	3426520030
	3426520031
	3426520032
	3426520033
	3426520034
	3426520035
	3426520036
	3426520037
	3426520038
	3426520039
	3426520040
	3426520041
	3426520042
	3426520043
	3426520044
	3426520045
	3426520046
	3426520047
	3426520048
	3426520049
	3426520050
	3426520051
	3426520052
	3426520053
	3426520054
	3426520055
	3426520056
	3426520057
	3426520058
	3426520059
	3426520060
	3426520061
	3426520062
	3426520063
	3426520064
	3426520065
	3426520066
	3426520067
	3426520068
	3426520069
	3426520070
	3426520071
	3426520072
	3426520073
	3426520074
	3426520075
	3426520076
	3426520077
	3426520078
	3426520079
	3426520080
	3426520081
	3426520082
	3426520083
	3426520084
	3426520085
	3426520086
	3426520087
	3426520088
	3426520089
	3426520090
	3426520091
	3426520092
	3426520093
	3426520094
	3426520095
	3426520096
	3426520097
	3426520098
	3426520099
	3426520100
	3426520101
	3426520102
	3426520103
	3426520104
	3426520105
	3426520106
	3426520107
	3426520108
	3426520109
	3426520110
	3426520111
	3426520112
	3426520113
	3426520114
	3426520115
	3426520116
	3426520117
	3426520118
	3426520119
	3426520120
	3426520121
	3426520122
	3426520123
	3426520124
	3426520125
	3426520126
	3426520127
	3426520128
	3426520129
	3426520130
	3426520131
	3426520132
	3426520133
	3426520134
	3426520135
	3426520136
	3426520137
	3426520138
	3426520139
	3426520140
	3426520141
	3426520142
	3426520143
	3426520144
	3426520145
	3426520146
	3426520147
	3426520148
	3426520149
	3426520150
	3426520151
	3426520152
	3426520153
	3426520154
	3426520155
	3426520156
	3426520157
	3426520158
	3426520159
	3426520160
	3426520161
	3426520162
	3426520163
	3426520164
	3426520165
	3426520166
	3426520167
	3426520168
	3426520169
	3426520170
	3426520171
	3426520172
	3426520173
	3426520174
	3426520175
	3426520176
	3426520177
	3426520178
	3426520179
	3426520180
	3426520181
	3426520182
	3426520183
	3426520184
	3426520185
	3426520186
	3426520187
	3426520188
	3426520189
	3426520190
	3426520191
	3426520192
	3426520193
	3426520194
	3426520195
	3426520196
	3426520197
	3426520198
	3426520199
	3426520200
	3426520201
	3426520202
	3426520203
	3426520204
	3426520205
	3426520206
	3426520207
	3426520208
	3426520209
	3426520210
	3426520211
	3426520212
	3426520213
	3426520214
	3426520215
	3426520216
	3426520217
	3426520218
	3426520219
	3426520220
	3426520221
	3426520222
	3426520223
	3426520224
	3426520225
	3426520226
	3426520227
	3426520228
	3426520229
	3426520230
	3426520231
	3426520232
	3426520233
	3426520234
	3426520235
	3426520236
	3426520237
	3426520238
	3426520239
	3426520240
	3426520241
	3426520242
	3426520243
	3426520244
	3426520245
	3426520246
	3426520247
	3426520248
	3426520249
	3426520250
	3426520251
	3426520252
	3426520253
	3426520254
	3426520255
	3426520256
	3426520257
	3426520258
	3426520259
	3426520260
	3426520261
	3426520262
	3426520263
	3426520264
	3426520265
	3426520266
	3426520267
	3426520268
	3426520269
	3426520270
	3426520271
	3426520272
	3426520273
	3426520274
	3426520275
	3426520276
	3426520277
	3426520278
	3426520279
	3426520280
	3426520281
	3426520282
	3426520283
	3426520284
	3426520285
	3426520286
	3426520287
	3426520288
	3426520289
	3426520290
	3426520291
	3426520292
	3426520293
	3426520294
	3426520295
	3426520296
	3426520297
	3426520298
	3426520299
	3426520300
	3426520301
	3426520302
	3426520303
	3426520304
	3426520305
	3426520306
	3426520307
	3426520308
	3426520309
	3426520310
	3426520311
	3426520312
	3426520313
	3426520314
	3426520315
	3426520316
	3426520317
	3426520318
	3426520319
	3426520320
	3426520321
	3426520322
	3426520323
	3426520324
	3426520325
	3426520326
	3426520327
	3426520328
	3426520329
	3426520330
	3426520331
	3426520332
	3426520333
	3426520334
	3426520335
	3426520336
	3426520337
	3426520338
	3426520339
	3426520340
	3426520341
	3426520342
	3426520343
	3426520344
	3426520345
	3426520346
	3426520347
	3426520348
	3426520349
	3426520350
	3426520351
	3426520352
	3426520353
	3426520354
	3426520355
	3426520356
	3426520357
	3426520358
	3426520359
	3426520360
	3426520361
	3426520362
	3426520363
	3426520364
	3426520365
	3426520366
	3426520367
	3426520368
	3426520369
	3426520370
	3426520371
	3426520372
	3426520373
	3426520374
	3426520375
	3426520376
	3426520377
	3426520378
	3426520379
	3426520380
	3426520381
	3426520382
	3426520383
	3426520384
	3426520385
	3426520386
	3426520387
	3426520388
	3426520389
	3426520390
	3426520391
	3426520392
	3426520393
	3426520394
	3426520395
	3426520396
	3426520397
	3426520398
	3426520399
	3426520400
	3426520401
	3426520402
	3426520403
	3426520404
	3426520405
	3426520406
	3426520407
	3426520408
	3426520409
	3426520410
	3426520411
	3426520412
	3426520413
	3426520414
	3426520415
	3426520416
	3426520417
	3426520418
	3426520419
	3426520420
	3426520421
	3426520422
	3426520423
	3426520424
	3426520425
	3426520426
	3426520427
	3426520428
	3426520429
	3426520430
	3426520431
	3426520432
	3426520433
	3426520434
	3426520435
	3426520436
	3426520437
	3426520438
	3426520439
	3426520440
	3426520441
	3426520442
	3426520443
	3426520444
	3426520445
	3426520446
	3426520447
	3426520448
	3426520449
	3426520450
	3426520451
	3426520452
	3426520453
	3426520454
	3426520455
	3426520456
	3426520457
	3426520458
	3426520459
	3426520460
	3426520461
	3426520462
	3426520463
	3426520464
	3426520465
	3426520466
	3426520467
	3426520468
	3426520469
	3426520470
	3426520471
	3426520472
	3426520473
	3426520474
	3426520475
	3426520476
	3426520477
	3426520478
	3426520479
	3426520480
	3426520481
	3426520482
	3426520483
	3426520484
	3426520485
	3426520486
	3426520487
	3426520488
	3426520489
	3426520490
	3426520491
	3426520492
	3426520493
	3426520494
	3426520495
	3426520496
	3426520497
	3426520498
	3426520499
	3426520500
	3426520501
	3426520502
	3426520503
	3426520504
	3426520505
	3426520506
	3426520507
	3426520508
	3426520509
	3426520510
	3426520511
	3426520512
	3426520513
	3426520514
	3426520515
	3426520516
	3426520517
	3426520518
	3426520519
	3426520520
	3426520521
	3426520522
	3426520523
	3426520524
	3426520525
	3426520526
	3426520527
	3426520528
	3426520529
	3426520530
	3426520531
	3426520532
	3426520533
	3426520534
	3426520535
	3426520536
	3426520537
	3426520538
	3426520539
	3426520540
	3426520541
	3426520542
	3426520543
	3426520544
	3426520545
	3426520546
	3426520547
	3426520548
	3426520549
	3426520550
	3426520551
	3426520552
	3426520553
	3426520554
	3426520555
	3426520556
	3426520557
	3426520558
	3426520559
	3426520560
	3426520561
	3426520562
	3426520563
	3426520564
	3426520565
	3426520566
	3426520567
	3426520568
	3426520569
	3426520570
	3426520571
	3426520572
	3426520573
	3426520574
	3426520575
	3426520576
	3426520577
	3426520578
	3426520579
	3426520580
	3426520581
	3426520582
	3426520583
	3426520584
	3426520585
	3426520586
	3426520587
	3426520588
	3426520589
	3426520590
	3426520591
	3426520592
	3426520593
	3426520594
	3426520595
	3426520596
	3426520597
	3426520598
	3426520599
	3426520600
	3426520601
	3426520602
	3426520603
	3426520604
	3426520605
	3426520606
	3426520607
	3426520608
	3426520609
	3426520610
	3426520611
	3426520612
	3426520613
	3426520614
	3426520615
	3426520616
	3426520617
	3426520618
	3426520619
	3426520620
	3426520621
	3426520622
	3426520623
	3426520624
	3426520625
	3426520626
	3426520627
	3426520628
	3426520629
	3426520630
	3426520631
	3426520632
	3426520633
	3426520634
	3426520635
	3426520636
	3426520637
	3426520638
	3426520639
	3426520640
	3426520641
	3426520642
	3426520643
	3426520644
	3426520645
	3426520646
	3426520647
	3426520648
	3426520649
	3426520650
	3426520651
	3426520652
	3426520653
	3426520654
	3426520655
	3426520656
	3426520657
	3426520658
	3426520659
	3426520660
	3426520661
	3426520662
	3426520663
	3426520664
	3426520665
	3426520666
	3426520667
	3426520668
	3426520669
	3426520670
	3426520671
	3426520672
	3426520673
	3426520674
	3426520675
	3426520676
	3426520677
	3426520678
	3426520679
	3426520680
	3426520681
	3426520682
	3426520683
	3426520684
	3426520685
	3426520686
	3426520687
	3426520688
	3426520689
	3426520690
	3426520691
	3426520692
	3426520693
	3426520694
	3426520695
	3426520696
	3426520697
	3426520698
	3426520699
	3426520700
	3426520701
	3426520702
	3426520703
	3426520704
	3426520705
	3426520706
	3426520707
	3426520708
	3426520709
	3426520710
	3426520711
	3426520712
	3426520713
	3426520714
	3426520715
	3426520716
	3426520717
	3426520718
	3426520719
	3426520720
	3426520721
	3426520722
	3426520723
	3426520724
	3426520725
	3426520726
	3426520727
	3426520728
	3426520729
	3426520730
	3426520731
	3426520732
	3426520733
	3426520734
	3426520735
	3426520736
	3426520737
	3426520738
	3426520739
	3426520740
	3426520741
	3426520742
	3426520743
	3426520744
	3426520745
	3426520746
	3426520747
	3426520748
	3426520749
	3426520750
	3426520751
	3426520752
	3426520753
	3426520754
	3426520755
	3426520756
	3426520757
	3426520758
	3426520759
	3426520760
	3426520761
	3426520762
	3426520763
	3426520764
	3426520765
	3426520766
	3426520767
	3426520768
	3426520769
	3426520770
	3426520771
	3426520772
	3426520773
	3426520774
	3426520775
	3426520776
	3426520777
	3426520778
	3426520779
	3426520780
	3426520781
	3426520782
	3426520783
	3426520784
	3426520785
	3426520786
	3426520787
	3426520788
	3426520789
	3426520790
	3426520791
	3426520792
	3426520793
	3426520794
	3426520795
	3426520796
	3426520797
	3426520798
	3426520799
	3426520800
	3426520801
	3426520802
	3426520803
	3426520804
	3426520805
	3426520806
	3426520807
	3426520808
	3426520809
	3426520810
	3426520811
	3426520812
	3426520813
	3426520814
	3426520815
	3426520816
	3426520817
	3426520818
	3426520819
	3426520820
	3426520821
	3426520822
	3426520823
	3426520824
	3426520825
	3426520826
	3426520827
	3426520828
	3426520829
	3426520830
	3426520831
	3426520832
	3426520833
	3426520834
	3426520835
	3426520836
	3426520837
	3426520838
	3426520839
	3426520840
	3426520841
	3426520842
	3426520843
	3426520844
	3426520845
	3426520846
	3426520847
	3426520848
	3426520849
	3426520850
	3426520851
	3426520852
	3426520853
	3426520854
	3426520855
	3426520856
	3426520857
	3426520858
	3426520859
	3426520860
	3426520861
	3426520862
	3426520863
	3426520864
	3426520865
	3426520866
	3426520867
	3426520868
	3426520869
	3426520870
	3426520871
	3426520872
	3426520873
	3426520874
	3426520875
	3426520876
	3426520877
	3426520878
	3426520879
	3426520880
	3426520881
	3426520882
	3426520883
	3426520884
	3426520885
	3426520886
	3426520887
	3426520888
	3426520889
	3426520890
	3426520891
	3426520892
	3426520893
	3426520894
	3426520895
	3426520896
	3426520897
	3426520898
	3426520899
	3426520900
	3426520901
	3426520902
	3426520903
	3426520904
	3426520905
	3426520906
	3426520907
	3426520908
	3426520909
	3426520910
	3426520911
	3426520912
	3426520913
	3426520914
	3426520915
	3426520916
	3426520917
	3426520918
	3426520919
	3426520920
	3426520921
	3426520922
	3426520923
	3426520924
	3426520925
	3426520926
	3426520927
	3426520928
	3426520929
	3426520930
	3426520931
	3426520932
	3426520933
	3426520934
	3426520935
	3426520936
	3426520937
	3426520938
	3426520939
	3426520940
	3426520941
	3426520942
	3426520943
	3426520944
	3426520945
	3426520946
	3426520947
	3426520948
	3426520949
	3426520950
	3426520951
	3426520952
	3426520953
	3426520954
	3426520955
	3426520956
	3426520957
	3426520958
	3426520959
	3426520960
	3426520961
	3426520962
	3426520963
	3426520964
	3426520965
	3426520966
	3426520967
	3426520968
	3426520969
	3426520970
	3426520971
	3426520972
	3426520973
	3426520974
	3426520975
	3426520976
	3426520977
	3426520978
	3426520979
	3426520980
	3426520981
	3426520982
	3426520983
	3426520984
	3426520985
	3426520986
	3426520987
	3426520988
	3426520989
	3426520990
	3426520991
	3426520992
	3426520993
	3426520994
	3426520995
	3426520996
	3426520997
	3426520998
	3426520999
	3426521000
	3426521001
	3426521002
	3426521003
	3426521004
	3426521005
	3426521006
	3426521007
	3426521008
	3426521009
	3426521010
	3426521011
	3426521012
	3426521013
	3426521014
	3426521015
	3426521016
	3426521017
	3426521018
	3426521019
	3426521020
	3426521021
	3426521022
	3426521023
	3426521024
	3426521025
	3426521026
	3426521027
	3426521028
	3426521029
	3426521030
	3426521031
	3426521032
	3426521033
	3426521034
	3426521035
	3426521036
	3426521037
	3426521038
	3426521039
	3426521040
	3426521041
	3426521042
	3426521043
	3426521044
	3426521045
	3426521046
	3426521047
	3426521048
	3426521049
	3426521050
	3426521051
	3426521052
	3426521053
	3426521054
	3426521055
	3426521056
	3426521057
	3426521058
	3426521059
	3426521060
	3426521061
	3426521062
	3426521063
	3426521064
	3426521065
	3426521066
	3426521067
	3426521068
	3426521069
	3426521070
	3426521071
	3426521072
	3426521073
	3426521074
	3426521075
	3426521076
	3426521077
	3426521078
	3426521079
	3426521080
	3426521081
	3426521082
	3426521083
	3426521084
	3426521085
	3426521086
	3426521087
	3426521088
	3426521089
	3426521090
	3426521091
	3426521092
	3426521093
	3426521094
	3426521095
	3426521096
	3426521097
	3426521098
	3426521099
	3426521100
	3426521101
	3426521102
	3426521103
	3426521104
	3426521105
	3426521106
	3426521107
	3426521108
	3426521109
	3426521110
	3426521111
	3426521112
	3426521113
	3426521114
	3426521115
	3426521116
	3426521117
	3426521118
	3426521119
	3426521120
	3426521121
	3426521122
	3426521123
	3426521124
	3426521125
	3426521126
	3426521127
	3426521128
	3426521129
	3426521130
	3426521131
	3426521132
	3426521133
	3426521134
	3426521135
	3426521136
	3426521137
	3426521138
	3426521139
	3426521140
	3426521141
	3426521142
	3426521143
	3426521144
	3426521145
	3426521146
	3426521147
	3426521148
	3426521149
	3426521150
	3426521151
	3426521152
	3426521153
	3426521154
	3426521155
	3426521156
	3426521157
	3426521158
	3426521159
	3426521160
	3426521161
	3426521162
	3426521163
	3426521164
	3426521165
	3426521166
	3426521167
	3426521168
	3426521169
	3426521170
	3426521171
	3426521172
	3426521173
	3426521174
	3426521175
	3426521176
	3426521177
	3426521178
	3426521179
	3426521180
	3426521181
	3426521182
	3426521183
	3426521184
	3426521185
	3426521186
	3426521187
	3426521188
	3426521189
	3426521190
	3426521191
	3426521192
	3426521193
	3426521194
	3426521195
	3426521196
	3426521197
	3426521198
	3426521199
	3426521200
	3426521201
	3426521202
	3426521203
	3426521204
	3426521205
	3426521206
	3426521207
	3426521208
	3426521209
	3426521210
	3426521211
	3426521212
	3426521213
	3426521214
	3426521215
	3426521216
	3426521217
	3426521218
	3426521219
	3426521220
	3426521221
	3426521222
	3426521223
	3426521224
	3426521225
	3426521226
	3426521227
	3426521228
	3426521229
	3426521230
	3426521231
	3426521232
	3426521233
	3426521234
	3426521235
	3426521236
	3426521237
	3426521238
	3426521239
	3426521240
	3426521241
	3426521242
	3426521243
	3426521244
	3426521245
	3426521246
	3426521247
	3426521248
	3426521249
	3426521250
	3426521251
	3426521252
	3426521253
	3426521254
	3426521255
	3426521256
	3426521257
	3426521258
	3426521259
	3426521260
	3426521261
	3426521262
	3426521263
	3426521264
	3426521265
	3426521266
	3426521267
	3426521268
	3426521269
	3426521270
	3426521271
	3426521272
	3426521273
	3426521274
	3426521275
	3426521276
	3426521277
	3426521278
	3426521279
	3426521280
	3426521281
	3426521282
	3426521283
	3426521284
	3426521285
	3426521286
	3426521287
	3426521288
	3426521289
	3426521290
	3426521291
	3426521292
	3426521293
	3426521294
	3426521295
	3426521296
	3426521297
	3426521298
	3426521299
	3426521300
	3426521301
	3426521302
	3426521303
	3426521304
	3426521305
	3426521306
	3426521307
	3426521308
	3426521309
	3426521310
	3426521311
	3426521312
	3426521313
	3426521314
	3426521315
	3426521316
	3426521317
	3426521318
	3426521319
	3426521320
	3426521321
	3426521322
	3426521323
	3426521324
	3426521325
	3426521326
	3426521327
	3426521328
	3426521329
	3426521330
	3426521331
	3426521332
	3426521333
	3426521334
	3426521335
	3426521336
	3426521337
	3426521338
	3426521339
	3426521340
	3426521341
	3426521342
	3426521343
	3426521344
	3426521345
	3426521346
	3426521347
	3426521348
	3426521349
	3426521350
	3426521351
	3426521352
	3426521353
	3426521354
	3426521355
	3426521356
	3426521357
	3426521358
	3426521359
	3426521360
	3426521361
	3426521362
	3426521363
	3426521364
	3426521365
	3426521366
	3426521367
	3426521368
	3426521369
	3426521370
	3426521371
	3426521372
	3426521373
	3426521374
	3426521375
	3426521376
	3426521377
	3426521378
	3426521379
	3426521380
	3426521381
	3426521382
	3426521383
	3426521384
	3426521385
	3426521386
	3426521387
	3426521388
	3426521389
	3426521390
	3426521391
	3426521392
	3426521393
	3426521394
	3426521395
	3426521396
	3426521397
	3426521398
	3426521399
	3426521400
	3426521401
	3426521402
	3426521403
	3426521404
	3426521405
	3426521406
	3426521407
	3426521408
	3426521409
	3426521410
	3426521411
	3426521412
	3426521413
	3426521414
	3426521415
	3426521416
	3426521417
	3426521418
	3426521419
	3426521420
	3426521421
	3426521422
	3426521423
	3426521424
	3426521425
	3426521426
	3426521427
	3426521428
	3426521429
	3426521430
	3426521431
	3426521432
	3426521433
	3426521434
	3426521435
	3426521436
	3426521437
	3426521438
	3426521439
	3426521440
	3426521441
	3426521442
	3426521443
	3426521444
	3426521445
	3426521446
	3426521447
	3426521448
	3426521449
	3426521450
	3426521451
	3426521452
	3426521453
	3426521454
	3426521455
	3426521456
	3426521457
	3426521458
	3426521459
	3426521460
