	3426619519
	3426619520
	3426619521
	3426619522
	3426619523
	3426619524
	3426619525
	3426619526
	3426619527
	3426619528
	3426619529
	3426619530
	3426619531
	3426619532
	3426619533
	3426619534
	3426619535
	3426619536
	3426619537
	3426619538
	3426619539
	3426619540
	3426619541
	3426619542
	3426619543
	3426619544
	3426619545
	3426619546
	3426619547
	3426619548
	3426619549
	3426619550
	3426619551
	3426619552
	3426619553
	3426619554
	3426619555
	3426619556
	3426619557
	3426619558
	3426619559
	3426619560
	3426619561
	3426619562
	3426619563
	3426619564
	3426619565
	3426619566
	3426619567
	3426619568
	3426619569
	3426619570
	3426619571
	3426619572
	3426619573
	3426619574
	3426619575
	3426619576
	3426619577
	3426619578
	3426619579
	3426619580
	3426619581
	3426619582
	3426619583
	3426619584
	3426619585
	3426619586
	3426619587
	3426619588
	3426619589
	3426619590
	3426619591
	3426619592
	3426619593
	3426619594
	3426619595
	3426619596
	3426619597
	3426619598
	3426619599
	3426619600
	3426619601
	3426619602
	3426619603
	3426619604
	3426619605
	3426619606
	3426619607
	3426619608
	3426619609
	3426619610
	3426619611
	3426619612
	3426619613
	3426619614
	3426619615
	3426619616
	3426619617
	3426619618
	3426619619
	3426619620
	3426619621
	3426619622
	3426619623
	3426619624
	3426619625
	3426619626
	3426619627
	3426619628
	3426619629
	3426619630
	3426619631
	3426619632
	3426619633
	3426619634
	3426619635
	3426619636
	3426619637
	3426619638
	3426619639
	3426619640
	3426619641
	3426619642
	3426619643
	3426619644
	3426619645
	3426619646
	3426619647
	3426619648
	3426619649
	3426619650
	3426619651
	3426619652
	3426619653
	3426619654
	3426619655
	3426619656
	3426619657
	3426619658
	3426619659
	3426619660
	3426619661
	3426619662
	3426619663
	3426619664
	3426619665
	3426619666
	3426619667
	3426619668
	3426619669
	3426619670
	3426619671
	3426619672
	3426619673
	3426619674
	3426619675
	3426619676
	3426619677
	3426619678
	3426619679
	3426619680
	3426619681
	3426619682
	3426619683
	3426619684
	3426619685
	3426619686
	3426619687
	3426619688
	3426619689
	3426619690
	3426619691
	3426619692
	3426619693
	3426619694
	3426619695
	3426619696
	3426619697
	3426619698
	3426619699
	3426619700
	3426619701
	3426619702
	3426619703
	3426619704
	3426619705
	3426619706
	3426619707
	3426619708
	3426619709
	3426619710
	3426619711
	3426619712
	3426619713
	3426619714
	3426619715
	3426619716
	3426619717
	3426619718
	3426619719
	3426619720
	3426619721
	3426619722
	3426619723
	3426619724
	3426619725
	3426619726
	3426619727
	3426619728
	3426619729
	3426619730
	3426619731
	3426619732
	3426619733
	3426619734
	3426619735
	3426619736
	3426619737
	3426619738
	3426619739
	3426619740
	3426619741
	3426619742
	3426619743
	3426619744
	3426619745
	3426619746
	3426619747
	3426619748
	3426619749
	3426619750
	3426619751
	3426619752
	3426619753
	3426619754
	3426619755
	3426619756
	3426619757
	3426619758
	3426619759
	3426619760
	3426619761
	3426619762
	3426619763
	3426619764
	3426619765
	3426619766
	3426619767
	3426619768
	3426619769
	3426619770
	3426619771
	3426619772
	3426619773
	3426619774
	3426619775
	3426619776
	3426619777
	3426619778
	3426619779
	3426619780
	3426619781
	3426619782
	3426619783
	3426619784
	3426619785
	3426619786
	3426619787
	3426619788
	3426619789
	3426619790
	3426619791
	3426619792
	3426619793
	3426619794
	3426619795
	3426619796
	3426619797
	3426619798
	3426619799
	3426619800
	3426619801
	3426619802
	3426619803
	3426619804
	3426619805
	3426619806
	3426619807
	3426619808
	3426619809
	3426619810
	3426619811
	3426619812
	3426619813
	3426619814
	3426619815
	3426619816
	3426619817
	3426619818
	3426619819
	3426619820
	3426619821
	3426619822
	3426619823
	3426619824
	3426619825
	3426619826
	3426619827
	3426619828
	3426619829
	3426619830
	3426619831
	3426619832
	3426619833
	3426619834
	3426619835
	3426619836
	3426619837
	3426619838
	3426619839
	3426619840
	3426619841
	3426619842
	3426619843
	3426619844
	3426619845
	3426619846
	3426619847
	3426619848
	3426619849
	3426619850
	3426619851
	3426619852
	3426619853
	3426619854
	3426619855
	3426619856
	3426619857
	3426619858
	3426619859
	3426619860
	3426619861
	3426619862
	3426619863
	3426619864
	3426619865
	3426619866
	3426619867
	3426619868
	3426619869
	3426619870
	3426619871
	3426619872
	3426619873
	3426619874
	3426619875
	3426619876
	3426619877
	3426619878
	3426619879
	3426619880
	3426619881
	3426619882
	3426619883
	3426619884
	3426619885
	3426619886
	3426619887
	3426619888
	3426619889
	3426619890
	3426619891
	3426619892
	3426619893
	3426619894
	3426619895
	3426619896
	3426619897
	3426619898
	3426619899
	3426619900
	3426619901
	3426619902
	3426619903
	3426619904
	3426619905
	3426619906
	3426619907
	3426619908
	3426619909
	3426619910
	3426619911
	3426619912
	3426619913
	3426619914
	3426619915
	3426619916
	3426619917
	3426619918
	3426619919
	3426619920
	3426619921
	3426619922
	3426619923
	3426619924
	3426619925
	3426619926
	3426619927
	3426619928
	3426619929
	3426619930
	3426619931
	3426619932
	3426619933
	3426619934
	3426619935
	3426619936
	3426619937
	3426619938
	3426619939
	3426619940
	3426619941
	3426619942
	3426619943
	3426619944
	3426619945
	3426619946
	3426619947
	3426619948
	3426619949
	3426619950
	3426619951
	3426619952
	3426619953
	3426619954
	3426619955
	3426619956
	3426619957
	3426619958
	3426619959
	3426619960
	3426619961
	3426619962
	3426619963
	3426619964
	3426619965
	3426619966
	3426619967
	3426619968
	3426619969
	3426619970
	3426619971
	3426619972
	3426619973
	3426619974
	3426619975
	3426619976
	3426619977
	3426619978
	3426619979
	3426619980
	3426619981
	3426619982
	3426619983
	3426619984
	3426619985
	3426619986
	3426619987
	3426619988
	3426619989
	3426619990
	3426619991
	3426619992
	3426619993
	3426619994
	3426619995
	3426619996
	3426619997
	3426619998
	3426619999
	3426620000
	3426620001
	3426620002
	3426620003
	3426620004
	3426620005
	3426620006
	3426620007
	3426620008
	3426620009
	3426620010
	3426620011
	3426620012
	3426620013
	3426620014
	3426620015
	3426620016
	3426620017
	3426620018
	3426620019
	3426620020
	3426620021
	3426620022
	3426620023
	3426620024
	3426620025
	3426620026
	3426620027
	3426620028
	3426620029
	3426620030
	3426620031
	3426620032
	3426620033
	3426620034
	3426620035
	3426620036
	3426620037
	3426620038
	3426620039
	3426620040
	3426620041
	3426620042
	3426620043
	3426620044
	3426620045
	3426620046
	3426620047
	3426620048
	3426620049
	3426620050
	3426620051
	3426620052
	3426620053
	3426620054
	3426620055
	3426620056
	3426620057
	3426620058
	3426620059
	3426620060
	3426620061
	3426620062
	3426620063
	3426620064
	3426620065
	3426620066
	3426620067
	3426620068
	3426620069
	3426620070
	3426620071
	3426620072
	3426620073
	3426620074
	3426620075
	3426620076
	3426620077
	3426620078
	3426620079
	3426620080
	3426620081
	3426620082
	3426620083
	3426620084
	3426620085
	3426620086
	3426620087
	3426620088
	3426620089
	3426620090
	3426620091
	3426620092
	3426620093
	3426620094
	3426620095
	3426620096
	3426620097
	3426620098
	3426620099
	3426620100
	3426620101
	3426620102
	3426620103
	3426620104
	3426620105
	3426620106
	3426620107
	3426620108
	3426620109
	3426620110
	3426620111
	3426620112
	3426620113
	3426620114
	3426620115
	3426620116
	3426620117
	3426620118
	3426620119
	3426620120
	3426620121
	3426620122
	3426620123
	3426620124
	3426620125
	3426620126
	3426620127
	3426620128
	3426620129
	3426620130
	3426620131
	3426620132
	3426620133
	3426620134
	3426620135
	3426620136
	3426620137
	3426620138
	3426620139
	3426620140
	3426620141
	3426620142
	3426620143
	3426620144
	3426620145
	3426620146
	3426620147
	3426620148
	3426620149
	3426620150
	3426620151
	3426620152
	3426620153
	3426620154
	3426620155
	3426620156
	3426620157
	3426620158
	3426620159
	3426620160
	3426620161
	3426620162
	3426620163
	3426620164
	3426620165
	3426620166
	3426620167
	3426620168
	3426620169
	3426620170
	3426620171
	3426620172
	3426620173
	3426620174
	3426620175
	3426620176
	3426620177
	3426620178
	3426620179
	3426620180
	3426620181
	3426620182
	3426620183
	3426620184
	3426620185
	3426620186
	3426620187
	3426620188
	3426620189
	3426620190
	3426620191
	3426620192
	3426620193
	3426620194
	3426620195
	3426620196
	3426620197
	3426620198
	3426620199
	3426620200
	3426620201
	3426620202
	3426620203
	3426620204
	3426620205
	3426620206
	3426620207
	3426620208
	3426620209
	3426620210
	3426620211
	3426620212
	3426620213
	3426620214
	3426620215
	3426620216
	3426620217
	3426620218
	3426620219
	3426620220
	3426620221
	3426620222
	3426620223
	3426620224
	3426620225
	3426620226
	3426620227
	3426620228
	3426620229
	3426620230
	3426620231
	3426620232
	3426620233
	3426620234
	3426620235
	3426620236
	3426620237
	3426620238
	3426620239
	3426620240
	3426620241
	3426620242
	3426620243
	3426620244
	3426620245
	3426620246
	3426620247
	3426620248
	3426620249
	3426620250
	3426620251
	3426620252
	3426620253
	3426620254
	3426620255
	3426620256
	3426620257
	3426620258
	3426620259
	3426620260
	3426620261
	3426620262
	3426620263
	3426620264
	3426620265
	3426620266
	3426620267
	3426620268
	3426620269
	3426620270
	3426620271
	3426620272
	3426620273
	3426620274
	3426620275
	3426620276
	3426620277
	3426620278
	3426620279
	3426620280
	3426620281
	3426620282
	3426620283
	3426620284
	3426620285
	3426620286
	3426620287
	3426620288
	3426620289
	3426620290
	3426620291
	3426620292
	3426620293
	3426620294
	3426620295
	3426620296
	3426620297
	3426620298
	3426620299
	3426620300
	3426620301
	3426620302
	3426620303
	3426620304
	3426620305
	3426620306
	3426620307
	3426620308
	3426620309
	3426620310
	3426620311
	3426620312
	3426620313
	3426620314
	3426620315
	3426620316
	3426620317
	3426620318
	3426620319
	3426620320
	3426620321
	3426620322
	3426620323
	3426620324
	3426620325
	3426620326
	3426620327
	3426620328
	3426620329
	3426620330
	3426620331
	3426620332
	3426620333
	3426620334
	3426620335
	3426620336
	3426620337
	3426620338
	3426620339
	3426620340
	3426620341
	3426620342
	3426620343
	3426620344
	3426620345
	3426620346
	3426620347
	3426620348
	3426620349
	3426620350
	3426620351
	3426620352
	3426620353
	3426620354
	3426620355
	3426620356
	3426620357
	3426620358
	3426620359
	3426620360
	3426620361
	3426620362
	3426620363
	3426620364
	3426620365
	3426620366
	3426620367
	3426620368
	3426620369
	3426620370
	3426620371
	3426620372
	3426620373
	3426620374
	3426620375
	3426620376
	3426620377
	3426620378
	3426620379
	3426620380
	3426620381
	3426620382
	3426620383
	3426620384
	3426620385
	3426620386
	3426620387
	3426620388
	3426620389
	3426620390
	3426620391
	3426620392
	3426620393
	3426620394
	3426620395
	3426620396
	3426620397
	3426620398
	3426620399
	3426620400
	3426620401
	3426620402
	3426620403
	3426620404
	3426620405
	3426620406
	3426620407
	3426620408
	3426620409
	3426620410
	3426620411
	3426620412
	3426620413
	3426620414
	3426620415
	3426620416
	3426620417
	3426620418
	3426620419
	3426620420
	3426620421
	3426620422
	3426620423
	3426620424
	3426620425
	3426620426
	3426620427
	3426620428
	3426620429
	3426620430
	3426620431
	3426620432
	3426620433
	3426620434
	3426620435
	3426620436
	3426620437
	3426620438
	3426620439
	3426620440
	3426620441
	3426620442
	3426620443
	3426620444
	3426620445
	3426620446
	3426620447
	3426620448
	3426620449
	3426620450
	3426620451
	3426620452
	3426620453
	3426620454
	3426620455
	3426620456
	3426620457
	3426620458
	3426620459
	3426620460
	3426620461
	3426620462
	3426620463
	3426620464
	3426620465
	3426620466
	3426620467
	3426620468
	3426620469
	3426620470
	3426620471
	3426620472
	3426620473
	3426620474
	3426620475
	3426620476
	3426620477
	3426620478
	3426620479
	3426620480
	3426620481
	3426620482
	3426620483
	3426620484
	3426620485
	3426620486
	3426620487
	3426620488
	3426620489
	3426620490
	3426620491
	3426620492
	3426620493
	3426620494
	3426620495
	3426620496
	3426620497
	3426620498
	3426620499
	3426620500
	3426620501
	3426620502
	3426620503
	3426620504
	3426620505
	3426620506
	3426620507
	3426620508
	3426620509
	3426620510
	3426620511
	3426620512
	3426620513
	3426620514
	3426620515
	3426620516
	3426620517
	3426620518
	3426620519
	3426620520
	3426620521
	3426620522
	3426620523
	3426620524
	3426620525
	3426620526
	3426620527
	3426620528
	3426620529
	3426620530
	3426620531
	3426620532
	3426620533
	3426620534
	3426620535
	3426620536
	3426620537
	3426620538
	3426620539
	3426620540
	3426620541
	3426620542
	3426620543
	3426620544
	3426620545
	3426620546
	3426620547
	3426620548
	3426620549
	3426620550
	3426620551
	3426620552
	3426620553
	3426620554
	3426620555
	3426620556
	3426620557
	3426620558
	3426620559
	3426620560
	3426620561
	3426620562
	3426620563
	3426620564
	3426620565
	3426620566
	3426620567
	3426620568
	3426620569
	3426620570
	3426620571
	3426620572
	3426620573
	3426620574
	3426620575
	3426620576
	3426620577
	3426620578
	3426620579
	3426620580
	3426620581
	3426620582
	3426620583
	3426620584
	3426620585
	3426620586
	3426620587
	3426620588
	3426620589
	3426620590
	3426620591
	3426620592
	3426620593
	3426620594
	3426620595
	3426620596
	3426620597
	3426620598
	3426620599
	3426620600
	3426620601
	3426620602
	3426620603
	3426620604
	3426620605
	3426620606
	3426620607
	3426620608
	3426620609
	3426620610
	3426620611
	3426620612
	3426620613
	3426620614
	3426620615
	3426620616
	3426620617
	3426620618
	3426620619
	3426620620
	3426620621
	3426620622
	3426620623
	3426620624
	3426620625
	3426620626
	3426620627
	3426620628
	3426620629
	3426620630
	3426620631
	3426620632
	3426620633
	3426620634
	3426620635
	3426620636
	3426620637
	3426620638
	3426620639
	3426620640
	3426620641
	3426620642
	3426620643
	3426620644
	3426620645
	3426620646
	3426620647
	3426620648
	3426620649
	3426620650
	3426620651
	3426620652
	3426620653
	3426620654
	3426620655
	3426620656
	3426620657
	3426620658
	3426620659
	3426620660
	3426620661
	3426620662
	3426620663
	3426620664
	3426620665
	3426620666
	3426620667
	3426620668
	3426620669
	3426620670
	3426620671
	3426620672
	3426620673
	3426620674
	3426620675
	3426620676
	3426620677
	3426620678
	3426620679
	3426620680
	3426620681
	3426620682
	3426620683
	3426620684
	3426620685
	3426620686
	3426620687
	3426620688
	3426620689
	3426620690
	3426620691
	3426620692
	3426620693
	3426620694
	3426620695
	3426620696
	3426620697
	3426620698
	3426620699
	3426620700
	3426620701
	3426620702
	3426620703
	3426620704
	3426620705
	3426620706
	3426620707
	3426620708
	3426620709
	3426620710
	3426620711
	3426620712
	3426620713
	3426620714
	3426620715
	3426620716
	3426620717
	3426620718
	3426620719
	3426620720
	3426620721
	3426620722
	3426620723
	3426620724
	3426620725
	3426620726
	3426620727
	3426620728
	3426620729
	3426620730
	3426620731
	3426620732
	3426620733
	3426620734
	3426620735
	3426620736
	3426620737
	3426620738
	3426620739
	3426620740
	3426620741
	3426620742
	3426620743
	3426620744
	3426620745
	3426620746
	3426620747
	3426620748
	3426620749
	3426620750
	3426620751
	3426620752
	3426620753
	3426620754
	3426620755
	3426620756
	3426620757
	3426620758
	3426620759
	3426620760
	3426620761
	3426620762
	3426620763
	3426620764
	3426620765
	3426620766
	3426620767
	3426620768
	3426620769
	3426620770
	3426620771
	3426620772
	3426620773
	3426620774
	3426620775
	3426620776
	3426620777
	3426620778
	3426620779
	3426620780
	3426620781
	3426620782
	3426620783
	3426620784
	3426620785
	3426620786
	3426620787
	3426620788
	3426620789
	3426620790
	3426620791
	3426620792
	3426620793
	3426620794
	3426620795
	3426620796
	3426620797
	3426620798
	3426620799
	3426620800
	3426620801
	3426620802
	3426620803
	3426620804
	3426620805
	3426620806
	3426620807
	3426620808
	3426620809
	3426620810
	3426620811
	3426620812
	3426620813
	3426620814
	3426620815
	3426620816
	3426620817
	3426620818
	3426620819
	3426620820
	3426620821
	3426620822
	3426620823
	3426620824
	3426620825
	3426620826
	3426620827
	3426620828
	3426620829
	3426620830
	3426620831
	3426620832
	3426620833
	3426620834
	3426620835
	3426620836
	3426620837
	3426620838
	3426620839
	3426620840
	3426620841
	3426620842
	3426620843
	3426620844
	3426620845
	3426620846
	3426620847
	3426620848
	3426620849
	3426620850
	3426620851
	3426620852
	3426620853
	3426620854
	3426620855
	3426620856
	3426620857
	3426620858
	3426620859
	3426620860
	3426620861
	3426620862
	3426620863
	3426620864
	3426620865
	3426620866
	3426620867
	3426620868
	3426620869
	3426620870
	3426620871
	3426620872
	3426620873
	3426620874
	3426620875
	3426620876
	3426620877
	3426620878
	3426620879
	3426620880
	3426620881
	3426620882
	3426620883
	3426620884
	3426620885
	3426620886
	3426620887
	3426620888
	3426620889
	3426620890
	3426620891
	3426620892
	3426620893
	3426620894
	3426620895
	3426620896
	3426620897
	3426620898
	3426620899
	3426620900
	3426620901
	3426620902
	3426620903
	3426620904
	3426620905
	3426620906
	3426620907
	3426620908
	3426620909
	3426620910
	3426620911
	3426620912
	3426620913
	3426620914
	3426620915
	3426620916
	3426620917
	3426620918
	3426620919
	3426620920
	3426620921
	3426620922
	3426620923
	3426620924
	3426620925
	3426620926
	3426620927
	3426620928
	3426620929
	3426620930
	3426620931
	3426620932
	3426620933
	3426620934
	3426620935
	3426620936
	3426620937
	3426620938
	3426620939
	3426620940
	3426620941
	3426620942
	3426620943
	3426620944
	3426620945
	3426620946
	3426620947
	3426620948
	3426620949
	3426620950
	3426620951
	3426620952
	3426620953
	3426620954
	3426620955
	3426620956
	3426620957
	3426620958
	3426620959
	3426620960
	3426620961
	3426620962
	3426620963
	3426620964
	3426620965
	3426620966
	3426620967
	3426620968
	3426620969
	3426620970
	3426620971
	3426620972
	3426620973
	3426620974
	3426620975
	3426620976
	3426620977
	3426620978
	3426620979
	3426620980
	3426620981
	3426620982
	3426620983
	3426620984
	3426620985
	3426620986
	3426620987
	3426620988
	3426620989
	3426620990
	3426620991
	3426620992
	3426620993
	3426620994
	3426620995
	3426620996
	3426620997
	3426620998
	3426620999
	3426621000
	3426621001
	3426621002
	3426621003
	3426621004
	3426621005
	3426621006
	3426621007
	3426621008
	3426621009
	3426621010
	3426621011
	3426621012
	3426621013
	3426621014
	3426621015
	3426621016
	3426621017
	3426621018
	3426621019
	3426621020
	3426621021
	3426621022
	3426621023
	3426621024
	3426621025
	3426621026
	3426621027
	3426621028
	3426621029
	3426621030
	3426621031
	3426621032
	3426621033
	3426621034
	3426621035
	3426621036
	3426621037
	3426621038
	3426621039
	3426621040
	3426621041
	3426621042
	3426621043
	3426621044
	3426621045
	3426621046
	3426621047
	3426621048
	3426621049
	3426621050
	3426621051
	3426621052
	3426621053
	3426621054
	3426621055
	3426621056
	3426621057
	3426621058
	3426621059
	3426621060
	3426621061
	3426621062
	3426621063
	3426621064
	3426621065
	3426621066
	3426621067
	3426621068
	3426621069
	3426621070
	3426621071
	3426621072
	3426621073
	3426621074
	3426621075
	3426621076
	3426621077
	3426621078
	3426621079
	3426621080
	3426621081
	3426621082
	3426621083
	3426621084
	3426621085
	3426621086
	3426621087
	3426621088
	3426621089
	3426621090
	3426621091
	3426621092
	3426621093
	3426621094
	3426621095
	3426621096
	3426621097
	3426621098
	3426621099
	3426621100
	3426621101
	3426621102
	3426621103
	3426621104
	3426621105
	3426621106
	3426621107
	3426621108
	3426621109
	3426621110
	3426621111
	3426621112
	3426621113
	3426621114
	3426621115
	3426621116
	3426621117
	3426621118
	3426621119
	3426621120
	3426621121
	3426621122
	3426621123
	3426621124
	3426621125
	3426621126
	3426621127
	3426621128
	3426621129
	3426621130
	3426621131
	3426621132
	3426621133
	3426621134
	3426621135
	3426621136
	3426621137
	3426621138
	3426621139
	3426621140
	3426621141
	3426621142
	3426621143
	3426621144
	3426621145
	3426621146
	3426621147
	3426621148
	3426621149
	3426621150
	3426621151
	3426621152
	3426621153
	3426621154
	3426621155
	3426621156
	3426621157
	3426621158
	3426621159
	3426621160
	3426621161
	3426621162
	3426621163
	3426621164
	3426621165
	3426621166
	3426621167
	3426621168
	3426621169
	3426621170
	3426621171
	3426621172
	3426621173
	3426621174
	3426621175
	3426621176
	3426621177
	3426621178
	3426621179
	3426621180
	3426621181
	3426621182
	3426621183
	3426621184
	3426621185
	3426621186
	3426621187
	3426621188
	3426621189
	3426621190
	3426621191
	3426621192
	3426621193
	3426621194
	3426621195
	3426621196
	3426621197
	3426621198
	3426621199
	3426621200
	3426621201
	3426621202
	3426621203
	3426621204
	3426621205
	3426621206
	3426621207
	3426621208
	3426621209
	3426621210
	3426621211
	3426621212
	3426621213
	3426621214
	3426621215
	3426621216
	3426621217
	3426621218
	3426621219
	3426621220
	3426621221
	3426621222
	3426621223
	3426621224
	3426621225
	3426621226
	3426621227
	3426621228
	3426621229
	3426621230
	3426621231
	3426621232
	3426621233
	3426621234
	3426621235
	3426621236
	3426621237
	3426621238
	3426621239
	3426621240
	3426621241
	3426621242
	3426621243
	3426621244
	3426621245
	3426621246
	3426621247
	3426621248
	3426621249
	3426621250
	3426621251
	3426621252
	3426621253
	3426621254
	3426621255
	3426621256
	3426621257
	3426621258
	3426621259
	3426621260
	3426621261
	3426621262
	3426621263
	3426621264
	3426621265
	3426621266
	3426621267
	3426621268
	3426621269
	3426621270
	3426621271
	3426621272
	3426621273
	3426621274
	3426621275
	3426621276
	3426621277
	3426621278
	3426621279
	3426621280
	3426621281
	3426621282
	3426621283
	3426621284
	3426621285
	3426621286
	3426621287
	3426621288
	3426621289
	3426621290
	3426621291
	3426621292
	3426621293
	3426621294
	3426621295
	3426621296
	3426621297
	3426621298
	3426621299
	3426621300
	3426621301
	3426621302
	3426621303
	3426621304
	3426621305
	3426621306
	3426621307
	3426621308
	3426621309
	3426621310
	3426621311
	3426621312
	3426621313
	3426621314
	3426621315
	3426621316
	3426621317
	3426621318
	3426621319
	3426621320
	3426621321
	3426621322
	3426621323
	3426621324
	3426621325
	3426621326
	3426621327
	3426621328
	3426621329
	3426621330
	3426621331
	3426621332
	3426621333
	3426621334
	3426621335
	3426621336
	3426621337
	3426621338
	3426621339
	3426621340
	3426621341
	3426621342
	3426621343
	3426621344
	3426621345
	3426621346
	3426621347
	3426621348
	3426621349
	3426621350
	3426621351
	3426621352
	3426621353
	3426621354
	3426621355
	3426621356
	3426621357
	3426621358
	3426621359
	3426621360
	3426621361
	3426621362
	3426621363
	3426621364
	3426621365
	3426621366
	3426621367
	3426621368
	3426621369
	3426621370
	3426621371
	3426621372
	3426621373
	3426621374
	3426621375
	3426621376
	3426621377
	3426621378
	3426621379
	3426621380
	3426621381
	3426621382
	3426621383
	3426621384
	3426621385
	3426621386
	3426621387
	3426621388
	3426621389
	3426621390
	3426621391
	3426621392
	3426621393
	3426621394
	3426621395
	3426621396
	3426621397
	3426621398
	3426621399
	3426621400
	3426621401
	3426621402
	3426621403
	3426621404
	3426621405
	3426621406
	3426621407
	3426621408
	3426621409
	3426621410
	3426621411
	3426621412
	3426621413
	3426621414
	3426621415
	3426621416
	3426621417
	3426621418
	3426621419
	3426621420
	3426621421
	3426621422
	3426621423
	3426621424
	3426621425
	3426621426
	3426621427
	3426621428
	3426621429
	3426621430
	3426621431
	3426621432
	3426621433
	3426621434
	3426621435
	3426621436
	3426621437
	3426621438
	3426621439
	3426621440
	3426621441
	3426621442
	3426621443
	3426621444
	3426621445
	3426621446
	3426621447
	3426621448
	3426621449
	3426621450
	3426621451
	3426621452
	3426621453
	3426621454
	3426621455
	3426621456
	3426621457
	3426621458
	3426621459
	3426621460
	3426621461
	3426621462
	3426621463
	3426621464
	3426621465
	3426621466
	3426621467
	3426621468
	3426621469
	3426621470
	3426621471
	3426621472
	3426621473
	3426621474
	3426621475
	3426621476
	3426621477
	3426621478
	3426621479
	3426621480
	3426621481
	3426621482
	3426621483
	3426621484
	3426621485
	3426621486
	3426621487
	3426621488
	3426621489
	3426621490
	3426621491
	3426621492
	3426621493
	3426621494
	3426621495
	3426621496
	3426621497
	3426621498
	3426621499
	3426621500
	3426621501
	3426621502
	3426621503
	3426621504
	3426621505
	3426621506
	3426621507
	3426621508
	3426621509
	3426621510
	3426621511
	3426621512
	3426621513
	3426621514
	3426621515
	3426621516
	3426621517
	3426621518
	3426621519
	3426621520
	3426621521
	3426621522
	3426621523
	3426621524
	3426621525
	3426621526
	3426621527
	3426621528
	3426621529
	3426621530
	3426621531
	3426621532
	3426621533
	3426621534
	3426621535
	3426621536
	3426621537
	3426621538
	3426621539
	3426621540
	3426621541
	3426621542
	3426621543
	3426621544
	3426621545
	3426621546
	3426621547
	3426621548
	3426621549
	3426621550
	3426621551
	3426621552
	3426621553
	3426621554
	3426621555
	3426621556
	3426621557
	3426621558
	3426621559
	3426621560
	3426621561
	3426621562
	3426621563
	3426621564
	3426621565
	3426621566
	3426621567
	3426621568
	3426621569
	3426621570
	3426621571
	3426621572
	3426621573
	3426621574
	3426621575
	3426621576
	3426621577
	3426621578
	3426621579
	3426621580
	3426621581
	3426621582
	3426621583
	3426621584
	3426621585
	3426621586
	3426621587
	3426621588
	3426621589
	3426621590
	3426621591
	3426621592
	3426621593
	3426621594
	3426621595
	3426621596
	3426621597
	3426621598
	3426621599
	3426621600
	3426621601
	3426621602
	3426621603
	3426621604
	3426621605
	3426621606
	3426621607
	3426621608
	3426621609
	3426621610
	3426621611
	3426621612
	3426621613
	3426621614
	3426621615
	3426621616
	3426621617
	3426621618
	3426621619
	3426621620
	3426621621
	3426621622
	3426621623
	3426621624
	3426621625
	3426621626
	3426621627
	3426621628
	3426621629
	3426621630
	3426621631
	3426621632
	3426621633
	3426621634
	3426621635
	3426621636
	3426621637
	3426621638
	3426621639
	3426621640
	3426621641
	3426621642
	3426621643
	3426621644
	3426621645
	3426621646
	3426621647
	3426621648
	3426621649
	3426621650
	3426621651
	3426621652
	3426621653
	3426621654
	3426621655
	3426621656
	3426621657
	3426621658
	3426621659
	3426621660
	3426621661
	3426621662
	3426621663
	3426621664
	3426621665
	3426621666
	3426621667
	3426621668
	3426621669
	3426621670
	3426621671
	3426621672
	3426621673
	3426621674
	3426621675
	3426621676
	3426621677
	3426621678
	3426621679
	3426621680
	3426621681
	3426621682
	3426621683
	3426621684
	3426621685
	3426621686
	3426621687
	3426621688
	3426621689
	3426621690
	3426621691
	3426621692
	3426621693
	3426621694
	3426621695
	3426621696
	3426621697
	3426621698
	3426621699
	3426621700
	3426621701
	3426621702
	3426621703
	3426621704
	3426621705
	3426621706
	3426621707
	3426621708
	3426621709
	3426621710
	3426621711
	3426621712
	3426621713
	3426621714
	3426621715
	3426621716
	3426621717
	3426621718
	3426621719
	3426621720
	3426621721
	3426621722
	3426621723
	3426621724
	3426621725
	3426621726
	3426621727
	3426621728
	3426621729
	3426621730
	3426621731
	3426621732
	3426621733
	3426621734
	3426621735
	3426621736
	3426621737
	3426621738
	3426621739
	3426621740
	3426621741
	3426621742
	3426621743
	3426621744
	3426621745
	3426621746
	3426621747
	3426621748
	3426621749
	3426621750
	3426621751
	3426621752
	3426621753
	3426621754
	3426621755
	3426621756
	3426621757
	3426621758
	3426621759
	3426621760
	3426621761
	3426621762
	3426621763
	3426621764
	3426621765
	3426621766
	3426621767
	3426621768
	3426621769
	3426621770
	3426621771
	3426621772
	3426621773
	3426621774
	3426621775
	3426621776
	3426621777
	3426621778
	3426621779
	3426621780
	3426621781
	3426621782
	3426621783
	3426621784
	3426621785
	3426621786
	3426621787
	3426621788
	3426621789
	3426621790
	3426621791
	3426621792
	3426621793
	3426621794
	3426621795
	3426621796
	3426621797
	3426621798
	3426621799
	3426621800
	3426621801
	3426621802
	3426621803
	3426621804
	3426621805
	3426621806
	3426621807
	3426621808
	3426621809
	3426621810
	3426621811
	3426621812
	3426621813
	3426621814
	3426621815
	3426621816
	3426621817
	3426621818
	3426621819
	3426621820
	3426621821
	3426621822
	3426621823
	3426621824
	3426621825
	3426621826
	3426621827
	3426621828
	3426621829
	3426621830
	3426621831
	3426621832
	3426621833
	3426621834
	3426621835
	3426621836
	3426621837
	3426621838
	3426621839
	3426621840
	3426621841
	3426621842
	3426621843
	3426621844
	3426621845
	3426621846
	3426621847
	3426621848
	3426621849
	3426621850
	3426621851
	3426621852
	3426621853
	3426621854
	3426621855
	3426621856
	3426621857
	3426621858
	3426621859
	3426621860
	3426621861
	3426621862
	3426621863
	3426621864
	3426621865
	3426621866
	3426621867
	3426621868
	3426621869
	3426621870
	3426621871
	3426621872
	3426621873
	3426621874
	3426621875
	3426621876
	3426621877
	3426621878
	3426621879
	3426621880
	3426621881
	3426621882
	3426621883
	3426621884
	3426621885
	3426621886
	3426621887
	3426621888
	3426621889
	3426621890
	3426621891
	3426621892
	3426621893
	3426621894
	3426621895
	3426621896
	3426621897
	3426621898
	3426621899
	3426621900
	3426621901
	3426621902
	3426621903
	3426621904
	3426621905
	3426621906
	3426621907
	3426621908
	3426621909
	3426621910
	3426621911
	3426621912
	3426621913
	3426621914
	3426621915
	3426621916
	3426621917
	3426621918
	3426621919
	3426621920
	3426621921
	3426621922
	3426621923
	3426621924
	3426621925
	3426621926
	3426621927
	3426621928
	3426621929
	3426621930
	3426621931
	3426621932
	3426621933
	3426621934
	3426621935
	3426621936
	3426621937
	3426621938
	3426621939
	3426621940
	3426621941
	3426621942
	3426621943
	3426621944
	3426621945
	3426621946
	3426621947
	3426621948
	3426621949
	3426621950
	3426621951
	3426621952
	3426621953
	3426621954
	3426621955
	3426621956
	3426621957
	3426621958
	3426621959
	3426621960
	3426621961
	3426621962
	3426621963
	3426621964
	3426621965
	3426621966
	3426621967
	3426621968
	3426621969
	3426621970
	3426621971
	3426621972
	3426621973
	3426621974
	3426621975
	3426621976
	3426621977
	3426621978
	3426621979
	3426621980
	3426621981
	3426621982
	3426621983
	3426621984
	3426621985
	3426621986
	3426621987
	3426621988
	3426621989
	3426621990
	3426621991
	3426621992
	3426621993
	3426621994
	3426621995
	3426621996
	3426621997
	3426621998
	3426621999
	3426622000
	3426622001
	3426622002
	3426622003
	3426622004
	3426622005
	3426622006
	3426622007
	3426622008
	3426622009
	3426622010
	3426622011
	3426622012
	3426622013
	3426622014
	3426622015
	3426622016
	3426622017
	3426622018
	3426622019
	3426622020
	3426622021
	3426622022
	3426622023
	3426622024
	3426622025
	3426622026
	3426622027
	3426622028
	3426622029
	3426622030
	3426622031
	3426622032
	3426622033
	3426622034
	3426622035
	3426622036
	3426622037
	3426622038
	3426622039
	3426622040
	3426622041
	3426622042
	3426622043
	3426622044
	3426622045
	3426622046
	3426622047
	3426622048
	3426622049
	3426622050
	3426622051
	3426622052
	3426622053
	3426622054
	3426622055
	3426622056
	3426622057
	3426622058
	3426622059
	3426622060
	3426622061
	3426622062
	3426622063
	3426622064
	3426622065
	3426622066
	3426622067
	3426622068
	3426622069
	3426622070
	3426622071
	3426622072
	3426622073
	3426622074
	3426622075
	3426622076
	3426622077
	3426622078
	3426622079
	3426622080
	3426622081
	3426622082
	3426622083
	3426622084
	3426622085
	3426622086
	3426622087
	3426622088
	3426622089
	3426622090
	3426622091
	3426622092
	3426622093
	3426622094
	3426622095
	3426622096
	3426622097
	3426622098
	3426622099
	3426622100
	3426622101
	3426622102
	3426622103
	3426622104
	3426622105
	3426622106
	3426622107
	3426622108
	3426622109
	3426622110
	3426622111
	3426622112
	3426622113
	3426622114
	3426622115
	3426622116
	3426622117
	3426622118
	3426622119
	3426622120
	3426622121
	3426622122
	3426622123
	3426622124
	3426622125
	3426622126
	3426622127
	3426622128
	3426622129
	3426622130
	3426622131
	3426622132
	3426622133
	3426622134
	3426622135
	3426622136
	3426622137
	3426622138
	3426622139
	3426622140
	3426622141
	3426622142
	3426622143
	3426622144
	3426622145
	3426622146
	3426622147
	3426622148
	3426622149
	3426622150
	3426622151
	3426622152
	3426622153
	3426622154
	3426622155
	3426622156
	3426622157
	3426622158
	3426622159
	3426622160
	3426622161
	3426622162
	3426622163
	3426622164
	3426622165
	3426622166
	3426622167
	3426622168
	3426622169
	3426622170
	3426622171
	3426622172
	3426622173
	3426622174
	3426622175
	3426622176
	3426622177
	3426622178
	3426622179
	3426622180
	3426622181
	3426622182
	3426622183
	3426622184
	3426622185
	3426622186
	3426622187
	3426622188
	3426622189
	3426622190
	3426622191
	3426622192
	3426622193
	3426622194
	3426622195
	3426622196
	3426622197
	3426622198
	3426622199
	3426622200
	3426622201
	3426622202
	3426622203
	3426622204
	3426622205
	3426622206
	3426622207
	3426622208
	3426622209
	3426622210
	3426622211
	3426622212
	3426622213
	3426622214
	3426622215
	3426622216
	3426622217
	3426622218
	3426622219
	3426622220
	3426622221
	3426622222
	3426622223
	3426622224
	3426622225
	3426622226
	3426622227
	3426622228
	3426622229
	3426622230
	3426622231
	3426622232
	3426622233
	3426622234
	3426622235
	3426622236
	3426622237
	3426622238
	3426622239
	3426622240
	3426622241
	3426622242
	3426622243
	3426622244
	3426622245
	3426622246
	3426622247
	3426622248
	3426622249
	3426622250
	3426622251
	3426622252
	3426622253
	3426622254
	3426622255
	3426622256
	3426622257
	3426622258
	3426622259
	3426622260
	3426622261
	3426622262
	3426622263
	3426622264
	3426622265
	3426622266
	3426622267
	3426622268
	3426622269
	3426622270
	3426622271
	3426622272
	3426622273
	3426622274
	3426622275
	3426622276
	3426622277
	3426622278
	3426622279
	3426622280
	3426622281
	3426622282
	3426622283
	3426622284
	3426622285
	3426622286
	3426622287
	3426622288
	3426622289
	3426622290
	3426622291
	3426622292
	3426622293
	3426622294
	3426622295
	3426622296
	3426622297
	3426622298
	3426622299
	3426622300
	3426622301
	3426622302
	3426622303
	3426622304
	3426622305
	3426622306
	3426622307
	3426622308
	3426622309
	3426622310
	3426622311
	3426622312
	3426622313
	3426622314
	3426622315
	3426622316
	3426622317
	3426622318
	3426622319
	3426622320
	3426622321
	3426622322
	3426622323
	3426622324
	3426622325
	3426622326
	3426622327
	3426622328
	3426622329
	3426622330
	3426622331
	3426622332
	3426622333
	3426622334
	3426622335
	3426622336
	3426622337
	3426622338
	3426622339
	3426622340
	3426622341
	3426622342
	3426622343
	3426622344
	3426622345
	3426622346
	3426622347
	3426622348
	3426622349
	3426622350
	3426622351
	3426622352
	3426622353
	3426622354
	3426622355
	3426622356
	3426622357
	3426622358
	3426622359
	3426622360
	3426622361
	3426622362
	3426622363
	3426622364
	3426622365
	3426622366
	3426622367
	3426622368
	3426622369
	3426622370
	3426622371
	3426622372
	3426622373
	3426622374
	3426622375
	3426622376
	3426622377
	3426622378
	3426622379
	3426622380
	3426622381
	3426622382
	3426622383
	3426622384
	3426622385
	3426622386
	3426622387
	3426622388
	3426622389
	3426622390
	3426622391
	3426622392
	3426622393
	3426622394
	3426622395
	3426622396
	3426622397
	3426622398
	3426622399
	3426622400
	3426622401
	3426622402
	3426622403
	3426622404
	3426622405
	3426622406
	3426622407
	3426622408
	3426622409
	3426622410
	3426622411
	3426622412
	3426622413
	3426622414
	3426622415
	3426622416
	3426622417
	3426622418
	3426622419
	3426622420
	3426622421
	3426622422
	3426622423
	3426622424
	3426622425
	3426622426
	3426622427
	3426622428
	3426622429
	3426622430
	3426622431
	3426622432
	3426622433
	3426622434
	3426622435
	3426622436
	3426622437
	3426622438
	3426622439
	3426622440
	3426622441
	3426622442
	3426622443
	3426622444
	3426622445
	3426622446
	3426622447
	3426622448
	3426622449
	3426622450
	3426622451
	3426622452
	3426622453
	3426622454
	3426622455
	3426622456
	3426622457
	3426622458
	3426622459
	3426622460
	3426622461
	3426622462
	3426622463
	3426622464
	3426622465
	3426622466
	3426622467
	3426622468
	3426622469
	3426622470
	3426622471
	3426622472
	3426622473
	3426622474
	3426622475
	3426622476
	3426622477
	3426622478
	3426622479
	3426622480
	3426622481
	3426622482
	3426622483
	3426622484
	3426622485
	3426622486
	3426622487
	3426622488
	3426622489
	3426622490
	3426622491
	3426622492
	3426622493
	3426622494
	3426622495
	3426622496
	3426622497
	3426622498
	3426622499
	3426622500
	3426622501
	3426622502
	3426622503
	3426622504
	3426622505
	3426622506
	3426622507
	3426622508
	3426622509
	3426622510
	3426622511
	3426622512
	3426622513
	3426622514
	3426622515
	3426622516
	3426622517
	3426622518
	3426622519
	3426622520
	3426622521
	3426622522
	3426622523
	3426622524
	3426622525
	3426622526
	3426622527
	3426622528
	3426622529
	3426622530
	3426622531
	3426622532
	3426622533
	3426622534
	3426622535
	3426622536
	3426622537
	3426622538
	3426622539
	3426622540
	3426622541
	3426622542
	3426622543
	3426622544
	3426622545
	3426622546
	3426622547
	3426622548
	3426622549
	3426622550
	3426622551
	3426622552
	3426622553
	3426622554
	3426622555
	3426622556
	3426622557
	3426622558
	3426622559
	3426622560
	3426622561
	3426622562
	3426622563
	3426622564
	3426622565
	3426622566
	3426622567
	3426622568
	3426622569
	3426622570
	3426622571
	3426622572
	3426622573
	3426622574
	3426622575
	3426622576
	3426622577
	3426622578
	3426622579
	3426622580
	3426622581
	3426622582
	3426622583
	3426622584
	3426622585
	3426622586
	3426622587
	3426622588
	3426622589
	3426622590
	3426622591
	3426622592
	3426622593
	3426622594
	3426622595
	3426622596
	3426622597
	3426622598
	3426622599
	3426622600
	3426622601
	3426622602
	3426622603
	3426622604
	3426622605
	3426622606
	3426622607
	3426622608
	3426622609
	3426622610
	3426622611
	3426622612
	3426622613
	3426622614
	3426622615
	3426622616
	3426622617
	3426622618
	3426622619
	3426622620
	3426622621
	3426622622
	3426622623
	3426622624
	3426622625
	3426622626
	3426622627
	3426622628
	3426622629
	3426622630
	3426622631
	3426622632
	3426622633
	3426622634
	3426622635
	3426622636
	3426622637
	3426622638
	3426622639
	3426622640
	3426622641
	3426622642
	3426622643
	3426622644
	3426622645
	3426622646
	3426622647
	3426622648
	3426622649
	3426622650
	3426622651
	3426622652
	3426622653
	3426622654
	3426622655
	3426622656
	3426622657
	3426622658
	3426622659
	3426622660
	3426622661
	3426622662
	3426622663
	3426622664
	3426622665
	3426622666
	3426622667
	3426622668
	3426622669
	3426622670
	3426622671
	3426622672
	3426622673
	3426622674
	3426622675
	3426622676
	3426622677
	3426622678
	3426622679
	3426622680
	3426622681
	3426622682
	3426622683
	3426622684
	3426622685
	3426622686
	3426622687
	3426622688
	3426622689
	3426622690
	3426622691
	3426622692
	3426622693
	3426622694
	3426622695
	3426622696
	3426622697
	3426622698
	3426622699
	3426622700
	3426622701
	3426622702
	3426622703
	3426622704
	3426622705
	3426622706
	3426622707
	3426622708
	3426622709
	3426622710
	3426622711
	3426622712
	3426622713
	3426622714
	3426622715
	3426622716
	3426622717
	3426622718
	3426622719
	3426622720
	3426622721
	3426622722
	3426622723
	3426622724
	3426622725
	3426622726
	3426622727
	3426622728
	3426622729
	3426622730
	3426622731
	3426622732
	3426622733
	3426622734
	3426622735
	3426622736
	3426622737
	3426622738
	3426622739
	3426622740
	3426622741
	3426622742
	3426622743
	3426622744
	3426622745
	3426622746
	3426622747
	3426622748
	3426622749
	3426622750
	3426622751
	3426622752
	3426622753
	3426622754
	3426622755
	3426622756
	3426622757
	3426622758
	3426622759
	3426622760
	3426622761
	3426622762
	3426622763
	3426622764
	3426622765
	3426622766
	3426622767
	3426622768
	3426622769
	3426622770
	3426622771
	3426622772
	3426622773
	3426622774
	3426622775
	3426622776
	3426622777
	3426622778
	3426622779
	3426622780
	3426622781
	3426622782
	3426622783
	3426622784
	3426622785
	3426622786
	3426622787
	3426622788
	3426622789
	3426622790
	3426622791
	3426622792
	3426622793
	3426622794
	3426622795
	3426622796
	3426622797
	3426622798
	3426622799
	3426622800
	3426622801
	3426622802
	3426622803
	3426622804
	3426622805
	3426622806
	3426622807
	3426622808
	3426622809
	3426622810
	3426622811
	3426622812
	3426622813
	3426622814
	3426622815
	3426622816
	3426622817
	3426622818
	3426622819
	3426622820
	3426622821
	3426622822
	3426622823
	3426622824
	3426622825
	3426622826
	3426622827
	3426622828
	3426622829
	3426622830
	3426622831
	3426622832
	3426622833
	3426622834
	3426622835
	3426622836
	3426622837
	3426622838
	3426622839
	3426622840
	3426622841
	3426622842
	3426622843
	3426622844
	3426622845
	3426622846
	3426622847
	3426622848
	3426622849
	3426622850
	3426622851
	3426622852
	3426622853
	3426622854
	3426622855
	3426622856
	3426622857
	3426622858
	3426622859
	3426622860
	3426622861
	3426622862
	3426622863
	3426622864
	3426622865
	3426622866
	3426622867
	3426622868
	3426622869
	3426622870
	3426622871
	3426622872
	3426622873
	3426622874
	3426622875
	3426622876
	3426622877
	3426622878
	3426622879
	3426622880
	3426622881
	3426622882
	3426622883
	3426622884
	3426622885
	3426622886
	3426622887
	3426622888
	3426622889
	3426622890
	3426622891
	3426622892
	3426622893
	3426622894
	3426622895
	3426622896
	3426622897
	3426622898
	3426622899
	3426622900
	3426622901
	3426622902
	3426622903
	3426622904
	3426622905
	3426622906
	3426622907
	3426622908
	3426622909
	3426622910
	3426622911
	3426622912
	3426622913
	3426622914
	3426622915
	3426622916
	3426622917
	3426622918
	3426622919
	3426622920
	3426622921
	3426622922
	3426622923
	3426622924
	3426622925
	3426622926
	3426622927
	3426622928
	3426622929
	3426622930
	3426622931
	3426622932
	3426622933
	3426622934
	3426622935
	3426622936
	3426622937
	3426622938
	3426622939
	3426622940
	3426622941
	3426622942
	3426622943
	3426622944
	3426622945
	3426622946
	3426622947
	3426622948
	3426622949
	3426622950
	3426622951
	3426622952
	3426622953
	3426622954
	3426622955
	3426622956
	3426622957
	3426622958
	3426622959
	3426622960
	3426622961
	3426622962
	3426622963
	3426622964
	3426622965
	3426622966
	3426622967
	3426622968
	3426622969
	3426622970
	3426622971
	3426622972
	3426622973
	3426622974
	3426622975
	3426622976
	3426622977
	3426622978
	3426622979
	3426622980
	3426622981
	3426622982
	3426622983
	3426622984
	3426622985
	3426622986
	3426622987
	3426622988
	3426622989
	3426622990
	3426622991
	3426622992
	3426622993
	3426622994
	3426622995
	3426622996
	3426622997
	3426622998
	3426622999
	3426623000
	3426623001
	3426623002
	3426623003
	3426623004
	3426623005
	3426623006
	3426623007
	3426623008
	3426623009
	3426623010
	3426623011
	3426623012
	3426623013
	3426623014
	3426623015
	3426623016
	3426623017
	3426623018
	3426623019
	3426623020
	3426623021
	3426623022
	3426623023
	3426623024
	3426623025
	3426623026
	3426623027
	3426623028
	3426623029
	3426623030
	3426623031
	3426623032
	3426623033
	3426623034
	3426623035
	3426623036
	3426623037
	3426623038
	3426623039
	3426623040
	3426623041
	3426623042
	3426623043
	3426623044
	3426623045
	3426623046
	3426623047
	3426623048
	3426623049
	3426623050
	3426623051
	3426623052
	3426623053
	3426623054
	3426623055
	3426623056
	3426623057
	3426623058
	3426623059
	3426623060
	3426623061
	3426623062
	3426623063
	3426623064
	3426623065
	3426623066
	3426623067
	3426623068
	3426623069
	3426623070
	3426623071
	3426623072
	3426623073
	3426623074
	3426623075
	3426623076
	3426623077
	3426623078
	3426623079
	3426623080
	3426623081
	3426623082
	3426623083
	3426623084
	3426623085
	3426623086
	3426623087
	3426623088
	3426623089
	3426623090
	3426623091
	3426623092
	3426623093
	3426623094
	3426623095
	3426623096
	3426623097
	3426623098
	3426623099
	3426623100
	3426623101
	3426623102
	3426623103
	3426623104
	3426623105
	3426623106
	3426623107
	3426623108
	3426623109
	3426623110
	3426623111
	3426623112
	3426623113
	3426623114
	3426623115
	3426623116
	3426623117
	3426623118
