	3427034208
	3427034209
	3427034210
	3427034211
	3427034212
	3427034213
	3427034214
	3427034215
	3427034216
	3427034217
	3427034218
	3427034219
	3427034220
	3427034221
	3427034222
	3427034223
	3427034224
	3427034225
	3427034226
	3427034227
	3427034228
	3427034229
	3427034230
	3427034231
	3427034232
	3427034233
	3427034234
	3427034235
	3427034236
	3427034237
	3427034238
	3427034239
	3427034240
	3427034241
	3427034242
	3427034243
	3427034244
	3427034245
	3427034246
	3427034247
	3427034248
	3427034249
	3427034250
	3427034251
	3427034252
	3427034253
	3427034254
	3427034255
	3427034256
	3427034257
	3427034258
	3427034259
	3427034260
	3427034261
	3427034262
	3427034263
	3427034264
	3427034265
	3427034266
	3427034267
	3427034268
	3427034269
	3427034270
	3427034271
	3427034272
	3427034273
	3427034274
	3427034275
	3427034276
	3427034277
	3427034278
	3427034279
	3427034280
	3427034281
	3427034282
	3427034283
	3427034284
	3427034285
	3427034286
	3427034287
	3427034288
	3427034289
	3427034290
	3427034291
	3427034292
	3427034293
	3427034294
	3427034295
	3427034296
	3427034297
	3427034298
	3427034299
	3427034300
	3427034301
	3427034302
	3427034303
	3427034304
	3427034305
	3427034306
	3427034307
	3427034308
	3427034309
	3427034310
	3427034311
	3427034312
	3427034313
	3427034314
	3427034315
	3427034316
	3427034317
	3427034318
	3427034319
	3427034320
	3427034321
	3427034322
	3427034323
	3427034324
	3427034325
	3427034326
	3427034327
	3427034328
	3427034329
	3427034330
	3427034331
	3427034332
	3427034333
	3427034334
	3427034335
	3427034336
	3427034337
	3427034338
	3427034339
	3427034340
	3427034341
	3427034342
	3427034343
	3427034344
	3427034345
	3427034346
	3427034347
	3427034348
	3427034349
	3427034350
	3427034351
	3427034352
	3427034353
	3427034354
	3427034355
	3427034356
	3427034357
	3427034358
	3427034359
	3427034360
	3427034361
	3427034362
	3427034363
	3427034364
	3427034365
	3427034366
	3427034367
	3427034368
	3427034369
	3427034370
	3427034371
	3427034372
	3427034373
	3427034374
	3427034375
	3427034376
	3427034377
	3427034378
	3427034379
	3427034380
	3427034381
	3427034382
	3427034383
	3427034384
	3427034385
	3427034386
	3427034387
	3427034388
	3427034389
	3427034390
	3427034391
	3427034392
	3427034393
	3427034394
	3427034395
	3427034396
	3427034397
	3427034398
	3427034399
	3427034400
	3427034401
	3427034402
	3427034403
	3427034404
	3427034405
	3427034406
	3427034407
	3427034408
	3427034409
	3427034410
	3427034411
	3427034412
	3427034413
	3427034414
	3427034415
	3427034416
	3427034417
	3427034418
	3427034419
	3427034420
	3427034421
	3427034422
	3427034423
	3427034424
	3427034425
	3427034426
	3427034427
	3427034428
	3427034429
	3427034430
	3427034431
	3427034432
	3427034433
	3427034434
	3427034435
	3427034436
	3427034437
	3427034438
	3427034439
	3427034440
	3427034441
	3427034442
	3427034443
	3427034444
	3427034445
	3427034446
	3427034447
	3427034448
	3427034449
	3427034450
	3427034451
	3427034452
	3427034453
	3427034454
	3427034455
	3427034456
	3427034457
	3427034458
	3427034459
	3427034460
	3427034461
	3427034462
	3427034463
	3427034464
	3427034465
	3427034466
	3427034467
	3427034468
	3427034469
	3427034470
	3427034471
	3427034472
	3427034473
	3427034474
	3427034475
	3427034476
	3427034477
	3427034478
	3427034479
	3427034480
	3427034481
	3427034482
	3427034483
	3427034484
	3427034485
	3427034486
	3427034487
	3427034488
	3427034489
	3427034490
	3427034491
	3427034492
	3427034493
	3427034494
	3427034495
	3427034496
	3427034497
	3427034498
	3427034499
	3427034500
	3427034501
	3427034502
	3427034503
	3427034504
	3427034505
	3427034506
	3427034507
	3427034508
	3427034509
	3427034510
	3427034511
	3427034512
	3427034513
	3427034514
	3427034515
	3427034516
	3427034517
	3427034518
	3427034519
	3427034520
	3427034521
	3427034522
	3427034523
	3427034524
	3427034525
	3427034526
	3427034527
	3427034528
	3427034529
	3427034530
	3427034531
	3427034532
	3427034533
	3427034534
	3427034535
	3427034536
	3427034537
	3427034538
	3427034539
	3427034540
	3427034541
	3427034542
	3427034543
	3427034544
	3427034545
	3427034546
	3427034547
	3427034548
	3427034549
	3427034550
	3427034551
	3427034552
	3427034553
	3427034554
	3427034555
	3427034556
	3427034557
	3427034558
	3427034559
	3427034560
	3427034561
	3427034562
	3427034563
	3427034564
	3427034565
	3427034566
	3427034567
	3427034568
	3427034569
	3427034570
	3427034571
	3427034572
	3427034573
	3427034574
	3427034575
	3427034576
	3427034577
	3427034578
	3427034579
	3427034580
	3427034581
	3427034582
	3427034583
	3427034584
	3427034585
	3427034586
	3427034587
	3427034588
	3427034589
	3427034590
	3427034591
	3427034592
	3427034593
	3427034594
	3427034595
	3427034596
	3427034597
	3427034598
	3427034599
	3427034600
	3427034601
	3427034602
	3427034603
	3427034604
	3427034605
	3427034606
	3427034607
	3427034608
	3427034609
	3427034610
	3427034611
	3427034612
	3427034613
	3427034614
	3427034615
	3427034616
	3427034617
	3427034618
	3427034619
	3427034620
	3427034621
	3427034622
	3427034623
	3427034624
	3427034625
	3427034626
	3427034627
	3427034628
	3427034629
	3427034630
	3427034631
	3427034632
	3427034633
	3427034634
	3427034635
	3427034636
	3427034637
	3427034638
	3427034639
	3427034640
	3427034641
	3427034642
	3427034643
	3427034644
	3427034645
	3427034646
	3427034647
	3427034648
	3427034649
	3427034650
	3427034651
	3427034652
	3427034653
	3427034654
	3427034655
	3427034656
	3427034657
	3427034658
	3427034659
	3427034660
	3427034661
	3427034662
	3427034663
	3427034664
	3427034665
	3427034666
	3427034667
	3427034668
	3427034669
	3427034670
	3427034671
	3427034672
	3427034673
	3427034674
	3427034675
	3427034676
	3427034677
	3427034678
	3427034679
	3427034680
	3427034681
	3427034682
	3427034683
	3427034684
	3427034685
	3427034686
	3427034687
	3427034688
	3427034689
	3427034690
	3427034691
	3427034692
	3427034693
	3427034694
	3427034695
	3427034696
	3427034697
	3427034698
	3427034699
	3427034700
	3427034701
	3427034702
	3427034703
	3427034704
	3427034705
	3427034706
	3427034707
	3427034708
	3427034709
	3427034710
	3427034711
	3427034712
	3427034713
	3427034714
	3427034715
	3427034716
	3427034717
	3427034718
	3427034719
	3427034720
	3427034721
	3427034722
	3427034723
	3427034724
	3427034725
	3427034726
	3427034727
	3427034728
	3427034729
	3427034730
	3427034731
	3427034732
	3427034733
	3427034734
	3427034735
	3427034736
	3427034737
	3427034738
	3427034739
	3427034740
	3427034741
	3427034742
	3427034743
	3427034744
	3427034745
	3427034746
	3427034747
	3427034748
	3427034749
	3427034750
	3427034751
	3427034752
	3427034753
	3427034754
	3427034755
	3427034756
	3427034757
	3427034758
	3427034759
	3427034760
	3427034761
	3427034762
	3427034763
	3427034764
	3427034765
	3427034766
	3427034767
	3427034768
	3427034769
	3427034770
	3427034771
	3427034772
	3427034773
	3427034774
	3427034775
	3427034776
	3427034777
	3427034778
	3427034779
	3427034780
	3427034781
	3427034782
	3427034783
	3427034784
	3427034785
	3427034786
	3427034787
	3427034788
	3427034789
	3427034790
	3427034791
	3427034792
	3427034793
	3427034794
	3427034795
	3427034796
	3427034797
	3427034798
	3427034799
	3427034800
	3427034801
	3427034802
	3427034803
	3427034804
	3427034805
	3427034806
	3427034807
	3427034808
	3427034809
	3427034810
	3427034811
	3427034812
	3427034813
	3427034814
	3427034815
	3427034816
	3427034817
	3427034818
	3427034819
	3427034820
	3427034821
	3427034822
	3427034823
	3427034824
	3427034825
	3427034826
	3427034827
	3427034828
	3427034829
	3427034830
	3427034831
	3427034832
	3427034833
	3427034834
	3427034835
	3427034836
	3427034837
	3427034838
	3427034839
	3427034840
	3427034841
	3427034842
	3427034843
	3427034844
	3427034845
	3427034846
	3427034847
	3427034848
	3427034849
	3427034850
	3427034851
	3427034852
	3427034853
	3427034854
	3427034855
	3427034856
	3427034857
	3427034858
	3427034859
	3427034860
	3427034861
	3427034862
	3427034863
	3427034864
	3427034865
	3427034866
	3427034867
	3427034868
	3427034869
	3427034870
	3427034871
	3427034872
	3427034873
	3427034874
	3427034875
	3427034876
	3427034877
	3427034878
	3427034879
	3427034880
	3427034881
	3427034882
	3427034883
	3427034884
	3427034885
	3427034886
	3427034887
	3427034888
	3427034889
	3427034890
	3427034891
	3427034892
	3427034893
	3427034894
	3427034895
	3427034896
	3427034897
	3427034898
	3427034899
	3427034900
	3427034901
	3427034902
	3427034903
	3427034904
	3427034905
	3427034906
	3427034907
	3427034908
	3427034909
	3427034910
	3427034911
	3427034912
	3427034913
	3427034914
	3427034915
	3427034916
	3427034917
	3427034918
	3427034919
	3427034920
	3427034921
	3427034922
	3427034923
	3427034924
	3427034925
	3427034926
	3427034927
	3427034928
	3427034929
	3427034930
	3427034931
	3427034932
	3427034933
	3427034934
	3427034935
	3427034936
	3427034937
	3427034938
	3427034939
	3427034940
	3427034941
	3427034942
	3427034943
	3427034944
	3427034945
	3427034946
	3427034947
	3427034948
	3427034949
	3427034950
	3427034951
	3427034952
	3427034953
	3427034954
	3427034955
	3427034956
	3427034957
	3427034958
	3427034959
	3427034960
	3427034961
	3427034962
	3427034963
	3427034964
	3427034965
	3427034966
	3427034967
	3427034968
	3427034969
	3427034970
	3427034971
	3427034972
	3427034973
	3427034974
	3427034975
	3427034976
	3427034977
	3427034978
	3427034979
	3427034980
	3427034981
	3427034982
	3427034983
	3427034984
	3427034985
	3427034986
	3427034987
	3427034988
	3427034989
	3427034990
	3427034991
	3427034992
	3427034993
	3427034994
	3427034995
	3427034996
	3427034997
	3427034998
	3427034999
	3427035000
	3427035001
	3427035002
	3427035003
	3427035004
	3427035005
	3427035006
	3427035007
	3427035008
	3427035009
	3427035010
	3427035011
	3427035012
	3427035013
	3427035014
	3427035015
	3427035016
	3427035017
	3427035018
	3427035019
	3427035020
	3427035021
	3427035022
	3427035023
	3427035024
	3427035025
	3427035026
	3427035027
	3427035028
	3427035029
	3427035030
	3427035031
	3427035032
	3427035033
	3427035034
	3427035035
	3427035036
	3427035037
	3427035038
	3427035039
	3427035040
	3427035041
	3427035042
	3427035043
	3427035044
	3427035045
	3427035046
	3427035047
	3427035048
	3427035049
	3427035050
	3427035051
	3427035052
	3427035053
	3427035054
	3427035055
	3427035056
	3427035057
	3427035058
	3427035059
	3427035060
	3427035061
	3427035062
	3427035063
	3427035064
	3427035065
	3427035066
	3427035067
	3427035068
	3427035069
	3427035070
	3427035071
	3427035072
	3427035073
	3427035074
	3427035075
	3427035076
	3427035077
	3427035078
	3427035079
	3427035080
	3427035081
	3427035082
	3427035083
	3427035084
	3427035085
	3427035086
	3427035087
	3427035088
	3427035089
	3427035090
	3427035091
	3427035092
	3427035093
	3427035094
	3427035095
	3427035096
	3427035097
	3427035098
	3427035099
	3427035100
	3427035101
	3427035102
	3427035103
	3427035104
	3427035105
	3427035106
	3427035107
	3427035108
	3427035109
	3427035110
	3427035111
	3427035112
	3427035113
	3427035114
	3427035115
	3427035116
	3427035117
	3427035118
	3427035119
	3427035120
	3427035121
	3427035122
	3427035123
	3427035124
	3427035125
	3427035126
	3427035127
	3427035128
	3427035129
	3427035130
	3427035131
	3427035132
	3427035133
	3427035134
	3427035135
	3427035136
	3427035137
	3427035138
	3427035139
	3427035140
	3427035141
	3427035142
	3427035143
	3427035144
	3427035145
	3427035146
	3427035147
	3427035148
	3427035149
	3427035150
	3427035151
	3427035152
	3427035153
	3427035154
	3427035155
	3427035156
	3427035157
	3427035158
	3427035159
	3427035160
	3427035161
	3427035162
	3427035163
	3427035164
	3427035165
	3427035166
	3427035167
	3427035168
	3427035169
	3427035170
	3427035171
	3427035172
	3427035173
	3427035174
	3427035175
	3427035176
	3427035177
	3427035178
	3427035179
	3427035180
	3427035181
	3427035182
	3427035183
	3427035184
	3427035185
	3427035186
	3427035187
	3427035188
	3427035189
	3427035190
	3427035191
	3427035192
	3427035193
	3427035194
	3427035195
	3427035196
	3427035197
	3427035198
	3427035199
	3427035200
	3427035201
	3427035202
	3427035203
	3427035204
	3427035205
	3427035206
	3427035207
	3427035208
	3427035209
	3427035210
	3427035211
	3427035212
	3427035213
	3427035214
	3427035215
	3427035216
	3427035217
	3427035218
	3427035219
	3427035220
	3427035221
	3427035222
	3427035223
	3427035224
	3427035225
	3427035226
	3427035227
	3427035228
	3427035229
	3427035230
	3427035231
	3427035232
	3427035233
	3427035234
	3427035235
	3427035236
	3427035237
	3427035238
	3427035239
	3427035240
	3427035241
	3427035242
	3427035243
	3427035244
	3427035245
	3427035246
	3427035247
	3427035248
	3427035249
	3427035250
	3427035251
	3427035252
	3427035253
	3427035254
	3427035255
	3427035256
	3427035257
	3427035258
	3427035259
	3427035260
	3427035261
	3427035262
	3427035263
	3427035264
	3427035265
	3427035266
	3427035267
	3427035268
	3427035269
	3427035270
	3427035271
	3427035272
	3427035273
	3427035274
	3427035275
	3427035276
	3427035277
	3427035278
	3427035279
	3427035280
	3427035281
	3427035282
	3427035283
	3427035284
	3427035285
	3427035286
	3427035287
	3427035288
	3427035289
	3427035290
	3427035291
	3427035292
	3427035293
	3427035294
	3427035295
	3427035296
	3427035297
	3427035298
	3427035299
	3427035300
	3427035301
	3427035302
	3427035303
	3427035304
	3427035305
	3427035306
	3427035307
	3427035308
	3427035309
	3427035310
	3427035311
	3427035312
	3427035313
	3427035314
	3427035315
	3427035316
	3427035317
	3427035318
	3427035319
	3427035320
	3427035321
	3427035322
	3427035323
	3427035324
	3427035325
	3427035326
	3427035327
	3427035328
	3427035329
	3427035330
	3427035331
	3427035332
	3427035333
	3427035334
	3427035335
	3427035336
	3427035337
	3427035338
	3427035339
	3427035340
	3427035341
	3427035342
	3427035343
	3427035344
	3427035345
	3427035346
	3427035347
	3427035348
	3427035349
	3427035350
	3427035351
	3427035352
	3427035353
	3427035354
	3427035355
	3427035356
	3427035357
	3427035358
	3427035359
	3427035360
	3427035361
	3427035362
	3427035363
	3427035364
	3427035365
	3427035366
	3427035367
	3427035368
	3427035369
	3427035370
	3427035371
	3427035372
	3427035373
	3427035374
	3427035375
	3427035376
	3427035377
	3427035378
	3427035379
	3427035380
	3427035381
	3427035382
	3427035383
	3427035384
	3427035385
	3427035386
	3427035387
	3427035388
	3427035389
	3427035390
	3427035391
	3427035392
	3427035393
	3427035394
	3427035395
	3427035396
	3427035397
	3427035398
	3427035399
	3427035400
	3427035401
	3427035402
	3427035403
	3427035404
	3427035405
	3427035406
	3427035407
	3427035408
	3427035409
	3427035410
	3427035411
	3427035412
	3427035413
	3427035414
	3427035415
	3427035416
	3427035417
	3427035418
	3427035419
	3427035420
	3427035421
	3427035422
	3427035423
	3427035424
	3427035425
	3427035426
	3427035427
	3427035428
	3427035429
	3427035430
	3427035431
	3427035432
	3427035433
	3427035434
	3427035435
	3427035436
	3427035437
	3427035438
	3427035439
	3427035440
	3427035441
	3427035442
	3427035443
	3427035444
	3427035445
	3427035446
	3427035447
	3427035448
	3427035449
	3427035450
	3427035451
	3427035452
	3427035453
	3427035454
	3427035455
	3427035456
	3427035457
	3427035458
	3427035459
	3427035460
	3427035461
	3427035462
	3427035463
	3427035464
	3427035465
	3427035466
	3427035467
	3427035468
	3427035469
	3427035470
	3427035471
	3427035472
	3427035473
	3427035474
	3427035475
	3427035476
	3427035477
	3427035478
	3427035479
	3427035480
	3427035481
	3427035482
	3427035483
	3427035484
	3427035485
	3427035486
	3427035487
	3427035488
	3427035489
	3427035490
	3427035491
	3427035492
	3427035493
	3427035494
	3427035495
	3427035496
	3427035497
	3427035498
	3427035499
	3427035500
	3427035501
	3427035502
	3427035503
	3427035504
	3427035505
	3427035506
	3427035507
	3427035508
	3427035509
	3427035510
	3427035511
	3427035512
	3427035513
	3427035514
	3427035515
	3427035516
	3427035517
	3427035518
	3427035519
	3427035520
	3427035521
	3427035522
	3427035523
	3427035524
	3427035525
	3427035526
	3427035527
	3427035528
	3427035529
	3427035530
	3427035531
	3427035532
	3427035533
	3427035534
	3427035535
	3427035536
	3427035537
	3427035538
	3427035539
	3427035540
	3427035541
	3427035542
	3427035543
	3427035544
	3427035545
	3427035546
	3427035547
	3427035548
	3427035549
	3427035550
	3427035551
	3427035552
	3427035553
	3427035554
	3427035555
	3427035556
	3427035557
	3427035558
	3427035559
	3427035560
	3427035561
	3427035562
	3427035563
	3427035564
	3427035565
	3427035566
	3427035567
	3427035568
	3427035569
	3427035570
	3427035571
	3427035572
	3427035573
	3427035574
	3427035575
	3427035576
	3427035577
	3427035578
	3427035579
	3427035580
	3427035581
	3427035582
	3427035583
	3427035584
	3427035585
	3427035586
	3427035587
	3427035588
	3427035589
	3427035590
	3427035591
	3427035592
	3427035593
	3427035594
	3427035595
	3427035596
	3427035597
	3427035598
	3427035599
	3427035600
	3427035601
	3427035602
	3427035603
	3427035604
	3427035605
	3427035606
	3427035607
	3427035608
	3427035609
	3427035610
	3427035611
	3427035612
	3427035613
	3427035614
	3427035615
	3427035616
	3427035617
	3427035618
	3427035619
	3427035620
	3427035621
	3427035622
	3427035623
	3427035624
	3427035625
	3427035626
	3427035627
	3427035628
	3427035629
	3427035630
	3427035631
	3427035632
	3427035633
	3427035634
	3427035635
	3427035636
	3427035637
	3427035638
	3427035639
	3427035640
	3427035641
	3427035642
	3427035643
	3427035644
	3427035645
	3427035646
	3427035647
	3427035648
	3427035649
	3427035650
	3427035651
	3427035652
	3427035653
	3427035654
	3427035655
	3427035656
	3427035657
	3427035658
	3427035659
	3427035660
	3427035661
	3427035662
	3427035663
	3427035664
	3427035665
	3427035666
	3427035667
	3427035668
	3427035669
	3427035670
	3427035671
	3427035672
	3427035673
	3427035674
	3427035675
	3427035676
	3427035677
	3427035678
	3427035679
	3427035680
	3427035681
	3427035682
	3427035683
	3427035684
	3427035685
	3427035686
	3427035687
	3427035688
	3427035689
	3427035690
	3427035691
	3427035692
	3427035693
	3427035694
	3427035695
	3427035696
	3427035697
	3427035698
	3427035699
	3427035700
	3427035701
	3427035702
	3427035703
	3427035704
	3427035705
	3427035706
	3427035707
	3427035708
	3427035709
	3427035710
	3427035711
	3427035712
	3427035713
	3427035714
	3427035715
	3427035716
	3427035717
	3427035718
	3427035719
	3427035720
	3427035721
	3427035722
	3427035723
	3427035724
	3427035725
	3427035726
	3427035727
	3427035728
	3427035729
	3427035730
	3427035731
	3427035732
	3427035733
	3427035734
	3427035735
	3427035736
	3427035737
	3427035738
	3427035739
	3427035740
	3427035741
	3427035742
	3427035743
	3427035744
	3427035745
	3427035746
	3427035747
	3427035748
	3427035749
	3427035750
	3427035751
	3427035752
	3427035753
	3427035754
	3427035755
	3427035756
	3427035757
	3427035758
	3427035759
	3427035760
	3427035761
	3427035762
	3427035763
	3427035764
	3427035765
	3427035766
	3427035767
	3427035768
	3427035769
	3427035770
	3427035771
	3427035772
	3427035773
	3427035774
	3427035775
	3427035776
	3427035777
	3427035778
	3427035779
	3427035780
	3427035781
	3427035782
	3427035783
	3427035784
	3427035785
	3427035786
	3427035787
	3427035788
	3427035789
	3427035790
	3427035791
	3427035792
	3427035793
	3427035794
	3427035795
	3427035796
	3427035797
	3427035798
	3427035799
	3427035800
	3427035801
	3427035802
	3427035803
	3427035804
	3427035805
	3427035806
	3427035807
	3427035808
	3427035809
	3427035810
	3427035811
	3427035812
	3427035813
	3427035814
	3427035815
	3427035816
	3427035817
	3427035818
	3427035819
	3427035820
	3427035821
	3427035822
	3427035823
	3427035824
	3427035825
	3427035826
	3427035827
	3427035828
	3427035829
	3427035830
	3427035831
	3427035832
	3427035833
	3427035834
	3427035835
	3427035836
	3427035837
	3427035838
	3427035839
	3427035840
	3427035841
	3427035842
	3427035843
	3427035844
	3427035845
	3427035846
	3427035847
	3427035848
	3427035849
	3427035850
	3427035851
	3427035852
	3427035853
	3427035854
	3427035855
	3427035856
	3427035857
	3427035858
	3427035859
	3427035860
	3427035861
	3427035862
	3427035863
	3427035864
	3427035865
	3427035866
	3427035867
	3427035868
	3427035869
	3427035870
	3427035871
	3427035872
	3427035873
	3427035874
	3427035875
	3427035876
	3427035877
	3427035878
	3427035879
	3427035880
	3427035881
	3427035882
	3427035883
	3427035884
	3427035885
	3427035886
	3427035887
	3427035888
	3427035889
	3427035890
	3427035891
	3427035892
	3427035893
	3427035894
	3427035895
	3427035896
	3427035897
	3427035898
	3427035899
	3427035900
	3427035901
	3427035902
	3427035903
	3427035904
	3427035905
	3427035906
	3427035907
	3427035908
	3427035909
	3427035910
	3427035911
	3427035912
	3427035913
	3427035914
	3427035915
	3427035916
	3427035917
	3427035918
	3427035919
	3427035920
	3427035921
	3427035922
	3427035923
	3427035924
	3427035925
	3427035926
	3427035927
	3427035928
	3427035929
	3427035930
	3427035931
	3427035932
	3427035933
	3427035934
	3427035935
	3427035936
	3427035937
	3427035938
	3427035939
	3427035940
	3427035941
	3427035942
	3427035943
	3427035944
	3427035945
	3427035946
	3427035947
	3427035948
	3427035949
	3427035950
	3427035951
	3427035952
	3427035953
	3427035954
	3427035955
	3427035956
	3427035957
	3427035958
	3427035959
	3427035960
	3427035961
	3427035962
	3427035963
	3427035964
	3427035965
	3427035966
	3427035967
	3427035968
	3427035969
	3427035970
	3427035971
	3427035972
	3427035973
	3427035974
	3427035975
	3427035976
	3427035977
	3427035978
	3427035979
	3427035980
	3427035981
	3427035982
	3427035983
	3427035984
	3427035985
	3427035986
	3427035987
	3427035988
	3427035989
	3427035990
	3427035991
	3427035992
	3427035993
	3427035994
	3427035995
	3427035996
	3427035997
	3427035998
	3427035999
	3427036000
	3427036001
	3427036002
	3427036003
	3427036004
	3427036005
	3427036006
	3427036007
	3427036008
	3427036009
	3427036010
	3427036011
	3427036012
	3427036013
	3427036014
	3427036015
	3427036016
	3427036017
	3427036018
	3427036019
	3427036020
	3427036021
	3427036022
	3427036023
	3427036024
	3427036025
	3427036026
	3427036027
	3427036028
	3427036029
	3427036030
	3427036031
	3427036032
	3427036033
	3427036034
	3427036035
	3427036036
	3427036037
	3427036038
	3427036039
	3427036040
	3427036041
	3427036042
	3427036043
	3427036044
	3427036045
	3427036046
	3427036047
	3427036048
	3427036049
	3427036050
	3427036051
	3427036052
	3427036053
	3427036054
	3427036055
	3427036056
	3427036057
	3427036058
	3427036059
	3427036060
	3427036061
	3427036062
	3427036063
	3427036064
	3427036065
	3427036066
	3427036067
	3427036068
	3427036069
	3427036070
	3427036071
	3427036072
	3427036073
	3427036074
	3427036075
	3427036076
	3427036077
	3427036078
	3427036079
	3427036080
	3427036081
	3427036082
	3427036083
	3427036084
	3427036085
	3427036086
	3427036087
	3427036088
	3427036089
	3427036090
	3427036091
	3427036092
	3427036093
	3427036094
	3427036095
	3427036096
	3427036097
	3427036098
	3427036099
	3427036100
	3427036101
	3427036102
	3427036103
	3427036104
	3427036105
	3427036106
	3427036107
	3427036108
	3427036109
	3427036110
	3427036111
	3427036112
	3427036113
	3427036114
	3427036115
	3427036116
	3427036117
	3427036118
	3427036119
	3427036120
	3427036121
	3427036122
	3427036123
	3427036124
	3427036125
	3427036126
	3427036127
	3427036128
	3427036129
	3427036130
	3427036131
	3427036132
	3427036133
	3427036134
	3427036135
	3427036136
	3427036137
	3427036138
	3427036139
	3427036140
	3427036141
	3427036142
	3427036143
	3427036144
	3427036145
	3427036146
	3427036147
	3427036148
	3427036149
	3427036150
	3427036151
	3427036152
	3427036153
	3427036154
	3427036155
	3427036156
	3427036157
	3427036158
	3427036159
	3427036160
	3427036161
	3427036162
	3427036163
	3427036164
	3427036165
	3427036166
	3427036167
	3427036168
	3427036169
	3427036170
	3427036171
	3427036172
	3427036173
	3427036174
	3427036175
	3427036176
	3427036177
	3427036178
	3427036179
	3427036180
	3427036181
	3427036182
	3427036183
	3427036184
	3427036185
	3427036186
	3427036187
	3427036188
	3427036189
	3427036190
	3427036191
	3427036192
	3427036193
	3427036194
	3427036195
	3427036196
	3427036197
	3427036198
	3427036199
	3427036200
	3427036201
	3427036202
	3427036203
	3427036204
	3427036205
	3427036206
	3427036207
	3427036208
	3427036209
	3427036210
	3427036211
	3427036212
	3427036213
	3427036214
	3427036215
	3427036216
	3427036217
	3427036218
	3427036219
	3427036220
	3427036221
	3427036222
	3427036223
	3427036224
	3427036225
	3427036226
	3427036227
	3427036228
	3427036229
	3427036230
	3427036231
	3427036232
	3427036233
	3427036234
	3427036235
	3427036236
	3427036237
	3427036238
	3427036239
	3427036240
	3427036241
	3427036242
	3427036243
	3427036244
	3427036245
	3427036246
	3427036247
	3427036248
	3427036249
	3427036250
	3427036251
	3427036252
	3427036253
	3427036254
	3427036255
	3427036256
	3427036257
	3427036258
	3427036259
	3427036260
	3427036261
	3427036262
	3427036263
	3427036264
	3427036265
	3427036266
	3427036267
	3427036268
	3427036269
	3427036270
	3427036271
	3427036272
	3427036273
	3427036274
	3427036275
	3427036276
	3427036277
	3427036278
	3427036279
	3427036280
	3427036281
	3427036282
	3427036283
	3427036284
	3427036285
	3427036286
	3427036287
	3427036288
	3427036289
	3427036290
	3427036291
	3427036292
	3427036293
	3427036294
	3427036295
	3427036296
	3427036297
	3427036298
	3427036299
	3427036300
	3427036301
	3427036302
	3427036303
	3427036304
	3427036305
	3427036306
	3427036307
	3427036308
	3427036309
	3427036310
	3427036311
	3427036312
	3427036313
	3427036314
	3427036315
	3427036316
	3427036317
	3427036318
	3427036319
	3427036320
	3427036321
	3427036322
	3427036323
	3427036324
	3427036325
	3427036326
	3427036327
	3427036328
	3427036329
	3427036330
	3427036331
	3427036332
	3427036333
	3427036334
	3427036335
	3427036336
	3427036337
	3427036338
	3427036339
	3427036340
	3427036341
	3427036342
	3427036343
	3427036344
	3427036345
	3427036346
	3427036347
	3427036348
	3427036349
	3427036350
	3427036351
	3427036352
	3427036353
	3427036354
	3427036355
	3427036356
	3427036357
	3427036358
	3427036359
	3427036360
	3427036361
	3427036362
	3427036363
	3427036364
	3427036365
	3427036366
	3427036367
	3427036368
	3427036369
	3427036370
	3427036371
	3427036372
	3427036373
	3427036374
	3427036375
	3427036376
	3427036377
	3427036378
	3427036379
	3427036380
	3427036381
	3427036382
	3427036383
	3427036384
	3427036385
	3427036386
	3427036387
	3427036388
	3427036389
	3427036390
	3427036391
	3427036392
	3427036393
	3427036394
	3427036395
	3427036396
	3427036397
	3427036398
	3427036399
	3427036400
	3427036401
	3427036402
	3427036403
	3427036404
	3427036405
	3427036406
	3427036407
	3427036408
	3427036409
	3427036410
	3427036411
	3427036412
	3427036413
	3427036414
	3427036415
	3427036416
	3427036417
	3427036418
	3427036419
	3427036420
	3427036421
	3427036422
	3427036423
	3427036424
	3427036425
	3427036426
	3427036427
	3427036428
	3427036429
	3427036430
	3427036431
	3427036432
	3427036433
	3427036434
	3427036435
	3427036436
	3427036437
	3427036438
	3427036439
	3427036440
	3427036441
	3427036442
	3427036443
	3427036444
	3427036445
	3427036446
	3427036447
	3427036448
	3427036449
	3427036450
	3427036451
	3427036452
	3427036453
	3427036454
	3427036455
	3427036456
	3427036457
	3427036458
	3427036459
	3427036460
	3427036461
	3427036462
	3427036463
	3427036464
	3427036465
	3427036466
	3427036467
	3427036468
	3427036469
	3427036470
	3427036471
	3427036472
	3427036473
	3427036474
	3427036475
	3427036476
	3427036477
	3427036478
	3427036479
	3427036480
	3427036481
	3427036482
	3427036483
	3427036484
	3427036485
	3427036486
	3427036487
	3427036488
	3427036489
	3427036490
	3427036491
	3427036492
	3427036493
	3427036494
	3427036495
	3427036496
	3427036497
	3427036498
	3427036499
	3427036500
	3427036501
	3427036502
	3427036503
	3427036504
	3427036505
	3427036506
	3427036507
	3427036508
	3427036509
	3427036510
	3427036511
	3427036512
	3427036513
	3427036514
	3427036515
	3427036516
	3427036517
	3427036518
	3427036519
	3427036520
	3427036521
	3427036522
	3427036523
	3427036524
	3427036525
	3427036526
	3427036527
	3427036528
	3427036529
	3427036530
	3427036531
	3427036532
	3427036533
	3427036534
	3427036535
	3427036536
	3427036537
	3427036538
	3427036539
	3427036540
	3427036541
	3427036542
	3427036543
	3427036544
	3427036545
	3427036546
	3427036547
	3427036548
	3427036549
	3427036550
	3427036551
	3427036552
	3427036553
	3427036554
	3427036555
	3427036556
	3427036557
	3427036558
	3427036559
	3427036560
	3427036561
	3427036562
	3427036563
	3427036564
	3427036565
	3427036566
	3427036567
	3427036568
	3427036569
	3427036570
	3427036571
	3427036572
	3427036573
	3427036574
	3427036575
	3427036576
	3427036577
	3427036578
	3427036579
	3427036580
	3427036581
	3427036582
	3427036583
	3427036584
	3427036585
	3427036586
	3427036587
	3427036588
	3427036589
	3427036590
	3427036591
	3427036592
	3427036593
	3427036594
	3427036595
	3427036596
	3427036597
	3427036598
	3427036599
	3427036600
	3427036601
	3427036602
	3427036603
	3427036604
	3427036605
	3427036606
	3427036607
	3427036608
	3427036609
	3427036610
	3427036611
	3427036612
	3427036613
	3427036614
	3427036615
	3427036616
	3427036617
	3427036618
	3427036619
	3427036620
	3427036621
	3427036622
	3427036623
	3427036624
	3427036625
	3427036626
	3427036627
	3427036628
	3427036629
	3427036630
	3427036631
	3427036632
	3427036633
	3427036634
	3427036635
	3427036636
	3427036637
	3427036638
	3427036639
	3427036640
	3427036641
	3427036642
	3427036643
	3427036644
	3427036645
	3427036646
	3427036647
	3427036648
	3427036649
	3427036650
	3427036651
	3427036652
	3427036653
	3427036654
	3427036655
	3427036656
	3427036657
	3427036658
	3427036659
	3427036660
	3427036661
	3427036662
	3427036663
	3427036664
	3427036665
	3427036666
	3427036667
	3427036668
	3427036669
	3427036670
	3427036671
	3427036672
	3427036673
	3427036674
	3427036675
	3427036676
	3427036677
	3427036678
	3427036679
	3427036680
	3427036681
	3427036682
	3427036683
	3427036684
	3427036685
	3427036686
	3427036687
	3427036688
	3427036689
	3427036690
	3427036691
	3427036692
	3427036693
	3427036694
	3427036695
	3427036696
	3427036697
	3427036698
	3427036699
	3427036700
	3427036701
	3427036702
	3427036703
	3427036704
	3427036705
	3427036706
	3427036707
	3427036708
	3427036709
	3427036710
	3427036711
	3427036712
	3427036713
	3427036714
	3427036715
	3427036716
	3427036717
	3427036718
	3427036719
	3427036720
	3427036721
	3427036722
	3427036723
	3427036724
	3427036725
	3427036726
	3427036727
	3427036728
	3427036729
	3427036730
	3427036731
	3427036732
	3427036733
	3427036734
	3427036735
	3427036736
	3427036737
	3427036738
	3427036739
	3427036740
	3427036741
	3427036742
	3427036743
	3427036744
	3427036745
	3427036746
	3427036747
	3427036748
	3427036749
	3427036750
	3427036751
	3427036752
	3427036753
	3427036754
	3427036755
	3427036756
	3427036757
	3427036758
	3427036759
	3427036760
	3427036761
	3427036762
	3427036763
	3427036764
	3427036765
	3427036766
	3427036767
	3427036768
	3427036769
	3427036770
	3427036771
	3427036772
	3427036773
	3427036774
	3427036775
	3427036776
	3427036777
	3427036778
	3427036779
	3427036780
	3427036781
	3427036782
	3427036783
	3427036784
	3427036785
	3427036786
	3427036787
	3427036788
	3427036789
	3427036790
	3427036791
	3427036792
	3427036793
	3427036794
	3427036795
	3427036796
	3427036797
	3427036798
	3427036799
	3427036800
	3427036801
	3427036802
	3427036803
	3427036804
	3427036805
	3427036806
	3427036807
	3427036808
	3427036809
	3427036810
	3427036811
	3427036812
	3427036813
	3427036814
	3427036815
	3427036816
	3427036817
	3427036818
	3427036819
	3427036820
	3427036821
	3427036822
	3427036823
	3427036824
	3427036825
	3427036826
	3427036827
	3427036828
	3427036829
	3427036830
	3427036831
	3427036832
	3427036833
	3427036834
	3427036835
	3427036836
	3427036837
	3427036838
	3427036839
	3427036840
	3427036841
	3427036842
	3427036843
	3427036844
	3427036845
	3427036846
	3427036847
	3427036848
	3427036849
	3427036850
	3427036851
	3427036852
	3427036853
	3427036854
	3427036855
	3427036856
	3427036857
	3427036858
	3427036859
	3427036860
	3427036861
	3427036862
	3427036863
	3427036864
	3427036865
	3427036866
	3427036867
	3427036868
	3427036869
	3427036870
	3427036871
	3427036872
	3427036873
	3427036874
	3427036875
	3427036876
	3427036877
	3427036878
	3427036879
	3427036880
	3427036881
	3427036882
	3427036883
	3427036884
	3427036885
	3427036886
	3427036887
	3427036888
	3427036889
	3427036890
	3427036891
	3427036892
	3427036893
	3427036894
	3427036895
	3427036896
	3427036897
	3427036898
	3427036899
	3427036900
	3427036901
	3427036902
	3427036903
	3427036904
	3427036905
	3427036906
	3427036907
	3427036908
	3427036909
	3427036910
	3427036911
	3427036912
	3427036913
	3427036914
	3427036915
	3427036916
	3427036917
	3427036918
	3427036919
	3427036920
	3427036921
	3427036922
	3427036923
	3427036924
	3427036925
	3427036926
	3427036927
	3427036928
	3427036929
	3427036930
	3427036931
	3427036932
	3427036933
	3427036934
	3427036935
	3427036936
	3427036937
	3427036938
	3427036939
	3427036940
	3427036941
	3427036942
	3427036943
	3427036944
	3427036945
	3427036946
	3427036947
	3427036948
	3427036949
	3427036950
	3427036951
	3427036952
	3427036953
	3427036954
	3427036955
	3427036956
	3427036957
	3427036958
	3427036959
	3427036960
	3427036961
	3427036962
	3427036963
	3427036964
	3427036965
	3427036966
	3427036967
	3427036968
	3427036969
	3427036970
	3427036971
	3427036972
	3427036973
	3427036974
	3427036975
	3427036976
	3427036977
	3427036978
	3427036979
	3427036980
	3427036981
	3427036982
	3427036983
	3427036984
	3427036985
	3427036986
	3427036987
	3427036988
	3427036989
	3427036990
	3427036991
	3427036992
	3427036993
	3427036994
	3427036995
	3427036996
	3427036997
	3427036998
	3427036999
	3427037000
	3427037001
	3427037002
	3427037003
	3427037004
	3427037005
	3427037006
	3427037007
	3427037008
	3427037009
	3427037010
	3427037011
	3427037012
	3427037013
	3427037014
	3427037015
	3427037016
	3427037017
	3427037018
	3427037019
	3427037020
	3427037021
	3427037022
	3427037023
	3427037024
	3427037025
	3427037026
	3427037027
	3427037028
	3427037029
	3427037030
	3427037031
	3427037032
	3427037033
	3427037034
	3427037035
	3427037036
	3427037037
	3427037038
	3427037039
	3427037040
	3427037041
	3427037042
	3427037043
	3427037044
	3427037045
	3427037046
	3427037047
	3427037048
	3427037049
	3427037050
	3427037051
	3427037052
	3427037053
	3427037054
	3427037055
	3427037056
	3427037057
	3427037058
	3427037059
	3427037060
	3427037061
	3427037062
	3427037063
	3427037064
	3427037065
	3427037066
	3427037067
	3427037068
	3427037069
	3427037070
	3427037071
	3427037072
	3427037073
	3427037074
	3427037075
	3427037076
	3427037077
	3427037078
	3427037079
	3427037080
	3427037081
	3427037082
	3427037083
	3427037084
	3427037085
	3427037086
	3427037087
	3427037088
	3427037089
	3427037090
	3427037091
	3427037092
	3427037093
	3427037094
	3427037095
	3427037096
	3427037097
	3427037098
	3427037099
	3427037100
	3427037101
	3427037102
	3427037103
	3427037104
	3427037105
	3427037106
	3427037107
	3427037108
	3427037109
	3427037110
	3427037111
	3427037112
	3427037113
	3427037114
	3427037115
	3427037116
	3427037117
	3427037118
	3427037119
	3427037120
	3427037121
	3427037122
	3427037123
	3427037124
	3427037125
	3427037126
	3427037127
	3427037128
	3427037129
	3427037130
	3427037131
	3427037132
	3427037133
	3427037134
	3427037135
	3427037136
	3427037137
	3427037138
	3427037139
	3427037140
	3427037141
	3427037142
	3427037143
	3427037144
	3427037145
	3427037146
	3427037147
	3427037148
	3427037149
	3427037150
	3427037151
	3427037152
	3427037153
	3427037154
	3427037155
	3427037156
	3427037157
	3427037158
	3427037159
	3427037160
	3427037161
	3427037162
	3427037163
	3427037164
	3427037165
	3427037166
	3427037167
	3427037168
	3427037169
	3427037170
	3427037171
	3427037172
	3427037173
	3427037174
	3427037175
	3427037176
	3427037177
	3427037178
	3427037179
	3427037180
	3427037181
	3427037182
	3427037183
	3427037184
	3427037185
	3427037186
	3427037187
	3427037188
	3427037189
	3427037190
	3427037191
	3427037192
	3427037193
	3427037194
	3427037195
	3427037196
	3427037197
	3427037198
	3427037199
	3427037200
	3427037201
	3427037202
	3427037203
	3427037204
	3427037205
	3427037206
	3427037207
	3427037208
	3427037209
	3427037210
	3427037211
	3427037212
	3427037213
	3427037214
	3427037215
	3427037216
	3427037217
	3427037218
	3427037219
	3427037220
	3427037221
	3427037222
	3427037223
	3427037224
	3427037225
	3427037226
	3427037227
	3427037228
	3427037229
	3427037230
	3427037231
	3427037232
	3427037233
	3427037234
	3427037235
	3427037236
	3427037237
	3427037238
	3427037239
	3427037240
	3427037241
	3427037242
	3427037243
	3427037244
	3427037245
	3427037246
	3427037247
	3427037248
	3427037249
	3427037250
	3427037251
	3427037252
	3427037253
	3427037254
	3427037255
	3427037256
	3427037257
	3427037258
	3427037259
	3427037260
	3427037261
	3427037262
	3427037263
	3427037264
	3427037265
	3427037266
	3427037267
	3427037268
	3427037269
	3427037270
	3427037271
	3427037272
	3427037273
	3427037274
	3427037275
	3427037276
	3427037277
	3427037278
	3427037279
	3427037280
	3427037281
	3427037282
	3427037283
	3427037284
	3427037285
	3427037286
	3427037287
	3427037288
	3427037289
	3427037290
	3427037291
	3427037292
	3427037293
	3427037294
	3427037295
	3427037296
	3427037297
	3427037298
	3427037299
	3427037300
	3427037301
	3427037302
	3427037303
	3427037304
	3427037305
	3427037306
	3427037307
	3427037308
	3427037309
	3427037310
	3427037311
	3427037312
	3427037313
	3427037314
	3427037315
	3427037316
	3427037317
	3427037318
	3427037319
	3427037320
	3427037321
	3427037322
	3427037323
	3427037324
	3427037325
	3427037326
	3427037327
	3427037328
	3427037329
	3427037330
	3427037331
	3427037332
	3427037333
	3427037334
	3427037335
	3427037336
	3427037337
	3427037338
	3427037339
	3427037340
	3427037341
	3427037342
	3427037343
	3427037344
	3427037345
	3427037346
	3427037347
	3427037348
	3427037349
	3427037350
	3427037351
	3427037352
	3427037353
	3427037354
	3427037355
	3427037356
	3427037357
	3427037358
	3427037359
	3427037360
	3427037361
	3427037362
	3427037363
	3427037364
	3427037365
	3427037366
	3427037367
	3427037368
	3427037369
	3427037370
	3427037371
	3427037372
	3427037373
	3427037374
	3427037375
	3427037376
	3427037377
	3427037378
	3427037379
	3427037380
	3427037381
	3427037382
	3427037383
	3427037384
	3427037385
	3427037386
	3427037387
	3427037388
	3427037389
	3427037390
	3427037391
	3427037392
	3427037393
	3427037394
	3427037395
	3427037396
	3427037397
	3427037398
	3427037399
	3427037400
	3427037401
	3427037402
	3427037403
	3427037404
	3427037405
	3427037406
	3427037407
	3427037408
	3427037409
	3427037410
	3427037411
	3427037412
	3427037413
	3427037414
	3427037415
	3427037416
	3427037417
	3427037418
	3427037419
	3427037420
	3427037421
	3427037422
	3427037423
	3427037424
	3427037425
	3427037426
	3427037427
	3427037428
	3427037429
	3427037430
	3427037431
	3427037432
	3427037433
	3427037434
	3427037435
	3427037436
	3427037437
	3427037438
	3427037439
	3427037440
	3427037441
	3427037442
	3427037443
	3427037444
	3427037445
	3427037446
	3427037447
	3427037448
	3427037449
	3427037450
	3427037451
	3427037452
	3427037453
	3427037454
	3427037455
	3427037456
	3427037457
	3427037458
	3427037459
	3427037460
	3427037461
	3427037462
	3427037463
	3427037464
	3427037465
	3427037466
	3427037467
	3427037468
	3427037469
	3427037470
	3427037471
	3427037472
	3427037473
	3427037474
	3427037475
	3427037476
	3427037477
	3427037478
	3427037479
	3427037480
	3427037481
	3427037482
	3427037483
	3427037484
	3427037485
	3427037486
	3427037487
	3427037488
	3427037489
	3427037490
	3427037491
	3427037492
	3427037493
	3427037494
	3427037495
	3427037496
	3427037497
	3427037498
	3427037499
	3427037500
	3427037501
	3427037502
	3427037503
	3427037504
	3427037505
	3427037506
	3427037507
	3427037508
	3427037509
	3427037510
	3427037511
	3427037512
	3427037513
	3427037514
	3427037515
	3427037516
	3427037517
	3427037518
	3427037519
	3427037520
	3427037521
	3427037522
	3427037523
	3427037524
	3427037525
	3427037526
	3427037527
	3427037528
	3427037529
	3427037530
	3427037531
	3427037532
	3427037533
	3427037534
	3427037535
	3427037536
	3427037537
	3427037538
	3427037539
	3427037540
	3427037541
	3427037542
	3427037543
	3427037544
	3427037545
	3427037546
	3427037547
	3427037548
	3427037549
	3427037550
	3427037551
	3427037552
	3427037553
	3427037554
	3427037555
	3427037556
	3427037557
	3427037558
	3427037559
	3427037560
	3427037561
	3427037562
	3427037563
	3427037564
	3427037565
	3427037566
	3427037567
	3427037568
	3427037569
	3427037570
	3427037571
	3427037572
	3427037573
	3427037574
	3427037575
	3427037576
	3427037577
	3427037578
	3427037579
	3427037580
	3427037581
	3427037582
	3427037583
	3427037584
	3427037585
	3427037586
	3427037587
	3427037588
	3427037589
	3427037590
	3427037591
	3427037592
	3427037593
	3427037594
	3427037595
	3427037596
	3427037597
	3427037598
	3427037599
	3427037600
	3427037601
	3427037602
	3427037603
	3427037604
	3427037605
	3427037606
	3427037607
	3427037608
	3427037609
	3427037610
	3427037611
	3427037612
	3427037613
	3427037614
	3427037615
	3427037616
	3427037617
	3427037618
	3427037619
	3427037620
	3427037621
	3427037622
	3427037623
	3427037624
	3427037625
	3427037626
	3427037627
	3427037628
	3427037629
	3427037630
	3427037631
	3427037632
	3427037633
	3427037634
	3427037635
	3427037636
	3427037637
	3427037638
	3427037639
	3427037640
	3427037641
	3427037642
	3427037643
	3427037644
	3427037645
	3427037646
	3427037647
	3427037648
	3427037649
	3427037650
	3427037651
	3427037652
	3427037653
	3427037654
	3427037655
	3427037656
	3427037657
	3427037658
	3427037659
	3427037660
	3427037661
	3427037662
	3427037663
	3427037664
	3427037665
	3427037666
	3427037667
	3427037668
	3427037669
	3427037670
	3427037671
	3427037672
	3427037673
	3427037674
	3427037675
	3427037676
	3427037677
	3427037678
	3427037679
	3427037680
	3427037681
	3427037682
	3427037683
	3427037684
	3427037685
	3427037686
	3427037687
	3427037688
	3427037689
	3427037690
	3427037691
	3427037692
	3427037693
	3427037694
	3427037695
	3427037696
	3427037697
	3427037698
	3427037699
	3427037700
	3427037701
	3427037702
	3427037703
	3427037704
	3427037705
	3427037706
	3427037707
	3427037708
	3427037709
	3427037710
	3427037711
	3427037712
	3427037713
	3427037714
	3427037715
	3427037716
	3427037717
	3427037718
	3427037719
	3427037720
	3427037721
	3427037722
	3427037723
	3427037724
	3427037725
	3427037726
	3427037727
	3427037728
	3427037729
	3427037730
	3427037731
	3427037732
	3427037733
	3427037734
	3427037735
	3427037736
	3427037737
	3427037738
	3427037739
	3427037740
	3427037741
	3427037742
	3427037743
	3427037744
	3427037745
	3427037746
	3427037747
	3427037748
	3427037749
	3427037750
	3427037751
	3427037752
	3427037753
	3427037754
	3427037755
	3427037756
	3427037757
	3427037758
	3427037759
	3427037760
	3427037761
	3427037762
	3427037763
	3427037764
	3427037765
	3427037766
	3427037767
	3427037768
	3427037769
	3427037770
	3427037771
	3427037772
	3427037773
	3427037774
	3427037775
	3427037776
	3427037777
	3427037778
	3427037779
	3427037780
	3427037781
	3427037782
	3427037783
	3427037784
	3427037785
	3427037786
	3427037787
	3427037788
	3427037789
	3427037790
	3427037791
	3427037792
	3427037793
	3427037794
	3427037795
	3427037796
	3427037797
	3427037798
	3427037799
	3427037800
	3427037801
	3427037802
	3427037803
	3427037804
	3427037805
	3427037806
	3427037807
