	3426754438
	3426754439
	3426754440
	3426754441
	3426754442
	3426754443
	3426754444
	3426754445
	3426754446
	3426754447
	3426754448
	3426754449
	3426754450
	3426754451
	3426754452
	3426754453
	3426754454
	3426754455
	3426754456
	3426754457
	3426754458
	3426754459
	3426754460
	3426754461
	3426754462
	3426754463
	3426754464
	3426754465
	3426754466
	3426754467
	3426754468
	3426754469
	3426754470
	3426754471
	3426754472
	3426754473
	3426754474
	3426754475
	3426754476
	3426754477
	3426754478
	3426754479
	3426754480
	3426754481
	3426754482
	3426754483
	3426754484
	3426754485
	3426754486
	3426754487
	3426754488
	3426754489
	3426754490
	3426754491
	3426754492
	3426754493
	3426754494
	3426754495
	3426754496
	3426754497
	3426754498
	3426754499
	3426754500
	3426754501
	3426754502
	3426754503
	3426754504
	3426754505
	3426754506
	3426754507
	3426754508
	3426754509
	3426754510
	3426754511
	3426754512
	3426754513
	3426754514
	3426754515
	3426754516
	3426754517
	3426754518
	3426754519
	3426754520
	3426754521
	3426754522
	3426754523
	3426754524
	3426754525
	3426754526
	3426754527
	3426754528
	3426754529
	3426754530
	3426754531
	3426754532
	3426754533
	3426754534
	3426754535
	3426754536
	3426754537
	3426754538
	3426754539
	3426754540
	3426754541
	3426754542
	3426754543
	3426754544
	3426754545
	3426754546
	3426754547
	3426754548
	3426754549
	3426754550
	3426754551
	3426754552
	3426754553
	3426754554
	3426754555
	3426754556
	3426754557
	3426754558
	3426754559
	3426754560
	3426754561
	3426754562
	3426754563
	3426754564
	3426754565
	3426754566
	3426754567
	3426754568
	3426754569
	3426754570
	3426754571
	3426754572
	3426754573
	3426754574
	3426754575
	3426754576
	3426754577
	3426754578
	3426754579
	3426754580
	3426754581
	3426754582
	3426754583
	3426754584
	3426754585
	3426754586
	3426754587
	3426754588
	3426754589
	3426754590
	3426754591
	3426754592
	3426754593
	3426754594
	3426754595
	3426754596
	3426754597
	3426754598
	3426754599
	3426754600
	3426754601
	3426754602
	3426754603
	3426754604
	3426754605
	3426754606
	3426754607
	3426754608
	3426754609
	3426754610
	3426754611
	3426754612
	3426754613
	3426754614
	3426754615
	3426754616
	3426754617
	3426754618
	3426754619
	3426754620
	3426754621
	3426754622
	3426754623
	3426754624
	3426754625
	3426754626
	3426754627
	3426754628
	3426754629
	3426754630
	3426754631
	3426754632
	3426754633
	3426754634
	3426754635
	3426754636
	3426754637
	3426754638
	3426754639
	3426754640
	3426754641
	3426754642
	3426754643
	3426754644
	3426754645
	3426754646
	3426754647
	3426754648
	3426754649
	3426754650
	3426754651
	3426754652
	3426754653
	3426754654
	3426754655
	3426754656
	3426754657
	3426754658
	3426754659
	3426754660
	3426754661
	3426754662
	3426754663
	3426754664
	3426754665
	3426754666
	3426754667
	3426754668
	3426754669
	3426754670
	3426754671
	3426754672
	3426754673
	3426754674
	3426754675
	3426754676
	3426754677
	3426754678
	3426754679
	3426754680
	3426754681
	3426754682
	3426754683
	3426754684
	3426754685
	3426754686
	3426754687
	3426754688
	3426754689
	3426754690
	3426754691
	3426754692
	3426754693
	3426754694
	3426754695
	3426754696
	3426754697
	3426754698
	3426754699
	3426754700
	3426754701
	3426754702
	3426754703
	3426754704
	3426754705
	3426754706
	3426754707
	3426754708
	3426754709
	3426754710
	3426754711
	3426754712
	3426754713
	3426754714
	3426754715
	3426754716
	3426754717
	3426754718
	3426754719
	3426754720
	3426754721
	3426754722
	3426754723
	3426754724
	3426754725
	3426754726
	3426754727
	3426754728
	3426754729
	3426754730
	3426754731
	3426754732
	3426754733
	3426754734
	3426754735
	3426754736
	3426754737
	3426754738
	3426754739
	3426754740
	3426754741
	3426754742
	3426754743
	3426754744
	3426754745
	3426754746
	3426754747
	3426754748
	3426754749
	3426754750
	3426754751
	3426754752
	3426754753
	3426754754
	3426754755
	3426754756
	3426754757
	3426754758
	3426754759
	3426754760
	3426754761
	3426754762
	3426754763
	3426754764
	3426754765
	3426754766
	3426754767
	3426754768
	3426754769
	3426754770
	3426754771
	3426754772
	3426754773
	3426754774
	3426754775
	3426754776
	3426754777
	3426754778
	3426754779
	3426754780
	3426754781
	3426754782
	3426754783
	3426754784
	3426754785
	3426754786
	3426754787
	3426754788
	3426754789
	3426754790
	3426754791
	3426754792
	3426754793
	3426754794
	3426754795
	3426754796
	3426754797
	3426754798
	3426754799
	3426754800
	3426754801
	3426754802
	3426754803
	3426754804
	3426754805
	3426754806
	3426754807
	3426754808
	3426754809
	3426754810
	3426754811
	3426754812
	3426754813
	3426754814
	3426754815
	3426754816
	3426754817
	3426754818
	3426754819
	3426754820
	3426754821
	3426754822
	3426754823
	3426754824
	3426754825
	3426754826
	3426754827
	3426754828
	3426754829
	3426754830
	3426754831
	3426754832
	3426754833
	3426754834
	3426754835
	3426754836
	3426754837
	3426754838
	3426754839
	3426754840
	3426754841
	3426754842
	3426754843
	3426754844
	3426754845
	3426754846
	3426754847
	3426754848
	3426754849
	3426754850
	3426754851
	3426754852
	3426754853
	3426754854
	3426754855
	3426754856
	3426754857
	3426754858
	3426754859
	3426754860
	3426754861
	3426754862
	3426754863
	3426754864
	3426754865
	3426754866
	3426754867
	3426754868
	3426754869
	3426754870
	3426754871
	3426754872
	3426754873
	3426754874
	3426754875
	3426754876
	3426754877
	3426754878
	3426754879
	3426754880
	3426754881
	3426754882
	3426754883
	3426754884
	3426754885
	3426754886
	3426754887
	3426754888
	3426754889
	3426754890
	3426754891
	3426754892
	3426754893
	3426754894
	3426754895
	3426754896
	3426754897
	3426754898
	3426754899
	3426754900
	3426754901
	3426754902
	3426754903
	3426754904
	3426754905
	3426754906
	3426754907
	3426754908
	3426754909
	3426754910
	3426754911
	3426754912
	3426754913
	3426754914
	3426754915
	3426754916
	3426754917
	3426754918
	3426754919
	3426754920
	3426754921
	3426754922
	3426754923
	3426754924
	3426754925
	3426754926
	3426754927
	3426754928
	3426754929
	3426754930
	3426754931
	3426754932
	3426754933
	3426754934
	3426754935
	3426754936
	3426754937
	3426754938
	3426754939
	3426754940
	3426754941
	3426754942
	3426754943
	3426754944
	3426754945
	3426754946
	3426754947
	3426754948
	3426754949
	3426754950
	3426754951
	3426754952
	3426754953
	3426754954
	3426754955
	3426754956
	3426754957
	3426754958
	3426754959
	3426754960
	3426754961
	3426754962
	3426754963
	3426754964
	3426754965
	3426754966
	3426754967
	3426754968
	3426754969
	3426754970
	3426754971
	3426754972
	3426754973
	3426754974
	3426754975
	3426754976
	3426754977
	3426754978
	3426754979
	3426754980
	3426754981
	3426754982
	3426754983
	3426754984
	3426754985
	3426754986
	3426754987
	3426754988
	3426754989
	3426754990
	3426754991
	3426754992
	3426754993
	3426754994
	3426754995
	3426754996
	3426754997
	3426754998
	3426754999
	3426755000
	3426755001
	3426755002
	3426755003
	3426755004
	3426755005
	3426755006
	3426755007
	3426755008
	3426755009
	3426755010
	3426755011
	3426755012
	3426755013
	3426755014
	3426755015
	3426755016
	3426755017
	3426755018
	3426755019
	3426755020
	3426755021
	3426755022
	3426755023
	3426755024
	3426755025
	3426755026
	3426755027
	3426755028
	3426755029
	3426755030
	3426755031
	3426755032
	3426755033
	3426755034
	3426755035
	3426755036
	3426755037
	3426755038
	3426755039
	3426755040
	3426755041
	3426755042
	3426755043
	3426755044
	3426755045
	3426755046
	3426755047
	3426755048
	3426755049
	3426755050
	3426755051
	3426755052
	3426755053
	3426755054
	3426755055
	3426755056
	3426755057
	3426755058
	3426755059
	3426755060
	3426755061
	3426755062
	3426755063
	3426755064
	3426755065
	3426755066
	3426755067
	3426755068
	3426755069
	3426755070
	3426755071
	3426755072
	3426755073
	3426755074
	3426755075
	3426755076
	3426755077
	3426755078
	3426755079
	3426755080
	3426755081
	3426755082
	3426755083
	3426755084
	3426755085
	3426755086
	3426755087
	3426755088
	3426755089
	3426755090
	3426755091
	3426755092
	3426755093
	3426755094
	3426755095
	3426755096
	3426755097
	3426755098
	3426755099
	3426755100
	3426755101
	3426755102
	3426755103
	3426755104
	3426755105
	3426755106
	3426755107
	3426755108
	3426755109
	3426755110
	3426755111
	3426755112
	3426755113
	3426755114
	3426755115
	3426755116
	3426755117
	3426755118
	3426755119
	3426755120
	3426755121
	3426755122
	3426755123
	3426755124
	3426755125
	3426755126
	3426755127
	3426755128
	3426755129
	3426755130
	3426755131
	3426755132
	3426755133
	3426755134
	3426755135
	3426755136
	3426755137
	3426755138
	3426755139
	3426755140
	3426755141
	3426755142
	3426755143
	3426755144
	3426755145
	3426755146
	3426755147
	3426755148
	3426755149
	3426755150
	3426755151
	3426755152
	3426755153
	3426755154
	3426755155
	3426755156
	3426755157
	3426755158
	3426755159
	3426755160
	3426755161
	3426755162
	3426755163
	3426755164
	3426755165
	3426755166
	3426755167
	3426755168
	3426755169
	3426755170
	3426755171
	3426755172
	3426755173
	3426755174
	3426755175
	3426755176
	3426755177
	3426755178
	3426755179
	3426755180
	3426755181
	3426755182
	3426755183
	3426755184
	3426755185
	3426755186
	3426755187
	3426755188
	3426755189
	3426755190
	3426755191
	3426755192
	3426755193
	3426755194
	3426755195
	3426755196
	3426755197
	3426755198
	3426755199
	3426755200
	3426755201
	3426755202
	3426755203
	3426755204
	3426755205
	3426755206
	3426755207
	3426755208
	3426755209
	3426755210
	3426755211
	3426755212
	3426755213
	3426755214
	3426755215
	3426755216
	3426755217
	3426755218
	3426755219
	3426755220
	3426755221
	3426755222
	3426755223
	3426755224
	3426755225
	3426755226
	3426755227
	3426755228
	3426755229
	3426755230
	3426755231
	3426755232
	3426755233
	3426755234
	3426755235
	3426755236
	3426755237
	3426755238
	3426755239
	3426755240
	3426755241
	3426755242
	3426755243
	3426755244
	3426755245
	3426755246
	3426755247
	3426755248
	3426755249
	3426755250
	3426755251
	3426755252
	3426755253
	3426755254
	3426755255
	3426755256
	3426755257
	3426755258
	3426755259
	3426755260
	3426755261
	3426755262
	3426755263
	3426755264
	3426755265
	3426755266
	3426755267
	3426755268
	3426755269
	3426755270
	3426755271
	3426755272
	3426755273
	3426755274
	3426755275
	3426755276
	3426755277
	3426755278
	3426755279
	3426755280
	3426755281
	3426755282
	3426755283
	3426755284
	3426755285
	3426755286
	3426755287
	3426755288
	3426755289
	3426755290
	3426755291
	3426755292
	3426755293
	3426755294
	3426755295
	3426755296
	3426755297
	3426755298
	3426755299
	3426755300
	3426755301
	3426755302
	3426755303
	3426755304
	3426755305
	3426755306
	3426755307
	3426755308
	3426755309
	3426755310
	3426755311
	3426755312
	3426755313
	3426755314
	3426755315
	3426755316
	3426755317
	3426755318
	3426755319
	3426755320
	3426755321
	3426755322
	3426755323
	3426755324
	3426755325
	3426755326
	3426755327
	3426755328
	3426755329
	3426755330
	3426755331
	3426755332
	3426755333
	3426755334
	3426755335
	3426755336
	3426755337
	3426755338
	3426755339
	3426755340
	3426755341
	3426755342
	3426755343
	3426755344
	3426755345
	3426755346
	3426755347
	3426755348
	3426755349
	3426755350
	3426755351
	3426755352
	3426755353
	3426755354
	3426755355
	3426755356
	3426755357
	3426755358
	3426755359
	3426755360
	3426755361
	3426755362
	3426755363
	3426755364
	3426755365
	3426755366
	3426755367
	3426755368
	3426755369
	3426755370
	3426755371
	3426755372
	3426755373
	3426755374
	3426755375
	3426755376
	3426755377
	3426755378
	3426755379
	3426755380
	3426755381
	3426755382
	3426755383
	3426755384
	3426755385
	3426755386
	3426755387
	3426755388
	3426755389
	3426755390
	3426755391
	3426755392
	3426755393
	3426755394
	3426755395
	3426755396
	3426755397
	3426755398
	3426755399
	3426755400
	3426755401
	3426755402
	3426755403
	3426755404
	3426755405
	3426755406
	3426755407
	3426755408
	3426755409
	3426755410
	3426755411
	3426755412
	3426755413
	3426755414
	3426755415
	3426755416
	3426755417
	3426755418
	3426755419
	3426755420
	3426755421
	3426755422
	3426755423
	3426755424
	3426755425
	3426755426
	3426755427
	3426755428
	3426755429
	3426755430
	3426755431
	3426755432
	3426755433
	3426755434
	3426755435
	3426755436
	3426755437
	3426755438
	3426755439
	3426755440
	3426755441
	3426755442
	3426755443
	3426755444
	3426755445
	3426755446
	3426755447
	3426755448
	3426755449
	3426755450
	3426755451
	3426755452
	3426755453
	3426755454
	3426755455
	3426755456
	3426755457
	3426755458
	3426755459
	3426755460
	3426755461
	3426755462
	3426755463
	3426755464
	3426755465
	3426755466
	3426755467
	3426755468
	3426755469
	3426755470
	3426755471
	3426755472
	3426755473
	3426755474
	3426755475
	3426755476
	3426755477
	3426755478
	3426755479
	3426755480
	3426755481
	3426755482
	3426755483
	3426755484
	3426755485
	3426755486
	3426755487
	3426755488
	3426755489
	3426755490
	3426755491
	3426755492
	3426755493
	3426755494
	3426755495
	3426755496
	3426755497
	3426755498
	3426755499
	3426755500
	3426755501
	3426755502
	3426755503
	3426755504
	3426755505
	3426755506
	3426755507
	3426755508
	3426755509
	3426755510
	3426755511
	3426755512
	3426755513
	3426755514
	3426755515
	3426755516
	3426755517
	3426755518
	3426755519
	3426755520
	3426755521
	3426755522
	3426755523
	3426755524
	3426755525
	3426755526
	3426755527
	3426755528
	3426755529
	3426755530
	3426755531
	3426755532
	3426755533
	3426755534
	3426755535
	3426755536
	3426755537
	3426755538
	3426755539
	3426755540
	3426755541
	3426755542
	3426755543
	3426755544
	3426755545
	3426755546
	3426755547
	3426755548
	3426755549
	3426755550
	3426755551
	3426755552
	3426755553
	3426755554
	3426755555
	3426755556
	3426755557
	3426755558
	3426755559
	3426755560
	3426755561
	3426755562
	3426755563
	3426755564
	3426755565
	3426755566
	3426755567
	3426755568
	3426755569
	3426755570
	3426755571
	3426755572
	3426755573
	3426755574
	3426755575
	3426755576
	3426755577
	3426755578
	3426755579
	3426755580
	3426755581
	3426755582
	3426755583
	3426755584
	3426755585
	3426755586
	3426755587
	3426755588
	3426755589
	3426755590
	3426755591
	3426755592
	3426755593
	3426755594
	3426755595
	3426755596
	3426755597
	3426755598
	3426755599
	3426755600
	3426755601
	3426755602
	3426755603
	3426755604
	3426755605
	3426755606
	3426755607
	3426755608
	3426755609
	3426755610
	3426755611
	3426755612
	3426755613
	3426755614
	3426755615
	3426755616
	3426755617
	3426755618
	3426755619
	3426755620
	3426755621
	3426755622
	3426755623
	3426755624
	3426755625
	3426755626
	3426755627
	3426755628
	3426755629
	3426755630
	3426755631
	3426755632
	3426755633
	3426755634
	3426755635
	3426755636
	3426755637
	3426755638
	3426755639
	3426755640
	3426755641
	3426755642
	3426755643
	3426755644
	3426755645
	3426755646
	3426755647
	3426755648
	3426755649
	3426755650
	3426755651
	3426755652
	3426755653
	3426755654
	3426755655
	3426755656
	3426755657
	3426755658
	3426755659
	3426755660
	3426755661
	3426755662
	3426755663
	3426755664
	3426755665
	3426755666
	3426755667
	3426755668
	3426755669
	3426755670
	3426755671
	3426755672
	3426755673
	3426755674
	3426755675
	3426755676
	3426755677
	3426755678
	3426755679
	3426755680
	3426755681
	3426755682
	3426755683
	3426755684
	3426755685
	3426755686
	3426755687
	3426755688
	3426755689
	3426755690
	3426755691
	3426755692
	3426755693
	3426755694
	3426755695
	3426755696
	3426755697
	3426755698
	3426755699
	3426755700
	3426755701
	3426755702
	3426755703
	3426755704
	3426755705
	3426755706
	3426755707
	3426755708
	3426755709
	3426755710
	3426755711
	3426755712
	3426755713
	3426755714
	3426755715
	3426755716
	3426755717
	3426755718
	3426755719
	3426755720
	3426755721
	3426755722
	3426755723
	3426755724
	3426755725
	3426755726
	3426755727
	3426755728
	3426755729
	3426755730
	3426755731
	3426755732
	3426755733
	3426755734
	3426755735
	3426755736
	3426755737
	3426755738
	3426755739
	3426755740
	3426755741
	3426755742
	3426755743
	3426755744
	3426755745
	3426755746
	3426755747
	3426755748
	3426755749
	3426755750
	3426755751
	3426755752
	3426755753
	3426755754
	3426755755
	3426755756
	3426755757
	3426755758
	3426755759
	3426755760
	3426755761
	3426755762
	3426755763
	3426755764
	3426755765
	3426755766
	3426755767
	3426755768
	3426755769
	3426755770
	3426755771
	3426755772
	3426755773
	3426755774
	3426755775
	3426755776
	3426755777
	3426755778
	3426755779
	3426755780
	3426755781
	3426755782
	3426755783
	3426755784
	3426755785
	3426755786
	3426755787
	3426755788
	3426755789
	3426755790
	3426755791
	3426755792
	3426755793
	3426755794
	3426755795
	3426755796
	3426755797
	3426755798
	3426755799
	3426755800
	3426755801
	3426755802
	3426755803
	3426755804
	3426755805
	3426755806
	3426755807
	3426755808
	3426755809
	3426755810
	3426755811
	3426755812
	3426755813
	3426755814
	3426755815
	3426755816
	3426755817
	3426755818
	3426755819
	3426755820
	3426755821
	3426755822
	3426755823
	3426755824
	3426755825
	3426755826
	3426755827
	3426755828
	3426755829
	3426755830
	3426755831
	3426755832
	3426755833
	3426755834
	3426755835
	3426755836
	3426755837
	3426755838
	3426755839
	3426755840
	3426755841
	3426755842
	3426755843
	3426755844
	3426755845
	3426755846
	3426755847
	3426755848
	3426755849
	3426755850
	3426755851
	3426755852
	3426755853
	3426755854
	3426755855
	3426755856
	3426755857
	3426755858
	3426755859
	3426755860
	3426755861
	3426755862
	3426755863
	3426755864
	3426755865
	3426755866
	3426755867
	3426755868
	3426755869
	3426755870
	3426755871
	3426755872
	3426755873
	3426755874
	3426755875
	3426755876
	3426755877
	3426755878
	3426755879
	3426755880
	3426755881
	3426755882
	3426755883
	3426755884
	3426755885
	3426755886
	3426755887
	3426755888
	3426755889
	3426755890
	3426755891
	3426755892
	3426755893
	3426755894
	3426755895
	3426755896
	3426755897
	3426755898
	3426755899
	3426755900
	3426755901
	3426755902
	3426755903
	3426755904
	3426755905
	3426755906
	3426755907
	3426755908
	3426755909
	3426755910
	3426755911
	3426755912
	3426755913
	3426755914
	3426755915
	3426755916
	3426755917
	3426755918
	3426755919
	3426755920
	3426755921
	3426755922
	3426755923
	3426755924
	3426755925
	3426755926
	3426755927
	3426755928
	3426755929
	3426755930
	3426755931
	3426755932
	3426755933
	3426755934
	3426755935
	3426755936
	3426755937
	3426755938
	3426755939
	3426755940
	3426755941
	3426755942
	3426755943
	3426755944
	3426755945
	3426755946
	3426755947
	3426755948
	3426755949
	3426755950
	3426755951
	3426755952
	3426755953
	3426755954
	3426755955
	3426755956
	3426755957
	3426755958
	3426755959
	3426755960
	3426755961
	3426755962
	3426755963
	3426755964
	3426755965
	3426755966
	3426755967
	3426755968
	3426755969
	3426755970
	3426755971
	3426755972
	3426755973
	3426755974
	3426755975
	3426755976
	3426755977
	3426755978
	3426755979
	3426755980
	3426755981
	3426755982
	3426755983
	3426755984
	3426755985
	3426755986
	3426755987
	3426755988
	3426755989
	3426755990
	3426755991
	3426755992
	3426755993
	3426755994
	3426755995
	3426755996
	3426755997
	3426755998
	3426755999
	3426756000
	3426756001
	3426756002
	3426756003
	3426756004
	3426756005
	3426756006
	3426756007
	3426756008
	3426756009
	3426756010
	3426756011
	3426756012
	3426756013
	3426756014
	3426756015
	3426756016
	3426756017
	3426756018
	3426756019
	3426756020
	3426756021
	3426756022
	3426756023
	3426756024
	3426756025
	3426756026
	3426756027
	3426756028
	3426756029
	3426756030
	3426756031
	3426756032
	3426756033
	3426756034
	3426756035
	3426756036
	3426756037
	3426756038
	3426756039
	3426756040
	3426756041
	3426756042
	3426756043
	3426756044
	3426756045
	3426756046
	3426756047
	3426756048
	3426756049
	3426756050
	3426756051
	3426756052
	3426756053
	3426756054
	3426756055
	3426756056
	3426756057
	3426756058
	3426756059
	3426756060
	3426756061
	3426756062
	3426756063
	3426756064
	3426756065
	3426756066
	3426756067
	3426756068
	3426756069
	3426756070
	3426756071
	3426756072
	3426756073
	3426756074
	3426756075
	3426756076
	3426756077
	3426756078
	3426756079
	3426756080
	3426756081
	3426756082
	3426756083
	3426756084
	3426756085
	3426756086
	3426756087
	3426756088
	3426756089
	3426756090
	3426756091
	3426756092
	3426756093
	3426756094
	3426756095
	3426756096
	3426756097
	3426756098
	3426756099
	3426756100
	3426756101
	3426756102
	3426756103
	3426756104
	3426756105
	3426756106
	3426756107
	3426756108
	3426756109
	3426756110
	3426756111
	3426756112
	3426756113
	3426756114
	3426756115
	3426756116
	3426756117
	3426756118
	3426756119
	3426756120
	3426756121
	3426756122
	3426756123
	3426756124
	3426756125
	3426756126
	3426756127
	3426756128
	3426756129
	3426756130
	3426756131
	3426756132
	3426756133
	3426756134
	3426756135
	3426756136
	3426756137
	3426756138
	3426756139
	3426756140
	3426756141
	3426756142
	3426756143
	3426756144
	3426756145
	3426756146
	3426756147
	3426756148
	3426756149
	3426756150
	3426756151
	3426756152
	3426756153
	3426756154
	3426756155
	3426756156
	3426756157
	3426756158
	3426756159
	3426756160
	3426756161
	3426756162
	3426756163
	3426756164
	3426756165
	3426756166
	3426756167
	3426756168
	3426756169
	3426756170
	3426756171
	3426756172
	3426756173
	3426756174
	3426756175
	3426756176
	3426756177
	3426756178
	3426756179
	3426756180
	3426756181
	3426756182
	3426756183
	3426756184
	3426756185
	3426756186
	3426756187
	3426756188
	3426756189
	3426756190
	3426756191
	3426756192
	3426756193
	3426756194
	3426756195
	3426756196
	3426756197
	3426756198
	3426756199
	3426756200
	3426756201
	3426756202
	3426756203
	3426756204
	3426756205
	3426756206
	3426756207
	3426756208
	3426756209
	3426756210
	3426756211
	3426756212
	3426756213
	3426756214
	3426756215
	3426756216
	3426756217
	3426756218
	3426756219
	3426756220
	3426756221
	3426756222
	3426756223
	3426756224
	3426756225
	3426756226
	3426756227
	3426756228
	3426756229
	3426756230
	3426756231
	3426756232
	3426756233
	3426756234
	3426756235
	3426756236
	3426756237
	3426756238
	3426756239
	3426756240
	3426756241
	3426756242
	3426756243
	3426756244
	3426756245
	3426756246
	3426756247
	3426756248
	3426756249
	3426756250
	3426756251
	3426756252
	3426756253
	3426756254
	3426756255
	3426756256
	3426756257
	3426756258
	3426756259
	3426756260
	3426756261
	3426756262
	3426756263
	3426756264
	3426756265
	3426756266
	3426756267
	3426756268
	3426756269
	3426756270
	3426756271
	3426756272
	3426756273
	3426756274
	3426756275
	3426756276
	3426756277
	3426756278
	3426756279
	3426756280
	3426756281
	3426756282
	3426756283
	3426756284
	3426756285
	3426756286
	3426756287
	3426756288
	3426756289
	3426756290
	3426756291
	3426756292
	3426756293
	3426756294
	3426756295
	3426756296
	3426756297
	3426756298
	3426756299
	3426756300
	3426756301
	3426756302
	3426756303
	3426756304
	3426756305
	3426756306
	3426756307
	3426756308
	3426756309
	3426756310
	3426756311
	3426756312
	3426756313
	3426756314
	3426756315
	3426756316
	3426756317
	3426756318
	3426756319
	3426756320
	3426756321
	3426756322
	3426756323
	3426756324
	3426756325
	3426756326
	3426756327
	3426756328
	3426756329
	3426756330
	3426756331
	3426756332
	3426756333
	3426756334
	3426756335
	3426756336
	3426756337
	3426756338
	3426756339
	3426756340
	3426756341
	3426756342
	3426756343
	3426756344
	3426756345
	3426756346
	3426756347
	3426756348
	3426756349
	3426756350
	3426756351
	3426756352
	3426756353
	3426756354
	3426756355
	3426756356
	3426756357
	3426756358
	3426756359
	3426756360
	3426756361
	3426756362
	3426756363
	3426756364
	3426756365
	3426756366
	3426756367
	3426756368
	3426756369
	3426756370
	3426756371
	3426756372
	3426756373
	3426756374
	3426756375
	3426756376
	3426756377
	3426756378
	3426756379
	3426756380
	3426756381
	3426756382
	3426756383
	3426756384
	3426756385
	3426756386
	3426756387
	3426756388
	3426756389
	3426756390
	3426756391
	3426756392
	3426756393
	3426756394
	3426756395
	3426756396
	3426756397
	3426756398
	3426756399
	3426756400
	3426756401
	3426756402
	3426756403
	3426756404
	3426756405
	3426756406
	3426756407
	3426756408
	3426756409
	3426756410
	3426756411
	3426756412
	3426756413
	3426756414
	3426756415
	3426756416
	3426756417
	3426756418
	3426756419
	3426756420
	3426756421
	3426756422
	3426756423
	3426756424
	3426756425
	3426756426
	3426756427
	3426756428
	3426756429
	3426756430
	3426756431
	3426756432
	3426756433
	3426756434
	3426756435
	3426756436
	3426756437
	3426756438
	3426756439
	3426756440
	3426756441
	3426756442
	3426756443
	3426756444
	3426756445
	3426756446
	3426756447
	3426756448
	3426756449
	3426756450
	3426756451
	3426756452
	3426756453
	3426756454
	3426756455
	3426756456
	3426756457
	3426756458
	3426756459
	3426756460
	3426756461
	3426756462
	3426756463
	3426756464
	3426756465
	3426756466
	3426756467
	3426756468
	3426756469
	3426756470
	3426756471
	3426756472
	3426756473
	3426756474
	3426756475
	3426756476
	3426756477
	3426756478
	3426756479
	3426756480
	3426756481
	3426756482
	3426756483
	3426756484
	3426756485
	3426756486
	3426756487
	3426756488
	3426756489
	3426756490
	3426756491
	3426756492
	3426756493
	3426756494
	3426756495
	3426756496
	3426756497
	3426756498
	3426756499
	3426756500
	3426756501
	3426756502
	3426756503
	3426756504
	3426756505
	3426756506
	3426756507
	3426756508
	3426756509
	3426756510
	3426756511
	3426756512
	3426756513
	3426756514
	3426756515
	3426756516
	3426756517
	3426756518
	3426756519
	3426756520
	3426756521
	3426756522
	3426756523
	3426756524
	3426756525
	3426756526
	3426756527
	3426756528
	3426756529
	3426756530
	3426756531
	3426756532
	3426756533
	3426756534
	3426756535
	3426756536
	3426756537
	3426756538
	3426756539
	3426756540
	3426756541
	3426756542
	3426756543
	3426756544
	3426756545
	3426756546
	3426756547
	3426756548
	3426756549
	3426756550
	3426756551
	3426756552
	3426756553
	3426756554
	3426756555
	3426756556
	3426756557
	3426756558
	3426756559
	3426756560
	3426756561
	3426756562
	3426756563
	3426756564
	3426756565
	3426756566
	3426756567
	3426756568
	3426756569
	3426756570
	3426756571
	3426756572
	3426756573
	3426756574
	3426756575
	3426756576
	3426756577
	3426756578
	3426756579
	3426756580
	3426756581
	3426756582
	3426756583
	3426756584
	3426756585
	3426756586
	3426756587
	3426756588
	3426756589
	3426756590
	3426756591
	3426756592
	3426756593
	3426756594
	3426756595
	3426756596
	3426756597
	3426756598
	3426756599
	3426756600
	3426756601
	3426756602
	3426756603
	3426756604
	3426756605
	3426756606
	3426756607
	3426756608
	3426756609
	3426756610
	3426756611
	3426756612
	3426756613
	3426756614
	3426756615
	3426756616
	3426756617
	3426756618
	3426756619
	3426756620
	3426756621
	3426756622
	3426756623
	3426756624
	3426756625
	3426756626
	3426756627
	3426756628
	3426756629
	3426756630
	3426756631
	3426756632
	3426756633
	3426756634
	3426756635
	3426756636
	3426756637
	3426756638
	3426756639
	3426756640
	3426756641
	3426756642
	3426756643
	3426756644
	3426756645
	3426756646
	3426756647
	3426756648
	3426756649
	3426756650
	3426756651
	3426756652
	3426756653
	3426756654
	3426756655
	3426756656
	3426756657
	3426756658
	3426756659
	3426756660
	3426756661
	3426756662
	3426756663
	3426756664
	3426756665
	3426756666
	3426756667
	3426756668
	3426756669
	3426756670
	3426756671
	3426756672
	3426756673
	3426756674
	3426756675
	3426756676
	3426756677
	3426756678
	3426756679
	3426756680
	3426756681
	3426756682
	3426756683
	3426756684
	3426756685
	3426756686
	3426756687
	3426756688
	3426756689
	3426756690
	3426756691
	3426756692
	3426756693
	3426756694
	3426756695
	3426756696
	3426756697
	3426756698
	3426756699
	3426756700
	3426756701
	3426756702
	3426756703
	3426756704
	3426756705
	3426756706
	3426756707
	3426756708
	3426756709
	3426756710
	3426756711
	3426756712
	3426756713
	3426756714
	3426756715
	3426756716
	3426756717
	3426756718
	3426756719
	3426756720
	3426756721
	3426756722
	3426756723
	3426756724
	3426756725
	3426756726
	3426756727
	3426756728
	3426756729
	3426756730
	3426756731
	3426756732
	3426756733
	3426756734
	3426756735
	3426756736
	3426756737
	3426756738
	3426756739
	3426756740
	3426756741
	3426756742
	3426756743
	3426756744
	3426756745
	3426756746
	3426756747
	3426756748
	3426756749
	3426756750
	3426756751
	3426756752
	3426756753
	3426756754
	3426756755
	3426756756
	3426756757
	3426756758
	3426756759
	3426756760
	3426756761
	3426756762
	3426756763
	3426756764
	3426756765
	3426756766
	3426756767
	3426756768
	3426756769
	3426756770
	3426756771
	3426756772
	3426756773
	3426756774
	3426756775
	3426756776
	3426756777
	3426756778
	3426756779
	3426756780
	3426756781
	3426756782
	3426756783
	3426756784
	3426756785
	3426756786
	3426756787
	3426756788
	3426756789
	3426756790
	3426756791
	3426756792
	3426756793
	3426756794
	3426756795
	3426756796
	3426756797
	3426756798
	3426756799
	3426756800
	3426756801
	3426756802
	3426756803
	3426756804
	3426756805
	3426756806
	3426756807
	3426756808
	3426756809
	3426756810
	3426756811
	3426756812
	3426756813
	3426756814
	3426756815
	3426756816
	3426756817
	3426756818
	3426756819
	3426756820
	3426756821
	3426756822
	3426756823
	3426756824
	3426756825
	3426756826
	3426756827
	3426756828
	3426756829
	3426756830
	3426756831
	3426756832
	3426756833
	3426756834
	3426756835
	3426756836
	3426756837
	3426756838
	3426756839
	3426756840
	3426756841
	3426756842
	3426756843
	3426756844
	3426756845
	3426756846
	3426756847
	3426756848
	3426756849
	3426756850
	3426756851
	3426756852
	3426756853
	3426756854
	3426756855
	3426756856
	3426756857
	3426756858
	3426756859
	3426756860
	3426756861
	3426756862
	3426756863
	3426756864
	3426756865
	3426756866
	3426756867
	3426756868
	3426756869
	3426756870
	3426756871
	3426756872
	3426756873
	3426756874
	3426756875
	3426756876
	3426756877
	3426756878
	3426756879
	3426756880
	3426756881
	3426756882
	3426756883
	3426756884
	3426756885
	3426756886
	3426756887
	3426756888
	3426756889
	3426756890
	3426756891
	3426756892
	3426756893
	3426756894
	3426756895
	3426756896
	3426756897
	3426756898
	3426756899
	3426756900
	3426756901
	3426756902
	3426756903
	3426756904
	3426756905
	3426756906
	3426756907
	3426756908
	3426756909
	3426756910
	3426756911
	3426756912
	3426756913
	3426756914
	3426756915
	3426756916
	3426756917
	3426756918
	3426756919
	3426756920
	3426756921
	3426756922
	3426756923
	3426756924
	3426756925
	3426756926
	3426756927
	3426756928
	3426756929
	3426756930
	3426756931
	3426756932
	3426756933
	3426756934
	3426756935
	3426756936
	3426756937
	3426756938
	3426756939
	3426756940
	3426756941
	3426756942
	3426756943
	3426756944
	3426756945
	3426756946
	3426756947
	3426756948
	3426756949
	3426756950
	3426756951
	3426756952
	3426756953
	3426756954
	3426756955
	3426756956
	3426756957
	3426756958
	3426756959
	3426756960
	3426756961
	3426756962
	3426756963
	3426756964
	3426756965
	3426756966
	3426756967
	3426756968
	3426756969
	3426756970
	3426756971
	3426756972
	3426756973
	3426756974
	3426756975
	3426756976
	3426756977
	3426756978
	3426756979
	3426756980
	3426756981
	3426756982
	3426756983
	3426756984
	3426756985
	3426756986
	3426756987
	3426756988
	3426756989
	3426756990
	3426756991
	3426756992
	3426756993
	3426756994
	3426756995
	3426756996
	3426756997
	3426756998
	3426756999
	3426757000
	3426757001
	3426757002
	3426757003
	3426757004
	3426757005
	3426757006
	3426757007
	3426757008
	3426757009
	3426757010
	3426757011
	3426757012
	3426757013
	3426757014
	3426757015
	3426757016
	3426757017
	3426757018
	3426757019
	3426757020
	3426757021
	3426757022
	3426757023
	3426757024
	3426757025
	3426757026
	3426757027
	3426757028
	3426757029
	3426757030
	3426757031
	3426757032
	3426757033
	3426757034
	3426757035
	3426757036
	3426757037
	3426757038
	3426757039
	3426757040
	3426757041
	3426757042
	3426757043
	3426757044
	3426757045
	3426757046
	3426757047
	3426757048
	3426757049
	3426757050
	3426757051
	3426757052
	3426757053
	3426757054
	3426757055
	3426757056
	3426757057
	3426757058
	3426757059
	3426757060
	3426757061
	3426757062
	3426757063
	3426757064
	3426757065
	3426757066
	3426757067
	3426757068
	3426757069
	3426757070
	3426757071
	3426757072
	3426757073
	3426757074
	3426757075
	3426757076
	3426757077
	3426757078
	3426757079
	3426757080
	3426757081
	3426757082
	3426757083
	3426757084
	3426757085
	3426757086
	3426757087
	3426757088
	3426757089
	3426757090
	3426757091
	3426757092
	3426757093
	3426757094
	3426757095
	3426757096
	3426757097
	3426757098
	3426757099
	3426757100
	3426757101
	3426757102
	3426757103
	3426757104
	3426757105
	3426757106
	3426757107
	3426757108
	3426757109
	3426757110
	3426757111
	3426757112
	3426757113
	3426757114
	3426757115
	3426757116
	3426757117
	3426757118
	3426757119
	3426757120
	3426757121
	3426757122
	3426757123
	3426757124
	3426757125
	3426757126
	3426757127
	3426757128
	3426757129
	3426757130
	3426757131
	3426757132
	3426757133
	3426757134
	3426757135
	3426757136
	3426757137
	3426757138
	3426757139
	3426757140
	3426757141
	3426757142
	3426757143
	3426757144
	3426757145
	3426757146
	3426757147
	3426757148
	3426757149
	3426757150
	3426757151
	3426757152
	3426757153
	3426757154
	3426757155
	3426757156
	3426757157
	3426757158
	3426757159
	3426757160
	3426757161
	3426757162
	3426757163
	3426757164
	3426757165
	3426757166
	3426757167
	3426757168
	3426757169
	3426757170
	3426757171
	3426757172
	3426757173
	3426757174
	3426757175
	3426757176
	3426757177
	3426757178
	3426757179
	3426757180
	3426757181
	3426757182
	3426757183
	3426757184
	3426757185
	3426757186
	3426757187
	3426757188
	3426757189
	3426757190
	3426757191
	3426757192
	3426757193
	3426757194
	3426757195
	3426757196
	3426757197
	3426757198
	3426757199
	3426757200
	3426757201
	3426757202
	3426757203
	3426757204
	3426757205
	3426757206
	3426757207
	3426757208
	3426757209
	3426757210
	3426757211
	3426757212
	3426757213
	3426757214
	3426757215
	3426757216
	3426757217
	3426757218
	3426757219
	3426757220
	3426757221
	3426757222
	3426757223
	3426757224
	3426757225
	3426757226
	3426757227
	3426757228
	3426757229
	3426757230
	3426757231
	3426757232
	3426757233
	3426757234
	3426757235
	3426757236
	3426757237
	3426757238
	3426757239
	3426757240
	3426757241
	3426757242
	3426757243
	3426757244
	3426757245
	3426757246
	3426757247
	3426757248
	3426757249
	3426757250
	3426757251
	3426757252
	3426757253
	3426757254
	3426757255
	3426757256
	3426757257
	3426757258
	3426757259
	3426757260
	3426757261
	3426757262
	3426757263
	3426757264
	3426757265
	3426757266
	3426757267
	3426757268
	3426757269
	3426757270
	3426757271
	3426757272
	3426757273
	3426757274
	3426757275
	3426757276
	3426757277
	3426757278
	3426757279
	3426757280
	3426757281
	3426757282
	3426757283
	3426757284
	3426757285
	3426757286
	3426757287
	3426757288
	3426757289
	3426757290
	3426757291
	3426757292
	3426757293
	3426757294
	3426757295
	3426757296
	3426757297
	3426757298
	3426757299
	3426757300
	3426757301
	3426757302
	3426757303
	3426757304
	3426757305
	3426757306
	3426757307
	3426757308
	3426757309
	3426757310
	3426757311
	3426757312
	3426757313
	3426757314
	3426757315
	3426757316
	3426757317
	3426757318
	3426757319
	3426757320
	3426757321
	3426757322
	3426757323
	3426757324
	3426757325
	3426757326
	3426757327
	3426757328
	3426757329
	3426757330
	3426757331
	3426757332
	3426757333
	3426757334
	3426757335
	3426757336
	3426757337
	3426757338
	3426757339
	3426757340
	3426757341
	3426757342
	3426757343
	3426757344
	3426757345
	3426757346
	3426757347
	3426757348
	3426757349
	3426757350
	3426757351
	3426757352
	3426757353
	3426757354
	3426757355
	3426757356
	3426757357
	3426757358
	3426757359
	3426757360
	3426757361
	3426757362
	3426757363
	3426757364
	3426757365
	3426757366
	3426757367
	3426757368
	3426757369
	3426757370
	3426757371
	3426757372
	3426757373
	3426757374
	3426757375
	3426757376
	3426757377
	3426757378
	3426757379
	3426757380
	3426757381
	3426757382
	3426757383
	3426757384
	3426757385
	3426757386
	3426757387
	3426757388
	3426757389
	3426757390
	3426757391
	3426757392
	3426757393
	3426757394
	3426757395
	3426757396
	3426757397
	3426757398
	3426757399
	3426757400
	3426757401
	3426757402
	3426757403
	3426757404
	3426757405
	3426757406
	3426757407
	3426757408
	3426757409
	3426757410
	3426757411
	3426757412
	3426757413
	3426757414
	3426757415
	3426757416
	3426757417
	3426757418
	3426757419
	3426757420
	3426757421
	3426757422
	3426757423
	3426757424
	3426757425
	3426757426
	3426757427
	3426757428
	3426757429
	3426757430
	3426757431
	3426757432
	3426757433
	3426757434
	3426757435
	3426757436
	3426757437
	3426757438
	3426757439
	3426757440
	3426757441
	3426757442
	3426757443
	3426757444
	3426757445
	3426757446
	3426757447
	3426757448
	3426757449
	3426757450
	3426757451
	3426757452
	3426757453
	3426757454
	3426757455
	3426757456
	3426757457
	3426757458
	3426757459
	3426757460
	3426757461
	3426757462
	3426757463
	3426757464
	3426757465
	3426757466
	3426757467
	3426757468
	3426757469
	3426757470
	3426757471
	3426757472
	3426757473
	3426757474
	3426757475
	3426757476
	3426757477
	3426757478
	3426757479
	3426757480
	3426757481
	3426757482
	3426757483
	3426757484
	3426757485
	3426757486
	3426757487
	3426757488
	3426757489
	3426757490
	3426757491
	3426757492
	3426757493
	3426757494
	3426757495
	3426757496
	3426757497
	3426757498
	3426757499
	3426757500
	3426757501
	3426757502
	3426757503
	3426757504
	3426757505
	3426757506
	3426757507
	3426757508
	3426757509
	3426757510
	3426757511
	3426757512
	3426757513
	3426757514
	3426757515
	3426757516
	3426757517
	3426757518
	3426757519
	3426757520
	3426757521
	3426757522
	3426757523
	3426757524
	3426757525
	3426757526
	3426757527
	3426757528
	3426757529
	3426757530
	3426757531
	3426757532
	3426757533
	3426757534
	3426757535
	3426757536
	3426757537
	3426757538
	3426757539
	3426757540
	3426757541
	3426757542
	3426757543
	3426757544
	3426757545
	3426757546
	3426757547
	3426757548
	3426757549
	3426757550
	3426757551
	3426757552
	3426757553
	3426757554
	3426757555
	3426757556
	3426757557
	3426757558
	3426757559
	3426757560
	3426757561
	3426757562
	3426757563
	3426757564
	3426757565
	3426757566
	3426757567
	3426757568
	3426757569
	3426757570
	3426757571
	3426757572
	3426757573
	3426757574
	3426757575
	3426757576
	3426757577
	3426757578
	3426757579
	3426757580
	3426757581
	3426757582
	3426757583
	3426757584
	3426757585
	3426757586
	3426757587
	3426757588
	3426757589
	3426757590
	3426757591
	3426757592
	3426757593
	3426757594
	3426757595
	3426757596
	3426757597
	3426757598
	3426757599
	3426757600
	3426757601
	3426757602
	3426757603
	3426757604
	3426757605
	3426757606
	3426757607
	3426757608
	3426757609
	3426757610
	3426757611
	3426757612
	3426757613
	3426757614
	3426757615
	3426757616
	3426757617
	3426757618
	3426757619
	3426757620
	3426757621
	3426757622
	3426757623
	3426757624
	3426757625
	3426757626
	3426757627
	3426757628
	3426757629
	3426757630
	3426757631
	3426757632
	3426757633
	3426757634
	3426757635
	3426757636
	3426757637
	3426757638
	3426757639
	3426757640
	3426757641
	3426757642
	3426757643
	3426757644
	3426757645
	3426757646
	3426757647
	3426757648
	3426757649
	3426757650
	3426757651
	3426757652
	3426757653
	3426757654
	3426757655
	3426757656
	3426757657
	3426757658
	3426757659
	3426757660
	3426757661
	3426757662
	3426757663
	3426757664
	3426757665
	3426757666
	3426757667
	3426757668
	3426757669
	3426757670
	3426757671
	3426757672
	3426757673
	3426757674
	3426757675
	3426757676
	3426757677
	3426757678
	3426757679
	3426757680
	3426757681
	3426757682
	3426757683
	3426757684
	3426757685
	3426757686
	3426757687
	3426757688
	3426757689
	3426757690
	3426757691
	3426757692
	3426757693
	3426757694
	3426757695
	3426757696
	3426757697
	3426757698
	3426757699
	3426757700
	3426757701
	3426757702
	3426757703
	3426757704
	3426757705
	3426757706
	3426757707
	3426757708
	3426757709
	3426757710
	3426757711
	3426757712
	3426757713
	3426757714
	3426757715
	3426757716
	3426757717
	3426757718
	3426757719
	3426757720
	3426757721
	3426757722
	3426757723
	3426757724
	3426757725
	3426757726
	3426757727
	3426757728
	3426757729
	3426757730
	3426757731
	3426757732
	3426757733
	3426757734
	3426757735
	3426757736
	3426757737
	3426757738
	3426757739
	3426757740
	3426757741
	3426757742
	3426757743
	3426757744
	3426757745
	3426757746
	3426757747
	3426757748
	3426757749
	3426757750
	3426757751
	3426757752
	3426757753
	3426757754
	3426757755
	3426757756
	3426757757
	3426757758
	3426757759
	3426757760
	3426757761
	3426757762
	3426757763
	3426757764
	3426757765
	3426757766
	3426757767
	3426757768
	3426757769
	3426757770
	3426757771
	3426757772
	3426757773
	3426757774
	3426757775
	3426757776
	3426757777
	3426757778
	3426757779
	3426757780
	3426757781
	3426757782
	3426757783
	3426757784
	3426757785
	3426757786
	3426757787
	3426757788
	3426757789
	3426757790
	3426757791
	3426757792
	3426757793
	3426757794
	3426757795
	3426757796
	3426757797
	3426757798
	3426757799
	3426757800
	3426757801
	3426757802
	3426757803
	3426757804
	3426757805
	3426757806
	3426757807
	3426757808
	3426757809
	3426757810
	3426757811
	3426757812
	3426757813
	3426757814
	3426757815
	3426757816
	3426757817
	3426757818
	3426757819
	3426757820
	3426757821
	3426757822
	3426757823
	3426757824
	3426757825
	3426757826
	3426757827
	3426757828
	3426757829
	3426757830
	3426757831
	3426757832
	3426757833
	3426757834
	3426757835
	3426757836
	3426757837
	3426757838
	3426757839
	3426757840
	3426757841
	3426757842
	3426757843
	3426757844
	3426757845
	3426757846
	3426757847
	3426757848
	3426757849
	3426757850
	3426757851
	3426757852
	3426757853
	3426757854
	3426757855
	3426757856
	3426757857
	3426757858
	3426757859
	3426757860
	3426757861
	3426757862
	3426757863
	3426757864
	3426757865
	3426757866
	3426757867
	3426757868
	3426757869
	3426757870
	3426757871
	3426757872
	3426757873
	3426757874
	3426757875
	3426757876
	3426757877
	3426757878
	3426757879
	3426757880
	3426757881
	3426757882
	3426757883
	3426757884
	3426757885
	3426757886
	3426757887
	3426757888
	3426757889
	3426757890
	3426757891
	3426757892
	3426757893
	3426757894
	3426757895
	3426757896
	3426757897
	3426757898
	3426757899
	3426757900
	3426757901
	3426757902
	3426757903
	3426757904
	3426757905
	3426757906
	3426757907
	3426757908
	3426757909
	3426757910
	3426757911
	3426757912
	3426757913
	3426757914
	3426757915
	3426757916
	3426757917
	3426757918
	3426757919
	3426757920
	3426757921
	3426757922
	3426757923
	3426757924
	3426757925
	3426757926
	3426757927
	3426757928
	3426757929
	3426757930
	3426757931
	3426757932
	3426757933
	3426757934
	3426757935
	3426757936
	3426757937
	3426757938
	3426757939
	3426757940
	3426757941
	3426757942
	3426757943
	3426757944
	3426757945
	3426757946
	3426757947
	3426757948
	3426757949
	3426757950
	3426757951
	3426757952
	3426757953
	3426757954
	3426757955
	3426757956
	3426757957
	3426757958
	3426757959
	3426757960
	3426757961
	3426757962
	3426757963
	3426757964
	3426757965
	3426757966
	3426757967
	3426757968
	3426757969
	3426757970
	3426757971
	3426757972
	3426757973
	3426757974
	3426757975
	3426757976
	3426757977
	3426757978
	3426757979
	3426757980
	3426757981
	3426757982
	3426757983
	3426757984
	3426757985
	3426757986
	3426757987
	3426757988
	3426757989
	3426757990
	3426757991
	3426757992
	3426757993
	3426757994
	3426757995
	3426757996
	3426757997
	3426757998
	3426757999
	3426758000
	3426758001
	3426758002
	3426758003
	3426758004
	3426758005
	3426758006
	3426758007
	3426758008
	3426758009
	3426758010
	3426758011
	3426758012
	3426758013
	3426758014
	3426758015
	3426758016
	3426758017
	3426758018
	3426758019
	3426758020
	3426758021
	3426758022
	3426758023
	3426758024
	3426758025
	3426758026
	3426758027
	3426758028
	3426758029
	3426758030
	3426758031
	3426758032
	3426758033
	3426758034
	3426758035
	3426758036
	3426758037
