	3426819238
	3426819239
	3426819240
	3426819241
	3426819242
	3426819243
	3426819244
	3426819245
	3426819246
	3426819247
	3426819248
	3426819249
	3426819250
	3426819251
	3426819252
	3426819253
	3426819254
	3426819255
	3426819256
	3426819257
	3426819258
	3426819259
	3426819260
	3426819261
	3426819262
	3426819263
	3426819264
	3426819265
	3426819266
	3426819267
	3426819268
	3426819269
	3426819270
	3426819271
	3426819272
	3426819273
	3426819274
	3426819275
	3426819276
	3426819277
	3426819278
	3426819279
	3426819280
	3426819281
	3426819282
	3426819283
	3426819284
	3426819285
	3426819286
	3426819287
	3426819288
	3426819289
	3426819290
	3426819291
	3426819292
	3426819293
	3426819294
	3426819295
	3426819296
	3426819297
	3426819298
	3426819299
	3426819300
	3426819301
	3426819302
	3426819303
	3426819304
	3426819305
	3426819306
	3426819307
	3426819308
	3426819309
	3426819310
	3426819311
	3426819312
	3426819313
	3426819314
	3426819315
	3426819316
	3426819317
	3426819318
	3426819319
	3426819320
	3426819321
	3426819322
	3426819323
	3426819324
	3426819325
	3426819326
	3426819327
	3426819328
	3426819329
	3426819330
	3426819331
	3426819332
	3426819333
	3426819334
	3426819335
	3426819336
	3426819337
	3426819338
	3426819339
	3426819340
	3426819341
	3426819342
	3426819343
	3426819344
	3426819345
	3426819346
	3426819347
	3426819348
	3426819349
	3426819350
	3426819351
	3426819352
	3426819353
	3426819354
	3426819355
	3426819356
	3426819357
	3426819358
	3426819359
	3426819360
	3426819361
	3426819362
	3426819363
	3426819364
	3426819365
	3426819366
	3426819367
	3426819368
	3426819369
	3426819370
	3426819371
	3426819372
	3426819373
	3426819374
	3426819375
	3426819376
	3426819377
	3426819378
	3426819379
	3426819380
	3426819381
	3426819382
	3426819383
	3426819384
	3426819385
	3426819386
	3426819387
	3426819388
	3426819389
	3426819390
	3426819391
	3426819392
	3426819393
	3426819394
	3426819395
	3426819396
	3426819397
	3426819398
	3426819399
	3426819400
	3426819401
	3426819402
	3426819403
	3426819404
	3426819405
	3426819406
	3426819407
	3426819408
	3426819409
	3426819410
	3426819411
	3426819412
	3426819413
	3426819414
	3426819415
	3426819416
	3426819417
	3426819418
	3426819419
	3426819420
	3426819421
	3426819422
	3426819423
	3426819424
	3426819425
	3426819426
	3426819427
	3426819428
	3426819429
	3426819430
	3426819431
	3426819432
	3426819433
	3426819434
	3426819435
	3426819436
	3426819437
	3426819438
	3426819439
	3426819440
	3426819441
	3426819442
	3426819443
	3426819444
	3426819445
	3426819446
	3426819447
	3426819448
	3426819449
	3426819450
	3426819451
	3426819452
	3426819453
	3426819454
	3426819455
	3426819456
	3426819457
	3426819458
	3426819459
	3426819460
	3426819461
	3426819462
	3426819463
	3426819464
	3426819465
	3426819466
	3426819467
	3426819468
	3426819469
	3426819470
	3426819471
	3426819472
	3426819473
	3426819474
	3426819475
	3426819476
	3426819477
	3426819478
	3426819479
	3426819480
	3426819481
	3426819482
	3426819483
	3426819484
	3426819485
	3426819486
	3426819487
	3426819488
	3426819489
	3426819490
	3426819491
	3426819492
	3426819493
	3426819494
	3426819495
	3426819496
	3426819497
	3426819498
	3426819499
	3426819500
	3426819501
	3426819502
	3426819503
	3426819504
	3426819505
	3426819506
	3426819507
	3426819508
	3426819509
	3426819510
	3426819511
	3426819512
	3426819513
	3426819514
	3426819515
	3426819516
	3426819517
	3426819518
	3426819519
	3426819520
	3426819521
	3426819522
	3426819523
	3426819524
	3426819525
	3426819526
	3426819527
	3426819528
	3426819529
	3426819530
	3426819531
	3426819532
	3426819533
	3426819534
	3426819535
	3426819536
	3426819537
	3426819538
	3426819539
	3426819540
	3426819541
	3426819542
	3426819543
	3426819544
	3426819545
	3426819546
	3426819547
	3426819548
	3426819549
	3426819550
	3426819551
	3426819552
	3426819553
	3426819554
	3426819555
	3426819556
	3426819557
	3426819558
	3426819559
	3426819560
	3426819561
	3426819562
	3426819563
	3426819564
	3426819565
	3426819566
	3426819567
	3426819568
	3426819569
	3426819570
	3426819571
	3426819572
	3426819573
	3426819574
	3426819575
	3426819576
	3426819577
	3426819578
	3426819579
	3426819580
	3426819581
	3426819582
	3426819583
	3426819584
	3426819585
	3426819586
	3426819587
	3426819588
	3426819589
	3426819590
	3426819591
	3426819592
	3426819593
	3426819594
	3426819595
	3426819596
	3426819597
	3426819598
	3426819599
	3426819600
	3426819601
	3426819602
	3426819603
	3426819604
	3426819605
	3426819606
	3426819607
	3426819608
	3426819609
	3426819610
	3426819611
	3426819612
	3426819613
	3426819614
	3426819615
	3426819616
	3426819617
	3426819618
	3426819619
	3426819620
	3426819621
	3426819622
	3426819623
	3426819624
	3426819625
	3426819626
	3426819627
	3426819628
	3426819629
	3426819630
	3426819631
	3426819632
	3426819633
	3426819634
	3426819635
	3426819636
	3426819637
	3426819638
	3426819639
	3426819640
	3426819641
	3426819642
	3426819643
	3426819644
	3426819645
	3426819646
	3426819647
	3426819648
	3426819649
	3426819650
	3426819651
	3426819652
	3426819653
	3426819654
	3426819655
	3426819656
	3426819657
	3426819658
	3426819659
	3426819660
	3426819661
	3426819662
	3426819663
	3426819664
	3426819665
	3426819666
	3426819667
	3426819668
	3426819669
	3426819670
	3426819671
	3426819672
	3426819673
	3426819674
	3426819675
	3426819676
	3426819677
	3426819678
	3426819679
	3426819680
	3426819681
	3426819682
	3426819683
	3426819684
	3426819685
	3426819686
	3426819687
	3426819688
	3426819689
	3426819690
	3426819691
	3426819692
	3426819693
	3426819694
	3426819695
	3426819696
	3426819697
	3426819698
	3426819699
	3426819700
	3426819701
	3426819702
	3426819703
	3426819704
	3426819705
	3426819706
	3426819707
	3426819708
	3426819709
	3426819710
	3426819711
	3426819712
	3426819713
	3426819714
	3426819715
	3426819716
	3426819717
	3426819718
	3426819719
	3426819720
	3426819721
	3426819722
	3426819723
	3426819724
	3426819725
	3426819726
	3426819727
	3426819728
	3426819729
	3426819730
	3426819731
	3426819732
	3426819733
	3426819734
	3426819735
	3426819736
	3426819737
	3426819738
	3426819739
	3426819740
	3426819741
	3426819742
	3426819743
	3426819744
	3426819745
	3426819746
	3426819747
	3426819748
	3426819749
	3426819750
	3426819751
	3426819752
	3426819753
	3426819754
	3426819755
	3426819756
	3426819757
	3426819758
	3426819759
	3426819760
	3426819761
	3426819762
	3426819763
	3426819764
	3426819765
	3426819766
	3426819767
	3426819768
	3426819769
	3426819770
	3426819771
	3426819772
	3426819773
	3426819774
	3426819775
	3426819776
	3426819777
	3426819778
	3426819779
	3426819780
	3426819781
	3426819782
	3426819783
	3426819784
	3426819785
	3426819786
	3426819787
	3426819788
	3426819789
	3426819790
	3426819791
	3426819792
	3426819793
	3426819794
	3426819795
	3426819796
	3426819797
	3426819798
	3426819799
	3426819800
	3426819801
	3426819802
	3426819803
	3426819804
	3426819805
	3426819806
	3426819807
	3426819808
	3426819809
	3426819810
	3426819811
	3426819812
	3426819813
	3426819814
	3426819815
	3426819816
	3426819817
	3426819818
	3426819819
	3426819820
	3426819821
	3426819822
	3426819823
	3426819824
	3426819825
	3426819826
	3426819827
	3426819828
	3426819829
	3426819830
	3426819831
	3426819832
	3426819833
	3426819834
	3426819835
	3426819836
	3426819837
	3426819838
	3426819839
	3426819840
	3426819841
	3426819842
	3426819843
	3426819844
	3426819845
	3426819846
	3426819847
	3426819848
	3426819849
	3426819850
	3426819851
	3426819852
	3426819853
	3426819854
	3426819855
	3426819856
	3426819857
	3426819858
	3426819859
	3426819860
	3426819861
	3426819862
	3426819863
	3426819864
	3426819865
	3426819866
	3426819867
	3426819868
	3426819869
	3426819870
	3426819871
	3426819872
	3426819873
	3426819874
	3426819875
	3426819876
	3426819877
	3426819878
	3426819879
	3426819880
	3426819881
	3426819882
	3426819883
	3426819884
	3426819885
	3426819886
	3426819887
	3426819888
	3426819889
	3426819890
	3426819891
	3426819892
	3426819893
	3426819894
	3426819895
	3426819896
	3426819897
	3426819898
	3426819899
	3426819900
	3426819901
	3426819902
	3426819903
	3426819904
	3426819905
	3426819906
	3426819907
	3426819908
	3426819909
	3426819910
	3426819911
	3426819912
	3426819913
	3426819914
	3426819915
	3426819916
	3426819917
	3426819918
	3426819919
	3426819920
	3426819921
	3426819922
	3426819923
	3426819924
	3426819925
	3426819926
	3426819927
	3426819928
	3426819929
	3426819930
	3426819931
	3426819932
	3426819933
	3426819934
	3426819935
	3426819936
	3426819937
	3426819938
	3426819939
	3426819940
	3426819941
	3426819942
	3426819943
	3426819944
	3426819945
	3426819946
	3426819947
	3426819948
	3426819949
	3426819950
	3426819951
	3426819952
	3426819953
	3426819954
	3426819955
	3426819956
	3426819957
	3426819958
	3426819959
	3426819960
	3426819961
	3426819962
	3426819963
	3426819964
	3426819965
	3426819966
	3426819967
	3426819968
	3426819969
	3426819970
	3426819971
	3426819972
	3426819973
	3426819974
	3426819975
	3426819976
	3426819977
	3426819978
	3426819979
	3426819980
	3426819981
	3426819982
	3426819983
	3426819984
	3426819985
	3426819986
	3426819987
	3426819988
	3426819989
	3426819990
	3426819991
	3426819992
	3426819993
	3426819994
	3426819995
	3426819996
	3426819997
	3426819998
	3426819999
	3426820000
	3426820001
	3426820002
	3426820003
	3426820004
	3426820005
	3426820006
	3426820007
	3426820008
	3426820009
	3426820010
	3426820011
	3426820012
	3426820013
	3426820014
	3426820015
	3426820016
	3426820017
	3426820018
	3426820019
	3426820020
	3426820021
	3426820022
	3426820023
	3426820024
	3426820025
	3426820026
	3426820027
	3426820028
	3426820029
	3426820030
	3426820031
	3426820032
	3426820033
	3426820034
	3426820035
	3426820036
	3426820037
	3426820038
	3426820039
	3426820040
	3426820041
	3426820042
	3426820043
	3426820044
	3426820045
	3426820046
	3426820047
	3426820048
	3426820049
	3426820050
	3426820051
	3426820052
	3426820053
	3426820054
	3426820055
	3426820056
	3426820057
	3426820058
	3426820059
	3426820060
	3426820061
	3426820062
	3426820063
	3426820064
	3426820065
	3426820066
	3426820067
	3426820068
	3426820069
	3426820070
	3426820071
	3426820072
	3426820073
	3426820074
	3426820075
	3426820076
	3426820077
	3426820078
	3426820079
	3426820080
	3426820081
	3426820082
	3426820083
	3426820084
	3426820085
	3426820086
	3426820087
	3426820088
	3426820089
	3426820090
	3426820091
	3426820092
	3426820093
	3426820094
	3426820095
	3426820096
	3426820097
	3426820098
	3426820099
	3426820100
	3426820101
	3426820102
	3426820103
	3426820104
	3426820105
	3426820106
	3426820107
	3426820108
	3426820109
	3426820110
	3426820111
	3426820112
	3426820113
	3426820114
	3426820115
	3426820116
	3426820117
	3426820118
	3426820119
	3426820120
	3426820121
	3426820122
	3426820123
	3426820124
	3426820125
	3426820126
	3426820127
	3426820128
	3426820129
	3426820130
	3426820131
	3426820132
	3426820133
	3426820134
	3426820135
	3426820136
	3426820137
	3426820138
	3426820139
	3426820140
	3426820141
	3426820142
	3426820143
	3426820144
	3426820145
	3426820146
	3426820147
	3426820148
	3426820149
	3426820150
	3426820151
	3426820152
	3426820153
	3426820154
	3426820155
	3426820156
	3426820157
	3426820158
	3426820159
	3426820160
	3426820161
	3426820162
	3426820163
	3426820164
	3426820165
	3426820166
	3426820167
	3426820168
	3426820169
	3426820170
	3426820171
	3426820172
	3426820173
	3426820174
	3426820175
	3426820176
	3426820177
	3426820178
	3426820179
	3426820180
	3426820181
	3426820182
	3426820183
	3426820184
	3426820185
	3426820186
	3426820187
	3426820188
	3426820189
	3426820190
	3426820191
	3426820192
	3426820193
	3426820194
	3426820195
	3426820196
	3426820197
	3426820198
	3426820199
	3426820200
	3426820201
	3426820202
	3426820203
	3426820204
	3426820205
	3426820206
	3426820207
	3426820208
	3426820209
	3426820210
	3426820211
	3426820212
	3426820213
	3426820214
	3426820215
	3426820216
	3426820217
	3426820218
	3426820219
	3426820220
	3426820221
	3426820222
	3426820223
	3426820224
	3426820225
	3426820226
	3426820227
	3426820228
	3426820229
	3426820230
	3426820231
	3426820232
	3426820233
	3426820234
	3426820235
	3426820236
	3426820237
	3426820238
	3426820239
	3426820240
	3426820241
	3426820242
	3426820243
	3426820244
	3426820245
	3426820246
	3426820247
	3426820248
	3426820249
	3426820250
	3426820251
	3426820252
	3426820253
	3426820254
	3426820255
	3426820256
	3426820257
	3426820258
	3426820259
	3426820260
	3426820261
	3426820262
	3426820263
	3426820264
	3426820265
	3426820266
	3426820267
	3426820268
	3426820269
	3426820270
	3426820271
	3426820272
	3426820273
	3426820274
	3426820275
	3426820276
	3426820277
	3426820278
	3426820279
	3426820280
	3426820281
	3426820282
	3426820283
	3426820284
	3426820285
	3426820286
	3426820287
	3426820288
	3426820289
	3426820290
	3426820291
	3426820292
	3426820293
	3426820294
	3426820295
	3426820296
	3426820297
	3426820298
	3426820299
	3426820300
	3426820301
	3426820302
	3426820303
	3426820304
	3426820305
	3426820306
	3426820307
	3426820308
	3426820309
	3426820310
	3426820311
	3426820312
	3426820313
	3426820314
	3426820315
	3426820316
	3426820317
	3426820318
	3426820319
	3426820320
	3426820321
	3426820322
	3426820323
	3426820324
	3426820325
	3426820326
	3426820327
	3426820328
	3426820329
	3426820330
	3426820331
	3426820332
	3426820333
	3426820334
	3426820335
	3426820336
	3426820337
	3426820338
	3426820339
	3426820340
	3426820341
	3426820342
	3426820343
	3426820344
	3426820345
	3426820346
	3426820347
	3426820348
	3426820349
	3426820350
	3426820351
	3426820352
	3426820353
	3426820354
	3426820355
	3426820356
	3426820357
	3426820358
	3426820359
	3426820360
	3426820361
	3426820362
	3426820363
	3426820364
	3426820365
	3426820366
	3426820367
	3426820368
	3426820369
	3426820370
	3426820371
	3426820372
	3426820373
	3426820374
	3426820375
	3426820376
	3426820377
	3426820378
	3426820379
	3426820380
	3426820381
	3426820382
	3426820383
	3426820384
	3426820385
	3426820386
	3426820387
	3426820388
	3426820389
	3426820390
	3426820391
	3426820392
	3426820393
	3426820394
	3426820395
	3426820396
	3426820397
	3426820398
	3426820399
	3426820400
	3426820401
	3426820402
	3426820403
	3426820404
	3426820405
	3426820406
	3426820407
	3426820408
	3426820409
	3426820410
	3426820411
	3426820412
	3426820413
	3426820414
	3426820415
	3426820416
	3426820417
	3426820418
	3426820419
	3426820420
	3426820421
	3426820422
	3426820423
	3426820424
	3426820425
	3426820426
	3426820427
	3426820428
	3426820429
	3426820430
	3426820431
	3426820432
	3426820433
	3426820434
	3426820435
	3426820436
	3426820437
	3426820438
	3426820439
	3426820440
	3426820441
	3426820442
	3426820443
	3426820444
	3426820445
	3426820446
	3426820447
	3426820448
	3426820449
	3426820450
	3426820451
	3426820452
	3426820453
	3426820454
	3426820455
	3426820456
	3426820457
	3426820458
	3426820459
	3426820460
	3426820461
	3426820462
	3426820463
	3426820464
	3426820465
	3426820466
	3426820467
	3426820468
	3426820469
	3426820470
	3426820471
	3426820472
	3426820473
	3426820474
	3426820475
	3426820476
	3426820477
	3426820478
	3426820479
	3426820480
	3426820481
	3426820482
	3426820483
	3426820484
	3426820485
	3426820486
	3426820487
	3426820488
	3426820489
	3426820490
	3426820491
	3426820492
	3426820493
	3426820494
	3426820495
	3426820496
	3426820497
	3426820498
	3426820499
	3426820500
	3426820501
	3426820502
	3426820503
	3426820504
	3426820505
	3426820506
	3426820507
	3426820508
	3426820509
	3426820510
	3426820511
	3426820512
	3426820513
	3426820514
	3426820515
	3426820516
	3426820517
	3426820518
	3426820519
	3426820520
	3426820521
	3426820522
	3426820523
	3426820524
	3426820525
	3426820526
	3426820527
	3426820528
	3426820529
	3426820530
	3426820531
	3426820532
	3426820533
	3426820534
	3426820535
	3426820536
	3426820537
	3426820538
	3426820539
	3426820540
	3426820541
	3426820542
	3426820543
	3426820544
	3426820545
	3426820546
	3426820547
	3426820548
	3426820549
	3426820550
	3426820551
	3426820552
	3426820553
	3426820554
	3426820555
	3426820556
	3426820557
	3426820558
	3426820559
	3426820560
	3426820561
	3426820562
	3426820563
	3426820564
	3426820565
	3426820566
	3426820567
	3426820568
	3426820569
	3426820570
	3426820571
	3426820572
	3426820573
	3426820574
	3426820575
	3426820576
	3426820577
	3426820578
	3426820579
	3426820580
	3426820581
	3426820582
	3426820583
	3426820584
	3426820585
	3426820586
	3426820587
	3426820588
	3426820589
	3426820590
	3426820591
	3426820592
	3426820593
	3426820594
	3426820595
	3426820596
	3426820597
	3426820598
	3426820599
	3426820600
	3426820601
	3426820602
	3426820603
	3426820604
	3426820605
	3426820606
	3426820607
	3426820608
	3426820609
	3426820610
	3426820611
	3426820612
	3426820613
	3426820614
	3426820615
	3426820616
	3426820617
	3426820618
	3426820619
	3426820620
	3426820621
	3426820622
	3426820623
	3426820624
	3426820625
	3426820626
	3426820627
	3426820628
	3426820629
	3426820630
	3426820631
	3426820632
	3426820633
	3426820634
	3426820635
	3426820636
	3426820637
	3426820638
	3426820639
	3426820640
	3426820641
	3426820642
	3426820643
	3426820644
	3426820645
	3426820646
	3426820647
	3426820648
	3426820649
	3426820650
	3426820651
	3426820652
	3426820653
	3426820654
	3426820655
	3426820656
	3426820657
	3426820658
	3426820659
	3426820660
	3426820661
	3426820662
	3426820663
	3426820664
	3426820665
	3426820666
	3426820667
	3426820668
	3426820669
	3426820670
	3426820671
	3426820672
	3426820673
	3426820674
	3426820675
	3426820676
	3426820677
	3426820678
	3426820679
	3426820680
	3426820681
	3426820682
	3426820683
	3426820684
	3426820685
	3426820686
	3426820687
	3426820688
	3426820689
	3426820690
	3426820691
	3426820692
	3426820693
	3426820694
	3426820695
	3426820696
	3426820697
	3426820698
	3426820699
	3426820700
	3426820701
	3426820702
	3426820703
	3426820704
	3426820705
	3426820706
	3426820707
	3426820708
	3426820709
	3426820710
	3426820711
	3426820712
	3426820713
	3426820714
	3426820715
	3426820716
	3426820717
	3426820718
	3426820719
	3426820720
	3426820721
	3426820722
	3426820723
	3426820724
	3426820725
	3426820726
	3426820727
	3426820728
	3426820729
	3426820730
	3426820731
	3426820732
	3426820733
	3426820734
	3426820735
	3426820736
	3426820737
	3426820738
	3426820739
	3426820740
	3426820741
	3426820742
	3426820743
	3426820744
	3426820745
	3426820746
	3426820747
	3426820748
	3426820749
	3426820750
	3426820751
	3426820752
	3426820753
	3426820754
	3426820755
	3426820756
	3426820757
	3426820758
	3426820759
	3426820760
	3426820761
	3426820762
	3426820763
	3426820764
	3426820765
	3426820766
	3426820767
	3426820768
	3426820769
	3426820770
	3426820771
	3426820772
	3426820773
	3426820774
	3426820775
	3426820776
	3426820777
	3426820778
	3426820779
	3426820780
	3426820781
	3426820782
	3426820783
	3426820784
	3426820785
	3426820786
	3426820787
	3426820788
	3426820789
	3426820790
	3426820791
	3426820792
	3426820793
	3426820794
	3426820795
	3426820796
	3426820797
	3426820798
	3426820799
	3426820800
	3426820801
	3426820802
	3426820803
	3426820804
	3426820805
	3426820806
	3426820807
	3426820808
	3426820809
	3426820810
	3426820811
	3426820812
	3426820813
	3426820814
	3426820815
	3426820816
	3426820817
	3426820818
	3426820819
	3426820820
	3426820821
	3426820822
	3426820823
	3426820824
	3426820825
	3426820826
	3426820827
	3426820828
	3426820829
	3426820830
	3426820831
	3426820832
	3426820833
	3426820834
	3426820835
	3426820836
	3426820837
	3426820838
	3426820839
	3426820840
	3426820841
	3426820842
	3426820843
	3426820844
	3426820845
	3426820846
	3426820847
	3426820848
	3426820849
	3426820850
	3426820851
	3426820852
	3426820853
	3426820854
	3426820855
	3426820856
	3426820857
	3426820858
	3426820859
	3426820860
	3426820861
	3426820862
	3426820863
	3426820864
	3426820865
	3426820866
	3426820867
	3426820868
	3426820869
	3426820870
	3426820871
	3426820872
	3426820873
	3426820874
	3426820875
	3426820876
	3426820877
	3426820878
	3426820879
	3426820880
	3426820881
	3426820882
	3426820883
	3426820884
	3426820885
	3426820886
	3426820887
	3426820888
	3426820889
	3426820890
	3426820891
	3426820892
	3426820893
	3426820894
	3426820895
	3426820896
	3426820897
	3426820898
	3426820899
	3426820900
	3426820901
	3426820902
	3426820903
	3426820904
	3426820905
	3426820906
	3426820907
	3426820908
	3426820909
	3426820910
	3426820911
	3426820912
	3426820913
	3426820914
	3426820915
	3426820916
	3426820917
	3426820918
	3426820919
	3426820920
	3426820921
	3426820922
	3426820923
	3426820924
	3426820925
	3426820926
	3426820927
	3426820928
	3426820929
	3426820930
	3426820931
	3426820932
	3426820933
	3426820934
	3426820935
	3426820936
	3426820937
	3426820938
	3426820939
	3426820940
	3426820941
	3426820942
	3426820943
	3426820944
	3426820945
	3426820946
	3426820947
	3426820948
	3426820949
	3426820950
	3426820951
	3426820952
	3426820953
	3426820954
	3426820955
	3426820956
	3426820957
	3426820958
	3426820959
	3426820960
	3426820961
	3426820962
	3426820963
	3426820964
	3426820965
	3426820966
	3426820967
	3426820968
	3426820969
	3426820970
	3426820971
	3426820972
	3426820973
	3426820974
	3426820975
	3426820976
	3426820977
	3426820978
	3426820979
	3426820980
	3426820981
	3426820982
	3426820983
	3426820984
	3426820985
	3426820986
	3426820987
	3426820988
	3426820989
	3426820990
	3426820991
	3426820992
	3426820993
	3426820994
	3426820995
	3426820996
	3426820997
	3426820998
	3426820999
	3426821000
	3426821001
	3426821002
	3426821003
	3426821004
	3426821005
	3426821006
	3426821007
	3426821008
	3426821009
	3426821010
	3426821011
	3426821012
	3426821013
	3426821014
	3426821015
	3426821016
	3426821017
	3426821018
	3426821019
	3426821020
	3426821021
	3426821022
	3426821023
	3426821024
	3426821025
	3426821026
	3426821027
	3426821028
	3426821029
	3426821030
	3426821031
	3426821032
	3426821033
	3426821034
	3426821035
	3426821036
	3426821037
	3426821038
	3426821039
	3426821040
	3426821041
	3426821042
	3426821043
	3426821044
	3426821045
	3426821046
	3426821047
	3426821048
	3426821049
	3426821050
	3426821051
	3426821052
	3426821053
	3426821054
	3426821055
	3426821056
	3426821057
	3426821058
	3426821059
	3426821060
	3426821061
	3426821062
	3426821063
	3426821064
	3426821065
	3426821066
	3426821067
	3426821068
	3426821069
	3426821070
	3426821071
	3426821072
	3426821073
	3426821074
	3426821075
	3426821076
	3426821077
	3426821078
	3426821079
	3426821080
	3426821081
	3426821082
	3426821083
	3426821084
	3426821085
	3426821086
	3426821087
	3426821088
	3426821089
	3426821090
	3426821091
	3426821092
	3426821093
	3426821094
	3426821095
	3426821096
	3426821097
	3426821098
	3426821099
	3426821100
	3426821101
	3426821102
	3426821103
	3426821104
	3426821105
	3426821106
	3426821107
	3426821108
	3426821109
	3426821110
	3426821111
	3426821112
	3426821113
	3426821114
	3426821115
	3426821116
	3426821117
	3426821118
	3426821119
	3426821120
	3426821121
	3426821122
	3426821123
	3426821124
	3426821125
	3426821126
	3426821127
	3426821128
	3426821129
	3426821130
	3426821131
	3426821132
	3426821133
	3426821134
	3426821135
	3426821136
	3426821137
	3426821138
	3426821139
	3426821140
	3426821141
	3426821142
	3426821143
	3426821144
	3426821145
	3426821146
	3426821147
	3426821148
	3426821149
	3426821150
	3426821151
	3426821152
	3426821153
	3426821154
	3426821155
	3426821156
	3426821157
	3426821158
	3426821159
	3426821160
	3426821161
	3426821162
	3426821163
	3426821164
	3426821165
	3426821166
	3426821167
	3426821168
	3426821169
	3426821170
	3426821171
	3426821172
	3426821173
	3426821174
	3426821175
	3426821176
	3426821177
	3426821178
	3426821179
	3426821180
	3426821181
	3426821182
	3426821183
	3426821184
	3426821185
	3426821186
	3426821187
	3426821188
	3426821189
	3426821190
	3426821191
	3426821192
	3426821193
	3426821194
	3426821195
	3426821196
	3426821197
	3426821198
	3426821199
	3426821200
	3426821201
	3426821202
	3426821203
	3426821204
	3426821205
	3426821206
	3426821207
	3426821208
	3426821209
	3426821210
	3426821211
	3426821212
	3426821213
	3426821214
	3426821215
	3426821216
	3426821217
	3426821218
	3426821219
	3426821220
	3426821221
	3426821222
	3426821223
	3426821224
	3426821225
	3426821226
	3426821227
	3426821228
	3426821229
	3426821230
	3426821231
	3426821232
	3426821233
	3426821234
	3426821235
	3426821236
	3426821237
	3426821238
	3426821239
	3426821240
	3426821241
	3426821242
	3426821243
	3426821244
	3426821245
	3426821246
	3426821247
	3426821248
	3426821249
	3426821250
	3426821251
	3426821252
	3426821253
	3426821254
	3426821255
	3426821256
	3426821257
	3426821258
	3426821259
	3426821260
	3426821261
	3426821262
	3426821263
	3426821264
	3426821265
	3426821266
	3426821267
	3426821268
	3426821269
	3426821270
	3426821271
	3426821272
	3426821273
	3426821274
	3426821275
	3426821276
	3426821277
	3426821278
	3426821279
	3426821280
	3426821281
	3426821282
	3426821283
	3426821284
	3426821285
	3426821286
	3426821287
	3426821288
	3426821289
	3426821290
	3426821291
	3426821292
	3426821293
	3426821294
	3426821295
	3426821296
	3426821297
	3426821298
	3426821299
	3426821300
	3426821301
	3426821302
	3426821303
	3426821304
	3426821305
	3426821306
	3426821307
	3426821308
	3426821309
	3426821310
	3426821311
	3426821312
	3426821313
	3426821314
	3426821315
	3426821316
	3426821317
	3426821318
	3426821319
	3426821320
	3426821321
	3426821322
	3426821323
	3426821324
	3426821325
	3426821326
	3426821327
	3426821328
	3426821329
	3426821330
	3426821331
	3426821332
	3426821333
	3426821334
	3426821335
	3426821336
	3426821337
	3426821338
	3426821339
	3426821340
	3426821341
	3426821342
	3426821343
	3426821344
	3426821345
	3426821346
	3426821347
	3426821348
	3426821349
	3426821350
	3426821351
	3426821352
	3426821353
	3426821354
	3426821355
	3426821356
	3426821357
	3426821358
	3426821359
	3426821360
	3426821361
	3426821362
	3426821363
	3426821364
	3426821365
	3426821366
	3426821367
	3426821368
	3426821369
	3426821370
	3426821371
	3426821372
	3426821373
	3426821374
	3426821375
	3426821376
	3426821377
	3426821378
	3426821379
	3426821380
	3426821381
	3426821382
	3426821383
	3426821384
	3426821385
	3426821386
	3426821387
	3426821388
	3426821389
	3426821390
	3426821391
	3426821392
	3426821393
	3426821394
	3426821395
	3426821396
	3426821397
	3426821398
	3426821399
	3426821400
	3426821401
	3426821402
	3426821403
	3426821404
	3426821405
	3426821406
	3426821407
	3426821408
	3426821409
	3426821410
	3426821411
	3426821412
	3426821413
	3426821414
	3426821415
	3426821416
	3426821417
	3426821418
	3426821419
	3426821420
	3426821421
	3426821422
	3426821423
	3426821424
	3426821425
	3426821426
	3426821427
	3426821428
	3426821429
	3426821430
	3426821431
	3426821432
	3426821433
	3426821434
	3426821435
	3426821436
	3426821437
	3426821438
	3426821439
	3426821440
	3426821441
	3426821442
	3426821443
	3426821444
	3426821445
	3426821446
	3426821447
	3426821448
	3426821449
	3426821450
	3426821451
	3426821452
	3426821453
	3426821454
	3426821455
	3426821456
	3426821457
	3426821458
	3426821459
	3426821460
	3426821461
	3426821462
	3426821463
	3426821464
	3426821465
	3426821466
	3426821467
	3426821468
	3426821469
	3426821470
	3426821471
	3426821472
	3426821473
	3426821474
	3426821475
	3426821476
	3426821477
	3426821478
	3426821479
	3426821480
	3426821481
	3426821482
	3426821483
	3426821484
	3426821485
	3426821486
	3426821487
	3426821488
	3426821489
	3426821490
	3426821491
	3426821492
	3426821493
	3426821494
	3426821495
	3426821496
	3426821497
	3426821498
	3426821499
	3426821500
	3426821501
	3426821502
	3426821503
	3426821504
	3426821505
	3426821506
	3426821507
	3426821508
	3426821509
	3426821510
	3426821511
	3426821512
	3426821513
	3426821514
	3426821515
	3426821516
	3426821517
	3426821518
	3426821519
	3426821520
	3426821521
	3426821522
	3426821523
	3426821524
	3426821525
	3426821526
	3426821527
	3426821528
	3426821529
	3426821530
	3426821531
	3426821532
	3426821533
	3426821534
	3426821535
	3426821536
	3426821537
	3426821538
	3426821539
	3426821540
	3426821541
	3426821542
	3426821543
	3426821544
	3426821545
	3426821546
	3426821547
	3426821548
	3426821549
	3426821550
	3426821551
	3426821552
	3426821553
	3426821554
	3426821555
	3426821556
	3426821557
	3426821558
	3426821559
	3426821560
	3426821561
	3426821562
	3426821563
	3426821564
	3426821565
	3426821566
	3426821567
	3426821568
	3426821569
	3426821570
	3426821571
	3426821572
	3426821573
	3426821574
	3426821575
	3426821576
	3426821577
	3426821578
	3426821579
	3426821580
	3426821581
	3426821582
	3426821583
	3426821584
	3426821585
	3426821586
	3426821587
	3426821588
	3426821589
	3426821590
	3426821591
	3426821592
	3426821593
	3426821594
	3426821595
	3426821596
	3426821597
	3426821598
	3426821599
	3426821600
	3426821601
	3426821602
	3426821603
	3426821604
	3426821605
	3426821606
	3426821607
	3426821608
	3426821609
	3426821610
	3426821611
	3426821612
	3426821613
	3426821614
	3426821615
	3426821616
	3426821617
	3426821618
	3426821619
	3426821620
	3426821621
	3426821622
	3426821623
	3426821624
	3426821625
	3426821626
	3426821627
	3426821628
	3426821629
	3426821630
	3426821631
	3426821632
	3426821633
	3426821634
	3426821635
	3426821636
	3426821637
	3426821638
	3426821639
	3426821640
	3426821641
	3426821642
	3426821643
	3426821644
	3426821645
	3426821646
	3426821647
	3426821648
	3426821649
	3426821650
	3426821651
	3426821652
	3426821653
	3426821654
	3426821655
	3426821656
	3426821657
	3426821658
	3426821659
	3426821660
	3426821661
	3426821662
	3426821663
	3426821664
	3426821665
	3426821666
	3426821667
	3426821668
	3426821669
	3426821670
	3426821671
	3426821672
	3426821673
	3426821674
	3426821675
	3426821676
	3426821677
	3426821678
	3426821679
	3426821680
	3426821681
	3426821682
	3426821683
	3426821684
	3426821685
	3426821686
	3426821687
	3426821688
	3426821689
	3426821690
	3426821691
	3426821692
	3426821693
	3426821694
	3426821695
	3426821696
	3426821697
	3426821698
	3426821699
	3426821700
	3426821701
	3426821702
	3426821703
	3426821704
	3426821705
	3426821706
	3426821707
	3426821708
	3426821709
	3426821710
	3426821711
	3426821712
	3426821713
	3426821714
	3426821715
	3426821716
	3426821717
	3426821718
	3426821719
	3426821720
	3426821721
	3426821722
	3426821723
	3426821724
	3426821725
	3426821726
	3426821727
	3426821728
	3426821729
	3426821730
	3426821731
	3426821732
	3426821733
	3426821734
	3426821735
	3426821736
	3426821737
	3426821738
	3426821739
	3426821740
	3426821741
	3426821742
	3426821743
	3426821744
	3426821745
	3426821746
	3426821747
	3426821748
	3426821749
	3426821750
	3426821751
	3426821752
	3426821753
	3426821754
	3426821755
	3426821756
	3426821757
	3426821758
	3426821759
	3426821760
	3426821761
	3426821762
	3426821763
	3426821764
	3426821765
	3426821766
	3426821767
	3426821768
	3426821769
	3426821770
	3426821771
	3426821772
	3426821773
	3426821774
	3426821775
	3426821776
	3426821777
	3426821778
	3426821779
	3426821780
	3426821781
	3426821782
	3426821783
	3426821784
	3426821785
	3426821786
	3426821787
	3426821788
	3426821789
	3426821790
	3426821791
	3426821792
	3426821793
	3426821794
	3426821795
	3426821796
	3426821797
	3426821798
	3426821799
	3426821800
	3426821801
	3426821802
	3426821803
	3426821804
	3426821805
	3426821806
	3426821807
	3426821808
	3426821809
	3426821810
	3426821811
	3426821812
	3426821813
	3426821814
	3426821815
	3426821816
	3426821817
	3426821818
	3426821819
	3426821820
	3426821821
	3426821822
	3426821823
	3426821824
	3426821825
	3426821826
	3426821827
	3426821828
	3426821829
	3426821830
	3426821831
	3426821832
	3426821833
	3426821834
	3426821835
	3426821836
	3426821837
	3426821838
	3426821839
	3426821840
	3426821841
	3426821842
	3426821843
	3426821844
	3426821845
	3426821846
	3426821847
	3426821848
	3426821849
	3426821850
	3426821851
	3426821852
	3426821853
	3426821854
	3426821855
	3426821856
	3426821857
	3426821858
	3426821859
	3426821860
	3426821861
	3426821862
	3426821863
	3426821864
	3426821865
	3426821866
	3426821867
	3426821868
	3426821869
	3426821870
	3426821871
	3426821872
	3426821873
	3426821874
	3426821875
	3426821876
	3426821877
	3426821878
	3426821879
	3426821880
	3426821881
	3426821882
	3426821883
	3426821884
	3426821885
	3426821886
	3426821887
	3426821888
	3426821889
	3426821890
	3426821891
	3426821892
	3426821893
	3426821894
	3426821895
	3426821896
	3426821897
	3426821898
	3426821899
	3426821900
	3426821901
	3426821902
	3426821903
	3426821904
	3426821905
	3426821906
	3426821907
	3426821908
	3426821909
	3426821910
	3426821911
	3426821912
	3426821913
	3426821914
	3426821915
	3426821916
	3426821917
	3426821918
	3426821919
	3426821920
	3426821921
	3426821922
	3426821923
	3426821924
	3426821925
	3426821926
	3426821927
	3426821928
	3426821929
	3426821930
	3426821931
	3426821932
	3426821933
	3426821934
	3426821935
	3426821936
	3426821937
	3426821938
	3426821939
	3426821940
	3426821941
	3426821942
	3426821943
	3426821944
	3426821945
	3426821946
	3426821947
	3426821948
	3426821949
	3426821950
	3426821951
	3426821952
	3426821953
	3426821954
	3426821955
	3426821956
	3426821957
	3426821958
	3426821959
	3426821960
	3426821961
	3426821962
	3426821963
	3426821964
	3426821965
	3426821966
	3426821967
	3426821968
	3426821969
	3426821970
	3426821971
	3426821972
	3426821973
	3426821974
	3426821975
	3426821976
	3426821977
	3426821978
	3426821979
	3426821980
	3426821981
	3426821982
	3426821983
	3426821984
	3426821985
	3426821986
	3426821987
	3426821988
	3426821989
	3426821990
	3426821991
	3426821992
	3426821993
	3426821994
	3426821995
	3426821996
	3426821997
	3426821998
	3426821999
	3426822000
	3426822001
	3426822002
	3426822003
	3426822004
	3426822005
	3426822006
	3426822007
	3426822008
	3426822009
	3426822010
	3426822011
	3426822012
	3426822013
	3426822014
	3426822015
	3426822016
	3426822017
	3426822018
	3426822019
	3426822020
	3426822021
	3426822022
	3426822023
	3426822024
	3426822025
	3426822026
	3426822027
	3426822028
	3426822029
	3426822030
	3426822031
	3426822032
	3426822033
	3426822034
	3426822035
	3426822036
	3426822037
	3426822038
	3426822039
	3426822040
	3426822041
	3426822042
	3426822043
	3426822044
	3426822045
	3426822046
	3426822047
	3426822048
	3426822049
	3426822050
	3426822051
	3426822052
	3426822053
	3426822054
	3426822055
	3426822056
	3426822057
	3426822058
	3426822059
	3426822060
	3426822061
	3426822062
	3426822063
	3426822064
	3426822065
	3426822066
	3426822067
	3426822068
	3426822069
	3426822070
	3426822071
	3426822072
	3426822073
	3426822074
	3426822075
	3426822076
	3426822077
	3426822078
	3426822079
	3426822080
	3426822081
	3426822082
	3426822083
	3426822084
	3426822085
	3426822086
	3426822087
	3426822088
	3426822089
	3426822090
	3426822091
	3426822092
	3426822093
	3426822094
	3426822095
	3426822096
	3426822097
	3426822098
	3426822099
	3426822100
	3426822101
	3426822102
	3426822103
	3426822104
	3426822105
	3426822106
	3426822107
	3426822108
	3426822109
	3426822110
	3426822111
	3426822112
	3426822113
	3426822114
	3426822115
	3426822116
	3426822117
	3426822118
	3426822119
	3426822120
	3426822121
	3426822122
	3426822123
	3426822124
	3426822125
	3426822126
	3426822127
	3426822128
	3426822129
	3426822130
	3426822131
	3426822132
	3426822133
	3426822134
	3426822135
	3426822136
	3426822137
	3426822138
	3426822139
	3426822140
	3426822141
	3426822142
	3426822143
	3426822144
	3426822145
	3426822146
	3426822147
	3426822148
	3426822149
	3426822150
	3426822151
	3426822152
	3426822153
	3426822154
	3426822155
	3426822156
	3426822157
	3426822158
	3426822159
	3426822160
	3426822161
	3426822162
	3426822163
	3426822164
	3426822165
	3426822166
	3426822167
	3426822168
	3426822169
	3426822170
	3426822171
	3426822172
	3426822173
	3426822174
	3426822175
	3426822176
	3426822177
	3426822178
	3426822179
	3426822180
	3426822181
	3426822182
	3426822183
	3426822184
	3426822185
	3426822186
	3426822187
	3426822188
	3426822189
	3426822190
	3426822191
	3426822192
	3426822193
	3426822194
	3426822195
	3426822196
	3426822197
	3426822198
	3426822199
	3426822200
	3426822201
	3426822202
	3426822203
	3426822204
	3426822205
	3426822206
	3426822207
	3426822208
	3426822209
	3426822210
	3426822211
	3426822212
	3426822213
	3426822214
	3426822215
	3426822216
	3426822217
	3426822218
	3426822219
	3426822220
	3426822221
	3426822222
	3426822223
	3426822224
	3426822225
	3426822226
	3426822227
	3426822228
	3426822229
	3426822230
	3426822231
	3426822232
	3426822233
	3426822234
	3426822235
	3426822236
	3426822237
	3426822238
	3426822239
	3426822240
	3426822241
	3426822242
	3426822243
	3426822244
	3426822245
	3426822246
	3426822247
	3426822248
	3426822249
	3426822250
	3426822251
	3426822252
	3426822253
	3426822254
	3426822255
	3426822256
	3426822257
	3426822258
	3426822259
	3426822260
	3426822261
	3426822262
	3426822263
	3426822264
	3426822265
	3426822266
	3426822267
	3426822268
	3426822269
	3426822270
	3426822271
	3426822272
	3426822273
	3426822274
	3426822275
	3426822276
	3426822277
	3426822278
	3426822279
	3426822280
	3426822281
	3426822282
	3426822283
	3426822284
	3426822285
	3426822286
	3426822287
	3426822288
	3426822289
	3426822290
	3426822291
	3426822292
	3426822293
	3426822294
	3426822295
	3426822296
	3426822297
	3426822298
	3426822299
	3426822300
	3426822301
	3426822302
	3426822303
	3426822304
	3426822305
	3426822306
	3426822307
	3426822308
	3426822309
	3426822310
	3426822311
	3426822312
	3426822313
	3426822314
	3426822315
	3426822316
	3426822317
	3426822318
	3426822319
	3426822320
	3426822321
	3426822322
	3426822323
	3426822324
	3426822325
	3426822326
	3426822327
	3426822328
	3426822329
	3426822330
	3426822331
	3426822332
	3426822333
	3426822334
	3426822335
	3426822336
	3426822337
	3426822338
	3426822339
	3426822340
	3426822341
	3426822342
	3426822343
	3426822344
	3426822345
	3426822346
	3426822347
	3426822348
	3426822349
	3426822350
	3426822351
	3426822352
	3426822353
	3426822354
	3426822355
	3426822356
	3426822357
	3426822358
	3426822359
	3426822360
	3426822361
	3426822362
	3426822363
	3426822364
	3426822365
	3426822366
	3426822367
	3426822368
	3426822369
	3426822370
	3426822371
	3426822372
	3426822373
	3426822374
	3426822375
	3426822376
	3426822377
	3426822378
	3426822379
	3426822380
	3426822381
	3426822382
	3426822383
	3426822384
	3426822385
	3426822386
	3426822387
	3426822388
	3426822389
	3426822390
	3426822391
	3426822392
	3426822393
	3426822394
	3426822395
	3426822396
	3426822397
	3426822398
	3426822399
	3426822400
	3426822401
	3426822402
	3426822403
	3426822404
	3426822405
	3426822406
	3426822407
	3426822408
	3426822409
	3426822410
	3426822411
	3426822412
	3426822413
	3426822414
	3426822415
	3426822416
	3426822417
	3426822418
	3426822419
	3426822420
	3426822421
	3426822422
	3426822423
	3426822424
	3426822425
	3426822426
	3426822427
	3426822428
	3426822429
	3426822430
	3426822431
	3426822432
	3426822433
	3426822434
	3426822435
	3426822436
	3426822437
	3426822438
	3426822439
	3426822440
	3426822441
	3426822442
	3426822443
	3426822444
	3426822445
	3426822446
	3426822447
	3426822448
	3426822449
	3426822450
	3426822451
	3426822452
	3426822453
	3426822454
	3426822455
	3426822456
	3426822457
	3426822458
	3426822459
	3426822460
	3426822461
	3426822462
	3426822463
	3426822464
	3426822465
	3426822466
	3426822467
	3426822468
	3426822469
	3426822470
	3426822471
	3426822472
	3426822473
	3426822474
	3426822475
	3426822476
	3426822477
	3426822478
	3426822479
	3426822480
	3426822481
	3426822482
	3426822483
	3426822484
	3426822485
	3426822486
	3426822487
	3426822488
	3426822489
	3426822490
	3426822491
	3426822492
	3426822493
	3426822494
	3426822495
	3426822496
	3426822497
	3426822498
	3426822499
	3426822500
	3426822501
	3426822502
	3426822503
	3426822504
	3426822505
	3426822506
	3426822507
	3426822508
	3426822509
	3426822510
	3426822511
	3426822512
	3426822513
	3426822514
	3426822515
	3426822516
	3426822517
	3426822518
	3426822519
	3426822520
	3426822521
	3426822522
	3426822523
	3426822524
	3426822525
	3426822526
	3426822527
	3426822528
	3426822529
	3426822530
	3426822531
	3426822532
	3426822533
	3426822534
	3426822535
	3426822536
	3426822537
	3426822538
	3426822539
	3426822540
	3426822541
	3426822542
	3426822543
	3426822544
	3426822545
	3426822546
	3426822547
	3426822548
	3426822549
	3426822550
	3426822551
	3426822552
	3426822553
	3426822554
	3426822555
	3426822556
	3426822557
	3426822558
	3426822559
	3426822560
	3426822561
	3426822562
	3426822563
	3426822564
	3426822565
	3426822566
	3426822567
	3426822568
	3426822569
	3426822570
	3426822571
	3426822572
	3426822573
	3426822574
	3426822575
	3426822576
	3426822577
	3426822578
	3426822579
	3426822580
	3426822581
	3426822582
	3426822583
	3426822584
	3426822585
	3426822586
	3426822587
	3426822588
	3426822589
	3426822590
	3426822591
	3426822592
	3426822593
	3426822594
	3426822595
	3426822596
	3426822597
	3426822598
	3426822599
	3426822600
	3426822601
	3426822602
	3426822603
	3426822604
	3426822605
	3426822606
	3426822607
	3426822608
	3426822609
	3426822610
	3426822611
	3426822612
	3426822613
	3426822614
	3426822615
	3426822616
	3426822617
	3426822618
	3426822619
	3426822620
	3426822621
	3426822622
	3426822623
	3426822624
	3426822625
	3426822626
	3426822627
	3426822628
	3426822629
	3426822630
	3426822631
	3426822632
	3426822633
	3426822634
	3426822635
	3426822636
	3426822637
	3426822638
	3426822639
	3426822640
	3426822641
	3426822642
	3426822643
	3426822644
	3426822645
	3426822646
	3426822647
	3426822648
	3426822649
	3426822650
	3426822651
	3426822652
	3426822653
	3426822654
	3426822655
	3426822656
	3426822657
	3426822658
	3426822659
	3426822660
	3426822661
	3426822662
	3426822663
	3426822664
	3426822665
	3426822666
	3426822667
	3426822668
	3426822669
	3426822670
	3426822671
	3426822672
	3426822673
	3426822674
	3426822675
	3426822676
	3426822677
	3426822678
	3426822679
	3426822680
	3426822681
	3426822682
	3426822683
	3426822684
	3426822685
	3426822686
	3426822687
	3426822688
	3426822689
	3426822690
	3426822691
	3426822692
	3426822693
	3426822694
	3426822695
	3426822696
	3426822697
	3426822698
	3426822699
	3426822700
	3426822701
	3426822702
	3426822703
	3426822704
	3426822705
	3426822706
	3426822707
	3426822708
	3426822709
	3426822710
	3426822711
	3426822712
	3426822713
	3426822714
	3426822715
	3426822716
	3426822717
	3426822718
	3426822719
	3426822720
	3426822721
	3426822722
	3426822723
	3426822724
	3426822725
	3426822726
	3426822727
	3426822728
	3426822729
	3426822730
	3426822731
	3426822732
	3426822733
	3426822734
	3426822735
	3426822736
	3426822737
	3426822738
	3426822739
	3426822740
	3426822741
	3426822742
	3426822743
	3426822744
	3426822745
	3426822746
	3426822747
	3426822748
	3426822749
	3426822750
	3426822751
	3426822752
	3426822753
	3426822754
	3426822755
	3426822756
	3426822757
	3426822758
	3426822759
	3426822760
	3426822761
	3426822762
	3426822763
	3426822764
	3426822765
	3426822766
	3426822767
	3426822768
	3426822769
	3426822770
	3426822771
	3426822772
	3426822773
	3426822774
	3426822775
	3426822776
	3426822777
	3426822778
	3426822779
	3426822780
	3426822781
	3426822782
	3426822783
	3426822784
	3426822785
	3426822786
	3426822787
	3426822788
	3426822789
	3426822790
	3426822791
	3426822792
	3426822793
	3426822794
	3426822795
	3426822796
	3426822797
	3426822798
	3426822799
	3426822800
	3426822801
	3426822802
	3426822803
	3426822804
	3426822805
	3426822806
	3426822807
	3426822808
	3426822809
	3426822810
	3426822811
	3426822812
	3426822813
	3426822814
	3426822815
	3426822816
	3426822817
	3426822818
	3426822819
	3426822820
	3426822821
	3426822822
	3426822823
	3426822824
	3426822825
	3426822826
	3426822827
	3426822828
	3426822829
	3426822830
	3426822831
	3426822832
	3426822833
	3426822834
	3426822835
	3426822836
	3426822837
