	3427000949
	3427000950
	3427000951
	3427000952
	3427000953
	3427000954
	3427000955
	3427000956
	3427000957
	3427000958
	3427000959
	3427000960
	3427000961
	3427000962
	3427000963
	3427000964
	3427000965
	3427000966
	3427000967
	3427000968
	3427000969
	3427000970
	3427000971
	3427000972
	3427000973
	3427000974
	3427000975
	3427000976
	3427000977
	3427000978
	3427000979
	3427000980
	3427000981
	3427000982
	3427000983
	3427000984
	3427000985
	3427000986
	3427000987
	3427000988
	3427000989
	3427000990
	3427000991
	3427000992
	3427000993
	3427000994
	3427000995
	3427000996
	3427000997
	3427000998
	3427000999
	3427001000
	3427001001
	3427001002
	3427001003
	3427001004
	3427001005
	3427001006
	3427001007
	3427001008
	3427001009
	3427001010
	3427001011
	3427001012
	3427001013
	3427001014
	3427001015
	3427001016
	3427001017
	3427001018
	3427001019
	3427001020
	3427001021
	3427001022
	3427001023
	3427001024
	3427001025
	3427001026
	3427001027
	3427001028
	3427001029
	3427001030
	3427001031
	3427001032
	3427001033
	3427001034
	3427001035
	3427001036
	3427001037
	3427001038
	3427001039
	3427001040
	3427001041
	3427001042
	3427001043
	3427001044
	3427001045
	3427001046
	3427001047
	3427001048
	3427001049
	3427001050
	3427001051
	3427001052
	3427001053
	3427001054
	3427001055
	3427001056
	3427001057
	3427001058
	3427001059
	3427001060
	3427001061
	3427001062
	3427001063
	3427001064
	3427001065
	3427001066
	3427001067
	3427001068
	3427001069
	3427001070
	3427001071
	3427001072
	3427001073
	3427001074
	3427001075
	3427001076
	3427001077
	3427001078
	3427001079
	3427001080
	3427001081
	3427001082
	3427001083
	3427001084
	3427001085
	3427001086
	3427001087
	3427001088
	3427001089
	3427001090
	3427001091
	3427001092
	3427001093
	3427001094
	3427001095
	3427001096
	3427001097
	3427001098
	3427001099
	3427001100
	3427001101
	3427001102
	3427001103
	3427001104
	3427001105
	3427001106
	3427001107
	3427001108
	3427001109
	3427001110
	3427001111
	3427001112
	3427001113
	3427001114
	3427001115
	3427001116
	3427001117
	3427001118
	3427001119
	3427001120
	3427001121
	3427001122
	3427001123
	3427001124
	3427001125
	3427001126
	3427001127
	3427001128
	3427001129
	3427001130
	3427001131
	3427001132
	3427001133
	3427001134
	3427001135
	3427001136
	3427001137
	3427001138
	3427001139
	3427001140
	3427001141
	3427001142
	3427001143
	3427001144
	3427001145
	3427001146
	3427001147
	3427001148
	3427001149
	3427001150
	3427001151
	3427001152
	3427001153
	3427001154
	3427001155
	3427001156
	3427001157
	3427001158
	3427001159
	3427001160
	3427001161
	3427001162
	3427001163
	3427001164
	3427001165
	3427001166
	3427001167
	3427001168
	3427001169
	3427001170
	3427001171
	3427001172
	3427001173
	3427001174
	3427001175
	3427001176
	3427001177
	3427001178
	3427001179
	3427001180
	3427001181
	3427001182
	3427001183
	3427001184
	3427001185
	3427001186
	3427001187
	3427001188
	3427001189
	3427001190
	3427001191
	3427001192
	3427001193
	3427001194
	3427001195
	3427001196
	3427001197
	3427001198
	3427001199
	3427001200
	3427001201
	3427001202
	3427001203
	3427001204
	3427001205
	3427001206
	3427001207
	3427001208
	3427001209
	3427001210
	3427001211
	3427001212
	3427001213
	3427001214
	3427001215
	3427001216
	3427001217
	3427001218
	3427001219
	3427001220
	3427001221
	3427001222
	3427001223
	3427001224
	3427001225
	3427001226
	3427001227
	3427001228
	3427001229
	3427001230
	3427001231
	3427001232
	3427001233
	3427001234
	3427001235
	3427001236
	3427001237
	3427001238
	3427001239
	3427001240
	3427001241
	3427001242
	3427001243
	3427001244
	3427001245
	3427001246
	3427001247
	3427001248
	3427001249
	3427001250
	3427001251
	3427001252
	3427001253
	3427001254
	3427001255
	3427001256
	3427001257
	3427001258
	3427001259
	3427001260
	3427001261
	3427001262
	3427001263
	3427001264
	3427001265
	3427001266
	3427001267
	3427001268
	3427001269
	3427001270
	3427001271
	3427001272
	3427001273
	3427001274
	3427001275
	3427001276
	3427001277
	3427001278
	3427001279
	3427001280
	3427001281
	3427001282
	3427001283
	3427001284
	3427001285
	3427001286
	3427001287
	3427001288
	3427001289
	3427001290
	3427001291
	3427001292
	3427001293
	3427001294
	3427001295
	3427001296
	3427001297
	3427001298
	3427001299
	3427001300
	3427001301
	3427001302
	3427001303
	3427001304
	3427001305
	3427001306
	3427001307
	3427001308
	3427001309
	3427001310
	3427001311
	3427001312
	3427001313
	3427001314
	3427001315
	3427001316
	3427001317
	3427001318
	3427001319
	3427001320
	3427001321
	3427001322
	3427001323
	3427001324
	3427001325
	3427001326
	3427001327
	3427001328
	3427001329
	3427001330
	3427001331
	3427001332
	3427001333
	3427001334
	3427001335
	3427001336
	3427001337
	3427001338
	3427001339
	3427001340
	3427001341
	3427001342
	3427001343
	3427001344
	3427001345
	3427001346
	3427001347
	3427001348
	3427001349
	3427001350
	3427001351
	3427001352
	3427001353
	3427001354
	3427001355
	3427001356
	3427001357
	3427001358
	3427001359
	3427001360
	3427001361
	3427001362
	3427001363
	3427001364
	3427001365
	3427001366
	3427001367
	3427001368
	3427001369
	3427001370
	3427001371
	3427001372
	3427001373
	3427001374
	3427001375
	3427001376
	3427001377
	3427001378
	3427001379
	3427001380
	3427001381
	3427001382
	3427001383
	3427001384
	3427001385
	3427001386
	3427001387
	3427001388
	3427001389
	3427001390
	3427001391
	3427001392
	3427001393
	3427001394
	3427001395
	3427001396
	3427001397
	3427001398
	3427001399
	3427001400
	3427001401
	3427001402
	3427001403
	3427001404
	3427001405
	3427001406
	3427001407
	3427001408
	3427001409
	3427001410
	3427001411
	3427001412
	3427001413
	3427001414
	3427001415
	3427001416
	3427001417
	3427001418
	3427001419
	3427001420
	3427001421
	3427001422
	3427001423
	3427001424
	3427001425
	3427001426
	3427001427
	3427001428
	3427001429
	3427001430
	3427001431
	3427001432
	3427001433
	3427001434
	3427001435
	3427001436
	3427001437
	3427001438
	3427001439
	3427001440
	3427001441
	3427001442
	3427001443
	3427001444
	3427001445
	3427001446
	3427001447
	3427001448
	3427001449
	3427001450
	3427001451
	3427001452
	3427001453
	3427001454
	3427001455
	3427001456
	3427001457
	3427001458
	3427001459
	3427001460
	3427001461
	3427001462
	3427001463
	3427001464
	3427001465
	3427001466
	3427001467
	3427001468
	3427001469
	3427001470
	3427001471
	3427001472
	3427001473
	3427001474
	3427001475
	3427001476
	3427001477
	3427001478
	3427001479
	3427001480
	3427001481
	3427001482
	3427001483
	3427001484
	3427001485
	3427001486
	3427001487
	3427001488
	3427001489
	3427001490
	3427001491
	3427001492
	3427001493
	3427001494
	3427001495
	3427001496
	3427001497
	3427001498
	3427001499
	3427001500
	3427001501
	3427001502
	3427001503
	3427001504
	3427001505
	3427001506
	3427001507
	3427001508
	3427001509
	3427001510
	3427001511
	3427001512
	3427001513
	3427001514
	3427001515
	3427001516
	3427001517
	3427001518
	3427001519
	3427001520
	3427001521
	3427001522
	3427001523
	3427001524
	3427001525
	3427001526
	3427001527
	3427001528
	3427001529
	3427001530
	3427001531
	3427001532
	3427001533
	3427001534
	3427001535
	3427001536
	3427001537
	3427001538
	3427001539
	3427001540
	3427001541
	3427001542
	3427001543
	3427001544
	3427001545
	3427001546
	3427001547
	3427001548
	3427001549
	3427001550
	3427001551
	3427001552
	3427001553
	3427001554
	3427001555
	3427001556
	3427001557
	3427001558
	3427001559
	3427001560
	3427001561
	3427001562
	3427001563
	3427001564
	3427001565
	3427001566
	3427001567
	3427001568
	3427001569
	3427001570
	3427001571
	3427001572
	3427001573
	3427001574
	3427001575
	3427001576
	3427001577
	3427001578
	3427001579
	3427001580
	3427001581
	3427001582
	3427001583
	3427001584
	3427001585
	3427001586
	3427001587
	3427001588
	3427001589
	3427001590
	3427001591
	3427001592
	3427001593
	3427001594
	3427001595
	3427001596
	3427001597
	3427001598
	3427001599
	3427001600
	3427001601
	3427001602
	3427001603
	3427001604
	3427001605
	3427001606
	3427001607
	3427001608
	3427001609
	3427001610
	3427001611
	3427001612
	3427001613
	3427001614
	3427001615
	3427001616
	3427001617
	3427001618
	3427001619
	3427001620
	3427001621
	3427001622
	3427001623
	3427001624
	3427001625
	3427001626
	3427001627
	3427001628
	3427001629
	3427001630
	3427001631
	3427001632
	3427001633
	3427001634
	3427001635
	3427001636
	3427001637
	3427001638
	3427001639
	3427001640
	3427001641
	3427001642
	3427001643
	3427001644
	3427001645
	3427001646
	3427001647
	3427001648
	3427001649
	3427001650
	3427001651
	3427001652
	3427001653
	3427001654
	3427001655
	3427001656
	3427001657
	3427001658
	3427001659
	3427001660
	3427001661
	3427001662
	3427001663
	3427001664
	3427001665
	3427001666
	3427001667
	3427001668
	3427001669
	3427001670
	3427001671
	3427001672
	3427001673
	3427001674
	3427001675
	3427001676
	3427001677
	3427001678
	3427001679
	3427001680
	3427001681
	3427001682
	3427001683
	3427001684
	3427001685
	3427001686
	3427001687
	3427001688
	3427001689
	3427001690
	3427001691
	3427001692
	3427001693
	3427001694
	3427001695
	3427001696
	3427001697
	3427001698
	3427001699
	3427001700
	3427001701
	3427001702
	3427001703
	3427001704
	3427001705
	3427001706
	3427001707
	3427001708
	3427001709
	3427001710
	3427001711
	3427001712
	3427001713
	3427001714
	3427001715
	3427001716
	3427001717
	3427001718
	3427001719
	3427001720
	3427001721
	3427001722
	3427001723
	3427001724
	3427001725
	3427001726
	3427001727
	3427001728
	3427001729
	3427001730
	3427001731
	3427001732
	3427001733
	3427001734
	3427001735
	3427001736
	3427001737
	3427001738
	3427001739
	3427001740
	3427001741
	3427001742
	3427001743
	3427001744
	3427001745
	3427001746
	3427001747
	3427001748
	3427001749
	3427001750
	3427001751
	3427001752
	3427001753
	3427001754
	3427001755
	3427001756
	3427001757
	3427001758
	3427001759
	3427001760
	3427001761
	3427001762
	3427001763
	3427001764
	3427001765
	3427001766
	3427001767
	3427001768
	3427001769
	3427001770
	3427001771
	3427001772
	3427001773
	3427001774
	3427001775
	3427001776
	3427001777
	3427001778
	3427001779
	3427001780
	3427001781
	3427001782
	3427001783
	3427001784
	3427001785
	3427001786
	3427001787
	3427001788
	3427001789
	3427001790
	3427001791
	3427001792
	3427001793
	3427001794
	3427001795
	3427001796
	3427001797
	3427001798
	3427001799
	3427001800
	3427001801
	3427001802
	3427001803
	3427001804
	3427001805
	3427001806
	3427001807
	3427001808
	3427001809
	3427001810
	3427001811
	3427001812
	3427001813
	3427001814
	3427001815
	3427001816
	3427001817
	3427001818
	3427001819
	3427001820
	3427001821
	3427001822
	3427001823
	3427001824
	3427001825
	3427001826
	3427001827
	3427001828
	3427001829
	3427001830
	3427001831
	3427001832
	3427001833
	3427001834
	3427001835
	3427001836
	3427001837
	3427001838
	3427001839
	3427001840
	3427001841
	3427001842
	3427001843
	3427001844
	3427001845
	3427001846
	3427001847
	3427001848
	3427001849
	3427001850
	3427001851
	3427001852
	3427001853
	3427001854
	3427001855
	3427001856
	3427001857
	3427001858
	3427001859
	3427001860
	3427001861
	3427001862
	3427001863
	3427001864
	3427001865
	3427001866
	3427001867
	3427001868
	3427001869
	3427001870
	3427001871
	3427001872
	3427001873
	3427001874
	3427001875
	3427001876
	3427001877
	3427001878
	3427001879
	3427001880
	3427001881
	3427001882
	3427001883
	3427001884
	3427001885
	3427001886
	3427001887
	3427001888
	3427001889
	3427001890
	3427001891
	3427001892
	3427001893
	3427001894
	3427001895
	3427001896
	3427001897
	3427001898
	3427001899
	3427001900
	3427001901
	3427001902
	3427001903
	3427001904
	3427001905
	3427001906
	3427001907
	3427001908
	3427001909
	3427001910
	3427001911
	3427001912
	3427001913
	3427001914
	3427001915
	3427001916
	3427001917
	3427001918
	3427001919
	3427001920
	3427001921
	3427001922
	3427001923
	3427001924
	3427001925
	3427001926
	3427001927
	3427001928
	3427001929
	3427001930
	3427001931
	3427001932
	3427001933
	3427001934
	3427001935
	3427001936
	3427001937
	3427001938
	3427001939
	3427001940
	3427001941
	3427001942
	3427001943
	3427001944
	3427001945
	3427001946
	3427001947
	3427001948
	3427001949
	3427001950
	3427001951
	3427001952
	3427001953
	3427001954
	3427001955
	3427001956
	3427001957
	3427001958
	3427001959
	3427001960
	3427001961
	3427001962
	3427001963
	3427001964
	3427001965
	3427001966
	3427001967
	3427001968
	3427001969
	3427001970
	3427001971
	3427001972
	3427001973
	3427001974
	3427001975
	3427001976
	3427001977
	3427001978
	3427001979
	3427001980
	3427001981
	3427001982
	3427001983
	3427001984
	3427001985
	3427001986
	3427001987
	3427001988
	3427001989
	3427001990
	3427001991
	3427001992
	3427001993
	3427001994
	3427001995
	3427001996
	3427001997
	3427001998
	3427001999
	3427002000
	3427002001
	3427002002
	3427002003
	3427002004
	3427002005
	3427002006
	3427002007
	3427002008
	3427002009
	3427002010
	3427002011
	3427002012
	3427002013
	3427002014
	3427002015
	3427002016
	3427002017
	3427002018
	3427002019
	3427002020
	3427002021
	3427002022
	3427002023
	3427002024
	3427002025
	3427002026
	3427002027
	3427002028
	3427002029
	3427002030
	3427002031
	3427002032
	3427002033
	3427002034
	3427002035
	3427002036
	3427002037
	3427002038
	3427002039
	3427002040
	3427002041
	3427002042
	3427002043
	3427002044
	3427002045
	3427002046
	3427002047
	3427002048
	3427002049
	3427002050
	3427002051
	3427002052
	3427002053
	3427002054
	3427002055
	3427002056
	3427002057
	3427002058
	3427002059
	3427002060
	3427002061
	3427002062
	3427002063
	3427002064
	3427002065
	3427002066
	3427002067
	3427002068
	3427002069
	3427002070
	3427002071
	3427002072
	3427002073
	3427002074
	3427002075
	3427002076
	3427002077
	3427002078
	3427002079
	3427002080
	3427002081
	3427002082
	3427002083
	3427002084
	3427002085
	3427002086
	3427002087
	3427002088
	3427002089
	3427002090
	3427002091
	3427002092
	3427002093
	3427002094
	3427002095
	3427002096
	3427002097
	3427002098
	3427002099
	3427002100
	3427002101
	3427002102
	3427002103
	3427002104
	3427002105
	3427002106
	3427002107
	3427002108
	3427002109
	3427002110
	3427002111
	3427002112
	3427002113
	3427002114
	3427002115
	3427002116
	3427002117
	3427002118
	3427002119
	3427002120
	3427002121
	3427002122
	3427002123
	3427002124
	3427002125
	3427002126
	3427002127
	3427002128
	3427002129
	3427002130
	3427002131
	3427002132
	3427002133
	3427002134
	3427002135
	3427002136
	3427002137
	3427002138
	3427002139
	3427002140
	3427002141
	3427002142
	3427002143
	3427002144
	3427002145
	3427002146
	3427002147
	3427002148
	3427002149
	3427002150
	3427002151
	3427002152
	3427002153
	3427002154
	3427002155
	3427002156
	3427002157
	3427002158
	3427002159
	3427002160
	3427002161
	3427002162
	3427002163
	3427002164
	3427002165
	3427002166
	3427002167
	3427002168
	3427002169
	3427002170
	3427002171
	3427002172
	3427002173
	3427002174
	3427002175
	3427002176
	3427002177
	3427002178
	3427002179
	3427002180
	3427002181
	3427002182
	3427002183
	3427002184
	3427002185
	3427002186
	3427002187
	3427002188
	3427002189
	3427002190
	3427002191
	3427002192
	3427002193
	3427002194
	3427002195
	3427002196
	3427002197
	3427002198
	3427002199
	3427002200
	3427002201
	3427002202
	3427002203
	3427002204
	3427002205
	3427002206
	3427002207
	3427002208
	3427002209
	3427002210
	3427002211
	3427002212
	3427002213
	3427002214
	3427002215
	3427002216
	3427002217
	3427002218
	3427002219
	3427002220
	3427002221
	3427002222
	3427002223
	3427002224
	3427002225
	3427002226
	3427002227
	3427002228
	3427002229
	3427002230
	3427002231
	3427002232
	3427002233
	3427002234
	3427002235
	3427002236
	3427002237
	3427002238
	3427002239
	3427002240
	3427002241
	3427002242
	3427002243
	3427002244
	3427002245
	3427002246
	3427002247
	3427002248
	3427002249
	3427002250
	3427002251
	3427002252
	3427002253
	3427002254
	3427002255
	3427002256
	3427002257
	3427002258
	3427002259
	3427002260
	3427002261
	3427002262
	3427002263
	3427002264
	3427002265
	3427002266
	3427002267
	3427002268
	3427002269
	3427002270
	3427002271
	3427002272
	3427002273
	3427002274
	3427002275
	3427002276
	3427002277
	3427002278
	3427002279
	3427002280
	3427002281
	3427002282
	3427002283
	3427002284
	3427002285
	3427002286
	3427002287
	3427002288
	3427002289
	3427002290
	3427002291
	3427002292
	3427002293
	3427002294
	3427002295
	3427002296
	3427002297
	3427002298
	3427002299
	3427002300
	3427002301
	3427002302
	3427002303
	3427002304
	3427002305
	3427002306
	3427002307
	3427002308
	3427002309
	3427002310
	3427002311
	3427002312
	3427002313
	3427002314
	3427002315
	3427002316
	3427002317
	3427002318
	3427002319
	3427002320
	3427002321
	3427002322
	3427002323
	3427002324
	3427002325
	3427002326
	3427002327
	3427002328
	3427002329
	3427002330
	3427002331
	3427002332
	3427002333
	3427002334
	3427002335
	3427002336
	3427002337
	3427002338
	3427002339
	3427002340
	3427002341
	3427002342
	3427002343
	3427002344
	3427002345
	3427002346
	3427002347
	3427002348
	3427002349
	3427002350
	3427002351
	3427002352
	3427002353
	3427002354
	3427002355
	3427002356
	3427002357
	3427002358
	3427002359
	3427002360
	3427002361
	3427002362
	3427002363
	3427002364
	3427002365
	3427002366
	3427002367
	3427002368
	3427002369
	3427002370
	3427002371
	3427002372
	3427002373
	3427002374
	3427002375
	3427002376
	3427002377
	3427002378
	3427002379
	3427002380
	3427002381
	3427002382
	3427002383
	3427002384
	3427002385
	3427002386
	3427002387
	3427002388
	3427002389
	3427002390
	3427002391
	3427002392
	3427002393
	3427002394
	3427002395
	3427002396
	3427002397
	3427002398
	3427002399
	3427002400
	3427002401
	3427002402
	3427002403
	3427002404
	3427002405
	3427002406
	3427002407
	3427002408
	3427002409
	3427002410
	3427002411
	3427002412
	3427002413
	3427002414
	3427002415
	3427002416
	3427002417
	3427002418
	3427002419
	3427002420
	3427002421
	3427002422
	3427002423
	3427002424
	3427002425
	3427002426
	3427002427
	3427002428
	3427002429
	3427002430
	3427002431
	3427002432
	3427002433
	3427002434
	3427002435
	3427002436
	3427002437
	3427002438
	3427002439
	3427002440
	3427002441
	3427002442
	3427002443
	3427002444
	3427002445
	3427002446
	3427002447
	3427002448
	3427002449
	3427002450
	3427002451
	3427002452
	3427002453
	3427002454
	3427002455
	3427002456
	3427002457
	3427002458
	3427002459
	3427002460
	3427002461
	3427002462
	3427002463
	3427002464
	3427002465
	3427002466
	3427002467
	3427002468
	3427002469
	3427002470
	3427002471
	3427002472
	3427002473
	3427002474
	3427002475
	3427002476
	3427002477
	3427002478
	3427002479
	3427002480
	3427002481
	3427002482
	3427002483
	3427002484
	3427002485
	3427002486
	3427002487
	3427002488
	3427002489
	3427002490
	3427002491
	3427002492
	3427002493
	3427002494
	3427002495
	3427002496
	3427002497
	3427002498
	3427002499
	3427002500
	3427002501
	3427002502
	3427002503
	3427002504
	3427002505
	3427002506
	3427002507
	3427002508
	3427002509
	3427002510
	3427002511
	3427002512
	3427002513
	3427002514
	3427002515
	3427002516
	3427002517
	3427002518
	3427002519
	3427002520
	3427002521
	3427002522
	3427002523
	3427002524
	3427002525
	3427002526
	3427002527
	3427002528
	3427002529
	3427002530
	3427002531
	3427002532
	3427002533
	3427002534
	3427002535
	3427002536
	3427002537
	3427002538
	3427002539
	3427002540
	3427002541
	3427002542
	3427002543
	3427002544
	3427002545
	3427002546
	3427002547
	3427002548
	3427002549
	3427002550
	3427002551
	3427002552
	3427002553
	3427002554
	3427002555
	3427002556
	3427002557
	3427002558
	3427002559
	3427002560
	3427002561
	3427002562
	3427002563
	3427002564
	3427002565
	3427002566
	3427002567
	3427002568
	3427002569
	3427002570
	3427002571
	3427002572
	3427002573
	3427002574
	3427002575
	3427002576
	3427002577
	3427002578
	3427002579
	3427002580
	3427002581
	3427002582
	3427002583
	3427002584
	3427002585
	3427002586
	3427002587
	3427002588
	3427002589
	3427002590
	3427002591
	3427002592
	3427002593
	3427002594
	3427002595
	3427002596
	3427002597
	3427002598
	3427002599
	3427002600
	3427002601
	3427002602
	3427002603
	3427002604
	3427002605
	3427002606
	3427002607
	3427002608
	3427002609
	3427002610
	3427002611
	3427002612
	3427002613
	3427002614
	3427002615
	3427002616
	3427002617
	3427002618
	3427002619
	3427002620
	3427002621
	3427002622
	3427002623
	3427002624
	3427002625
	3427002626
	3427002627
	3427002628
	3427002629
	3427002630
	3427002631
	3427002632
	3427002633
	3427002634
	3427002635
	3427002636
	3427002637
	3427002638
	3427002639
	3427002640
	3427002641
	3427002642
	3427002643
	3427002644
	3427002645
	3427002646
	3427002647
	3427002648
	3427002649
	3427002650
	3427002651
	3427002652
	3427002653
	3427002654
	3427002655
	3427002656
	3427002657
	3427002658
	3427002659
	3427002660
	3427002661
	3427002662
	3427002663
	3427002664
	3427002665
	3427002666
	3427002667
	3427002668
	3427002669
	3427002670
	3427002671
	3427002672
	3427002673
	3427002674
	3427002675
	3427002676
	3427002677
	3427002678
	3427002679
	3427002680
	3427002681
	3427002682
	3427002683
	3427002684
	3427002685
	3427002686
	3427002687
	3427002688
	3427002689
	3427002690
	3427002691
	3427002692
	3427002693
	3427002694
	3427002695
	3427002696
	3427002697
	3427002698
	3427002699
	3427002700
	3427002701
	3427002702
	3427002703
	3427002704
	3427002705
	3427002706
	3427002707
	3427002708
	3427002709
	3427002710
	3427002711
	3427002712
	3427002713
	3427002714
	3427002715
	3427002716
	3427002717
	3427002718
	3427002719
	3427002720
	3427002721
	3427002722
	3427002723
	3427002724
	3427002725
	3427002726
	3427002727
	3427002728
	3427002729
	3427002730
	3427002731
	3427002732
	3427002733
	3427002734
	3427002735
	3427002736
	3427002737
	3427002738
	3427002739
	3427002740
	3427002741
	3427002742
	3427002743
	3427002744
	3427002745
	3427002746
	3427002747
	3427002748
	3427002749
	3427002750
	3427002751
	3427002752
	3427002753
	3427002754
	3427002755
	3427002756
	3427002757
	3427002758
	3427002759
	3427002760
	3427002761
	3427002762
	3427002763
	3427002764
	3427002765
	3427002766
	3427002767
	3427002768
	3427002769
	3427002770
	3427002771
	3427002772
	3427002773
	3427002774
	3427002775
	3427002776
	3427002777
	3427002778
	3427002779
	3427002780
	3427002781
	3427002782
	3427002783
	3427002784
	3427002785
	3427002786
	3427002787
	3427002788
	3427002789
	3427002790
	3427002791
	3427002792
	3427002793
	3427002794
	3427002795
	3427002796
	3427002797
	3427002798
	3427002799
	3427002800
	3427002801
	3427002802
	3427002803
	3427002804
	3427002805
	3427002806
	3427002807
	3427002808
	3427002809
	3427002810
	3427002811
	3427002812
	3427002813
	3427002814
	3427002815
	3427002816
	3427002817
	3427002818
	3427002819
	3427002820
	3427002821
	3427002822
	3427002823
	3427002824
	3427002825
	3427002826
	3427002827
	3427002828
	3427002829
	3427002830
	3427002831
	3427002832
	3427002833
	3427002834
	3427002835
	3427002836
	3427002837
	3427002838
	3427002839
	3427002840
	3427002841
	3427002842
	3427002843
	3427002844
	3427002845
	3427002846
	3427002847
	3427002848
	3427002849
	3427002850
	3427002851
	3427002852
	3427002853
	3427002854
	3427002855
	3427002856
	3427002857
	3427002858
	3427002859
	3427002860
	3427002861
	3427002862
	3427002863
	3427002864
	3427002865
	3427002866
	3427002867
	3427002868
	3427002869
	3427002870
	3427002871
	3427002872
	3427002873
	3427002874
	3427002875
	3427002876
	3427002877
	3427002878
	3427002879
	3427002880
	3427002881
	3427002882
	3427002883
	3427002884
	3427002885
	3427002886
	3427002887
	3427002888
	3427002889
	3427002890
	3427002891
	3427002892
	3427002893
	3427002894
	3427002895
	3427002896
	3427002897
	3427002898
	3427002899
	3427002900
	3427002901
	3427002902
	3427002903
	3427002904
	3427002905
	3427002906
	3427002907
	3427002908
	3427002909
	3427002910
	3427002911
	3427002912
	3427002913
	3427002914
	3427002915
	3427002916
	3427002917
	3427002918
	3427002919
	3427002920
	3427002921
	3427002922
	3427002923
	3427002924
	3427002925
	3427002926
	3427002927
	3427002928
	3427002929
	3427002930
	3427002931
	3427002932
	3427002933
	3427002934
	3427002935
	3427002936
	3427002937
	3427002938
	3427002939
	3427002940
	3427002941
	3427002942
	3427002943
	3427002944
	3427002945
	3427002946
	3427002947
	3427002948
	3427002949
	3427002950
	3427002951
	3427002952
	3427002953
	3427002954
	3427002955
	3427002956
	3427002957
	3427002958
	3427002959
	3427002960
	3427002961
	3427002962
	3427002963
	3427002964
	3427002965
	3427002966
	3427002967
	3427002968
	3427002969
	3427002970
	3427002971
	3427002972
	3427002973
	3427002974
	3427002975
	3427002976
	3427002977
	3427002978
	3427002979
	3427002980
	3427002981
	3427002982
	3427002983
	3427002984
	3427002985
	3427002986
	3427002987
	3427002988
	3427002989
	3427002990
	3427002991
	3427002992
	3427002993
	3427002994
	3427002995
	3427002996
	3427002997
	3427002998
	3427002999
	3427003000
	3427003001
	3427003002
	3427003003
	3427003004
	3427003005
	3427003006
	3427003007
	3427003008
	3427003009
	3427003010
	3427003011
	3427003012
	3427003013
	3427003014
	3427003015
	3427003016
	3427003017
	3427003018
	3427003019
	3427003020
	3427003021
	3427003022
	3427003023
	3427003024
	3427003025
	3427003026
	3427003027
	3427003028
	3427003029
	3427003030
	3427003031
	3427003032
	3427003033
	3427003034
	3427003035
	3427003036
	3427003037
	3427003038
	3427003039
	3427003040
	3427003041
	3427003042
	3427003043
	3427003044
	3427003045
	3427003046
	3427003047
	3427003048
	3427003049
	3427003050
	3427003051
	3427003052
	3427003053
	3427003054
	3427003055
	3427003056
	3427003057
	3427003058
	3427003059
	3427003060
	3427003061
	3427003062
	3427003063
	3427003064
	3427003065
	3427003066
	3427003067
	3427003068
	3427003069
	3427003070
	3427003071
	3427003072
	3427003073
	3427003074
	3427003075
	3427003076
	3427003077
	3427003078
	3427003079
	3427003080
	3427003081
	3427003082
	3427003083
	3427003084
	3427003085
	3427003086
	3427003087
	3427003088
	3427003089
	3427003090
	3427003091
	3427003092
	3427003093
	3427003094
	3427003095
	3427003096
	3427003097
	3427003098
	3427003099
	3427003100
	3427003101
	3427003102
	3427003103
	3427003104
	3427003105
	3427003106
	3427003107
	3427003108
	3427003109
	3427003110
	3427003111
	3427003112
	3427003113
	3427003114
	3427003115
	3427003116
	3427003117
	3427003118
	3427003119
	3427003120
	3427003121
	3427003122
	3427003123
	3427003124
	3427003125
	3427003126
	3427003127
	3427003128
	3427003129
	3427003130
	3427003131
	3427003132
	3427003133
	3427003134
	3427003135
	3427003136
	3427003137
	3427003138
	3427003139
	3427003140
	3427003141
	3427003142
	3427003143
	3427003144
	3427003145
	3427003146
	3427003147
	3427003148
	3427003149
	3427003150
	3427003151
	3427003152
	3427003153
	3427003154
	3427003155
	3427003156
	3427003157
	3427003158
	3427003159
	3427003160
	3427003161
	3427003162
	3427003163
	3427003164
	3427003165
	3427003166
	3427003167
	3427003168
	3427003169
	3427003170
	3427003171
	3427003172
	3427003173
	3427003174
	3427003175
	3427003176
	3427003177
	3427003178
	3427003179
	3427003180
	3427003181
	3427003182
	3427003183
	3427003184
	3427003185
	3427003186
	3427003187
	3427003188
	3427003189
	3427003190
	3427003191
	3427003192
	3427003193
	3427003194
	3427003195
	3427003196
	3427003197
	3427003198
	3427003199
	3427003200
	3427003201
	3427003202
	3427003203
	3427003204
	3427003205
	3427003206
	3427003207
	3427003208
	3427003209
	3427003210
	3427003211
	3427003212
	3427003213
	3427003214
	3427003215
	3427003216
	3427003217
	3427003218
	3427003219
	3427003220
	3427003221
	3427003222
	3427003223
	3427003224
	3427003225
	3427003226
	3427003227
	3427003228
	3427003229
	3427003230
	3427003231
	3427003232
	3427003233
	3427003234
	3427003235
	3427003236
	3427003237
	3427003238
	3427003239
	3427003240
	3427003241
	3427003242
	3427003243
	3427003244
	3427003245
	3427003246
	3427003247
	3427003248
	3427003249
	3427003250
	3427003251
	3427003252
	3427003253
	3427003254
	3427003255
	3427003256
	3427003257
	3427003258
	3427003259
	3427003260
	3427003261
	3427003262
	3427003263
	3427003264
	3427003265
	3427003266
	3427003267
	3427003268
	3427003269
	3427003270
	3427003271
	3427003272
	3427003273
	3427003274
	3427003275
	3427003276
	3427003277
	3427003278
	3427003279
	3427003280
	3427003281
	3427003282
	3427003283
	3427003284
	3427003285
	3427003286
	3427003287
	3427003288
	3427003289
	3427003290
	3427003291
	3427003292
	3427003293
	3427003294
	3427003295
	3427003296
	3427003297
	3427003298
	3427003299
	3427003300
	3427003301
	3427003302
	3427003303
	3427003304
	3427003305
	3427003306
	3427003307
	3427003308
	3427003309
	3427003310
	3427003311
	3427003312
	3427003313
	3427003314
	3427003315
	3427003316
	3427003317
	3427003318
	3427003319
	3427003320
	3427003321
	3427003322
	3427003323
	3427003324
	3427003325
	3427003326
	3427003327
	3427003328
	3427003329
	3427003330
	3427003331
	3427003332
	3427003333
	3427003334
	3427003335
	3427003336
	3427003337
	3427003338
	3427003339
	3427003340
	3427003341
	3427003342
	3427003343
	3427003344
	3427003345
	3427003346
	3427003347
	3427003348
	3427003349
	3427003350
	3427003351
	3427003352
	3427003353
	3427003354
	3427003355
	3427003356
	3427003357
	3427003358
	3427003359
	3427003360
	3427003361
	3427003362
	3427003363
	3427003364
	3427003365
	3427003366
	3427003367
	3427003368
	3427003369
	3427003370
	3427003371
	3427003372
	3427003373
	3427003374
	3427003375
	3427003376
	3427003377
	3427003378
	3427003379
	3427003380
	3427003381
	3427003382
	3427003383
	3427003384
	3427003385
	3427003386
	3427003387
	3427003388
	3427003389
	3427003390
	3427003391
	3427003392
	3427003393
	3427003394
	3427003395
	3427003396
	3427003397
	3427003398
	3427003399
	3427003400
	3427003401
	3427003402
	3427003403
	3427003404
	3427003405
	3427003406
	3427003407
	3427003408
	3427003409
	3427003410
	3427003411
	3427003412
	3427003413
	3427003414
	3427003415
	3427003416
	3427003417
	3427003418
	3427003419
	3427003420
	3427003421
	3427003422
	3427003423
	3427003424
	3427003425
	3427003426
	3427003427
	3427003428
	3427003429
	3427003430
	3427003431
	3427003432
	3427003433
	3427003434
	3427003435
	3427003436
	3427003437
	3427003438
	3427003439
	3427003440
	3427003441
	3427003442
	3427003443
	3427003444
	3427003445
	3427003446
	3427003447
	3427003448
	3427003449
	3427003450
	3427003451
	3427003452
	3427003453
	3427003454
	3427003455
	3427003456
	3427003457
	3427003458
	3427003459
	3427003460
	3427003461
	3427003462
	3427003463
	3427003464
	3427003465
	3427003466
	3427003467
	3427003468
	3427003469
	3427003470
	3427003471
	3427003472
	3427003473
	3427003474
	3427003475
	3427003476
	3427003477
	3427003478
	3427003479
	3427003480
	3427003481
	3427003482
	3427003483
	3427003484
	3427003485
	3427003486
	3427003487
	3427003488
	3427003489
	3427003490
	3427003491
	3427003492
	3427003493
	3427003494
	3427003495
	3427003496
	3427003497
	3427003498
	3427003499
	3427003500
	3427003501
	3427003502
	3427003503
	3427003504
	3427003505
	3427003506
	3427003507
	3427003508
	3427003509
	3427003510
	3427003511
	3427003512
	3427003513
	3427003514
	3427003515
	3427003516
	3427003517
	3427003518
	3427003519
	3427003520
	3427003521
	3427003522
	3427003523
	3427003524
	3427003525
	3427003526
	3427003527
	3427003528
	3427003529
	3427003530
	3427003531
	3427003532
	3427003533
	3427003534
	3427003535
	3427003536
	3427003537
	3427003538
	3427003539
	3427003540
	3427003541
	3427003542
	3427003543
	3427003544
	3427003545
	3427003546
	3427003547
	3427003548
	3427003549
	3427003550
	3427003551
	3427003552
	3427003553
	3427003554
	3427003555
	3427003556
	3427003557
	3427003558
	3427003559
	3427003560
	3427003561
	3427003562
	3427003563
	3427003564
	3427003565
	3427003566
	3427003567
	3427003568
	3427003569
	3427003570
	3427003571
	3427003572
	3427003573
	3427003574
	3427003575
	3427003576
	3427003577
	3427003578
	3427003579
	3427003580
	3427003581
	3427003582
	3427003583
	3427003584
	3427003585
	3427003586
	3427003587
	3427003588
	3427003589
	3427003590
	3427003591
	3427003592
	3427003593
	3427003594
	3427003595
	3427003596
	3427003597
	3427003598
	3427003599
	3427003600
	3427003601
	3427003602
	3427003603
	3427003604
	3427003605
	3427003606
	3427003607
	3427003608
	3427003609
	3427003610
	3427003611
	3427003612
	3427003613
	3427003614
	3427003615
	3427003616
	3427003617
	3427003618
	3427003619
	3427003620
	3427003621
	3427003622
	3427003623
	3427003624
	3427003625
	3427003626
	3427003627
	3427003628
	3427003629
	3427003630
	3427003631
	3427003632
	3427003633
	3427003634
	3427003635
	3427003636
	3427003637
	3427003638
	3427003639
	3427003640
	3427003641
	3427003642
	3427003643
	3427003644
	3427003645
	3427003646
	3427003647
	3427003648
	3427003649
	3427003650
	3427003651
	3427003652
	3427003653
	3427003654
	3427003655
	3427003656
	3427003657
	3427003658
	3427003659
	3427003660
	3427003661
	3427003662
	3427003663
	3427003664
	3427003665
	3427003666
	3427003667
	3427003668
	3427003669
	3427003670
	3427003671
	3427003672
	3427003673
	3427003674
	3427003675
	3427003676
	3427003677
	3427003678
	3427003679
	3427003680
	3427003681
	3427003682
	3427003683
	3427003684
	3427003685
	3427003686
	3427003687
	3427003688
	3427003689
	3427003690
	3427003691
	3427003692
	3427003693
	3427003694
	3427003695
	3427003696
	3427003697
	3427003698
	3427003699
	3427003700
	3427003701
	3427003702
	3427003703
	3427003704
	3427003705
	3427003706
	3427003707
	3427003708
	3427003709
	3427003710
	3427003711
	3427003712
	3427003713
	3427003714
	3427003715
	3427003716
	3427003717
	3427003718
	3427003719
	3427003720
	3427003721
	3427003722
	3427003723
	3427003724
	3427003725
	3427003726
	3427003727
	3427003728
	3427003729
	3427003730
	3427003731
	3427003732
	3427003733
	3427003734
	3427003735
	3427003736
	3427003737
	3427003738
	3427003739
	3427003740
	3427003741
	3427003742
	3427003743
	3427003744
	3427003745
	3427003746
	3427003747
	3427003748
	3427003749
	3427003750
	3427003751
	3427003752
	3427003753
	3427003754
	3427003755
	3427003756
	3427003757
	3427003758
	3427003759
	3427003760
	3427003761
	3427003762
	3427003763
	3427003764
	3427003765
	3427003766
	3427003767
	3427003768
	3427003769
	3427003770
	3427003771
	3427003772
	3427003773
	3427003774
	3427003775
	3427003776
	3427003777
	3427003778
	3427003779
	3427003780
	3427003781
	3427003782
	3427003783
	3427003784
	3427003785
	3427003786
	3427003787
	3427003788
	3427003789
	3427003790
	3427003791
	3427003792
	3427003793
	3427003794
	3427003795
	3427003796
	3427003797
	3427003798
	3427003799
	3427003800
	3427003801
	3427003802
	3427003803
	3427003804
	3427003805
	3427003806
	3427003807
	3427003808
	3427003809
	3427003810
	3427003811
	3427003812
	3427003813
	3427003814
	3427003815
	3427003816
	3427003817
	3427003818
	3427003819
	3427003820
	3427003821
	3427003822
	3427003823
	3427003824
	3427003825
	3427003826
	3427003827
	3427003828
	3427003829
	3427003830
	3427003831
	3427003832
	3427003833
	3427003834
	3427003835
	3427003836
	3427003837
	3427003838
	3427003839
	3427003840
	3427003841
	3427003842
	3427003843
	3427003844
	3427003845
	3427003846
	3427003847
	3427003848
	3427003849
	3427003850
	3427003851
	3427003852
	3427003853
	3427003854
	3427003855
	3427003856
	3427003857
	3427003858
	3427003859
	3427003860
	3427003861
	3427003862
	3427003863
	3427003864
	3427003865
	3427003866
	3427003867
	3427003868
	3427003869
	3427003870
	3427003871
	3427003872
	3427003873
	3427003874
	3427003875
	3427003876
	3427003877
	3427003878
	3427003879
	3427003880
	3427003881
	3427003882
	3427003883
	3427003884
	3427003885
	3427003886
	3427003887
	3427003888
	3427003889
	3427003890
	3427003891
	3427003892
	3427003893
	3427003894
	3427003895
	3427003896
	3427003897
	3427003898
	3427003899
	3427003900
	3427003901
	3427003902
	3427003903
	3427003904
	3427003905
	3427003906
	3427003907
	3427003908
	3427003909
	3427003910
	3427003911
	3427003912
	3427003913
	3427003914
	3427003915
	3427003916
	3427003917
	3427003918
	3427003919
	3427003920
	3427003921
	3427003922
	3427003923
	3427003924
	3427003925
	3427003926
	3427003927
	3427003928
	3427003929
	3427003930
	3427003931
	3427003932
	3427003933
	3427003934
	3427003935
	3427003936
	3427003937
	3427003938
	3427003939
	3427003940
	3427003941
	3427003942
	3427003943
	3427003944
	3427003945
	3427003946
	3427003947
	3427003948
	3427003949
	3427003950
	3427003951
	3427003952
	3427003953
	3427003954
	3427003955
	3427003956
	3427003957
	3427003958
	3427003959
	3427003960
	3427003961
	3427003962
	3427003963
	3427003964
	3427003965
	3427003966
	3427003967
	3427003968
	3427003969
	3427003970
	3427003971
	3427003972
	3427003973
	3427003974
	3427003975
	3427003976
	3427003977
	3427003978
	3427003979
	3427003980
	3427003981
	3427003982
	3427003983
	3427003984
	3427003985
	3427003986
	3427003987
	3427003988
	3427003989
	3427003990
	3427003991
	3427003992
	3427003993
	3427003994
	3427003995
	3427003996
	3427003997
	3427003998
	3427003999
	3427004000
	3427004001
	3427004002
	3427004003
	3427004004
	3427004005
	3427004006
	3427004007
	3427004008
	3427004009
	3427004010
	3427004011
	3427004012
	3427004013
	3427004014
	3427004015
	3427004016
	3427004017
	3427004018
	3427004019
	3427004020
	3427004021
	3427004022
	3427004023
	3427004024
	3427004025
	3427004026
	3427004027
	3427004028
	3427004029
	3427004030
	3427004031
	3427004032
	3427004033
	3427004034
	3427004035
	3427004036
	3427004037
	3427004038
	3427004039
	3427004040
	3427004041
	3427004042
	3427004043
	3427004044
	3427004045
	3427004046
	3427004047
	3427004048
	3427004049
	3427004050
	3427004051
	3427004052
	3427004053
	3427004054
	3427004055
	3427004056
	3427004057
	3427004058
	3427004059
	3427004060
	3427004061
	3427004062
	3427004063
	3427004064
	3427004065
	3427004066
	3427004067
	3427004068
	3427004069
	3427004070
	3427004071
	3427004072
	3427004073
	3427004074
	3427004075
	3427004076
	3427004077
	3427004078
	3427004079
	3427004080
	3427004081
	3427004082
	3427004083
	3427004084
	3427004085
	3427004086
	3427004087
	3427004088
	3427004089
	3427004090
	3427004091
	3427004092
	3427004093
	3427004094
	3427004095
	3427004096
	3427004097
	3427004098
	3427004099
	3427004100
	3427004101
	3427004102
	3427004103
	3427004104
	3427004105
	3427004106
	3427004107
	3427004108
	3427004109
	3427004110
	3427004111
	3427004112
	3427004113
	3427004114
	3427004115
	3427004116
	3427004117
	3427004118
	3427004119
	3427004120
	3427004121
	3427004122
	3427004123
	3427004124
	3427004125
	3427004126
	3427004127
	3427004128
	3427004129
	3427004130
	3427004131
	3427004132
	3427004133
	3427004134
	3427004135
	3427004136
	3427004137
	3427004138
	3427004139
	3427004140
	3427004141
	3427004142
	3427004143
	3427004144
	3427004145
	3427004146
	3427004147
	3427004148
	3427004149
	3427004150
	3427004151
	3427004152
	3427004153
	3427004154
	3427004155
	3427004156
	3427004157
	3427004158
	3427004159
	3427004160
	3427004161
	3427004162
	3427004163
	3427004164
	3427004165
	3427004166
	3427004167
	3427004168
	3427004169
	3427004170
	3427004171
	3427004172
	3427004173
	3427004174
	3427004175
	3427004176
	3427004177
	3427004178
	3427004179
	3427004180
	3427004181
	3427004182
	3427004183
	3427004184
	3427004185
	3427004186
	3427004187
	3427004188
	3427004189
	3427004190
	3427004191
	3427004192
	3427004193
	3427004194
	3427004195
	3427004196
	3427004197
	3427004198
	3427004199
	3427004200
	3427004201
	3427004202
	3427004203
	3427004204
	3427004205
	3427004206
	3427004207
	3427004208
	3427004209
	3427004210
	3427004211
	3427004212
	3427004213
	3427004214
	3427004215
	3427004216
	3427004217
	3427004218
	3427004219
	3427004220
	3427004221
	3427004222
	3427004223
	3427004224
	3427004225
	3427004226
	3427004227
	3427004228
	3427004229
	3427004230
	3427004231
	3427004232
	3427004233
	3427004234
	3427004235
	3427004236
	3427004237
	3427004238
	3427004239
	3427004240
	3427004241
	3427004242
	3427004243
	3427004244
	3427004245
	3427004246
	3427004247
	3427004248
	3427004249
	3427004250
	3427004251
	3427004252
	3427004253
	3427004254
	3427004255
	3427004256
	3427004257
	3427004258
	3427004259
	3427004260
	3427004261
	3427004262
	3427004263
	3427004264
	3427004265
	3427004266
	3427004267
	3427004268
	3427004269
	3427004270
	3427004271
	3427004272
	3427004273
	3427004274
	3427004275
	3427004276
	3427004277
	3427004278
	3427004279
	3427004280
	3427004281
	3427004282
	3427004283
	3427004284
	3427004285
	3427004286
	3427004287
	3427004288
	3427004289
	3427004290
	3427004291
	3427004292
	3427004293
	3427004294
	3427004295
	3427004296
	3427004297
	3427004298
	3427004299
	3427004300
	3427004301
	3427004302
	3427004303
	3427004304
	3427004305
	3427004306
	3427004307
	3427004308
	3427004309
	3427004310
	3427004311
	3427004312
	3427004313
	3427004314
	3427004315
	3427004316
	3427004317
	3427004318
	3427004319
	3427004320
	3427004321
	3427004322
	3427004323
	3427004324
	3427004325
	3427004326
	3427004327
	3427004328
	3427004329
	3427004330
	3427004331
	3427004332
	3427004333
	3427004334
	3427004335
	3427004336
	3427004337
	3427004338
	3427004339
	3427004340
	3427004341
	3427004342
	3427004343
	3427004344
	3427004345
	3427004346
	3427004347
	3427004348
	3427004349
	3427004350
	3427004351
	3427004352
	3427004353
	3427004354
	3427004355
	3427004356
	3427004357
	3427004358
	3427004359
	3427004360
	3427004361
	3427004362
	3427004363
	3427004364
	3427004365
	3427004366
	3427004367
	3427004368
	3427004369
	3427004370
	3427004371
	3427004372
	3427004373
	3427004374
	3427004375
	3427004376
	3427004377
	3427004378
	3427004379
	3427004380
	3427004381
	3427004382
	3427004383
	3427004384
	3427004385
	3427004386
	3427004387
	3427004388
	3427004389
	3427004390
	3427004391
	3427004392
	3427004393
	3427004394
	3427004395
	3427004396
	3427004397
	3427004398
	3427004399
	3427004400
	3427004401
	3427004402
	3427004403
	3427004404
	3427004405
	3427004406
	3427004407
	3427004408
	3427004409
	3427004410
	3427004411
	3427004412
	3427004413
	3427004414
	3427004415
	3427004416
	3427004417
	3427004418
	3427004419
	3427004420
	3427004421
	3427004422
	3427004423
	3427004424
	3427004425
	3427004426
	3427004427
	3427004428
	3427004429
	3427004430
	3427004431
	3427004432
	3427004433
	3427004434
	3427004435
	3427004436
	3427004437
	3427004438
	3427004439
	3427004440
	3427004441
	3427004442
	3427004443
	3427004444
	3427004445
	3427004446
	3427004447
	3427004448
	3427004449
	3427004450
	3427004451
	3427004452
	3427004453
	3427004454
	3427004455
	3427004456
	3427004457
	3427004458
	3427004459
	3427004460
	3427004461
	3427004462
	3427004463
	3427004464
	3427004465
	3427004466
	3427004467
	3427004468
	3427004469
	3427004470
	3427004471
	3427004472
	3427004473
	3427004474
	3427004475
	3427004476
	3427004477
	3427004478
	3427004479
	3427004480
	3427004481
	3427004482
	3427004483
	3427004484
	3427004485
	3427004486
	3427004487
	3427004488
	3427004489
	3427004490
	3427004491
	3427004492
	3427004493
	3427004494
	3427004495
	3427004496
	3427004497
	3427004498
	3427004499
	3427004500
	3427004501
	3427004502
	3427004503
	3427004504
	3427004505
	3427004506
	3427004507
	3427004508
	3427004509
	3427004510
	3427004511
	3427004512
	3427004513
	3427004514
	3427004515
	3427004516
	3427004517
	3427004518
	3427004519
	3427004520
	3427004521
	3427004522
	3427004523
	3427004524
	3427004525
	3427004526
	3427004527
	3427004528
	3427004529
	3427004530
	3427004531
	3427004532
	3427004533
	3427004534
	3427004535
	3427004536
	3427004537
	3427004538
	3427004539
	3427004540
	3427004541
	3427004542
	3427004543
	3427004544
	3427004545
	3427004546
	3427004547
	3427004548
