	3426710379
	3426710380
	3426710381
	3426710382
	3426710383
	3426710384
	3426710385
	3426710386
	3426710387
	3426710388
	3426710389
	3426710390
	3426710391
	3426710392
	3426710393
	3426710394
	3426710395
	3426710396
	3426710397
	3426710398
	3426710399
	3426710400
	3426710401
	3426710402
	3426710403
	3426710404
	3426710405
	3426710406
	3426710407
	3426710408
	3426710409
	3426710410
	3426710411
	3426710412
	3426710413
	3426710414
	3426710415
	3426710416
	3426710417
	3426710418
	3426710419
	3426710420
	3426710421
	3426710422
	3426710423
	3426710424
	3426710425
	3426710426
	3426710427
	3426710428
	3426710429
	3426710430
	3426710431
	3426710432
	3426710433
	3426710434
	3426710435
	3426710436
	3426710437
	3426710438
	3426710439
	3426710440
	3426710441
	3426710442
	3426710443
	3426710444
	3426710445
	3426710446
	3426710447
	3426710448
	3426710449
	3426710450
	3426710451
	3426710452
	3426710453
	3426710454
	3426710455
	3426710456
	3426710457
	3426710458
	3426710459
	3426710460
	3426710461
	3426710462
	3426710463
	3426710464
	3426710465
	3426710466
	3426710467
	3426710468
	3426710469
	3426710470
	3426710471
	3426710472
	3426710473
	3426710474
	3426710475
	3426710476
	3426710477
	3426710478
	3426710479
	3426710480
	3426710481
	3426710482
	3426710483
	3426710484
	3426710485
	3426710486
	3426710487
	3426710488
	3426710489
	3426710490
	3426710491
	3426710492
	3426710493
	3426710494
	3426710495
	3426710496
	3426710497
	3426710498
	3426710499
	3426710500
	3426710501
	3426710502
	3426710503
	3426710504
	3426710505
	3426710506
	3426710507
	3426710508
	3426710509
	3426710510
	3426710511
	3426710512
	3426710513
	3426710514
	3426710515
	3426710516
	3426710517
	3426710518
	3426710519
	3426710520
	3426710521
	3426710522
	3426710523
	3426710524
	3426710525
	3426710526
	3426710527
	3426710528
	3426710529
	3426710530
	3426710531
	3426710532
	3426710533
	3426710534
	3426710535
	3426710536
	3426710537
	3426710538
	3426710539
	3426710540
	3426710541
	3426710542
	3426710543
	3426710544
	3426710545
	3426710546
	3426710547
	3426710548
	3426710549
	3426710550
	3426710551
	3426710552
	3426710553
	3426710554
	3426710555
	3426710556
	3426710557
	3426710558
	3426710559
	3426710560
	3426710561
	3426710562
	3426710563
	3426710564
	3426710565
	3426710566
	3426710567
	3426710568
	3426710569
	3426710570
	3426710571
	3426710572
	3426710573
	3426710574
	3426710575
	3426710576
	3426710577
	3426710578
	3426710579
	3426710580
	3426710581
	3426710582
	3426710583
	3426710584
	3426710585
	3426710586
	3426710587
	3426710588
	3426710589
	3426710590
	3426710591
	3426710592
	3426710593
	3426710594
	3426710595
	3426710596
	3426710597
	3426710598
	3426710599
	3426710600
	3426710601
	3426710602
	3426710603
	3426710604
	3426710605
	3426710606
	3426710607
	3426710608
	3426710609
	3426710610
	3426710611
	3426710612
	3426710613
	3426710614
	3426710615
	3426710616
	3426710617
	3426710618
	3426710619
	3426710620
	3426710621
	3426710622
	3426710623
	3426710624
	3426710625
	3426710626
	3426710627
	3426710628
	3426710629
	3426710630
	3426710631
	3426710632
	3426710633
	3426710634
	3426710635
	3426710636
	3426710637
	3426710638
	3426710639
	3426710640
	3426710641
	3426710642
	3426710643
	3426710644
	3426710645
	3426710646
	3426710647
	3426710648
	3426710649
	3426710650
	3426710651
	3426710652
	3426710653
	3426710654
	3426710655
	3426710656
	3426710657
	3426710658
	3426710659
	3426710660
	3426710661
	3426710662
	3426710663
	3426710664
	3426710665
	3426710666
	3426710667
	3426710668
	3426710669
	3426710670
	3426710671
	3426710672
	3426710673
	3426710674
	3426710675
	3426710676
	3426710677
	3426710678
	3426710679
	3426710680
	3426710681
	3426710682
	3426710683
	3426710684
	3426710685
	3426710686
	3426710687
	3426710688
	3426710689
	3426710690
	3426710691
	3426710692
	3426710693
	3426710694
	3426710695
	3426710696
	3426710697
	3426710698
	3426710699
	3426710700
	3426710701
	3426710702
	3426710703
	3426710704
	3426710705
	3426710706
	3426710707
	3426710708
	3426710709
	3426710710
	3426710711
	3426710712
	3426710713
	3426710714
	3426710715
	3426710716
	3426710717
	3426710718
	3426710719
	3426710720
	3426710721
	3426710722
	3426710723
	3426710724
	3426710725
	3426710726
	3426710727
	3426710728
	3426710729
	3426710730
	3426710731
	3426710732
	3426710733
	3426710734
	3426710735
	3426710736
	3426710737
	3426710738
	3426710739
	3426710740
	3426710741
	3426710742
	3426710743
	3426710744
	3426710745
	3426710746
	3426710747
	3426710748
	3426710749
	3426710750
	3426710751
	3426710752
	3426710753
	3426710754
	3426710755
	3426710756
	3426710757
	3426710758
	3426710759
	3426710760
	3426710761
	3426710762
	3426710763
	3426710764
	3426710765
	3426710766
	3426710767
	3426710768
	3426710769
	3426710770
	3426710771
	3426710772
	3426710773
	3426710774
	3426710775
	3426710776
	3426710777
	3426710778
	3426710779
	3426710780
	3426710781
	3426710782
	3426710783
	3426710784
	3426710785
	3426710786
	3426710787
	3426710788
	3426710789
	3426710790
	3426710791
	3426710792
	3426710793
	3426710794
	3426710795
	3426710796
	3426710797
	3426710798
	3426710799
	3426710800
	3426710801
	3426710802
	3426710803
	3426710804
	3426710805
	3426710806
	3426710807
	3426710808
	3426710809
	3426710810
	3426710811
	3426710812
	3426710813
	3426710814
	3426710815
	3426710816
	3426710817
	3426710818
	3426710819
	3426710820
	3426710821
	3426710822
	3426710823
	3426710824
	3426710825
	3426710826
	3426710827
	3426710828
	3426710829
	3426710830
	3426710831
	3426710832
	3426710833
	3426710834
	3426710835
	3426710836
	3426710837
	3426710838
	3426710839
	3426710840
	3426710841
	3426710842
	3426710843
	3426710844
	3426710845
	3426710846
	3426710847
	3426710848
	3426710849
	3426710850
	3426710851
	3426710852
	3426710853
	3426710854
	3426710855
	3426710856
	3426710857
	3426710858
	3426710859
	3426710860
	3426710861
	3426710862
	3426710863
	3426710864
	3426710865
	3426710866
	3426710867
	3426710868
	3426710869
	3426710870
	3426710871
	3426710872
	3426710873
	3426710874
	3426710875
	3426710876
	3426710877
	3426710878
	3426710879
	3426710880
	3426710881
	3426710882
	3426710883
	3426710884
	3426710885
	3426710886
	3426710887
	3426710888
	3426710889
	3426710890
	3426710891
	3426710892
	3426710893
	3426710894
	3426710895
	3426710896
	3426710897
	3426710898
	3426710899
	3426710900
	3426710901
	3426710902
	3426710903
	3426710904
	3426710905
	3426710906
	3426710907
	3426710908
	3426710909
	3426710910
	3426710911
	3426710912
	3426710913
	3426710914
	3426710915
	3426710916
	3426710917
	3426710918
	3426710919
	3426710920
	3426710921
	3426710922
	3426710923
	3426710924
	3426710925
	3426710926
	3426710927
	3426710928
	3426710929
	3426710930
	3426710931
	3426710932
	3426710933
	3426710934
	3426710935
	3426710936
	3426710937
	3426710938
	3426710939
	3426710940
	3426710941
	3426710942
	3426710943
	3426710944
	3426710945
	3426710946
	3426710947
	3426710948
	3426710949
	3426710950
	3426710951
	3426710952
	3426710953
	3426710954
	3426710955
	3426710956
	3426710957
	3426710958
	3426710959
	3426710960
	3426710961
	3426710962
	3426710963
	3426710964
	3426710965
	3426710966
	3426710967
	3426710968
	3426710969
	3426710970
	3426710971
	3426710972
	3426710973
	3426710974
	3426710975
	3426710976
	3426710977
	3426710978
	3426710979
	3426710980
	3426710981
	3426710982
	3426710983
	3426710984
	3426710985
	3426710986
	3426710987
	3426710988
	3426710989
	3426710990
	3426710991
	3426710992
	3426710993
	3426710994
	3426710995
	3426710996
	3426710997
	3426710998
	3426710999
	3426711000
	3426711001
	3426711002
	3426711003
	3426711004
	3426711005
	3426711006
	3426711007
	3426711008
	3426711009
	3426711010
	3426711011
	3426711012
	3426711013
	3426711014
	3426711015
	3426711016
	3426711017
	3426711018
	3426711019
	3426711020
	3426711021
	3426711022
	3426711023
	3426711024
	3426711025
	3426711026
	3426711027
	3426711028
	3426711029
	3426711030
	3426711031
	3426711032
	3426711033
	3426711034
	3426711035
	3426711036
	3426711037
	3426711038
	3426711039
	3426711040
	3426711041
	3426711042
	3426711043
	3426711044
	3426711045
	3426711046
	3426711047
	3426711048
	3426711049
	3426711050
	3426711051
	3426711052
	3426711053
	3426711054
	3426711055
	3426711056
	3426711057
	3426711058
	3426711059
	3426711060
	3426711061
	3426711062
	3426711063
	3426711064
	3426711065
	3426711066
	3426711067
	3426711068
	3426711069
	3426711070
	3426711071
	3426711072
	3426711073
	3426711074
	3426711075
	3426711076
	3426711077
	3426711078
	3426711079
	3426711080
	3426711081
	3426711082
	3426711083
	3426711084
	3426711085
	3426711086
	3426711087
	3426711088
	3426711089
	3426711090
	3426711091
	3426711092
	3426711093
	3426711094
	3426711095
	3426711096
	3426711097
	3426711098
	3426711099
	3426711100
	3426711101
	3426711102
	3426711103
	3426711104
	3426711105
	3426711106
	3426711107
	3426711108
	3426711109
	3426711110
	3426711111
	3426711112
	3426711113
	3426711114
	3426711115
	3426711116
	3426711117
	3426711118
	3426711119
	3426711120
	3426711121
	3426711122
	3426711123
	3426711124
	3426711125
	3426711126
	3426711127
	3426711128
	3426711129
	3426711130
	3426711131
	3426711132
	3426711133
	3426711134
	3426711135
	3426711136
	3426711137
	3426711138
	3426711139
	3426711140
	3426711141
	3426711142
	3426711143
	3426711144
	3426711145
	3426711146
	3426711147
	3426711148
	3426711149
	3426711150
	3426711151
	3426711152
	3426711153
	3426711154
	3426711155
	3426711156
	3426711157
	3426711158
	3426711159
	3426711160
	3426711161
	3426711162
	3426711163
	3426711164
	3426711165
	3426711166
	3426711167
	3426711168
	3426711169
	3426711170
	3426711171
	3426711172
	3426711173
	3426711174
	3426711175
	3426711176
	3426711177
	3426711178
	3426711179
	3426711180
	3426711181
	3426711182
	3426711183
	3426711184
	3426711185
	3426711186
	3426711187
	3426711188
	3426711189
	3426711190
	3426711191
	3426711192
	3426711193
	3426711194
	3426711195
	3426711196
	3426711197
	3426711198
	3426711199
	3426711200
	3426711201
	3426711202
	3426711203
	3426711204
	3426711205
	3426711206
	3426711207
	3426711208
	3426711209
	3426711210
	3426711211
	3426711212
	3426711213
	3426711214
	3426711215
	3426711216
	3426711217
	3426711218
	3426711219
	3426711220
	3426711221
	3426711222
	3426711223
	3426711224
	3426711225
	3426711226
	3426711227
	3426711228
	3426711229
	3426711230
	3426711231
	3426711232
	3426711233
	3426711234
	3426711235
	3426711236
	3426711237
	3426711238
	3426711239
	3426711240
	3426711241
	3426711242
	3426711243
	3426711244
	3426711245
	3426711246
	3426711247
	3426711248
	3426711249
	3426711250
	3426711251
	3426711252
	3426711253
	3426711254
	3426711255
	3426711256
	3426711257
	3426711258
	3426711259
	3426711260
	3426711261
	3426711262
	3426711263
	3426711264
	3426711265
	3426711266
	3426711267
	3426711268
	3426711269
	3426711270
	3426711271
	3426711272
	3426711273
	3426711274
	3426711275
	3426711276
	3426711277
	3426711278
	3426711279
	3426711280
	3426711281
	3426711282
	3426711283
	3426711284
	3426711285
	3426711286
	3426711287
	3426711288
	3426711289
	3426711290
	3426711291
	3426711292
	3426711293
	3426711294
	3426711295
	3426711296
	3426711297
	3426711298
	3426711299
	3426711300
	3426711301
	3426711302
	3426711303
	3426711304
	3426711305
	3426711306
	3426711307
	3426711308
	3426711309
	3426711310
	3426711311
	3426711312
	3426711313
	3426711314
	3426711315
	3426711316
	3426711317
	3426711318
	3426711319
	3426711320
	3426711321
	3426711322
	3426711323
	3426711324
	3426711325
	3426711326
	3426711327
	3426711328
	3426711329
	3426711330
	3426711331
	3426711332
	3426711333
	3426711334
	3426711335
	3426711336
	3426711337
	3426711338
	3426711339
	3426711340
	3426711341
	3426711342
	3426711343
	3426711344
	3426711345
	3426711346
	3426711347
	3426711348
	3426711349
	3426711350
	3426711351
	3426711352
	3426711353
	3426711354
	3426711355
	3426711356
	3426711357
	3426711358
	3426711359
	3426711360
	3426711361
	3426711362
	3426711363
	3426711364
	3426711365
	3426711366
	3426711367
	3426711368
	3426711369
	3426711370
	3426711371
	3426711372
	3426711373
	3426711374
	3426711375
	3426711376
	3426711377
	3426711378
	3426711379
	3426711380
	3426711381
	3426711382
	3426711383
	3426711384
	3426711385
	3426711386
	3426711387
	3426711388
	3426711389
	3426711390
	3426711391
	3426711392
	3426711393
	3426711394
	3426711395
	3426711396
	3426711397
	3426711398
	3426711399
	3426711400
	3426711401
	3426711402
	3426711403
	3426711404
	3426711405
	3426711406
	3426711407
	3426711408
	3426711409
	3426711410
	3426711411
	3426711412
	3426711413
	3426711414
	3426711415
	3426711416
	3426711417
	3426711418
	3426711419
	3426711420
	3426711421
	3426711422
	3426711423
	3426711424
	3426711425
	3426711426
	3426711427
	3426711428
	3426711429
	3426711430
	3426711431
	3426711432
	3426711433
	3426711434
	3426711435
	3426711436
	3426711437
	3426711438
	3426711439
	3426711440
	3426711441
	3426711442
	3426711443
	3426711444
	3426711445
	3426711446
	3426711447
	3426711448
	3426711449
	3426711450
	3426711451
	3426711452
	3426711453
	3426711454
	3426711455
	3426711456
	3426711457
	3426711458
	3426711459
	3426711460
	3426711461
	3426711462
	3426711463
	3426711464
	3426711465
	3426711466
	3426711467
	3426711468
	3426711469
	3426711470
	3426711471
	3426711472
	3426711473
	3426711474
	3426711475
	3426711476
	3426711477
	3426711478
	3426711479
	3426711480
	3426711481
	3426711482
	3426711483
	3426711484
	3426711485
	3426711486
	3426711487
	3426711488
	3426711489
	3426711490
	3426711491
	3426711492
	3426711493
	3426711494
	3426711495
	3426711496
	3426711497
	3426711498
	3426711499
	3426711500
	3426711501
	3426711502
	3426711503
	3426711504
	3426711505
	3426711506
	3426711507
	3426711508
	3426711509
	3426711510
	3426711511
	3426711512
	3426711513
	3426711514
	3426711515
	3426711516
	3426711517
	3426711518
	3426711519
	3426711520
	3426711521
	3426711522
	3426711523
	3426711524
	3426711525
	3426711526
	3426711527
	3426711528
	3426711529
	3426711530
	3426711531
	3426711532
	3426711533
	3426711534
	3426711535
	3426711536
	3426711537
	3426711538
	3426711539
	3426711540
	3426711541
	3426711542
	3426711543
	3426711544
	3426711545
	3426711546
	3426711547
	3426711548
	3426711549
	3426711550
	3426711551
	3426711552
	3426711553
	3426711554
	3426711555
	3426711556
	3426711557
	3426711558
	3426711559
	3426711560
	3426711561
	3426711562
	3426711563
	3426711564
	3426711565
	3426711566
	3426711567
	3426711568
	3426711569
	3426711570
	3426711571
	3426711572
	3426711573
	3426711574
	3426711575
	3426711576
	3426711577
	3426711578
	3426711579
	3426711580
	3426711581
	3426711582
	3426711583
	3426711584
	3426711585
	3426711586
	3426711587
	3426711588
	3426711589
	3426711590
	3426711591
	3426711592
	3426711593
	3426711594
	3426711595
	3426711596
	3426711597
	3426711598
	3426711599
	3426711600
	3426711601
	3426711602
	3426711603
	3426711604
	3426711605
	3426711606
	3426711607
	3426711608
	3426711609
	3426711610
	3426711611
	3426711612
	3426711613
	3426711614
	3426711615
	3426711616
	3426711617
	3426711618
	3426711619
	3426711620
	3426711621
	3426711622
	3426711623
	3426711624
	3426711625
	3426711626
	3426711627
	3426711628
	3426711629
	3426711630
	3426711631
	3426711632
	3426711633
	3426711634
	3426711635
	3426711636
	3426711637
	3426711638
	3426711639
	3426711640
	3426711641
	3426711642
	3426711643
	3426711644
	3426711645
	3426711646
	3426711647
	3426711648
	3426711649
	3426711650
	3426711651
	3426711652
	3426711653
	3426711654
	3426711655
	3426711656
	3426711657
	3426711658
	3426711659
	3426711660
	3426711661
	3426711662
	3426711663
	3426711664
	3426711665
	3426711666
	3426711667
	3426711668
	3426711669
	3426711670
	3426711671
	3426711672
	3426711673
	3426711674
	3426711675
	3426711676
	3426711677
	3426711678
	3426711679
	3426711680
	3426711681
	3426711682
	3426711683
	3426711684
	3426711685
	3426711686
	3426711687
	3426711688
	3426711689
	3426711690
	3426711691
	3426711692
	3426711693
	3426711694
	3426711695
	3426711696
	3426711697
	3426711698
	3426711699
	3426711700
	3426711701
	3426711702
	3426711703
	3426711704
	3426711705
	3426711706
	3426711707
	3426711708
	3426711709
	3426711710
	3426711711
	3426711712
	3426711713
	3426711714
	3426711715
	3426711716
	3426711717
	3426711718
	3426711719
	3426711720
	3426711721
	3426711722
	3426711723
	3426711724
	3426711725
	3426711726
	3426711727
	3426711728
	3426711729
	3426711730
	3426711731
	3426711732
	3426711733
	3426711734
	3426711735
	3426711736
	3426711737
	3426711738
	3426711739
	3426711740
	3426711741
	3426711742
	3426711743
	3426711744
	3426711745
	3426711746
	3426711747
	3426711748
	3426711749
	3426711750
	3426711751
	3426711752
	3426711753
	3426711754
	3426711755
	3426711756
	3426711757
	3426711758
	3426711759
	3426711760
	3426711761
	3426711762
	3426711763
	3426711764
	3426711765
	3426711766
	3426711767
	3426711768
	3426711769
	3426711770
	3426711771
	3426711772
	3426711773
	3426711774
	3426711775
	3426711776
	3426711777
	3426711778
	3426711779
	3426711780
	3426711781
	3426711782
	3426711783
	3426711784
	3426711785
	3426711786
	3426711787
	3426711788
	3426711789
	3426711790
	3426711791
	3426711792
	3426711793
	3426711794
	3426711795
	3426711796
	3426711797
	3426711798
	3426711799
	3426711800
	3426711801
	3426711802
	3426711803
	3426711804
	3426711805
	3426711806
	3426711807
	3426711808
	3426711809
	3426711810
	3426711811
	3426711812
	3426711813
	3426711814
	3426711815
	3426711816
	3426711817
	3426711818
	3426711819
	3426711820
	3426711821
	3426711822
	3426711823
	3426711824
	3426711825
	3426711826
	3426711827
	3426711828
	3426711829
	3426711830
	3426711831
	3426711832
	3426711833
	3426711834
	3426711835
	3426711836
	3426711837
	3426711838
	3426711839
	3426711840
	3426711841
	3426711842
	3426711843
	3426711844
	3426711845
	3426711846
	3426711847
	3426711848
	3426711849
	3426711850
	3426711851
	3426711852
	3426711853
	3426711854
	3426711855
	3426711856
	3426711857
	3426711858
	3426711859
	3426711860
	3426711861
	3426711862
	3426711863
	3426711864
	3426711865
	3426711866
	3426711867
	3426711868
	3426711869
	3426711870
	3426711871
	3426711872
	3426711873
	3426711874
	3426711875
	3426711876
	3426711877
	3426711878
	3426711879
	3426711880
	3426711881
	3426711882
	3426711883
	3426711884
	3426711885
	3426711886
	3426711887
	3426711888
	3426711889
	3426711890
	3426711891
	3426711892
	3426711893
	3426711894
	3426711895
	3426711896
	3426711897
	3426711898
	3426711899
	3426711900
	3426711901
	3426711902
	3426711903
	3426711904
	3426711905
	3426711906
	3426711907
	3426711908
	3426711909
	3426711910
	3426711911
	3426711912
	3426711913
	3426711914
	3426711915
	3426711916
	3426711917
	3426711918
	3426711919
	3426711920
	3426711921
	3426711922
	3426711923
	3426711924
	3426711925
	3426711926
	3426711927
	3426711928
	3426711929
	3426711930
	3426711931
	3426711932
	3426711933
	3426711934
	3426711935
	3426711936
	3426711937
	3426711938
	3426711939
	3426711940
	3426711941
	3426711942
	3426711943
	3426711944
	3426711945
	3426711946
	3426711947
	3426711948
	3426711949
	3426711950
	3426711951
	3426711952
	3426711953
	3426711954
	3426711955
	3426711956
	3426711957
	3426711958
	3426711959
	3426711960
	3426711961
	3426711962
	3426711963
	3426711964
	3426711965
	3426711966
	3426711967
	3426711968
	3426711969
	3426711970
	3426711971
	3426711972
	3426711973
	3426711974
	3426711975
	3426711976
	3426711977
	3426711978
	3426711979
	3426711980
	3426711981
	3426711982
	3426711983
	3426711984
	3426711985
	3426711986
	3426711987
	3426711988
	3426711989
	3426711990
	3426711991
	3426711992
	3426711993
	3426711994
	3426711995
	3426711996
	3426711997
	3426711998
	3426711999
	3426712000
	3426712001
	3426712002
	3426712003
	3426712004
	3426712005
	3426712006
	3426712007
	3426712008
	3426712009
	3426712010
	3426712011
	3426712012
	3426712013
	3426712014
	3426712015
	3426712016
	3426712017
	3426712018
	3426712019
	3426712020
	3426712021
	3426712022
	3426712023
	3426712024
	3426712025
	3426712026
	3426712027
	3426712028
	3426712029
	3426712030
	3426712031
	3426712032
	3426712033
	3426712034
	3426712035
	3426712036
	3426712037
	3426712038
	3426712039
	3426712040
	3426712041
	3426712042
	3426712043
	3426712044
	3426712045
	3426712046
	3426712047
	3426712048
	3426712049
	3426712050
	3426712051
	3426712052
	3426712053
	3426712054
	3426712055
	3426712056
	3426712057
	3426712058
	3426712059
	3426712060
	3426712061
	3426712062
	3426712063
	3426712064
	3426712065
	3426712066
	3426712067
	3426712068
	3426712069
	3426712070
	3426712071
	3426712072
	3426712073
	3426712074
	3426712075
	3426712076
	3426712077
	3426712078
	3426712079
	3426712080
	3426712081
	3426712082
	3426712083
	3426712084
	3426712085
	3426712086
	3426712087
	3426712088
	3426712089
	3426712090
	3426712091
	3426712092
	3426712093
	3426712094
	3426712095
	3426712096
	3426712097
	3426712098
	3426712099
	3426712100
	3426712101
	3426712102
	3426712103
	3426712104
	3426712105
	3426712106
	3426712107
	3426712108
	3426712109
	3426712110
	3426712111
	3426712112
	3426712113
	3426712114
	3426712115
	3426712116
	3426712117
	3426712118
	3426712119
	3426712120
	3426712121
	3426712122
	3426712123
	3426712124
	3426712125
	3426712126
	3426712127
	3426712128
	3426712129
	3426712130
	3426712131
	3426712132
	3426712133
	3426712134
	3426712135
	3426712136
	3426712137
	3426712138
	3426712139
	3426712140
	3426712141
	3426712142
	3426712143
	3426712144
	3426712145
	3426712146
	3426712147
	3426712148
	3426712149
	3426712150
	3426712151
	3426712152
	3426712153
	3426712154
	3426712155
	3426712156
	3426712157
	3426712158
	3426712159
	3426712160
	3426712161
	3426712162
	3426712163
	3426712164
	3426712165
	3426712166
	3426712167
	3426712168
	3426712169
	3426712170
	3426712171
	3426712172
	3426712173
	3426712174
	3426712175
	3426712176
	3426712177
	3426712178
	3426712179
	3426712180
	3426712181
	3426712182
	3426712183
	3426712184
	3426712185
	3426712186
	3426712187
	3426712188
	3426712189
	3426712190
	3426712191
	3426712192
	3426712193
	3426712194
	3426712195
	3426712196
	3426712197
	3426712198
	3426712199
	3426712200
	3426712201
	3426712202
	3426712203
	3426712204
	3426712205
	3426712206
	3426712207
	3426712208
	3426712209
	3426712210
	3426712211
	3426712212
	3426712213
	3426712214
	3426712215
	3426712216
	3426712217
	3426712218
	3426712219
	3426712220
	3426712221
	3426712222
	3426712223
	3426712224
	3426712225
	3426712226
	3426712227
	3426712228
	3426712229
	3426712230
	3426712231
	3426712232
	3426712233
	3426712234
	3426712235
	3426712236
	3426712237
	3426712238
	3426712239
	3426712240
	3426712241
	3426712242
	3426712243
	3426712244
	3426712245
	3426712246
	3426712247
	3426712248
	3426712249
	3426712250
	3426712251
	3426712252
	3426712253
	3426712254
	3426712255
	3426712256
	3426712257
	3426712258
	3426712259
	3426712260
	3426712261
	3426712262
	3426712263
	3426712264
	3426712265
	3426712266
	3426712267
	3426712268
	3426712269
	3426712270
	3426712271
	3426712272
	3426712273
	3426712274
	3426712275
	3426712276
	3426712277
	3426712278
	3426712279
	3426712280
	3426712281
	3426712282
	3426712283
	3426712284
	3426712285
	3426712286
	3426712287
	3426712288
	3426712289
	3426712290
	3426712291
	3426712292
	3426712293
	3426712294
	3426712295
	3426712296
	3426712297
	3426712298
	3426712299
	3426712300
	3426712301
	3426712302
	3426712303
	3426712304
	3426712305
	3426712306
	3426712307
	3426712308
	3426712309
	3426712310
	3426712311
	3426712312
	3426712313
	3426712314
	3426712315
	3426712316
	3426712317
	3426712318
	3426712319
	3426712320
	3426712321
	3426712322
	3426712323
	3426712324
	3426712325
	3426712326
	3426712327
	3426712328
	3426712329
	3426712330
	3426712331
	3426712332
	3426712333
	3426712334
	3426712335
	3426712336
	3426712337
	3426712338
	3426712339
	3426712340
	3426712341
	3426712342
	3426712343
	3426712344
	3426712345
	3426712346
	3426712347
	3426712348
	3426712349
	3426712350
	3426712351
	3426712352
	3426712353
	3426712354
	3426712355
	3426712356
	3426712357
	3426712358
	3426712359
	3426712360
	3426712361
	3426712362
	3426712363
	3426712364
	3426712365
	3426712366
	3426712367
	3426712368
	3426712369
	3426712370
	3426712371
	3426712372
	3426712373
	3426712374
	3426712375
	3426712376
	3426712377
	3426712378
	3426712379
	3426712380
	3426712381
	3426712382
	3426712383
	3426712384
	3426712385
	3426712386
	3426712387
	3426712388
	3426712389
	3426712390
	3426712391
	3426712392
	3426712393
	3426712394
	3426712395
	3426712396
	3426712397
	3426712398
	3426712399
	3426712400
	3426712401
	3426712402
	3426712403
	3426712404
	3426712405
	3426712406
	3426712407
	3426712408
	3426712409
	3426712410
	3426712411
	3426712412
	3426712413
	3426712414
	3426712415
	3426712416
	3426712417
	3426712418
	3426712419
	3426712420
	3426712421
	3426712422
	3426712423
	3426712424
	3426712425
	3426712426
	3426712427
	3426712428
	3426712429
	3426712430
	3426712431
	3426712432
	3426712433
	3426712434
	3426712435
	3426712436
	3426712437
	3426712438
	3426712439
	3426712440
	3426712441
	3426712442
	3426712443
	3426712444
	3426712445
	3426712446
	3426712447
	3426712448
	3426712449
	3426712450
	3426712451
	3426712452
	3426712453
	3426712454
	3426712455
	3426712456
	3426712457
	3426712458
	3426712459
	3426712460
	3426712461
	3426712462
	3426712463
	3426712464
	3426712465
	3426712466
	3426712467
	3426712468
	3426712469
	3426712470
	3426712471
	3426712472
	3426712473
	3426712474
	3426712475
	3426712476
	3426712477
	3426712478
	3426712479
	3426712480
	3426712481
	3426712482
	3426712483
	3426712484
	3426712485
	3426712486
	3426712487
	3426712488
	3426712489
	3426712490
	3426712491
	3426712492
	3426712493
	3426712494
	3426712495
	3426712496
	3426712497
	3426712498
	3426712499
	3426712500
	3426712501
	3426712502
	3426712503
	3426712504
	3426712505
	3426712506
	3426712507
	3426712508
	3426712509
	3426712510
	3426712511
	3426712512
	3426712513
	3426712514
	3426712515
	3426712516
	3426712517
	3426712518
	3426712519
	3426712520
	3426712521
	3426712522
	3426712523
	3426712524
	3426712525
	3426712526
	3426712527
	3426712528
	3426712529
	3426712530
	3426712531
	3426712532
	3426712533
	3426712534
	3426712535
	3426712536
	3426712537
	3426712538
	3426712539
	3426712540
	3426712541
	3426712542
	3426712543
	3426712544
	3426712545
	3426712546
	3426712547
	3426712548
	3426712549
	3426712550
	3426712551
	3426712552
	3426712553
	3426712554
	3426712555
	3426712556
	3426712557
	3426712558
	3426712559
	3426712560
	3426712561
	3426712562
	3426712563
	3426712564
	3426712565
	3426712566
	3426712567
	3426712568
	3426712569
	3426712570
	3426712571
	3426712572
	3426712573
	3426712574
	3426712575
	3426712576
	3426712577
	3426712578
	3426712579
	3426712580
	3426712581
	3426712582
	3426712583
	3426712584
	3426712585
	3426712586
	3426712587
	3426712588
	3426712589
	3426712590
	3426712591
	3426712592
	3426712593
	3426712594
	3426712595
	3426712596
	3426712597
	3426712598
	3426712599
	3426712600
	3426712601
	3426712602
	3426712603
	3426712604
	3426712605
	3426712606
	3426712607
	3426712608
	3426712609
	3426712610
	3426712611
	3426712612
	3426712613
	3426712614
	3426712615
	3426712616
	3426712617
	3426712618
	3426712619
	3426712620
	3426712621
	3426712622
	3426712623
	3426712624
	3426712625
	3426712626
	3426712627
	3426712628
	3426712629
	3426712630
	3426712631
	3426712632
	3426712633
	3426712634
	3426712635
	3426712636
	3426712637
	3426712638
	3426712639
	3426712640
	3426712641
	3426712642
	3426712643
	3426712644
	3426712645
	3426712646
	3426712647
	3426712648
	3426712649
	3426712650
	3426712651
	3426712652
	3426712653
	3426712654
	3426712655
	3426712656
	3426712657
	3426712658
	3426712659
	3426712660
	3426712661
	3426712662
	3426712663
	3426712664
	3426712665
	3426712666
	3426712667
	3426712668
	3426712669
	3426712670
	3426712671
	3426712672
	3426712673
	3426712674
	3426712675
	3426712676
	3426712677
	3426712678
	3426712679
	3426712680
	3426712681
	3426712682
	3426712683
	3426712684
	3426712685
	3426712686
	3426712687
	3426712688
	3426712689
	3426712690
	3426712691
	3426712692
	3426712693
	3426712694
	3426712695
	3426712696
	3426712697
	3426712698
	3426712699
	3426712700
	3426712701
	3426712702
	3426712703
	3426712704
	3426712705
	3426712706
	3426712707
	3426712708
	3426712709
	3426712710
	3426712711
	3426712712
	3426712713
	3426712714
	3426712715
	3426712716
	3426712717
	3426712718
	3426712719
	3426712720
	3426712721
	3426712722
	3426712723
	3426712724
	3426712725
	3426712726
	3426712727
	3426712728
	3426712729
	3426712730
	3426712731
	3426712732
	3426712733
	3426712734
	3426712735
	3426712736
	3426712737
	3426712738
	3426712739
	3426712740
	3426712741
	3426712742
	3426712743
	3426712744
	3426712745
	3426712746
	3426712747
	3426712748
	3426712749
	3426712750
	3426712751
	3426712752
	3426712753
	3426712754
	3426712755
	3426712756
	3426712757
	3426712758
	3426712759
	3426712760
	3426712761
	3426712762
	3426712763
	3426712764
	3426712765
	3426712766
	3426712767
	3426712768
	3426712769
	3426712770
	3426712771
	3426712772
	3426712773
	3426712774
	3426712775
	3426712776
	3426712777
	3426712778
	3426712779
	3426712780
	3426712781
	3426712782
	3426712783
	3426712784
	3426712785
	3426712786
	3426712787
	3426712788
	3426712789
	3426712790
	3426712791
	3426712792
	3426712793
	3426712794
	3426712795
	3426712796
	3426712797
	3426712798
	3426712799
	3426712800
	3426712801
	3426712802
	3426712803
	3426712804
	3426712805
	3426712806
	3426712807
	3426712808
	3426712809
	3426712810
	3426712811
	3426712812
	3426712813
	3426712814
	3426712815
	3426712816
	3426712817
	3426712818
	3426712819
	3426712820
	3426712821
	3426712822
	3426712823
	3426712824
	3426712825
	3426712826
	3426712827
	3426712828
	3426712829
	3426712830
	3426712831
	3426712832
	3426712833
	3426712834
	3426712835
	3426712836
	3426712837
	3426712838
	3426712839
	3426712840
	3426712841
	3426712842
	3426712843
	3426712844
	3426712845
	3426712846
	3426712847
	3426712848
	3426712849
	3426712850
	3426712851
	3426712852
	3426712853
	3426712854
	3426712855
	3426712856
	3426712857
	3426712858
	3426712859
	3426712860
	3426712861
	3426712862
	3426712863
	3426712864
	3426712865
	3426712866
	3426712867
	3426712868
	3426712869
	3426712870
	3426712871
	3426712872
	3426712873
	3426712874
	3426712875
	3426712876
	3426712877
	3426712878
	3426712879
	3426712880
	3426712881
	3426712882
	3426712883
	3426712884
	3426712885
	3426712886
	3426712887
	3426712888
	3426712889
	3426712890
	3426712891
	3426712892
	3426712893
	3426712894
	3426712895
	3426712896
	3426712897
	3426712898
	3426712899
	3426712900
	3426712901
	3426712902
	3426712903
	3426712904
	3426712905
	3426712906
	3426712907
	3426712908
	3426712909
	3426712910
	3426712911
	3426712912
	3426712913
	3426712914
	3426712915
	3426712916
	3426712917
	3426712918
	3426712919
	3426712920
	3426712921
	3426712922
	3426712923
	3426712924
	3426712925
	3426712926
	3426712927
	3426712928
	3426712929
	3426712930
	3426712931
	3426712932
	3426712933
	3426712934
	3426712935
	3426712936
	3426712937
	3426712938
	3426712939
	3426712940
	3426712941
	3426712942
	3426712943
	3426712944
	3426712945
	3426712946
	3426712947
	3426712948
	3426712949
	3426712950
	3426712951
	3426712952
	3426712953
	3426712954
	3426712955
	3426712956
	3426712957
	3426712958
	3426712959
	3426712960
	3426712961
	3426712962
	3426712963
	3426712964
	3426712965
	3426712966
	3426712967
	3426712968
	3426712969
	3426712970
	3426712971
	3426712972
	3426712973
	3426712974
	3426712975
	3426712976
	3426712977
	3426712978
	3426712979
	3426712980
	3426712981
	3426712982
	3426712983
	3426712984
	3426712985
	3426712986
	3426712987
	3426712988
	3426712989
	3426712990
	3426712991
	3426712992
	3426712993
	3426712994
	3426712995
	3426712996
	3426712997
	3426712998
	3426712999
	3426713000
	3426713001
	3426713002
	3426713003
	3426713004
	3426713005
	3426713006
	3426713007
	3426713008
	3426713009
	3426713010
	3426713011
	3426713012
	3426713013
	3426713014
	3426713015
	3426713016
	3426713017
	3426713018
	3426713019
	3426713020
	3426713021
	3426713022
	3426713023
	3426713024
	3426713025
	3426713026
	3426713027
	3426713028
	3426713029
	3426713030
	3426713031
	3426713032
	3426713033
	3426713034
	3426713035
	3426713036
	3426713037
	3426713038
	3426713039
	3426713040
	3426713041
	3426713042
	3426713043
	3426713044
	3426713045
	3426713046
	3426713047
	3426713048
	3426713049
	3426713050
	3426713051
	3426713052
	3426713053
	3426713054
	3426713055
	3426713056
	3426713057
	3426713058
	3426713059
	3426713060
	3426713061
	3426713062
	3426713063
	3426713064
	3426713065
	3426713066
	3426713067
	3426713068
	3426713069
	3426713070
	3426713071
	3426713072
	3426713073
	3426713074
	3426713075
	3426713076
	3426713077
	3426713078
	3426713079
	3426713080
	3426713081
	3426713082
	3426713083
	3426713084
	3426713085
	3426713086
	3426713087
	3426713088
	3426713089
	3426713090
	3426713091
	3426713092
	3426713093
	3426713094
	3426713095
	3426713096
	3426713097
	3426713098
	3426713099
	3426713100
	3426713101
	3426713102
	3426713103
	3426713104
	3426713105
	3426713106
	3426713107
	3426713108
	3426713109
	3426713110
	3426713111
	3426713112
	3426713113
	3426713114
	3426713115
	3426713116
	3426713117
	3426713118
	3426713119
	3426713120
	3426713121
	3426713122
	3426713123
	3426713124
	3426713125
	3426713126
	3426713127
	3426713128
	3426713129
	3426713130
	3426713131
	3426713132
	3426713133
	3426713134
	3426713135
	3426713136
	3426713137
	3426713138
	3426713139
	3426713140
	3426713141
	3426713142
	3426713143
	3426713144
	3426713145
	3426713146
	3426713147
	3426713148
	3426713149
	3426713150
	3426713151
	3426713152
	3426713153
	3426713154
	3426713155
	3426713156
	3426713157
	3426713158
	3426713159
	3426713160
	3426713161
	3426713162
	3426713163
	3426713164
	3426713165
	3426713166
	3426713167
	3426713168
	3426713169
	3426713170
	3426713171
	3426713172
	3426713173
	3426713174
	3426713175
	3426713176
	3426713177
	3426713178
	3426713179
	3426713180
	3426713181
	3426713182
	3426713183
	3426713184
	3426713185
	3426713186
	3426713187
	3426713188
	3426713189
	3426713190
	3426713191
	3426713192
	3426713193
	3426713194
	3426713195
	3426713196
	3426713197
	3426713198
	3426713199
	3426713200
	3426713201
	3426713202
	3426713203
	3426713204
	3426713205
	3426713206
	3426713207
	3426713208
	3426713209
	3426713210
	3426713211
	3426713212
	3426713213
	3426713214
	3426713215
	3426713216
	3426713217
	3426713218
	3426713219
	3426713220
	3426713221
	3426713222
	3426713223
	3426713224
	3426713225
	3426713226
	3426713227
	3426713228
	3426713229
	3426713230
	3426713231
	3426713232
	3426713233
	3426713234
	3426713235
	3426713236
	3426713237
	3426713238
	3426713239
	3426713240
	3426713241
	3426713242
	3426713243
	3426713244
	3426713245
	3426713246
	3426713247
	3426713248
	3426713249
	3426713250
	3426713251
	3426713252
	3426713253
	3426713254
	3426713255
	3426713256
	3426713257
	3426713258
	3426713259
	3426713260
	3426713261
	3426713262
	3426713263
	3426713264
	3426713265
	3426713266
	3426713267
	3426713268
	3426713269
	3426713270
	3426713271
	3426713272
	3426713273
	3426713274
	3426713275
	3426713276
	3426713277
	3426713278
	3426713279
	3426713280
	3426713281
	3426713282
	3426713283
	3426713284
	3426713285
	3426713286
	3426713287
	3426713288
	3426713289
	3426713290
	3426713291
	3426713292
	3426713293
	3426713294
	3426713295
	3426713296
	3426713297
	3426713298
	3426713299
	3426713300
	3426713301
	3426713302
	3426713303
	3426713304
	3426713305
	3426713306
	3426713307
	3426713308
	3426713309
	3426713310
	3426713311
	3426713312
	3426713313
	3426713314
	3426713315
	3426713316
	3426713317
	3426713318
	3426713319
	3426713320
	3426713321
	3426713322
	3426713323
	3426713324
	3426713325
	3426713326
	3426713327
	3426713328
	3426713329
	3426713330
	3426713331
	3426713332
	3426713333
	3426713334
	3426713335
	3426713336
	3426713337
	3426713338
	3426713339
	3426713340
	3426713341
	3426713342
	3426713343
	3426713344
	3426713345
	3426713346
	3426713347
	3426713348
	3426713349
	3426713350
	3426713351
	3426713352
	3426713353
	3426713354
	3426713355
	3426713356
	3426713357
	3426713358
	3426713359
	3426713360
	3426713361
	3426713362
	3426713363
	3426713364
	3426713365
	3426713366
	3426713367
	3426713368
	3426713369
	3426713370
	3426713371
	3426713372
	3426713373
	3426713374
	3426713375
	3426713376
	3426713377
	3426713378
	3426713379
	3426713380
	3426713381
	3426713382
	3426713383
	3426713384
	3426713385
	3426713386
	3426713387
	3426713388
	3426713389
	3426713390
	3426713391
	3426713392
	3426713393
	3426713394
	3426713395
	3426713396
	3426713397
	3426713398
	3426713399
	3426713400
	3426713401
	3426713402
	3426713403
	3426713404
	3426713405
	3426713406
	3426713407
	3426713408
	3426713409
	3426713410
	3426713411
	3426713412
	3426713413
	3426713414
	3426713415
	3426713416
	3426713417
	3426713418
	3426713419
	3426713420
	3426713421
	3426713422
	3426713423
	3426713424
	3426713425
	3426713426
	3426713427
	3426713428
	3426713429
	3426713430
	3426713431
	3426713432
	3426713433
	3426713434
	3426713435
	3426713436
	3426713437
	3426713438
	3426713439
	3426713440
	3426713441
	3426713442
	3426713443
	3426713444
	3426713445
	3426713446
	3426713447
	3426713448
	3426713449
	3426713450
	3426713451
	3426713452
	3426713453
	3426713454
	3426713455
	3426713456
	3426713457
	3426713458
	3426713459
	3426713460
	3426713461
	3426713462
	3426713463
	3426713464
	3426713465
	3426713466
	3426713467
	3426713468
	3426713469
	3426713470
	3426713471
	3426713472
	3426713473
	3426713474
	3426713475
	3426713476
	3426713477
	3426713478
	3426713479
	3426713480
	3426713481
	3426713482
	3426713483
	3426713484
	3426713485
	3426713486
	3426713487
	3426713488
	3426713489
	3426713490
	3426713491
	3426713492
	3426713493
	3426713494
	3426713495
	3426713496
	3426713497
	3426713498
	3426713499
	3426713500
	3426713501
	3426713502
	3426713503
	3426713504
	3426713505
	3426713506
	3426713507
	3426713508
	3426713509
	3426713510
	3426713511
	3426713512
	3426713513
	3426713514
	3426713515
	3426713516
	3426713517
	3426713518
	3426713519
	3426713520
	3426713521
	3426713522
	3426713523
	3426713524
	3426713525
	3426713526
	3426713527
	3426713528
	3426713529
	3426713530
	3426713531
	3426713532
	3426713533
	3426713534
	3426713535
	3426713536
	3426713537
	3426713538
	3426713539
	3426713540
	3426713541
	3426713542
	3426713543
	3426713544
	3426713545
	3426713546
	3426713547
	3426713548
	3426713549
	3426713550
	3426713551
	3426713552
	3426713553
	3426713554
	3426713555
	3426713556
	3426713557
	3426713558
	3426713559
	3426713560
	3426713561
	3426713562
	3426713563
	3426713564
	3426713565
	3426713566
	3426713567
	3426713568
	3426713569
	3426713570
	3426713571
	3426713572
	3426713573
	3426713574
	3426713575
	3426713576
	3426713577
	3426713578
	3426713579
	3426713580
	3426713581
	3426713582
	3426713583
	3426713584
	3426713585
	3426713586
	3426713587
	3426713588
	3426713589
	3426713590
	3426713591
	3426713592
	3426713593
	3426713594
	3426713595
	3426713596
	3426713597
	3426713598
	3426713599
	3426713600
	3426713601
	3426713602
	3426713603
	3426713604
	3426713605
	3426713606
	3426713607
	3426713608
	3426713609
	3426713610
	3426713611
	3426713612
	3426713613
	3426713614
	3426713615
	3426713616
	3426713617
	3426713618
	3426713619
	3426713620
	3426713621
	3426713622
	3426713623
	3426713624
	3426713625
	3426713626
	3426713627
	3426713628
	3426713629
	3426713630
	3426713631
	3426713632
	3426713633
	3426713634
	3426713635
	3426713636
	3426713637
	3426713638
	3426713639
	3426713640
	3426713641
	3426713642
	3426713643
	3426713644
	3426713645
	3426713646
	3426713647
	3426713648
	3426713649
	3426713650
	3426713651
	3426713652
	3426713653
	3426713654
	3426713655
	3426713656
	3426713657
	3426713658
	3426713659
	3426713660
	3426713661
	3426713662
	3426713663
	3426713664
	3426713665
	3426713666
	3426713667
	3426713668
	3426713669
	3426713670
	3426713671
	3426713672
	3426713673
	3426713674
	3426713675
	3426713676
	3426713677
	3426713678
	3426713679
	3426713680
	3426713681
	3426713682
	3426713683
	3426713684
	3426713685
	3426713686
	3426713687
	3426713688
	3426713689
	3426713690
	3426713691
	3426713692
	3426713693
	3426713694
	3426713695
	3426713696
	3426713697
	3426713698
	3426713699
	3426713700
	3426713701
	3426713702
	3426713703
	3426713704
	3426713705
	3426713706
	3426713707
	3426713708
	3426713709
	3426713710
	3426713711
	3426713712
	3426713713
	3426713714
	3426713715
	3426713716
	3426713717
	3426713718
	3426713719
	3426713720
	3426713721
	3426713722
	3426713723
	3426713724
	3426713725
	3426713726
	3426713727
	3426713728
	3426713729
	3426713730
	3426713731
	3426713732
	3426713733
	3426713734
	3426713735
	3426713736
	3426713737
	3426713738
	3426713739
	3426713740
	3426713741
	3426713742
	3426713743
	3426713744
	3426713745
	3426713746
	3426713747
	3426713748
	3426713749
	3426713750
	3426713751
	3426713752
	3426713753
	3426713754
	3426713755
	3426713756
	3426713757
	3426713758
	3426713759
	3426713760
	3426713761
	3426713762
	3426713763
	3426713764
	3426713765
	3426713766
	3426713767
	3426713768
	3426713769
	3426713770
	3426713771
	3426713772
	3426713773
	3426713774
	3426713775
	3426713776
	3426713777
	3426713778
	3426713779
	3426713780
	3426713781
	3426713782
	3426713783
	3426713784
	3426713785
	3426713786
	3426713787
	3426713788
	3426713789
	3426713790
	3426713791
	3426713792
	3426713793
	3426713794
	3426713795
	3426713796
	3426713797
	3426713798
	3426713799
	3426713800
	3426713801
	3426713802
	3426713803
	3426713804
	3426713805
	3426713806
	3426713807
	3426713808
	3426713809
	3426713810
	3426713811
	3426713812
	3426713813
	3426713814
	3426713815
	3426713816
	3426713817
	3426713818
	3426713819
	3426713820
	3426713821
	3426713822
	3426713823
	3426713824
	3426713825
	3426713826
	3426713827
	3426713828
	3426713829
	3426713830
	3426713831
	3426713832
	3426713833
	3426713834
	3426713835
	3426713836
	3426713837
	3426713838
	3426713839
	3426713840
	3426713841
	3426713842
	3426713843
	3426713844
	3426713845
	3426713846
	3426713847
	3426713848
	3426713849
	3426713850
	3426713851
	3426713852
	3426713853
	3426713854
	3426713855
	3426713856
	3426713857
	3426713858
	3426713859
	3426713860
	3426713861
	3426713862
	3426713863
	3426713864
	3426713865
	3426713866
	3426713867
	3426713868
	3426713869
	3426713870
	3426713871
	3426713872
	3426713873
	3426713874
	3426713875
	3426713876
	3426713877
	3426713878
	3426713879
	3426713880
	3426713881
	3426713882
	3426713883
	3426713884
	3426713885
	3426713886
	3426713887
	3426713888
	3426713889
	3426713890
	3426713891
	3426713892
	3426713893
	3426713894
	3426713895
	3426713896
	3426713897
	3426713898
	3426713899
	3426713900
	3426713901
	3426713902
	3426713903
	3426713904
	3426713905
	3426713906
	3426713907
	3426713908
	3426713909
	3426713910
	3426713911
	3426713912
	3426713913
	3426713914
	3426713915
	3426713916
	3426713917
	3426713918
	3426713919
	3426713920
	3426713921
	3426713922
	3426713923
	3426713924
	3426713925
	3426713926
	3426713927
	3426713928
	3426713929
	3426713930
	3426713931
	3426713932
	3426713933
	3426713934
	3426713935
	3426713936
	3426713937
	3426713938
	3426713939
	3426713940
	3426713941
	3426713942
	3426713943
	3426713944
	3426713945
	3426713946
	3426713947
	3426713948
	3426713949
	3426713950
	3426713951
	3426713952
	3426713953
	3426713954
	3426713955
	3426713956
	3426713957
	3426713958
	3426713959
	3426713960
	3426713961
	3426713962
	3426713963
	3426713964
	3426713965
	3426713966
	3426713967
	3426713968
	3426713969
	3426713970
	3426713971
	3426713972
	3426713973
	3426713974
	3426713975
	3426713976
	3426713977
	3426713978
