	3426928949
	3426928950
	3426928951
	3426928952
	3426928953
	3426928954
	3426928955
	3426928956
	3426928957
	3426928958
	3426928959
	3426928960
	3426928961
	3426928962
	3426928963
	3426928964
	3426928965
	3426928966
	3426928967
	3426928968
	3426928969
	3426928970
	3426928971
	3426928972
	3426928973
	3426928974
	3426928975
	3426928976
	3426928977
	3426928978
	3426928979
	3426928980
	3426928981
	3426928982
	3426928983
	3426928984
	3426928985
	3426928986
	3426928987
	3426928988
	3426928989
	3426928990
	3426928991
	3426928992
	3426928993
	3426928994
	3426928995
	3426928996
	3426928997
	3426928998
	3426928999
	3426929000
	3426929001
	3426929002
	3426929003
	3426929004
	3426929005
	3426929006
	3426929007
	3426929008
	3426929009
	3426929010
	3426929011
	3426929012
	3426929013
	3426929014
	3426929015
	3426929016
	3426929017
	3426929018
	3426929019
	3426929020
	3426929021
	3426929022
	3426929023
	3426929024
	3426929025
	3426929026
	3426929027
	3426929028
	3426929029
	3426929030
	3426929031
	3426929032
	3426929033
	3426929034
	3426929035
	3426929036
	3426929037
	3426929038
	3426929039
	3426929040
	3426929041
	3426929042
	3426929043
	3426929044
	3426929045
	3426929046
	3426929047
	3426929048
	3426929049
	3426929050
	3426929051
	3426929052
	3426929053
	3426929054
	3426929055
	3426929056
	3426929057
	3426929058
	3426929059
	3426929060
	3426929061
	3426929062
	3426929063
	3426929064
	3426929065
	3426929066
	3426929067
	3426929068
	3426929069
	3426929070
	3426929071
	3426929072
	3426929073
	3426929074
	3426929075
	3426929076
	3426929077
	3426929078
	3426929079
	3426929080
	3426929081
	3426929082
	3426929083
	3426929084
	3426929085
	3426929086
	3426929087
	3426929088
	3426929089
	3426929090
	3426929091
	3426929092
	3426929093
	3426929094
	3426929095
	3426929096
	3426929097
	3426929098
	3426929099
	3426929100
	3426929101
	3426929102
	3426929103
	3426929104
	3426929105
	3426929106
	3426929107
	3426929108
	3426929109
	3426929110
	3426929111
	3426929112
	3426929113
	3426929114
	3426929115
	3426929116
	3426929117
	3426929118
	3426929119
	3426929120
	3426929121
	3426929122
	3426929123
	3426929124
	3426929125
	3426929126
	3426929127
	3426929128
	3426929129
	3426929130
	3426929131
	3426929132
	3426929133
	3426929134
	3426929135
	3426929136
	3426929137
	3426929138
	3426929139
	3426929140
	3426929141
	3426929142
	3426929143
	3426929144
	3426929145
	3426929146
	3426929147
	3426929148
	3426929149
	3426929150
	3426929151
	3426929152
	3426929153
	3426929154
	3426929155
	3426929156
	3426929157
	3426929158
	3426929159
	3426929160
	3426929161
	3426929162
	3426929163
	3426929164
	3426929165
	3426929166
	3426929167
	3426929168
	3426929169
	3426929170
	3426929171
	3426929172
	3426929173
	3426929174
	3426929175
	3426929176
	3426929177
	3426929178
	3426929179
	3426929180
	3426929181
	3426929182
	3426929183
	3426929184
	3426929185
	3426929186
	3426929187
	3426929188
	3426929189
	3426929190
	3426929191
	3426929192
	3426929193
	3426929194
	3426929195
	3426929196
	3426929197
	3426929198
	3426929199
	3426929200
	3426929201
	3426929202
	3426929203
	3426929204
	3426929205
	3426929206
	3426929207
	3426929208
	3426929209
	3426929210
	3426929211
	3426929212
	3426929213
	3426929214
	3426929215
	3426929216
	3426929217
	3426929218
	3426929219
	3426929220
	3426929221
	3426929222
	3426929223
	3426929224
	3426929225
	3426929226
	3426929227
	3426929228
	3426929229
	3426929230
	3426929231
	3426929232
	3426929233
	3426929234
	3426929235
	3426929236
	3426929237
	3426929238
	3426929239
	3426929240
	3426929241
	3426929242
	3426929243
	3426929244
	3426929245
	3426929246
	3426929247
	3426929248
	3426929249
	3426929250
	3426929251
	3426929252
	3426929253
	3426929254
	3426929255
	3426929256
	3426929257
	3426929258
	3426929259
	3426929260
	3426929261
	3426929262
	3426929263
	3426929264
	3426929265
	3426929266
	3426929267
	3426929268
	3426929269
	3426929270
	3426929271
	3426929272
	3426929273
	3426929274
	3426929275
	3426929276
	3426929277
	3426929278
	3426929279
	3426929280
	3426929281
	3426929282
	3426929283
	3426929284
	3426929285
	3426929286
	3426929287
	3426929288
	3426929289
	3426929290
	3426929291
	3426929292
	3426929293
	3426929294
	3426929295
	3426929296
	3426929297
	3426929298
	3426929299
	3426929300
	3426929301
	3426929302
	3426929303
	3426929304
	3426929305
	3426929306
	3426929307
	3426929308
	3426929309
	3426929310
	3426929311
	3426929312
	3426929313
	3426929314
	3426929315
	3426929316
	3426929317
	3426929318
	3426929319
	3426929320
	3426929321
	3426929322
	3426929323
	3426929324
	3426929325
	3426929326
	3426929327
	3426929328
	3426929329
	3426929330
	3426929331
	3426929332
	3426929333
	3426929334
	3426929335
	3426929336
	3426929337
	3426929338
	3426929339
	3426929340
	3426929341
	3426929342
	3426929343
	3426929344
	3426929345
	3426929346
	3426929347
	3426929348
	3426929349
	3426929350
	3426929351
	3426929352
	3426929353
	3426929354
	3426929355
	3426929356
	3426929357
	3426929358
	3426929359
	3426929360
	3426929361
	3426929362
	3426929363
	3426929364
	3426929365
	3426929366
	3426929367
	3426929368
	3426929369
	3426929370
	3426929371
	3426929372
	3426929373
	3426929374
	3426929375
	3426929376
	3426929377
	3426929378
	3426929379
	3426929380
	3426929381
	3426929382
	3426929383
	3426929384
	3426929385
	3426929386
	3426929387
	3426929388
	3426929389
	3426929390
	3426929391
	3426929392
	3426929393
	3426929394
	3426929395
	3426929396
	3426929397
	3426929398
	3426929399
	3426929400
	3426929401
	3426929402
	3426929403
	3426929404
	3426929405
	3426929406
	3426929407
	3426929408
	3426929409
	3426929410
	3426929411
	3426929412
	3426929413
	3426929414
	3426929415
	3426929416
	3426929417
	3426929418
	3426929419
	3426929420
	3426929421
	3426929422
	3426929423
	3426929424
	3426929425
	3426929426
	3426929427
	3426929428
	3426929429
	3426929430
	3426929431
	3426929432
	3426929433
	3426929434
	3426929435
	3426929436
	3426929437
	3426929438
	3426929439
	3426929440
	3426929441
	3426929442
	3426929443
	3426929444
	3426929445
	3426929446
	3426929447
	3426929448
	3426929449
	3426929450
	3426929451
	3426929452
	3426929453
	3426929454
	3426929455
	3426929456
	3426929457
	3426929458
	3426929459
	3426929460
	3426929461
	3426929462
	3426929463
	3426929464
	3426929465
	3426929466
	3426929467
	3426929468
	3426929469
	3426929470
	3426929471
	3426929472
	3426929473
	3426929474
	3426929475
	3426929476
	3426929477
	3426929478
	3426929479
	3426929480
	3426929481
	3426929482
	3426929483
	3426929484
	3426929485
	3426929486
	3426929487
	3426929488
	3426929489
	3426929490
	3426929491
	3426929492
	3426929493
	3426929494
	3426929495
	3426929496
	3426929497
	3426929498
	3426929499
	3426929500
	3426929501
	3426929502
	3426929503
	3426929504
	3426929505
	3426929506
	3426929507
	3426929508
	3426929509
	3426929510
	3426929511
	3426929512
	3426929513
	3426929514
	3426929515
	3426929516
	3426929517
	3426929518
	3426929519
	3426929520
	3426929521
	3426929522
	3426929523
	3426929524
	3426929525
	3426929526
	3426929527
	3426929528
	3426929529
	3426929530
	3426929531
	3426929532
	3426929533
	3426929534
	3426929535
	3426929536
	3426929537
	3426929538
	3426929539
	3426929540
	3426929541
	3426929542
	3426929543
	3426929544
	3426929545
	3426929546
	3426929547
	3426929548
	3426929549
	3426929550
	3426929551
	3426929552
	3426929553
	3426929554
	3426929555
	3426929556
	3426929557
	3426929558
	3426929559
	3426929560
	3426929561
	3426929562
	3426929563
	3426929564
	3426929565
	3426929566
	3426929567
	3426929568
	3426929569
	3426929570
	3426929571
	3426929572
	3426929573
	3426929574
	3426929575
	3426929576
	3426929577
	3426929578
	3426929579
	3426929580
	3426929581
	3426929582
	3426929583
	3426929584
	3426929585
	3426929586
	3426929587
	3426929588
	3426929589
	3426929590
	3426929591
	3426929592
	3426929593
	3426929594
	3426929595
	3426929596
	3426929597
	3426929598
	3426929599
	3426929600
	3426929601
	3426929602
	3426929603
	3426929604
	3426929605
	3426929606
	3426929607
	3426929608
	3426929609
	3426929610
	3426929611
	3426929612
	3426929613
	3426929614
	3426929615
	3426929616
	3426929617
	3426929618
	3426929619
	3426929620
	3426929621
	3426929622
	3426929623
	3426929624
	3426929625
	3426929626
	3426929627
	3426929628
	3426929629
	3426929630
	3426929631
	3426929632
	3426929633
	3426929634
	3426929635
	3426929636
	3426929637
	3426929638
	3426929639
	3426929640
	3426929641
	3426929642
	3426929643
	3426929644
	3426929645
	3426929646
	3426929647
	3426929648
	3426929649
	3426929650
	3426929651
	3426929652
	3426929653
	3426929654
	3426929655
	3426929656
	3426929657
	3426929658
	3426929659
	3426929660
	3426929661
	3426929662
	3426929663
	3426929664
	3426929665
	3426929666
	3426929667
	3426929668
	3426929669
	3426929670
	3426929671
	3426929672
	3426929673
	3426929674
	3426929675
	3426929676
	3426929677
	3426929678
	3426929679
	3426929680
	3426929681
	3426929682
	3426929683
	3426929684
	3426929685
	3426929686
	3426929687
	3426929688
	3426929689
	3426929690
	3426929691
	3426929692
	3426929693
	3426929694
	3426929695
	3426929696
	3426929697
	3426929698
	3426929699
	3426929700
	3426929701
	3426929702
	3426929703
	3426929704
	3426929705
	3426929706
	3426929707
	3426929708
	3426929709
	3426929710
	3426929711
	3426929712
	3426929713
	3426929714
	3426929715
	3426929716
	3426929717
	3426929718
	3426929719
	3426929720
	3426929721
	3426929722
	3426929723
	3426929724
	3426929725
	3426929726
	3426929727
	3426929728
	3426929729
	3426929730
	3426929731
	3426929732
	3426929733
	3426929734
	3426929735
	3426929736
	3426929737
	3426929738
	3426929739
	3426929740
	3426929741
	3426929742
	3426929743
	3426929744
	3426929745
	3426929746
	3426929747
	3426929748
	3426929749
	3426929750
	3426929751
	3426929752
	3426929753
	3426929754
	3426929755
	3426929756
	3426929757
	3426929758
	3426929759
	3426929760
	3426929761
	3426929762
	3426929763
	3426929764
	3426929765
	3426929766
	3426929767
	3426929768
	3426929769
	3426929770
	3426929771
	3426929772
	3426929773
	3426929774
	3426929775
	3426929776
	3426929777
	3426929778
	3426929779
	3426929780
	3426929781
	3426929782
	3426929783
	3426929784
	3426929785
	3426929786
	3426929787
	3426929788
	3426929789
	3426929790
	3426929791
	3426929792
	3426929793
	3426929794
	3426929795
	3426929796
	3426929797
	3426929798
	3426929799
	3426929800
	3426929801
	3426929802
	3426929803
	3426929804
	3426929805
	3426929806
	3426929807
	3426929808
	3426929809
	3426929810
	3426929811
	3426929812
	3426929813
	3426929814
	3426929815
	3426929816
	3426929817
	3426929818
	3426929819
	3426929820
	3426929821
	3426929822
	3426929823
	3426929824
	3426929825
	3426929826
	3426929827
	3426929828
	3426929829
	3426929830
	3426929831
	3426929832
	3426929833
	3426929834
	3426929835
	3426929836
	3426929837
	3426929838
	3426929839
	3426929840
	3426929841
	3426929842
	3426929843
	3426929844
	3426929845
	3426929846
	3426929847
	3426929848
	3426929849
	3426929850
	3426929851
	3426929852
	3426929853
	3426929854
	3426929855
	3426929856
	3426929857
	3426929858
	3426929859
	3426929860
	3426929861
	3426929862
	3426929863
	3426929864
	3426929865
	3426929866
	3426929867
	3426929868
	3426929869
	3426929870
	3426929871
	3426929872
	3426929873
	3426929874
	3426929875
	3426929876
	3426929877
	3426929878
	3426929879
	3426929880
	3426929881
	3426929882
	3426929883
	3426929884
	3426929885
	3426929886
	3426929887
	3426929888
	3426929889
	3426929890
	3426929891
	3426929892
	3426929893
	3426929894
	3426929895
	3426929896
	3426929897
	3426929898
	3426929899
	3426929900
	3426929901
	3426929902
	3426929903
	3426929904
	3426929905
	3426929906
	3426929907
	3426929908
	3426929909
	3426929910
	3426929911
	3426929912
	3426929913
	3426929914
	3426929915
	3426929916
	3426929917
	3426929918
	3426929919
	3426929920
	3426929921
	3426929922
	3426929923
	3426929924
	3426929925
	3426929926
	3426929927
	3426929928
	3426929929
	3426929930
	3426929931
	3426929932
	3426929933
	3426929934
	3426929935
	3426929936
	3426929937
	3426929938
	3426929939
	3426929940
	3426929941
	3426929942
	3426929943
	3426929944
	3426929945
	3426929946
	3426929947
	3426929948
	3426929949
	3426929950
	3426929951
	3426929952
	3426929953
	3426929954
	3426929955
	3426929956
	3426929957
	3426929958
	3426929959
	3426929960
	3426929961
	3426929962
	3426929963
	3426929964
	3426929965
	3426929966
	3426929967
	3426929968
	3426929969
	3426929970
	3426929971
	3426929972
	3426929973
	3426929974
	3426929975
	3426929976
	3426929977
	3426929978
	3426929979
	3426929980
	3426929981
	3426929982
	3426929983
	3426929984
	3426929985
	3426929986
	3426929987
	3426929988
	3426929989
	3426929990
	3426929991
	3426929992
	3426929993
	3426929994
	3426929995
	3426929996
	3426929997
	3426929998
	3426929999
	3426930000
	3426930001
	3426930002
	3426930003
	3426930004
	3426930005
	3426930006
	3426930007
	3426930008
	3426930009
	3426930010
	3426930011
	3426930012
	3426930013
	3426930014
	3426930015
	3426930016
	3426930017
	3426930018
	3426930019
	3426930020
	3426930021
	3426930022
	3426930023
	3426930024
	3426930025
	3426930026
	3426930027
	3426930028
	3426930029
	3426930030
	3426930031
	3426930032
	3426930033
	3426930034
	3426930035
	3426930036
	3426930037
	3426930038
	3426930039
	3426930040
	3426930041
	3426930042
	3426930043
	3426930044
	3426930045
	3426930046
	3426930047
	3426930048
	3426930049
	3426930050
	3426930051
	3426930052
	3426930053
	3426930054
	3426930055
	3426930056
	3426930057
	3426930058
	3426930059
	3426930060
	3426930061
	3426930062
	3426930063
	3426930064
	3426930065
	3426930066
	3426930067
	3426930068
	3426930069
	3426930070
	3426930071
	3426930072
	3426930073
	3426930074
	3426930075
	3426930076
	3426930077
	3426930078
	3426930079
	3426930080
	3426930081
	3426930082
	3426930083
	3426930084
	3426930085
	3426930086
	3426930087
	3426930088
	3426930089
	3426930090
	3426930091
	3426930092
	3426930093
	3426930094
	3426930095
	3426930096
	3426930097
	3426930098
	3426930099
	3426930100
	3426930101
	3426930102
	3426930103
	3426930104
	3426930105
	3426930106
	3426930107
	3426930108
	3426930109
	3426930110
	3426930111
	3426930112
	3426930113
	3426930114
	3426930115
	3426930116
	3426930117
	3426930118
	3426930119
	3426930120
	3426930121
	3426930122
	3426930123
	3426930124
	3426930125
	3426930126
	3426930127
	3426930128
	3426930129
	3426930130
	3426930131
	3426930132
	3426930133
	3426930134
	3426930135
	3426930136
	3426930137
	3426930138
	3426930139
	3426930140
	3426930141
	3426930142
	3426930143
	3426930144
	3426930145
	3426930146
	3426930147
	3426930148
	3426930149
	3426930150
	3426930151
	3426930152
	3426930153
	3426930154
	3426930155
	3426930156
	3426930157
	3426930158
	3426930159
	3426930160
	3426930161
	3426930162
	3426930163
	3426930164
	3426930165
	3426930166
	3426930167
	3426930168
	3426930169
	3426930170
	3426930171
	3426930172
	3426930173
	3426930174
	3426930175
	3426930176
	3426930177
	3426930178
	3426930179
	3426930180
	3426930181
	3426930182
	3426930183
	3426930184
	3426930185
	3426930186
	3426930187
	3426930188
	3426930189
	3426930190
	3426930191
	3426930192
	3426930193
	3426930194
	3426930195
	3426930196
	3426930197
	3426930198
	3426930199
	3426930200
	3426930201
	3426930202
	3426930203
	3426930204
	3426930205
	3426930206
	3426930207
	3426930208
	3426930209
	3426930210
	3426930211
	3426930212
	3426930213
	3426930214
	3426930215
	3426930216
	3426930217
	3426930218
	3426930219
	3426930220
	3426930221
	3426930222
	3426930223
	3426930224
	3426930225
	3426930226
	3426930227
	3426930228
	3426930229
	3426930230
	3426930231
	3426930232
	3426930233
	3426930234
	3426930235
	3426930236
	3426930237
	3426930238
	3426930239
	3426930240
	3426930241
	3426930242
	3426930243
	3426930244
	3426930245
	3426930246
	3426930247
	3426930248
	3426930249
	3426930250
	3426930251
	3426930252
	3426930253
	3426930254
	3426930255
	3426930256
	3426930257
	3426930258
	3426930259
	3426930260
	3426930261
	3426930262
	3426930263
	3426930264
	3426930265
	3426930266
	3426930267
	3426930268
	3426930269
	3426930270
	3426930271
	3426930272
	3426930273
	3426930274
	3426930275
	3426930276
	3426930277
	3426930278
	3426930279
	3426930280
	3426930281
	3426930282
	3426930283
	3426930284
	3426930285
	3426930286
	3426930287
	3426930288
	3426930289
	3426930290
	3426930291
	3426930292
	3426930293
	3426930294
	3426930295
	3426930296
	3426930297
	3426930298
	3426930299
	3426930300
	3426930301
	3426930302
	3426930303
	3426930304
	3426930305
	3426930306
	3426930307
	3426930308
	3426930309
	3426930310
	3426930311
	3426930312
	3426930313
	3426930314
	3426930315
	3426930316
	3426930317
	3426930318
	3426930319
	3426930320
	3426930321
	3426930322
	3426930323
	3426930324
	3426930325
	3426930326
	3426930327
	3426930328
	3426930329
	3426930330
	3426930331
	3426930332
	3426930333
	3426930334
	3426930335
	3426930336
	3426930337
	3426930338
	3426930339
	3426930340
	3426930341
	3426930342
	3426930343
	3426930344
	3426930345
	3426930346
	3426930347
	3426930348
	3426930349
	3426930350
	3426930351
	3426930352
	3426930353
	3426930354
	3426930355
	3426930356
	3426930357
	3426930358
	3426930359
	3426930360
	3426930361
	3426930362
	3426930363
	3426930364
	3426930365
	3426930366
	3426930367
	3426930368
	3426930369
	3426930370
	3426930371
	3426930372
	3426930373
	3426930374
	3426930375
	3426930376
	3426930377
	3426930378
	3426930379
	3426930380
	3426930381
	3426930382
	3426930383
	3426930384
	3426930385
	3426930386
	3426930387
	3426930388
	3426930389
	3426930390
	3426930391
	3426930392
	3426930393
	3426930394
	3426930395
	3426930396
	3426930397
	3426930398
	3426930399
	3426930400
	3426930401
	3426930402
	3426930403
	3426930404
	3426930405
	3426930406
	3426930407
	3426930408
	3426930409
	3426930410
	3426930411
	3426930412
	3426930413
	3426930414
	3426930415
	3426930416
	3426930417
	3426930418
	3426930419
	3426930420
	3426930421
	3426930422
	3426930423
	3426930424
	3426930425
	3426930426
	3426930427
	3426930428
	3426930429
	3426930430
	3426930431
	3426930432
	3426930433
	3426930434
	3426930435
	3426930436
	3426930437
	3426930438
	3426930439
	3426930440
	3426930441
	3426930442
	3426930443
	3426930444
	3426930445
	3426930446
	3426930447
	3426930448
	3426930449
	3426930450
	3426930451
	3426930452
	3426930453
	3426930454
	3426930455
	3426930456
	3426930457
	3426930458
	3426930459
	3426930460
	3426930461
	3426930462
	3426930463
	3426930464
	3426930465
	3426930466
	3426930467
	3426930468
	3426930469
	3426930470
	3426930471
	3426930472
	3426930473
	3426930474
	3426930475
	3426930476
	3426930477
	3426930478
	3426930479
	3426930480
	3426930481
	3426930482
	3426930483
	3426930484
	3426930485
	3426930486
	3426930487
	3426930488
	3426930489
	3426930490
	3426930491
	3426930492
	3426930493
	3426930494
	3426930495
	3426930496
	3426930497
	3426930498
	3426930499
	3426930500
	3426930501
	3426930502
	3426930503
	3426930504
	3426930505
	3426930506
	3426930507
	3426930508
	3426930509
	3426930510
	3426930511
	3426930512
	3426930513
	3426930514
	3426930515
	3426930516
	3426930517
	3426930518
	3426930519
	3426930520
	3426930521
	3426930522
	3426930523
	3426930524
	3426930525
	3426930526
	3426930527
	3426930528
	3426930529
	3426930530
	3426930531
	3426930532
	3426930533
	3426930534
	3426930535
	3426930536
	3426930537
	3426930538
	3426930539
	3426930540
	3426930541
	3426930542
	3426930543
	3426930544
	3426930545
	3426930546
	3426930547
	3426930548
	3426930549
	3426930550
	3426930551
	3426930552
	3426930553
	3426930554
	3426930555
	3426930556
	3426930557
	3426930558
	3426930559
	3426930560
	3426930561
	3426930562
	3426930563
	3426930564
	3426930565
	3426930566
	3426930567
	3426930568
	3426930569
	3426930570
	3426930571
	3426930572
	3426930573
	3426930574
	3426930575
	3426930576
	3426930577
	3426930578
	3426930579
	3426930580
	3426930581
	3426930582
	3426930583
	3426930584
	3426930585
	3426930586
	3426930587
	3426930588
	3426930589
	3426930590
	3426930591
	3426930592
	3426930593
	3426930594
	3426930595
	3426930596
	3426930597
	3426930598
	3426930599
	3426930600
	3426930601
	3426930602
	3426930603
	3426930604
	3426930605
	3426930606
	3426930607
	3426930608
	3426930609
	3426930610
	3426930611
	3426930612
	3426930613
	3426930614
	3426930615
	3426930616
	3426930617
	3426930618
	3426930619
	3426930620
	3426930621
	3426930622
	3426930623
	3426930624
	3426930625
	3426930626
	3426930627
	3426930628
	3426930629
	3426930630
	3426930631
	3426930632
	3426930633
	3426930634
	3426930635
	3426930636
	3426930637
	3426930638
	3426930639
	3426930640
	3426930641
	3426930642
	3426930643
	3426930644
	3426930645
	3426930646
	3426930647
	3426930648
	3426930649
	3426930650
	3426930651
	3426930652
	3426930653
	3426930654
	3426930655
	3426930656
	3426930657
	3426930658
	3426930659
	3426930660
	3426930661
	3426930662
	3426930663
	3426930664
	3426930665
	3426930666
	3426930667
	3426930668
	3426930669
	3426930670
	3426930671
	3426930672
	3426930673
	3426930674
	3426930675
	3426930676
	3426930677
	3426930678
	3426930679
	3426930680
	3426930681
	3426930682
	3426930683
	3426930684
	3426930685
	3426930686
	3426930687
	3426930688
	3426930689
	3426930690
	3426930691
	3426930692
	3426930693
	3426930694
	3426930695
	3426930696
	3426930697
	3426930698
	3426930699
	3426930700
	3426930701
	3426930702
	3426930703
	3426930704
	3426930705
	3426930706
	3426930707
	3426930708
	3426930709
	3426930710
	3426930711
	3426930712
	3426930713
	3426930714
	3426930715
	3426930716
	3426930717
	3426930718
	3426930719
	3426930720
	3426930721
	3426930722
	3426930723
	3426930724
	3426930725
	3426930726
	3426930727
	3426930728
	3426930729
	3426930730
	3426930731
	3426930732
	3426930733
	3426930734
	3426930735
	3426930736
	3426930737
	3426930738
	3426930739
	3426930740
	3426930741
	3426930742
	3426930743
	3426930744
	3426930745
	3426930746
	3426930747
	3426930748
	3426930749
	3426930750
	3426930751
	3426930752
	3426930753
	3426930754
	3426930755
	3426930756
	3426930757
	3426930758
	3426930759
	3426930760
	3426930761
	3426930762
	3426930763
	3426930764
	3426930765
	3426930766
	3426930767
	3426930768
	3426930769
	3426930770
	3426930771
	3426930772
	3426930773
	3426930774
	3426930775
	3426930776
	3426930777
	3426930778
	3426930779
	3426930780
	3426930781
	3426930782
	3426930783
	3426930784
	3426930785
	3426930786
	3426930787
	3426930788
	3426930789
	3426930790
	3426930791
	3426930792
	3426930793
	3426930794
	3426930795
	3426930796
	3426930797
	3426930798
	3426930799
	3426930800
	3426930801
	3426930802
	3426930803
	3426930804
	3426930805
	3426930806
	3426930807
	3426930808
	3426930809
	3426930810
	3426930811
	3426930812
	3426930813
	3426930814
	3426930815
	3426930816
	3426930817
	3426930818
	3426930819
	3426930820
	3426930821
	3426930822
	3426930823
	3426930824
	3426930825
	3426930826
	3426930827
	3426930828
	3426930829
	3426930830
	3426930831
	3426930832
	3426930833
	3426930834
	3426930835
	3426930836
	3426930837
	3426930838
	3426930839
	3426930840
	3426930841
	3426930842
	3426930843
	3426930844
	3426930845
	3426930846
	3426930847
	3426930848
	3426930849
	3426930850
	3426930851
	3426930852
	3426930853
	3426930854
	3426930855
	3426930856
	3426930857
	3426930858
	3426930859
	3426930860
	3426930861
	3426930862
	3426930863
	3426930864
	3426930865
	3426930866
	3426930867
	3426930868
	3426930869
	3426930870
	3426930871
	3426930872
	3426930873
	3426930874
	3426930875
	3426930876
	3426930877
	3426930878
	3426930879
	3426930880
	3426930881
	3426930882
	3426930883
	3426930884
	3426930885
	3426930886
	3426930887
	3426930888
	3426930889
	3426930890
	3426930891
	3426930892
	3426930893
	3426930894
	3426930895
	3426930896
	3426930897
	3426930898
	3426930899
	3426930900
	3426930901
	3426930902
	3426930903
	3426930904
	3426930905
	3426930906
	3426930907
	3426930908
	3426930909
	3426930910
	3426930911
	3426930912
	3426930913
	3426930914
	3426930915
	3426930916
	3426930917
	3426930918
	3426930919
	3426930920
	3426930921
	3426930922
	3426930923
	3426930924
	3426930925
	3426930926
	3426930927
	3426930928
	3426930929
	3426930930
	3426930931
	3426930932
	3426930933
	3426930934
	3426930935
	3426930936
	3426930937
	3426930938
	3426930939
	3426930940
	3426930941
	3426930942
	3426930943
	3426930944
	3426930945
	3426930946
	3426930947
	3426930948
	3426930949
	3426930950
	3426930951
	3426930952
	3426930953
	3426930954
	3426930955
	3426930956
	3426930957
	3426930958
	3426930959
	3426930960
	3426930961
	3426930962
	3426930963
	3426930964
	3426930965
	3426930966
	3426930967
	3426930968
	3426930969
	3426930970
	3426930971
	3426930972
	3426930973
	3426930974
	3426930975
	3426930976
	3426930977
	3426930978
	3426930979
	3426930980
	3426930981
	3426930982
	3426930983
	3426930984
	3426930985
	3426930986
	3426930987
	3426930988
	3426930989
	3426930990
	3426930991
	3426930992
	3426930993
	3426930994
	3426930995
	3426930996
	3426930997
	3426930998
	3426930999
	3426931000
	3426931001
	3426931002
	3426931003
	3426931004
	3426931005
	3426931006
	3426931007
	3426931008
	3426931009
	3426931010
	3426931011
	3426931012
	3426931013
	3426931014
	3426931015
	3426931016
	3426931017
	3426931018
	3426931019
	3426931020
	3426931021
	3426931022
	3426931023
	3426931024
	3426931025
	3426931026
	3426931027
	3426931028
	3426931029
	3426931030
	3426931031
	3426931032
	3426931033
	3426931034
	3426931035
	3426931036
	3426931037
	3426931038
	3426931039
	3426931040
	3426931041
	3426931042
	3426931043
	3426931044
	3426931045
	3426931046
	3426931047
	3426931048
	3426931049
	3426931050
	3426931051
	3426931052
	3426931053
	3426931054
	3426931055
	3426931056
	3426931057
	3426931058
	3426931059
	3426931060
	3426931061
	3426931062
	3426931063
	3426931064
	3426931065
	3426931066
	3426931067
	3426931068
	3426931069
	3426931070
	3426931071
	3426931072
	3426931073
	3426931074
	3426931075
	3426931076
	3426931077
	3426931078
	3426931079
	3426931080
	3426931081
	3426931082
	3426931083
	3426931084
	3426931085
	3426931086
	3426931087
	3426931088
	3426931089
	3426931090
	3426931091
	3426931092
	3426931093
	3426931094
	3426931095
	3426931096
	3426931097
	3426931098
	3426931099
	3426931100
	3426931101
	3426931102
	3426931103
	3426931104
	3426931105
	3426931106
	3426931107
	3426931108
	3426931109
	3426931110
	3426931111
	3426931112
	3426931113
	3426931114
	3426931115
	3426931116
	3426931117
	3426931118
	3426931119
	3426931120
	3426931121
	3426931122
	3426931123
	3426931124
	3426931125
	3426931126
	3426931127
	3426931128
	3426931129
	3426931130
	3426931131
	3426931132
	3426931133
	3426931134
	3426931135
	3426931136
	3426931137
	3426931138
	3426931139
	3426931140
	3426931141
	3426931142
	3426931143
	3426931144
	3426931145
	3426931146
	3426931147
	3426931148
	3426931149
	3426931150
	3426931151
	3426931152
	3426931153
	3426931154
	3426931155
	3426931156
	3426931157
	3426931158
	3426931159
	3426931160
	3426931161
	3426931162
	3426931163
	3426931164
	3426931165
	3426931166
	3426931167
	3426931168
	3426931169
	3426931170
	3426931171
	3426931172
	3426931173
	3426931174
	3426931175
	3426931176
	3426931177
	3426931178
	3426931179
	3426931180
	3426931181
	3426931182
	3426931183
	3426931184
	3426931185
	3426931186
	3426931187
	3426931188
	3426931189
	3426931190
	3426931191
	3426931192
	3426931193
	3426931194
	3426931195
	3426931196
	3426931197
	3426931198
	3426931199
	3426931200
	3426931201
	3426931202
	3426931203
	3426931204
	3426931205
	3426931206
	3426931207
	3426931208
	3426931209
	3426931210
	3426931211
	3426931212
	3426931213
	3426931214
	3426931215
	3426931216
	3426931217
	3426931218
	3426931219
	3426931220
	3426931221
	3426931222
	3426931223
	3426931224
	3426931225
	3426931226
	3426931227
	3426931228
	3426931229
	3426931230
	3426931231
	3426931232
	3426931233
	3426931234
	3426931235
	3426931236
	3426931237
	3426931238
	3426931239
	3426931240
	3426931241
	3426931242
	3426931243
	3426931244
	3426931245
	3426931246
	3426931247
	3426931248
	3426931249
	3426931250
	3426931251
	3426931252
	3426931253
	3426931254
	3426931255
	3426931256
	3426931257
	3426931258
	3426931259
	3426931260
	3426931261
	3426931262
	3426931263
	3426931264
	3426931265
	3426931266
	3426931267
	3426931268
	3426931269
	3426931270
	3426931271
	3426931272
	3426931273
	3426931274
	3426931275
	3426931276
	3426931277
	3426931278
	3426931279
	3426931280
	3426931281
	3426931282
	3426931283
	3426931284
	3426931285
	3426931286
	3426931287
	3426931288
	3426931289
	3426931290
	3426931291
	3426931292
	3426931293
	3426931294
	3426931295
	3426931296
	3426931297
	3426931298
	3426931299
	3426931300
	3426931301
	3426931302
	3426931303
	3426931304
	3426931305
	3426931306
	3426931307
	3426931308
	3426931309
	3426931310
	3426931311
	3426931312
	3426931313
	3426931314
	3426931315
	3426931316
	3426931317
	3426931318
	3426931319
	3426931320
	3426931321
	3426931322
	3426931323
	3426931324
	3426931325
	3426931326
	3426931327
	3426931328
	3426931329
	3426931330
	3426931331
	3426931332
	3426931333
	3426931334
	3426931335
	3426931336
	3426931337
	3426931338
	3426931339
	3426931340
	3426931341
	3426931342
	3426931343
	3426931344
	3426931345
	3426931346
	3426931347
	3426931348
	3426931349
	3426931350
	3426931351
	3426931352
	3426931353
	3426931354
	3426931355
	3426931356
	3426931357
	3426931358
	3426931359
	3426931360
	3426931361
	3426931362
	3426931363
	3426931364
	3426931365
	3426931366
	3426931367
	3426931368
	3426931369
	3426931370
	3426931371
	3426931372
	3426931373
	3426931374
	3426931375
	3426931376
	3426931377
	3426931378
	3426931379
	3426931380
	3426931381
	3426931382
	3426931383
	3426931384
	3426931385
	3426931386
	3426931387
	3426931388
	3426931389
	3426931390
	3426931391
	3426931392
	3426931393
	3426931394
	3426931395
	3426931396
	3426931397
	3426931398
	3426931399
	3426931400
	3426931401
	3426931402
	3426931403
	3426931404
	3426931405
	3426931406
	3426931407
	3426931408
	3426931409
	3426931410
	3426931411
	3426931412
	3426931413
	3426931414
	3426931415
	3426931416
	3426931417
	3426931418
	3426931419
	3426931420
	3426931421
	3426931422
	3426931423
	3426931424
	3426931425
	3426931426
	3426931427
	3426931428
	3426931429
	3426931430
	3426931431
	3426931432
	3426931433
	3426931434
	3426931435
	3426931436
	3426931437
	3426931438
	3426931439
	3426931440
	3426931441
	3426931442
	3426931443
	3426931444
	3426931445
	3426931446
	3426931447
	3426931448
	3426931449
	3426931450
	3426931451
	3426931452
	3426931453
	3426931454
	3426931455
	3426931456
	3426931457
	3426931458
	3426931459
	3426931460
	3426931461
	3426931462
	3426931463
	3426931464
	3426931465
	3426931466
	3426931467
	3426931468
	3426931469
	3426931470
	3426931471
	3426931472
	3426931473
	3426931474
	3426931475
	3426931476
	3426931477
	3426931478
	3426931479
	3426931480
	3426931481
	3426931482
	3426931483
	3426931484
	3426931485
	3426931486
	3426931487
	3426931488
	3426931489
	3426931490
	3426931491
	3426931492
	3426931493
	3426931494
	3426931495
	3426931496
	3426931497
	3426931498
	3426931499
	3426931500
	3426931501
	3426931502
	3426931503
	3426931504
	3426931505
	3426931506
	3426931507
	3426931508
	3426931509
	3426931510
	3426931511
	3426931512
	3426931513
	3426931514
	3426931515
	3426931516
	3426931517
	3426931518
	3426931519
	3426931520
	3426931521
	3426931522
	3426931523
	3426931524
	3426931525
	3426931526
	3426931527
	3426931528
	3426931529
	3426931530
	3426931531
	3426931532
	3426931533
	3426931534
	3426931535
	3426931536
	3426931537
	3426931538
	3426931539
	3426931540
	3426931541
	3426931542
	3426931543
	3426931544
	3426931545
	3426931546
	3426931547
	3426931548
	3426931549
	3426931550
	3426931551
	3426931552
	3426931553
	3426931554
	3426931555
	3426931556
	3426931557
	3426931558
	3426931559
	3426931560
	3426931561
	3426931562
	3426931563
	3426931564
	3426931565
	3426931566
	3426931567
	3426931568
	3426931569
	3426931570
	3426931571
	3426931572
	3426931573
	3426931574
	3426931575
	3426931576
	3426931577
	3426931578
	3426931579
	3426931580
	3426931581
	3426931582
	3426931583
	3426931584
	3426931585
	3426931586
	3426931587
	3426931588
	3426931589
	3426931590
	3426931591
	3426931592
	3426931593
	3426931594
	3426931595
	3426931596
	3426931597
	3426931598
	3426931599
	3426931600
	3426931601
	3426931602
	3426931603
	3426931604
	3426931605
	3426931606
	3426931607
	3426931608
	3426931609
	3426931610
	3426931611
	3426931612
	3426931613
	3426931614
	3426931615
	3426931616
	3426931617
	3426931618
	3426931619
	3426931620
	3426931621
	3426931622
	3426931623
	3426931624
	3426931625
	3426931626
	3426931627
	3426931628
	3426931629
	3426931630
	3426931631
	3426931632
	3426931633
	3426931634
	3426931635
	3426931636
	3426931637
	3426931638
	3426931639
	3426931640
	3426931641
	3426931642
	3426931643
	3426931644
	3426931645
	3426931646
	3426931647
	3426931648
	3426931649
	3426931650
	3426931651
	3426931652
	3426931653
	3426931654
	3426931655
	3426931656
	3426931657
	3426931658
	3426931659
	3426931660
	3426931661
	3426931662
	3426931663
	3426931664
	3426931665
	3426931666
	3426931667
	3426931668
	3426931669
	3426931670
	3426931671
	3426931672
	3426931673
	3426931674
	3426931675
	3426931676
	3426931677
	3426931678
	3426931679
	3426931680
	3426931681
	3426931682
	3426931683
	3426931684
	3426931685
	3426931686
	3426931687
	3426931688
	3426931689
	3426931690
	3426931691
	3426931692
	3426931693
	3426931694
	3426931695
	3426931696
	3426931697
	3426931698
	3426931699
	3426931700
	3426931701
	3426931702
	3426931703
	3426931704
	3426931705
	3426931706
	3426931707
	3426931708
	3426931709
	3426931710
	3426931711
	3426931712
	3426931713
	3426931714
	3426931715
	3426931716
	3426931717
	3426931718
	3426931719
	3426931720
	3426931721
	3426931722
	3426931723
	3426931724
	3426931725
	3426931726
	3426931727
	3426931728
	3426931729
	3426931730
	3426931731
	3426931732
	3426931733
	3426931734
	3426931735
	3426931736
	3426931737
	3426931738
	3426931739
	3426931740
	3426931741
	3426931742
	3426931743
	3426931744
	3426931745
	3426931746
	3426931747
	3426931748
	3426931749
	3426931750
	3426931751
	3426931752
	3426931753
	3426931754
	3426931755
	3426931756
	3426931757
	3426931758
	3426931759
	3426931760
	3426931761
	3426931762
	3426931763
	3426931764
	3426931765
	3426931766
	3426931767
	3426931768
	3426931769
	3426931770
	3426931771
	3426931772
	3426931773
	3426931774
	3426931775
	3426931776
	3426931777
	3426931778
	3426931779
	3426931780
	3426931781
	3426931782
	3426931783
	3426931784
	3426931785
	3426931786
	3426931787
	3426931788
	3426931789
	3426931790
	3426931791
	3426931792
	3426931793
	3426931794
	3426931795
	3426931796
	3426931797
	3426931798
	3426931799
	3426931800
	3426931801
	3426931802
	3426931803
	3426931804
	3426931805
	3426931806
	3426931807
	3426931808
	3426931809
	3426931810
	3426931811
	3426931812
	3426931813
	3426931814
	3426931815
	3426931816
	3426931817
	3426931818
	3426931819
	3426931820
	3426931821
	3426931822
	3426931823
	3426931824
	3426931825
	3426931826
	3426931827
	3426931828
	3426931829
	3426931830
	3426931831
	3426931832
	3426931833
	3426931834
	3426931835
	3426931836
	3426931837
	3426931838
	3426931839
	3426931840
	3426931841
	3426931842
	3426931843
	3426931844
	3426931845
	3426931846
	3426931847
	3426931848
	3426931849
	3426931850
	3426931851
	3426931852
	3426931853
	3426931854
	3426931855
	3426931856
	3426931857
	3426931858
	3426931859
	3426931860
	3426931861
	3426931862
	3426931863
	3426931864
	3426931865
	3426931866
	3426931867
	3426931868
	3426931869
	3426931870
	3426931871
	3426931872
	3426931873
	3426931874
	3426931875
	3426931876
	3426931877
	3426931878
	3426931879
	3426931880
	3426931881
	3426931882
	3426931883
	3426931884
	3426931885
	3426931886
	3426931887
	3426931888
	3426931889
	3426931890
	3426931891
	3426931892
	3426931893
	3426931894
	3426931895
	3426931896
	3426931897
	3426931898
	3426931899
	3426931900
	3426931901
	3426931902
	3426931903
	3426931904
	3426931905
	3426931906
	3426931907
	3426931908
	3426931909
	3426931910
	3426931911
	3426931912
	3426931913
	3426931914
	3426931915
	3426931916
	3426931917
	3426931918
	3426931919
	3426931920
	3426931921
	3426931922
	3426931923
	3426931924
	3426931925
	3426931926
	3426931927
	3426931928
	3426931929
	3426931930
	3426931931
	3426931932
	3426931933
	3426931934
	3426931935
	3426931936
	3426931937
	3426931938
	3426931939
	3426931940
	3426931941
	3426931942
	3426931943
	3426931944
	3426931945
	3426931946
	3426931947
	3426931948
	3426931949
	3426931950
	3426931951
	3426931952
	3426931953
	3426931954
	3426931955
	3426931956
	3426931957
	3426931958
	3426931959
	3426931960
	3426931961
	3426931962
	3426931963
	3426931964
	3426931965
	3426931966
	3426931967
	3426931968
	3426931969
	3426931970
	3426931971
	3426931972
	3426931973
	3426931974
	3426931975
	3426931976
	3426931977
	3426931978
	3426931979
	3426931980
	3426931981
	3426931982
	3426931983
	3426931984
	3426931985
	3426931986
	3426931987
	3426931988
	3426931989
	3426931990
	3426931991
	3426931992
	3426931993
	3426931994
	3426931995
	3426931996
	3426931997
	3426931998
	3426931999
	3426932000
	3426932001
	3426932002
	3426932003
	3426932004
	3426932005
	3426932006
	3426932007
	3426932008
	3426932009
	3426932010
	3426932011
	3426932012
	3426932013
	3426932014
	3426932015
	3426932016
	3426932017
	3426932018
	3426932019
	3426932020
	3426932021
	3426932022
	3426932023
	3426932024
	3426932025
	3426932026
	3426932027
	3426932028
	3426932029
	3426932030
	3426932031
	3426932032
	3426932033
	3426932034
	3426932035
	3426932036
	3426932037
	3426932038
	3426932039
	3426932040
	3426932041
	3426932042
	3426932043
	3426932044
	3426932045
	3426932046
	3426932047
	3426932048
	3426932049
	3426932050
	3426932051
	3426932052
	3426932053
	3426932054
	3426932055
	3426932056
	3426932057
	3426932058
	3426932059
	3426932060
	3426932061
	3426932062
	3426932063
	3426932064
	3426932065
	3426932066
	3426932067
	3426932068
	3426932069
	3426932070
	3426932071
	3426932072
	3426932073
	3426932074
	3426932075
	3426932076
	3426932077
	3426932078
	3426932079
	3426932080
	3426932081
	3426932082
	3426932083
	3426932084
	3426932085
	3426932086
	3426932087
	3426932088
	3426932089
	3426932090
	3426932091
	3426932092
	3426932093
	3426932094
	3426932095
	3426932096
	3426932097
	3426932098
	3426932099
	3426932100
	3426932101
	3426932102
	3426932103
	3426932104
	3426932105
	3426932106
	3426932107
	3426932108
	3426932109
	3426932110
	3426932111
	3426932112
	3426932113
	3426932114
	3426932115
	3426932116
	3426932117
	3426932118
	3426932119
	3426932120
	3426932121
	3426932122
	3426932123
	3426932124
	3426932125
	3426932126
	3426932127
	3426932128
	3426932129
	3426932130
	3426932131
	3426932132
	3426932133
	3426932134
	3426932135
	3426932136
	3426932137
	3426932138
	3426932139
	3426932140
	3426932141
	3426932142
	3426932143
	3426932144
	3426932145
	3426932146
	3426932147
	3426932148
	3426932149
	3426932150
	3426932151
	3426932152
	3426932153
	3426932154
	3426932155
	3426932156
	3426932157
	3426932158
	3426932159
	3426932160
	3426932161
	3426932162
	3426932163
	3426932164
	3426932165
	3426932166
	3426932167
	3426932168
	3426932169
	3426932170
	3426932171
	3426932172
	3426932173
	3426932174
	3426932175
	3426932176
	3426932177
	3426932178
	3426932179
	3426932180
	3426932181
	3426932182
	3426932183
	3426932184
	3426932185
	3426932186
	3426932187
	3426932188
	3426932189
	3426932190
	3426932191
	3426932192
	3426932193
	3426932194
	3426932195
	3426932196
	3426932197
	3426932198
	3426932199
	3426932200
	3426932201
	3426932202
	3426932203
	3426932204
	3426932205
	3426932206
	3426932207
	3426932208
	3426932209
	3426932210
	3426932211
	3426932212
	3426932213
	3426932214
	3426932215
	3426932216
	3426932217
	3426932218
	3426932219
	3426932220
	3426932221
	3426932222
	3426932223
	3426932224
	3426932225
	3426932226
	3426932227
	3426932228
	3426932229
	3426932230
	3426932231
	3426932232
	3426932233
	3426932234
	3426932235
	3426932236
	3426932237
	3426932238
	3426932239
	3426932240
	3426932241
	3426932242
	3426932243
	3426932244
	3426932245
	3426932246
	3426932247
	3426932248
	3426932249
	3426932250
	3426932251
	3426932252
	3426932253
	3426932254
	3426932255
	3426932256
	3426932257
	3426932258
	3426932259
	3426932260
	3426932261
	3426932262
	3426932263
	3426932264
	3426932265
	3426932266
	3426932267
	3426932268
	3426932269
	3426932270
	3426932271
	3426932272
	3426932273
	3426932274
	3426932275
	3426932276
	3426932277
	3426932278
	3426932279
	3426932280
	3426932281
	3426932282
	3426932283
	3426932284
	3426932285
	3426932286
	3426932287
	3426932288
	3426932289
	3426932290
	3426932291
	3426932292
	3426932293
	3426932294
	3426932295
	3426932296
	3426932297
	3426932298
	3426932299
	3426932300
	3426932301
	3426932302
	3426932303
	3426932304
	3426932305
	3426932306
	3426932307
	3426932308
	3426932309
	3426932310
	3426932311
	3426932312
	3426932313
	3426932314
	3426932315
	3426932316
	3426932317
	3426932318
	3426932319
	3426932320
	3426932321
	3426932322
	3426932323
	3426932324
	3426932325
	3426932326
	3426932327
	3426932328
	3426932329
	3426932330
	3426932331
	3426932332
	3426932333
	3426932334
	3426932335
	3426932336
	3426932337
	3426932338
	3426932339
	3426932340
	3426932341
	3426932342
	3426932343
	3426932344
	3426932345
	3426932346
	3426932347
	3426932348
	3426932349
	3426932350
	3426932351
	3426932352
	3426932353
	3426932354
	3426932355
	3426932356
	3426932357
	3426932358
	3426932359
	3426932360
	3426932361
	3426932362
	3426932363
	3426932364
	3426932365
	3426932366
	3426932367
	3426932368
	3426932369
	3426932370
	3426932371
	3426932372
	3426932373
	3426932374
	3426932375
	3426932376
	3426932377
	3426932378
	3426932379
	3426932380
	3426932381
	3426932382
	3426932383
	3426932384
	3426932385
	3426932386
	3426932387
	3426932388
	3426932389
	3426932390
	3426932391
	3426932392
	3426932393
	3426932394
	3426932395
	3426932396
	3426932397
	3426932398
	3426932399
	3426932400
	3426932401
	3426932402
	3426932403
	3426932404
	3426932405
	3426932406
	3426932407
	3426932408
	3426932409
	3426932410
	3426932411
	3426932412
	3426932413
	3426932414
	3426932415
	3426932416
	3426932417
	3426932418
	3426932419
	3426932420
	3426932421
	3426932422
	3426932423
	3426932424
	3426932425
	3426932426
	3426932427
	3426932428
	3426932429
	3426932430
	3426932431
	3426932432
	3426932433
	3426932434
	3426932435
	3426932436
	3426932437
	3426932438
	3426932439
	3426932440
	3426932441
	3426932442
	3426932443
	3426932444
	3426932445
	3426932446
	3426932447
	3426932448
	3426932449
	3426932450
	3426932451
	3426932452
	3426932453
	3426932454
	3426932455
	3426932456
	3426932457
	3426932458
	3426932459
	3426932460
	3426932461
	3426932462
	3426932463
	3426932464
	3426932465
	3426932466
	3426932467
	3426932468
	3426932469
	3426932470
	3426932471
	3426932472
	3426932473
	3426932474
	3426932475
	3426932476
	3426932477
	3426932478
	3426932479
	3426932480
	3426932481
	3426932482
	3426932483
	3426932484
	3426932485
	3426932486
	3426932487
	3426932488
	3426932489
	3426932490
	3426932491
	3426932492
	3426932493
	3426932494
	3426932495
	3426932496
	3426932497
	3426932498
	3426932499
	3426932500
	3426932501
	3426932502
	3426932503
	3426932504
	3426932505
	3426932506
	3426932507
	3426932508
	3426932509
	3426932510
	3426932511
	3426932512
	3426932513
	3426932514
	3426932515
	3426932516
	3426932517
	3426932518
	3426932519
	3426932520
	3426932521
	3426932522
	3426932523
	3426932524
	3426932525
	3426932526
	3426932527
	3426932528
	3426932529
	3426932530
	3426932531
	3426932532
	3426932533
	3426932534
	3426932535
	3426932536
	3426932537
	3426932538
	3426932539
	3426932540
	3426932541
	3426932542
	3426932543
	3426932544
	3426932545
	3426932546
	3426932547
	3426932548
