	3426964949
	3426964950
	3426964951
	3426964952
	3426964953
	3426964954
	3426964955
	3426964956
	3426964957
	3426964958
	3426964959
	3426964960
	3426964961
	3426964962
	3426964963
	3426964964
	3426964965
	3426964966
	3426964967
	3426964968
	3426964969
	3426964970
	3426964971
	3426964972
	3426964973
	3426964974
	3426964975
	3426964976
	3426964977
	3426964978
	3426964979
	3426964980
	3426964981
	3426964982
	3426964983
	3426964984
	3426964985
	3426964986
	3426964987
	3426964988
	3426964989
	3426964990
	3426964991
	3426964992
	3426964993
	3426964994
	3426964995
	3426964996
	3426964997
	3426964998
	3426964999
	3426965000
	3426965001
	3426965002
	3426965003
	3426965004
	3426965005
	3426965006
	3426965007
	3426965008
	3426965009
	3426965010
	3426965011
	3426965012
	3426965013
	3426965014
	3426965015
	3426965016
	3426965017
	3426965018
	3426965019
	3426965020
	3426965021
	3426965022
	3426965023
	3426965024
	3426965025
	3426965026
	3426965027
	3426965028
	3426965029
	3426965030
	3426965031
	3426965032
	3426965033
	3426965034
	3426965035
	3426965036
	3426965037
	3426965038
	3426965039
	3426965040
	3426965041
	3426965042
	3426965043
	3426965044
	3426965045
	3426965046
	3426965047
	3426965048
	3426965049
	3426965050
	3426965051
	3426965052
	3426965053
	3426965054
	3426965055
	3426965056
	3426965057
	3426965058
	3426965059
	3426965060
	3426965061
	3426965062
	3426965063
	3426965064
	3426965065
	3426965066
	3426965067
	3426965068
	3426965069
	3426965070
	3426965071
	3426965072
	3426965073
	3426965074
	3426965075
	3426965076
	3426965077
	3426965078
	3426965079
	3426965080
	3426965081
	3426965082
	3426965083
	3426965084
	3426965085
	3426965086
	3426965087
	3426965088
	3426965089
	3426965090
	3426965091
	3426965092
	3426965093
	3426965094
	3426965095
	3426965096
	3426965097
	3426965098
	3426965099
	3426965100
	3426965101
	3426965102
	3426965103
	3426965104
	3426965105
	3426965106
	3426965107
	3426965108
	3426965109
	3426965110
	3426965111
	3426965112
	3426965113
	3426965114
	3426965115
	3426965116
	3426965117
	3426965118
	3426965119
	3426965120
	3426965121
	3426965122
	3426965123
	3426965124
	3426965125
	3426965126
	3426965127
	3426965128
	3426965129
	3426965130
	3426965131
	3426965132
	3426965133
	3426965134
	3426965135
	3426965136
	3426965137
	3426965138
	3426965139
	3426965140
	3426965141
	3426965142
	3426965143
	3426965144
	3426965145
	3426965146
	3426965147
	3426965148
	3426965149
	3426965150
	3426965151
	3426965152
	3426965153
	3426965154
	3426965155
	3426965156
	3426965157
	3426965158
	3426965159
	3426965160
	3426965161
	3426965162
	3426965163
	3426965164
	3426965165
	3426965166
	3426965167
	3426965168
	3426965169
	3426965170
	3426965171
	3426965172
	3426965173
	3426965174
	3426965175
	3426965176
	3426965177
	3426965178
	3426965179
	3426965180
	3426965181
	3426965182
	3426965183
	3426965184
	3426965185
	3426965186
	3426965187
	3426965188
	3426965189
	3426965190
	3426965191
	3426965192
	3426965193
	3426965194
	3426965195
	3426965196
	3426965197
	3426965198
	3426965199
	3426965200
	3426965201
	3426965202
	3426965203
	3426965204
	3426965205
	3426965206
	3426965207
	3426965208
	3426965209
	3426965210
	3426965211
	3426965212
	3426965213
	3426965214
	3426965215
	3426965216
	3426965217
	3426965218
	3426965219
	3426965220
	3426965221
	3426965222
	3426965223
	3426965224
	3426965225
	3426965226
	3426965227
	3426965228
	3426965229
	3426965230
	3426965231
	3426965232
	3426965233
	3426965234
	3426965235
	3426965236
	3426965237
	3426965238
	3426965239
	3426965240
	3426965241
	3426965242
	3426965243
	3426965244
	3426965245
	3426965246
	3426965247
	3426965248
	3426965249
	3426965250
	3426965251
	3426965252
	3426965253
	3426965254
	3426965255
	3426965256
	3426965257
	3426965258
	3426965259
	3426965260
	3426965261
	3426965262
	3426965263
	3426965264
	3426965265
	3426965266
	3426965267
	3426965268
	3426965269
	3426965270
	3426965271
	3426965272
	3426965273
	3426965274
	3426965275
	3426965276
	3426965277
	3426965278
	3426965279
	3426965280
	3426965281
	3426965282
	3426965283
	3426965284
	3426965285
	3426965286
	3426965287
	3426965288
	3426965289
	3426965290
	3426965291
	3426965292
	3426965293
	3426965294
	3426965295
	3426965296
	3426965297
	3426965298
	3426965299
	3426965300
	3426965301
	3426965302
	3426965303
	3426965304
	3426965305
	3426965306
	3426965307
	3426965308
	3426965309
	3426965310
	3426965311
	3426965312
	3426965313
	3426965314
	3426965315
	3426965316
	3426965317
	3426965318
	3426965319
	3426965320
	3426965321
	3426965322
	3426965323
	3426965324
	3426965325
	3426965326
	3426965327
	3426965328
	3426965329
	3426965330
	3426965331
	3426965332
	3426965333
	3426965334
	3426965335
	3426965336
	3426965337
	3426965338
	3426965339
	3426965340
	3426965341
	3426965342
	3426965343
	3426965344
	3426965345
	3426965346
	3426965347
	3426965348
	3426965349
	3426965350
	3426965351
	3426965352
	3426965353
	3426965354
	3426965355
	3426965356
	3426965357
	3426965358
	3426965359
	3426965360
	3426965361
	3426965362
	3426965363
	3426965364
	3426965365
	3426965366
	3426965367
	3426965368
	3426965369
	3426965370
	3426965371
	3426965372
	3426965373
	3426965374
	3426965375
	3426965376
	3426965377
	3426965378
	3426965379
	3426965380
	3426965381
	3426965382
	3426965383
	3426965384
	3426965385
	3426965386
	3426965387
	3426965388
	3426965389
	3426965390
	3426965391
	3426965392
	3426965393
	3426965394
	3426965395
	3426965396
	3426965397
	3426965398
	3426965399
	3426965400
	3426965401
	3426965402
	3426965403
	3426965404
	3426965405
	3426965406
	3426965407
	3426965408
	3426965409
	3426965410
	3426965411
	3426965412
	3426965413
	3426965414
	3426965415
	3426965416
	3426965417
	3426965418
	3426965419
	3426965420
	3426965421
	3426965422
	3426965423
	3426965424
	3426965425
	3426965426
	3426965427
	3426965428
	3426965429
	3426965430
	3426965431
	3426965432
	3426965433
	3426965434
	3426965435
	3426965436
	3426965437
	3426965438
	3426965439
	3426965440
	3426965441
	3426965442
	3426965443
	3426965444
	3426965445
	3426965446
	3426965447
	3426965448
	3426965449
	3426965450
	3426965451
	3426965452
	3426965453
	3426965454
	3426965455
	3426965456
	3426965457
	3426965458
	3426965459
	3426965460
	3426965461
	3426965462
	3426965463
	3426965464
	3426965465
	3426965466
	3426965467
	3426965468
	3426965469
	3426965470
	3426965471
	3426965472
	3426965473
	3426965474
	3426965475
	3426965476
	3426965477
	3426965478
	3426965479
	3426965480
	3426965481
	3426965482
	3426965483
	3426965484
	3426965485
	3426965486
	3426965487
	3426965488
	3426965489
	3426965490
	3426965491
	3426965492
	3426965493
	3426965494
	3426965495
	3426965496
	3426965497
	3426965498
	3426965499
	3426965500
	3426965501
	3426965502
	3426965503
	3426965504
	3426965505
	3426965506
	3426965507
	3426965508
	3426965509
	3426965510
	3426965511
	3426965512
	3426965513
	3426965514
	3426965515
	3426965516
	3426965517
	3426965518
	3426965519
	3426965520
	3426965521
	3426965522
	3426965523
	3426965524
	3426965525
	3426965526
	3426965527
	3426965528
	3426965529
	3426965530
	3426965531
	3426965532
	3426965533
	3426965534
	3426965535
	3426965536
	3426965537
	3426965538
	3426965539
	3426965540
	3426965541
	3426965542
	3426965543
	3426965544
	3426965545
	3426965546
	3426965547
	3426965548
	3426965549
	3426965550
	3426965551
	3426965552
	3426965553
	3426965554
	3426965555
	3426965556
	3426965557
	3426965558
	3426965559
	3426965560
	3426965561
	3426965562
	3426965563
	3426965564
	3426965565
	3426965566
	3426965567
	3426965568
	3426965569
	3426965570
	3426965571
	3426965572
	3426965573
	3426965574
	3426965575
	3426965576
	3426965577
	3426965578
	3426965579
	3426965580
	3426965581
	3426965582
	3426965583
	3426965584
	3426965585
	3426965586
	3426965587
	3426965588
	3426965589
	3426965590
	3426965591
	3426965592
	3426965593
	3426965594
	3426965595
	3426965596
	3426965597
	3426965598
	3426965599
	3426965600
	3426965601
	3426965602
	3426965603
	3426965604
	3426965605
	3426965606
	3426965607
	3426965608
	3426965609
	3426965610
	3426965611
	3426965612
	3426965613
	3426965614
	3426965615
	3426965616
	3426965617
	3426965618
	3426965619
	3426965620
	3426965621
	3426965622
	3426965623
	3426965624
	3426965625
	3426965626
	3426965627
	3426965628
	3426965629
	3426965630
	3426965631
	3426965632
	3426965633
	3426965634
	3426965635
	3426965636
	3426965637
	3426965638
	3426965639
	3426965640
	3426965641
	3426965642
	3426965643
	3426965644
	3426965645
	3426965646
	3426965647
	3426965648
	3426965649
	3426965650
	3426965651
	3426965652
	3426965653
	3426965654
	3426965655
	3426965656
	3426965657
	3426965658
	3426965659
	3426965660
	3426965661
	3426965662
	3426965663
	3426965664
	3426965665
	3426965666
	3426965667
	3426965668
	3426965669
	3426965670
	3426965671
	3426965672
	3426965673
	3426965674
	3426965675
	3426965676
	3426965677
	3426965678
	3426965679
	3426965680
	3426965681
	3426965682
	3426965683
	3426965684
	3426965685
	3426965686
	3426965687
	3426965688
	3426965689
	3426965690
	3426965691
	3426965692
	3426965693
	3426965694
	3426965695
	3426965696
	3426965697
	3426965698
	3426965699
	3426965700
	3426965701
	3426965702
	3426965703
	3426965704
	3426965705
	3426965706
	3426965707
	3426965708
	3426965709
	3426965710
	3426965711
	3426965712
	3426965713
	3426965714
	3426965715
	3426965716
	3426965717
	3426965718
	3426965719
	3426965720
	3426965721
	3426965722
	3426965723
	3426965724
	3426965725
	3426965726
	3426965727
	3426965728
	3426965729
	3426965730
	3426965731
	3426965732
	3426965733
	3426965734
	3426965735
	3426965736
	3426965737
	3426965738
	3426965739
	3426965740
	3426965741
	3426965742
	3426965743
	3426965744
	3426965745
	3426965746
	3426965747
	3426965748
	3426965749
	3426965750
	3426965751
	3426965752
	3426965753
	3426965754
	3426965755
	3426965756
	3426965757
	3426965758
	3426965759
	3426965760
	3426965761
	3426965762
	3426965763
	3426965764
	3426965765
	3426965766
	3426965767
	3426965768
	3426965769
	3426965770
	3426965771
	3426965772
	3426965773
	3426965774
	3426965775
	3426965776
	3426965777
	3426965778
	3426965779
	3426965780
	3426965781
	3426965782
	3426965783
	3426965784
	3426965785
	3426965786
	3426965787
	3426965788
	3426965789
	3426965790
	3426965791
	3426965792
	3426965793
	3426965794
	3426965795
	3426965796
	3426965797
	3426965798
	3426965799
	3426965800
	3426965801
	3426965802
	3426965803
	3426965804
	3426965805
	3426965806
	3426965807
	3426965808
	3426965809
	3426965810
	3426965811
	3426965812
	3426965813
	3426965814
	3426965815
	3426965816
	3426965817
	3426965818
	3426965819
	3426965820
	3426965821
	3426965822
	3426965823
	3426965824
	3426965825
	3426965826
	3426965827
	3426965828
	3426965829
	3426965830
	3426965831
	3426965832
	3426965833
	3426965834
	3426965835
	3426965836
	3426965837
	3426965838
	3426965839
	3426965840
	3426965841
	3426965842
	3426965843
	3426965844
	3426965845
	3426965846
	3426965847
	3426965848
	3426965849
	3426965850
	3426965851
	3426965852
	3426965853
	3426965854
	3426965855
	3426965856
	3426965857
	3426965858
	3426965859
	3426965860
	3426965861
	3426965862
	3426965863
	3426965864
	3426965865
	3426965866
	3426965867
	3426965868
	3426965869
	3426965870
	3426965871
	3426965872
	3426965873
	3426965874
	3426965875
	3426965876
	3426965877
	3426965878
	3426965879
	3426965880
	3426965881
	3426965882
	3426965883
	3426965884
	3426965885
	3426965886
	3426965887
	3426965888
	3426965889
	3426965890
	3426965891
	3426965892
	3426965893
	3426965894
	3426965895
	3426965896
	3426965897
	3426965898
	3426965899
	3426965900
	3426965901
	3426965902
	3426965903
	3426965904
	3426965905
	3426965906
	3426965907
	3426965908
	3426965909
	3426965910
	3426965911
	3426965912
	3426965913
	3426965914
	3426965915
	3426965916
	3426965917
	3426965918
	3426965919
	3426965920
	3426965921
	3426965922
	3426965923
	3426965924
	3426965925
	3426965926
	3426965927
	3426965928
	3426965929
	3426965930
	3426965931
	3426965932
	3426965933
	3426965934
	3426965935
	3426965936
	3426965937
	3426965938
	3426965939
	3426965940
	3426965941
	3426965942
	3426965943
	3426965944
	3426965945
	3426965946
	3426965947
	3426965948
	3426965949
	3426965950
	3426965951
	3426965952
	3426965953
	3426965954
	3426965955
	3426965956
	3426965957
	3426965958
	3426965959
	3426965960
	3426965961
	3426965962
	3426965963
	3426965964
	3426965965
	3426965966
	3426965967
	3426965968
	3426965969
	3426965970
	3426965971
	3426965972
	3426965973
	3426965974
	3426965975
	3426965976
	3426965977
	3426965978
	3426965979
	3426965980
	3426965981
	3426965982
	3426965983
	3426965984
	3426965985
	3426965986
	3426965987
	3426965988
	3426965989
	3426965990
	3426965991
	3426965992
	3426965993
	3426965994
	3426965995
	3426965996
	3426965997
	3426965998
	3426965999
	3426966000
	3426966001
	3426966002
	3426966003
	3426966004
	3426966005
	3426966006
	3426966007
	3426966008
	3426966009
	3426966010
	3426966011
	3426966012
	3426966013
	3426966014
	3426966015
	3426966016
	3426966017
	3426966018
	3426966019
	3426966020
	3426966021
	3426966022
	3426966023
	3426966024
	3426966025
	3426966026
	3426966027
	3426966028
	3426966029
	3426966030
	3426966031
	3426966032
	3426966033
	3426966034
	3426966035
	3426966036
	3426966037
	3426966038
	3426966039
	3426966040
	3426966041
	3426966042
	3426966043
	3426966044
	3426966045
	3426966046
	3426966047
	3426966048
	3426966049
	3426966050
	3426966051
	3426966052
	3426966053
	3426966054
	3426966055
	3426966056
	3426966057
	3426966058
	3426966059
	3426966060
	3426966061
	3426966062
	3426966063
	3426966064
	3426966065
	3426966066
	3426966067
	3426966068
	3426966069
	3426966070
	3426966071
	3426966072
	3426966073
	3426966074
	3426966075
	3426966076
	3426966077
	3426966078
	3426966079
	3426966080
	3426966081
	3426966082
	3426966083
	3426966084
	3426966085
	3426966086
	3426966087
	3426966088
	3426966089
	3426966090
	3426966091
	3426966092
	3426966093
	3426966094
	3426966095
	3426966096
	3426966097
	3426966098
	3426966099
	3426966100
	3426966101
	3426966102
	3426966103
	3426966104
	3426966105
	3426966106
	3426966107
	3426966108
	3426966109
	3426966110
	3426966111
	3426966112
	3426966113
	3426966114
	3426966115
	3426966116
	3426966117
	3426966118
	3426966119
	3426966120
	3426966121
	3426966122
	3426966123
	3426966124
	3426966125
	3426966126
	3426966127
	3426966128
	3426966129
	3426966130
	3426966131
	3426966132
	3426966133
	3426966134
	3426966135
	3426966136
	3426966137
	3426966138
	3426966139
	3426966140
	3426966141
	3426966142
	3426966143
	3426966144
	3426966145
	3426966146
	3426966147
	3426966148
	3426966149
	3426966150
	3426966151
	3426966152
	3426966153
	3426966154
	3426966155
	3426966156
	3426966157
	3426966158
	3426966159
	3426966160
	3426966161
	3426966162
	3426966163
	3426966164
	3426966165
	3426966166
	3426966167
	3426966168
	3426966169
	3426966170
	3426966171
	3426966172
	3426966173
	3426966174
	3426966175
	3426966176
	3426966177
	3426966178
	3426966179
	3426966180
	3426966181
	3426966182
	3426966183
	3426966184
	3426966185
	3426966186
	3426966187
	3426966188
	3426966189
	3426966190
	3426966191
	3426966192
	3426966193
	3426966194
	3426966195
	3426966196
	3426966197
	3426966198
	3426966199
	3426966200
	3426966201
	3426966202
	3426966203
	3426966204
	3426966205
	3426966206
	3426966207
	3426966208
	3426966209
	3426966210
	3426966211
	3426966212
	3426966213
	3426966214
	3426966215
	3426966216
	3426966217
	3426966218
	3426966219
	3426966220
	3426966221
	3426966222
	3426966223
	3426966224
	3426966225
	3426966226
	3426966227
	3426966228
	3426966229
	3426966230
	3426966231
	3426966232
	3426966233
	3426966234
	3426966235
	3426966236
	3426966237
	3426966238
	3426966239
	3426966240
	3426966241
	3426966242
	3426966243
	3426966244
	3426966245
	3426966246
	3426966247
	3426966248
	3426966249
	3426966250
	3426966251
	3426966252
	3426966253
	3426966254
	3426966255
	3426966256
	3426966257
	3426966258
	3426966259
	3426966260
	3426966261
	3426966262
	3426966263
	3426966264
	3426966265
	3426966266
	3426966267
	3426966268
	3426966269
	3426966270
	3426966271
	3426966272
	3426966273
	3426966274
	3426966275
	3426966276
	3426966277
	3426966278
	3426966279
	3426966280
	3426966281
	3426966282
	3426966283
	3426966284
	3426966285
	3426966286
	3426966287
	3426966288
	3426966289
	3426966290
	3426966291
	3426966292
	3426966293
	3426966294
	3426966295
	3426966296
	3426966297
	3426966298
	3426966299
	3426966300
	3426966301
	3426966302
	3426966303
	3426966304
	3426966305
	3426966306
	3426966307
	3426966308
	3426966309
	3426966310
	3426966311
	3426966312
	3426966313
	3426966314
	3426966315
	3426966316
	3426966317
	3426966318
	3426966319
	3426966320
	3426966321
	3426966322
	3426966323
	3426966324
	3426966325
	3426966326
	3426966327
	3426966328
	3426966329
	3426966330
	3426966331
	3426966332
	3426966333
	3426966334
	3426966335
	3426966336
	3426966337
	3426966338
	3426966339
	3426966340
	3426966341
	3426966342
	3426966343
	3426966344
	3426966345
	3426966346
	3426966347
	3426966348
	3426966349
	3426966350
	3426966351
	3426966352
	3426966353
	3426966354
	3426966355
	3426966356
	3426966357
	3426966358
	3426966359
	3426966360
	3426966361
	3426966362
	3426966363
	3426966364
	3426966365
	3426966366
	3426966367
	3426966368
	3426966369
	3426966370
	3426966371
	3426966372
	3426966373
	3426966374
	3426966375
	3426966376
	3426966377
	3426966378
	3426966379
	3426966380
	3426966381
	3426966382
	3426966383
	3426966384
	3426966385
	3426966386
	3426966387
	3426966388
	3426966389
	3426966390
	3426966391
	3426966392
	3426966393
	3426966394
	3426966395
	3426966396
	3426966397
	3426966398
	3426966399
	3426966400
	3426966401
	3426966402
	3426966403
	3426966404
	3426966405
	3426966406
	3426966407
	3426966408
	3426966409
	3426966410
	3426966411
	3426966412
	3426966413
	3426966414
	3426966415
	3426966416
	3426966417
	3426966418
	3426966419
	3426966420
	3426966421
	3426966422
	3426966423
	3426966424
	3426966425
	3426966426
	3426966427
	3426966428
	3426966429
	3426966430
	3426966431
	3426966432
	3426966433
	3426966434
	3426966435
	3426966436
	3426966437
	3426966438
	3426966439
	3426966440
	3426966441
	3426966442
	3426966443
	3426966444
	3426966445
	3426966446
	3426966447
	3426966448
	3426966449
	3426966450
	3426966451
	3426966452
	3426966453
	3426966454
	3426966455
	3426966456
	3426966457
	3426966458
	3426966459
	3426966460
	3426966461
	3426966462
	3426966463
	3426966464
	3426966465
	3426966466
	3426966467
	3426966468
	3426966469
	3426966470
	3426966471
	3426966472
	3426966473
	3426966474
	3426966475
	3426966476
	3426966477
	3426966478
	3426966479
	3426966480
	3426966481
	3426966482
	3426966483
	3426966484
	3426966485
	3426966486
	3426966487
	3426966488
	3426966489
	3426966490
	3426966491
	3426966492
	3426966493
	3426966494
	3426966495
	3426966496
	3426966497
	3426966498
	3426966499
	3426966500
	3426966501
	3426966502
	3426966503
	3426966504
	3426966505
	3426966506
	3426966507
	3426966508
	3426966509
	3426966510
	3426966511
	3426966512
	3426966513
	3426966514
	3426966515
	3426966516
	3426966517
	3426966518
	3426966519
	3426966520
	3426966521
	3426966522
	3426966523
	3426966524
	3426966525
	3426966526
	3426966527
	3426966528
	3426966529
	3426966530
	3426966531
	3426966532
	3426966533
	3426966534
	3426966535
	3426966536
	3426966537
	3426966538
	3426966539
	3426966540
	3426966541
	3426966542
	3426966543
	3426966544
	3426966545
	3426966546
	3426966547
	3426966548
	3426966549
	3426966550
	3426966551
	3426966552
	3426966553
	3426966554
	3426966555
	3426966556
	3426966557
	3426966558
	3426966559
	3426966560
	3426966561
	3426966562
	3426966563
	3426966564
	3426966565
	3426966566
	3426966567
	3426966568
	3426966569
	3426966570
	3426966571
	3426966572
	3426966573
	3426966574
	3426966575
	3426966576
	3426966577
	3426966578
	3426966579
	3426966580
	3426966581
	3426966582
	3426966583
	3426966584
	3426966585
	3426966586
	3426966587
	3426966588
	3426966589
	3426966590
	3426966591
	3426966592
	3426966593
	3426966594
	3426966595
	3426966596
	3426966597
	3426966598
	3426966599
	3426966600
	3426966601
	3426966602
	3426966603
	3426966604
	3426966605
	3426966606
	3426966607
	3426966608
	3426966609
	3426966610
	3426966611
	3426966612
	3426966613
	3426966614
	3426966615
	3426966616
	3426966617
	3426966618
	3426966619
	3426966620
	3426966621
	3426966622
	3426966623
	3426966624
	3426966625
	3426966626
	3426966627
	3426966628
	3426966629
	3426966630
	3426966631
	3426966632
	3426966633
	3426966634
	3426966635
	3426966636
	3426966637
	3426966638
	3426966639
	3426966640
	3426966641
	3426966642
	3426966643
	3426966644
	3426966645
	3426966646
	3426966647
	3426966648
	3426966649
	3426966650
	3426966651
	3426966652
	3426966653
	3426966654
	3426966655
	3426966656
	3426966657
	3426966658
	3426966659
	3426966660
	3426966661
	3426966662
	3426966663
	3426966664
	3426966665
	3426966666
	3426966667
	3426966668
	3426966669
	3426966670
	3426966671
	3426966672
	3426966673
	3426966674
	3426966675
	3426966676
	3426966677
	3426966678
	3426966679
	3426966680
	3426966681
	3426966682
	3426966683
	3426966684
	3426966685
	3426966686
	3426966687
	3426966688
	3426966689
	3426966690
	3426966691
	3426966692
	3426966693
	3426966694
	3426966695
	3426966696
	3426966697
	3426966698
	3426966699
	3426966700
	3426966701
	3426966702
	3426966703
	3426966704
	3426966705
	3426966706
	3426966707
	3426966708
	3426966709
	3426966710
	3426966711
	3426966712
	3426966713
	3426966714
	3426966715
	3426966716
	3426966717
	3426966718
	3426966719
	3426966720
	3426966721
	3426966722
	3426966723
	3426966724
	3426966725
	3426966726
	3426966727
	3426966728
	3426966729
	3426966730
	3426966731
	3426966732
	3426966733
	3426966734
	3426966735
	3426966736
	3426966737
	3426966738
	3426966739
	3426966740
	3426966741
	3426966742
	3426966743
	3426966744
	3426966745
	3426966746
	3426966747
	3426966748
	3426966749
	3426966750
	3426966751
	3426966752
	3426966753
	3426966754
	3426966755
	3426966756
	3426966757
	3426966758
	3426966759
	3426966760
	3426966761
	3426966762
	3426966763
	3426966764
	3426966765
	3426966766
	3426966767
	3426966768
	3426966769
	3426966770
	3426966771
	3426966772
	3426966773
	3426966774
	3426966775
	3426966776
	3426966777
	3426966778
	3426966779
	3426966780
	3426966781
	3426966782
	3426966783
	3426966784
	3426966785
	3426966786
	3426966787
	3426966788
	3426966789
	3426966790
	3426966791
	3426966792
	3426966793
	3426966794
	3426966795
	3426966796
	3426966797
	3426966798
	3426966799
	3426966800
	3426966801
	3426966802
	3426966803
	3426966804
	3426966805
	3426966806
	3426966807
	3426966808
	3426966809
	3426966810
	3426966811
	3426966812
	3426966813
	3426966814
	3426966815
	3426966816
	3426966817
	3426966818
	3426966819
	3426966820
	3426966821
	3426966822
	3426966823
	3426966824
	3426966825
	3426966826
	3426966827
	3426966828
	3426966829
	3426966830
	3426966831
	3426966832
	3426966833
	3426966834
	3426966835
	3426966836
	3426966837
	3426966838
	3426966839
	3426966840
	3426966841
	3426966842
	3426966843
	3426966844
	3426966845
	3426966846
	3426966847
	3426966848
	3426966849
	3426966850
	3426966851
	3426966852
	3426966853
	3426966854
	3426966855
	3426966856
	3426966857
	3426966858
	3426966859
	3426966860
	3426966861
	3426966862
	3426966863
	3426966864
	3426966865
	3426966866
	3426966867
	3426966868
	3426966869
	3426966870
	3426966871
	3426966872
	3426966873
	3426966874
	3426966875
	3426966876
	3426966877
	3426966878
	3426966879
	3426966880
	3426966881
	3426966882
	3426966883
	3426966884
	3426966885
	3426966886
	3426966887
	3426966888
	3426966889
	3426966890
	3426966891
	3426966892
	3426966893
	3426966894
	3426966895
	3426966896
	3426966897
	3426966898
	3426966899
	3426966900
	3426966901
	3426966902
	3426966903
	3426966904
	3426966905
	3426966906
	3426966907
	3426966908
	3426966909
	3426966910
	3426966911
	3426966912
	3426966913
	3426966914
	3426966915
	3426966916
	3426966917
	3426966918
	3426966919
	3426966920
	3426966921
	3426966922
	3426966923
	3426966924
	3426966925
	3426966926
	3426966927
	3426966928
	3426966929
	3426966930
	3426966931
	3426966932
	3426966933
	3426966934
	3426966935
	3426966936
	3426966937
	3426966938
	3426966939
	3426966940
	3426966941
	3426966942
	3426966943
	3426966944
	3426966945
	3426966946
	3426966947
	3426966948
	3426966949
	3426966950
	3426966951
	3426966952
	3426966953
	3426966954
	3426966955
	3426966956
	3426966957
	3426966958
	3426966959
	3426966960
	3426966961
	3426966962
	3426966963
	3426966964
	3426966965
	3426966966
	3426966967
	3426966968
	3426966969
	3426966970
	3426966971
	3426966972
	3426966973
	3426966974
	3426966975
	3426966976
	3426966977
	3426966978
	3426966979
	3426966980
	3426966981
	3426966982
	3426966983
	3426966984
	3426966985
	3426966986
	3426966987
	3426966988
	3426966989
	3426966990
	3426966991
	3426966992
	3426966993
	3426966994
	3426966995
	3426966996
	3426966997
	3426966998
	3426966999
	3426967000
	3426967001
	3426967002
	3426967003
	3426967004
	3426967005
	3426967006
	3426967007
	3426967008
	3426967009
	3426967010
	3426967011
	3426967012
	3426967013
	3426967014
	3426967015
	3426967016
	3426967017
	3426967018
	3426967019
	3426967020
	3426967021
	3426967022
	3426967023
	3426967024
	3426967025
	3426967026
	3426967027
	3426967028
	3426967029
	3426967030
	3426967031
	3426967032
	3426967033
	3426967034
	3426967035
	3426967036
	3426967037
	3426967038
	3426967039
	3426967040
	3426967041
	3426967042
	3426967043
	3426967044
	3426967045
	3426967046
	3426967047
	3426967048
	3426967049
	3426967050
	3426967051
	3426967052
	3426967053
	3426967054
	3426967055
	3426967056
	3426967057
	3426967058
	3426967059
	3426967060
	3426967061
	3426967062
	3426967063
	3426967064
	3426967065
	3426967066
	3426967067
	3426967068
	3426967069
	3426967070
	3426967071
	3426967072
	3426967073
	3426967074
	3426967075
	3426967076
	3426967077
	3426967078
	3426967079
	3426967080
	3426967081
	3426967082
	3426967083
	3426967084
	3426967085
	3426967086
	3426967087
	3426967088
	3426967089
	3426967090
	3426967091
	3426967092
	3426967093
	3426967094
	3426967095
	3426967096
	3426967097
	3426967098
	3426967099
	3426967100
	3426967101
	3426967102
	3426967103
	3426967104
	3426967105
	3426967106
	3426967107
	3426967108
	3426967109
	3426967110
	3426967111
	3426967112
	3426967113
	3426967114
	3426967115
	3426967116
	3426967117
	3426967118
	3426967119
	3426967120
	3426967121
	3426967122
	3426967123
	3426967124
	3426967125
	3426967126
	3426967127
	3426967128
	3426967129
	3426967130
	3426967131
	3426967132
	3426967133
	3426967134
	3426967135
	3426967136
	3426967137
	3426967138
	3426967139
	3426967140
	3426967141
	3426967142
	3426967143
	3426967144
	3426967145
	3426967146
	3426967147
	3426967148
	3426967149
	3426967150
	3426967151
	3426967152
	3426967153
	3426967154
	3426967155
	3426967156
	3426967157
	3426967158
	3426967159
	3426967160
	3426967161
	3426967162
	3426967163
	3426967164
	3426967165
	3426967166
	3426967167
	3426967168
	3426967169
	3426967170
	3426967171
	3426967172
	3426967173
	3426967174
	3426967175
	3426967176
	3426967177
	3426967178
	3426967179
	3426967180
	3426967181
	3426967182
	3426967183
	3426967184
	3426967185
	3426967186
	3426967187
	3426967188
	3426967189
	3426967190
	3426967191
	3426967192
	3426967193
	3426967194
	3426967195
	3426967196
	3426967197
	3426967198
	3426967199
	3426967200
	3426967201
	3426967202
	3426967203
	3426967204
	3426967205
	3426967206
	3426967207
	3426967208
	3426967209
	3426967210
	3426967211
	3426967212
	3426967213
	3426967214
	3426967215
	3426967216
	3426967217
	3426967218
	3426967219
	3426967220
	3426967221
	3426967222
	3426967223
	3426967224
	3426967225
	3426967226
	3426967227
	3426967228
	3426967229
	3426967230
	3426967231
	3426967232
	3426967233
	3426967234
	3426967235
	3426967236
	3426967237
	3426967238
	3426967239
	3426967240
	3426967241
	3426967242
	3426967243
	3426967244
	3426967245
	3426967246
	3426967247
	3426967248
	3426967249
	3426967250
	3426967251
	3426967252
	3426967253
	3426967254
	3426967255
	3426967256
	3426967257
	3426967258
	3426967259
	3426967260
	3426967261
	3426967262
	3426967263
	3426967264
	3426967265
	3426967266
	3426967267
	3426967268
	3426967269
	3426967270
	3426967271
	3426967272
	3426967273
	3426967274
	3426967275
	3426967276
	3426967277
	3426967278
	3426967279
	3426967280
	3426967281
	3426967282
	3426967283
	3426967284
	3426967285
	3426967286
	3426967287
	3426967288
	3426967289
	3426967290
	3426967291
	3426967292
	3426967293
	3426967294
	3426967295
	3426967296
	3426967297
	3426967298
	3426967299
	3426967300
	3426967301
	3426967302
	3426967303
	3426967304
	3426967305
	3426967306
	3426967307
	3426967308
	3426967309
	3426967310
	3426967311
	3426967312
	3426967313
	3426967314
	3426967315
	3426967316
	3426967317
	3426967318
	3426967319
	3426967320
	3426967321
	3426967322
	3426967323
	3426967324
	3426967325
	3426967326
	3426967327
	3426967328
	3426967329
	3426967330
	3426967331
	3426967332
	3426967333
	3426967334
	3426967335
	3426967336
	3426967337
	3426967338
	3426967339
	3426967340
	3426967341
	3426967342
	3426967343
	3426967344
	3426967345
	3426967346
	3426967347
	3426967348
	3426967349
	3426967350
	3426967351
	3426967352
	3426967353
	3426967354
	3426967355
	3426967356
	3426967357
	3426967358
	3426967359
	3426967360
	3426967361
	3426967362
	3426967363
	3426967364
	3426967365
	3426967366
	3426967367
	3426967368
	3426967369
	3426967370
	3426967371
	3426967372
	3426967373
	3426967374
	3426967375
	3426967376
	3426967377
	3426967378
	3426967379
	3426967380
	3426967381
	3426967382
	3426967383
	3426967384
	3426967385
	3426967386
	3426967387
	3426967388
	3426967389
	3426967390
	3426967391
	3426967392
	3426967393
	3426967394
	3426967395
	3426967396
	3426967397
	3426967398
	3426967399
	3426967400
	3426967401
	3426967402
	3426967403
	3426967404
	3426967405
	3426967406
	3426967407
	3426967408
	3426967409
	3426967410
	3426967411
	3426967412
	3426967413
	3426967414
	3426967415
	3426967416
	3426967417
	3426967418
	3426967419
	3426967420
	3426967421
	3426967422
	3426967423
	3426967424
	3426967425
	3426967426
	3426967427
	3426967428
	3426967429
	3426967430
	3426967431
	3426967432
	3426967433
	3426967434
	3426967435
	3426967436
	3426967437
	3426967438
	3426967439
	3426967440
	3426967441
	3426967442
	3426967443
	3426967444
	3426967445
	3426967446
	3426967447
	3426967448
	3426967449
	3426967450
	3426967451
	3426967452
	3426967453
	3426967454
	3426967455
	3426967456
	3426967457
	3426967458
	3426967459
	3426967460
	3426967461
	3426967462
	3426967463
	3426967464
	3426967465
	3426967466
	3426967467
	3426967468
	3426967469
	3426967470
	3426967471
	3426967472
	3426967473
	3426967474
	3426967475
	3426967476
	3426967477
	3426967478
	3426967479
	3426967480
	3426967481
	3426967482
	3426967483
	3426967484
	3426967485
	3426967486
	3426967487
	3426967488
	3426967489
	3426967490
	3426967491
	3426967492
	3426967493
	3426967494
	3426967495
	3426967496
	3426967497
	3426967498
	3426967499
	3426967500
	3426967501
	3426967502
	3426967503
	3426967504
	3426967505
	3426967506
	3426967507
	3426967508
	3426967509
	3426967510
	3426967511
	3426967512
	3426967513
	3426967514
	3426967515
	3426967516
	3426967517
	3426967518
	3426967519
	3426967520
	3426967521
	3426967522
	3426967523
	3426967524
	3426967525
	3426967526
	3426967527
	3426967528
	3426967529
	3426967530
	3426967531
	3426967532
	3426967533
	3426967534
	3426967535
	3426967536
	3426967537
	3426967538
	3426967539
	3426967540
	3426967541
	3426967542
	3426967543
	3426967544
	3426967545
	3426967546
	3426967547
	3426967548
	3426967549
	3426967550
	3426967551
	3426967552
	3426967553
	3426967554
	3426967555
	3426967556
	3426967557
	3426967558
	3426967559
	3426967560
	3426967561
	3426967562
	3426967563
	3426967564
	3426967565
	3426967566
	3426967567
	3426967568
	3426967569
	3426967570
	3426967571
	3426967572
	3426967573
	3426967574
	3426967575
	3426967576
	3426967577
	3426967578
	3426967579
	3426967580
	3426967581
	3426967582
	3426967583
	3426967584
	3426967585
	3426967586
	3426967587
	3426967588
	3426967589
	3426967590
	3426967591
	3426967592
	3426967593
	3426967594
	3426967595
	3426967596
	3426967597
	3426967598
	3426967599
	3426967600
	3426967601
	3426967602
	3426967603
	3426967604
	3426967605
	3426967606
	3426967607
	3426967608
	3426967609
	3426967610
	3426967611
	3426967612
	3426967613
	3426967614
	3426967615
	3426967616
	3426967617
	3426967618
	3426967619
	3426967620
	3426967621
	3426967622
	3426967623
	3426967624
	3426967625
	3426967626
	3426967627
	3426967628
	3426967629
	3426967630
	3426967631
	3426967632
	3426967633
	3426967634
	3426967635
	3426967636
	3426967637
	3426967638
	3426967639
	3426967640
	3426967641
	3426967642
	3426967643
	3426967644
	3426967645
	3426967646
	3426967647
	3426967648
	3426967649
	3426967650
	3426967651
	3426967652
	3426967653
	3426967654
	3426967655
	3426967656
	3426967657
	3426967658
	3426967659
	3426967660
	3426967661
	3426967662
	3426967663
	3426967664
	3426967665
	3426967666
	3426967667
	3426967668
	3426967669
	3426967670
	3426967671
	3426967672
	3426967673
	3426967674
	3426967675
	3426967676
	3426967677
	3426967678
	3426967679
	3426967680
	3426967681
	3426967682
	3426967683
	3426967684
	3426967685
	3426967686
	3426967687
	3426967688
	3426967689
	3426967690
	3426967691
	3426967692
	3426967693
	3426967694
	3426967695
	3426967696
	3426967697
	3426967698
	3426967699
	3426967700
	3426967701
	3426967702
	3426967703
	3426967704
	3426967705
	3426967706
	3426967707
	3426967708
	3426967709
	3426967710
	3426967711
	3426967712
	3426967713
	3426967714
	3426967715
	3426967716
	3426967717
	3426967718
	3426967719
	3426967720
	3426967721
	3426967722
	3426967723
	3426967724
	3426967725
	3426967726
	3426967727
	3426967728
	3426967729
	3426967730
	3426967731
	3426967732
	3426967733
	3426967734
	3426967735
	3426967736
	3426967737
	3426967738
	3426967739
	3426967740
	3426967741
	3426967742
	3426967743
	3426967744
	3426967745
	3426967746
	3426967747
	3426967748
	3426967749
	3426967750
	3426967751
	3426967752
	3426967753
	3426967754
	3426967755
	3426967756
	3426967757
	3426967758
	3426967759
	3426967760
	3426967761
	3426967762
	3426967763
	3426967764
	3426967765
	3426967766
	3426967767
	3426967768
	3426967769
	3426967770
	3426967771
	3426967772
	3426967773
	3426967774
	3426967775
	3426967776
	3426967777
	3426967778
	3426967779
	3426967780
	3426967781
	3426967782
	3426967783
	3426967784
	3426967785
	3426967786
	3426967787
	3426967788
	3426967789
	3426967790
	3426967791
	3426967792
	3426967793
	3426967794
	3426967795
	3426967796
	3426967797
	3426967798
	3426967799
	3426967800
	3426967801
	3426967802
	3426967803
	3426967804
	3426967805
	3426967806
	3426967807
	3426967808
	3426967809
	3426967810
	3426967811
	3426967812
	3426967813
	3426967814
	3426967815
	3426967816
	3426967817
	3426967818
	3426967819
	3426967820
	3426967821
	3426967822
	3426967823
	3426967824
	3426967825
	3426967826
	3426967827
	3426967828
	3426967829
	3426967830
	3426967831
	3426967832
	3426967833
	3426967834
	3426967835
	3426967836
	3426967837
	3426967838
	3426967839
	3426967840
	3426967841
	3426967842
	3426967843
	3426967844
	3426967845
	3426967846
	3426967847
	3426967848
	3426967849
	3426967850
	3426967851
	3426967852
	3426967853
	3426967854
	3426967855
	3426967856
	3426967857
	3426967858
	3426967859
	3426967860
	3426967861
	3426967862
	3426967863
	3426967864
	3426967865
	3426967866
	3426967867
	3426967868
	3426967869
	3426967870
	3426967871
	3426967872
	3426967873
	3426967874
	3426967875
	3426967876
	3426967877
	3426967878
	3426967879
	3426967880
	3426967881
	3426967882
	3426967883
	3426967884
	3426967885
	3426967886
	3426967887
	3426967888
	3426967889
	3426967890
	3426967891
	3426967892
	3426967893
	3426967894
	3426967895
	3426967896
	3426967897
	3426967898
	3426967899
	3426967900
	3426967901
	3426967902
	3426967903
	3426967904
	3426967905
	3426967906
	3426967907
	3426967908
	3426967909
	3426967910
	3426967911
	3426967912
	3426967913
	3426967914
	3426967915
	3426967916
	3426967917
	3426967918
	3426967919
	3426967920
	3426967921
	3426967922
	3426967923
	3426967924
	3426967925
	3426967926
	3426967927
	3426967928
	3426967929
	3426967930
	3426967931
	3426967932
	3426967933
	3426967934
	3426967935
	3426967936
	3426967937
	3426967938
	3426967939
	3426967940
	3426967941
	3426967942
	3426967943
	3426967944
	3426967945
	3426967946
	3426967947
	3426967948
	3426967949
	3426967950
	3426967951
	3426967952
	3426967953
	3426967954
	3426967955
	3426967956
	3426967957
	3426967958
	3426967959
	3426967960
	3426967961
	3426967962
	3426967963
	3426967964
	3426967965
	3426967966
	3426967967
	3426967968
	3426967969
	3426967970
	3426967971
	3426967972
	3426967973
	3426967974
	3426967975
	3426967976
	3426967977
	3426967978
	3426967979
	3426967980
	3426967981
	3426967982
	3426967983
	3426967984
	3426967985
	3426967986
	3426967987
	3426967988
	3426967989
	3426967990
	3426967991
	3426967992
	3426967993
	3426967994
	3426967995
	3426967996
	3426967997
	3426967998
	3426967999
	3426968000
	3426968001
	3426968002
	3426968003
	3426968004
	3426968005
	3426968006
	3426968007
	3426968008
	3426968009
	3426968010
	3426968011
	3426968012
	3426968013
	3426968014
	3426968015
	3426968016
	3426968017
	3426968018
	3426968019
	3426968020
	3426968021
	3426968022
	3426968023
	3426968024
	3426968025
	3426968026
	3426968027
	3426968028
	3426968029
	3426968030
	3426968031
	3426968032
	3426968033
	3426968034
	3426968035
	3426968036
	3426968037
	3426968038
	3426968039
	3426968040
	3426968041
	3426968042
	3426968043
	3426968044
	3426968045
	3426968046
	3426968047
	3426968048
	3426968049
	3426968050
	3426968051
	3426968052
	3426968053
	3426968054
	3426968055
	3426968056
	3426968057
	3426968058
	3426968059
	3426968060
	3426968061
	3426968062
	3426968063
	3426968064
	3426968065
	3426968066
	3426968067
	3426968068
	3426968069
	3426968070
	3426968071
	3426968072
	3426968073
	3426968074
	3426968075
	3426968076
	3426968077
	3426968078
	3426968079
	3426968080
	3426968081
	3426968082
	3426968083
	3426968084
	3426968085
	3426968086
	3426968087
	3426968088
	3426968089
	3426968090
	3426968091
	3426968092
	3426968093
	3426968094
	3426968095
	3426968096
	3426968097
	3426968098
	3426968099
	3426968100
	3426968101
	3426968102
	3426968103
	3426968104
	3426968105
	3426968106
	3426968107
	3426968108
	3426968109
	3426968110
	3426968111
	3426968112
	3426968113
	3426968114
	3426968115
	3426968116
	3426968117
	3426968118
	3426968119
	3426968120
	3426968121
	3426968122
	3426968123
	3426968124
	3426968125
	3426968126
	3426968127
	3426968128
	3426968129
	3426968130
	3426968131
	3426968132
	3426968133
	3426968134
	3426968135
	3426968136
	3426968137
	3426968138
	3426968139
	3426968140
	3426968141
	3426968142
	3426968143
	3426968144
	3426968145
	3426968146
	3426968147
	3426968148
	3426968149
	3426968150
	3426968151
	3426968152
	3426968153
	3426968154
	3426968155
	3426968156
	3426968157
	3426968158
	3426968159
	3426968160
	3426968161
	3426968162
	3426968163
	3426968164
	3426968165
	3426968166
	3426968167
	3426968168
	3426968169
	3426968170
	3426968171
	3426968172
	3426968173
	3426968174
	3426968175
	3426968176
	3426968177
	3426968178
	3426968179
	3426968180
	3426968181
	3426968182
	3426968183
	3426968184
	3426968185
	3426968186
	3426968187
	3426968188
	3426968189
	3426968190
	3426968191
	3426968192
	3426968193
	3426968194
	3426968195
	3426968196
	3426968197
	3426968198
	3426968199
	3426968200
	3426968201
	3426968202
	3426968203
	3426968204
	3426968205
	3426968206
	3426968207
	3426968208
	3426968209
	3426968210
	3426968211
	3426968212
	3426968213
	3426968214
	3426968215
	3426968216
	3426968217
	3426968218
	3426968219
	3426968220
	3426968221
	3426968222
	3426968223
	3426968224
	3426968225
	3426968226
	3426968227
	3426968228
	3426968229
	3426968230
	3426968231
	3426968232
	3426968233
	3426968234
	3426968235
	3426968236
	3426968237
	3426968238
	3426968239
	3426968240
	3426968241
	3426968242
	3426968243
	3426968244
	3426968245
	3426968246
	3426968247
	3426968248
	3426968249
	3426968250
	3426968251
	3426968252
	3426968253
	3426968254
	3426968255
	3426968256
	3426968257
	3426968258
	3426968259
	3426968260
	3426968261
	3426968262
	3426968263
	3426968264
	3426968265
	3426968266
	3426968267
	3426968268
	3426968269
	3426968270
	3426968271
	3426968272
	3426968273
	3426968274
	3426968275
	3426968276
	3426968277
	3426968278
	3426968279
	3426968280
	3426968281
	3426968282
	3426968283
	3426968284
	3426968285
	3426968286
	3426968287
	3426968288
	3426968289
	3426968290
	3426968291
	3426968292
	3426968293
	3426968294
	3426968295
	3426968296
	3426968297
	3426968298
	3426968299
	3426968300
	3426968301
	3426968302
	3426968303
	3426968304
	3426968305
	3426968306
	3426968307
	3426968308
	3426968309
	3426968310
	3426968311
	3426968312
	3426968313
	3426968314
	3426968315
	3426968316
	3426968317
	3426968318
	3426968319
	3426968320
	3426968321
	3426968322
	3426968323
	3426968324
	3426968325
	3426968326
	3426968327
	3426968328
	3426968329
	3426968330
	3426968331
	3426968332
	3426968333
	3426968334
	3426968335
	3426968336
	3426968337
	3426968338
	3426968339
	3426968340
	3426968341
	3426968342
	3426968343
	3426968344
	3426968345
	3426968346
	3426968347
	3426968348
	3426968349
	3426968350
	3426968351
	3426968352
	3426968353
	3426968354
	3426968355
	3426968356
	3426968357
	3426968358
	3426968359
	3426968360
	3426968361
	3426968362
	3426968363
	3426968364
	3426968365
	3426968366
	3426968367
	3426968368
	3426968369
	3426968370
	3426968371
	3426968372
	3426968373
	3426968374
	3426968375
	3426968376
	3426968377
	3426968378
	3426968379
	3426968380
	3426968381
	3426968382
	3426968383
	3426968384
	3426968385
	3426968386
	3426968387
	3426968388
	3426968389
	3426968390
	3426968391
	3426968392
	3426968393
	3426968394
	3426968395
	3426968396
	3426968397
	3426968398
	3426968399
	3426968400
	3426968401
	3426968402
	3426968403
	3426968404
	3426968405
	3426968406
	3426968407
	3426968408
	3426968409
	3426968410
	3426968411
	3426968412
	3426968413
	3426968414
	3426968415
	3426968416
	3426968417
	3426968418
	3426968419
	3426968420
	3426968421
	3426968422
	3426968423
	3426968424
	3426968425
	3426968426
	3426968427
	3426968428
	3426968429
	3426968430
	3426968431
	3426968432
	3426968433
	3426968434
	3426968435
	3426968436
	3426968437
	3426968438
	3426968439
	3426968440
	3426968441
	3426968442
	3426968443
	3426968444
	3426968445
	3426968446
	3426968447
	3426968448
	3426968449
	3426968450
	3426968451
	3426968452
	3426968453
	3426968454
	3426968455
	3426968456
	3426968457
	3426968458
	3426968459
	3426968460
	3426968461
	3426968462
	3426968463
	3426968464
	3426968465
	3426968466
	3426968467
	3426968468
	3426968469
	3426968470
	3426968471
	3426968472
	3426968473
	3426968474
	3426968475
	3426968476
	3426968477
	3426968478
	3426968479
	3426968480
	3426968481
	3426968482
	3426968483
	3426968484
	3426968485
	3426968486
	3426968487
	3426968488
	3426968489
	3426968490
	3426968491
	3426968492
	3426968493
	3426968494
	3426968495
	3426968496
	3426968497
	3426968498
	3426968499
	3426968500
	3426968501
	3426968502
	3426968503
	3426968504
	3426968505
	3426968506
	3426968507
	3426968508
	3426968509
	3426968510
	3426968511
	3426968512
	3426968513
	3426968514
	3426968515
	3426968516
	3426968517
	3426968518
	3426968519
	3426968520
	3426968521
	3426968522
	3426968523
	3426968524
	3426968525
	3426968526
	3426968527
	3426968528
	3426968529
	3426968530
	3426968531
	3426968532
	3426968533
	3426968534
	3426968535
	3426968536
	3426968537
	3426968538
	3426968539
	3426968540
	3426968541
	3426968542
	3426968543
	3426968544
	3426968545
	3426968546
	3426968547
	3426968548
