	3426550261
	3426550262
	3426550263
	3426550264
	3426550265
	3426550266
	3426550267
	3426550268
	3426550269
	3426550270
	3426550271
	3426550272
	3426550273
	3426550274
	3426550275
	3426550276
	3426550277
	3426550278
	3426550279
	3426550280
	3426550281
	3426550282
	3426550283
	3426550284
	3426550285
	3426550286
	3426550287
	3426550288
	3426550289
	3426550290
	3426550291
	3426550292
	3426550293
	3426550294
	3426550295
	3426550296
	3426550297
	3426550298
	3426550299
	3426550300
	3426550301
	3426550302
	3426550303
	3426550304
	3426550305
	3426550306
	3426550307
	3426550308
	3426550309
	3426550310
	3426550311
	3426550312
	3426550313
	3426550314
	3426550315
	3426550316
	3426550317
	3426550318
	3426550319
	3426550320
	3426550321
	3426550322
	3426550323
	3426550324
	3426550325
	3426550326
	3426550327
	3426550328
	3426550329
	3426550330
	3426550331
	3426550332
	3426550333
	3426550334
	3426550335
	3426550336
	3426550337
	3426550338
	3426550339
	3426550340
	3426550341
	3426550342
	3426550343
	3426550344
	3426550345
	3426550346
	3426550347
	3426550348
	3426550349
	3426550350
	3426550351
	3426550352
	3426550353
	3426550354
	3426550355
	3426550356
	3426550357
	3426550358
	3426550359
	3426550360
	3426550361
	3426550362
	3426550363
	3426550364
	3426550365
	3426550366
	3426550367
	3426550368
	3426550369
	3426550370
	3426550371
	3426550372
	3426550373
	3426550374
	3426550375
	3426550376
	3426550377
	3426550378
	3426550379
	3426550380
	3426550381
	3426550382
	3426550383
	3426550384
	3426550385
	3426550386
	3426550387
	3426550388
	3426550389
	3426550390
	3426550391
	3426550392
	3426550393
	3426550394
	3426550395
	3426550396
	3426550397
	3426550398
	3426550399
	3426550400
	3426550401
	3426550402
	3426550403
	3426550404
	3426550405
	3426550406
	3426550407
	3426550408
	3426550409
	3426550410
	3426550411
	3426550412
	3426550413
	3426550414
	3426550415
	3426550416
	3426550417
	3426550418
	3426550419
	3426550420
	3426550421
	3426550422
	3426550423
	3426550424
	3426550425
	3426550426
	3426550427
	3426550428
	3426550429
	3426550430
	3426550431
	3426550432
	3426550433
	3426550434
	3426550435
	3426550436
	3426550437
	3426550438
	3426550439
	3426550440
	3426550441
	3426550442
	3426550443
	3426550444
	3426550445
	3426550446
	3426550447
	3426550448
	3426550449
	3426550450
	3426550451
	3426550452
	3426550453
	3426550454
	3426550455
	3426550456
	3426550457
	3426550458
	3426550459
	3426550460
	3426550461
	3426550462
	3426550463
	3426550464
	3426550465
	3426550466
	3426550467
	3426550468
	3426550469
	3426550470
	3426550471
	3426550472
	3426550473
	3426550474
	3426550475
	3426550476
	3426550477
	3426550478
	3426550479
	3426550480
	3426550481
	3426550482
	3426550483
	3426550484
	3426550485
	3426550486
	3426550487
	3426550488
	3426550489
	3426550490
	3426550491
	3426550492
	3426550493
	3426550494
	3426550495
	3426550496
	3426550497
	3426550498
	3426550499
	3426550500
	3426550501
	3426550502
	3426550503
	3426550504
	3426550505
	3426550506
	3426550507
	3426550508
	3426550509
	3426550510
	3426550511
	3426550512
	3426550513
	3426550514
	3426550515
	3426550516
	3426550517
	3426550518
	3426550519
	3426550520
	3426550521
	3426550522
	3426550523
	3426550524
	3426550525
	3426550526
	3426550527
	3426550528
	3426550529
	3426550530
	3426550531
	3426550532
	3426550533
	3426550534
	3426550535
	3426550536
	3426550537
	3426550538
	3426550539
	3426550540
	3426550541
	3426550542
	3426550543
	3426550544
	3426550545
	3426550546
	3426550547
	3426550548
	3426550549
	3426550550
	3426550551
	3426550552
	3426550553
	3426550554
	3426550555
	3426550556
	3426550557
	3426550558
	3426550559
	3426550560
	3426550561
	3426550562
	3426550563
	3426550564
	3426550565
	3426550566
	3426550567
	3426550568
	3426550569
	3426550570
	3426550571
	3426550572
	3426550573
	3426550574
	3426550575
	3426550576
	3426550577
	3426550578
	3426550579
	3426550580
	3426550581
	3426550582
	3426550583
	3426550584
	3426550585
	3426550586
	3426550587
	3426550588
	3426550589
	3426550590
	3426550591
	3426550592
	3426550593
	3426550594
	3426550595
	3426550596
	3426550597
	3426550598
	3426550599
	3426550600
	3426550601
	3426550602
	3426550603
	3426550604
	3426550605
	3426550606
	3426550607
	3426550608
	3426550609
	3426550610
	3426550611
	3426550612
	3426550613
	3426550614
	3426550615
	3426550616
	3426550617
	3426550618
	3426550619
	3426550620
	3426550621
	3426550622
	3426550623
	3426550624
	3426550625
	3426550626
	3426550627
	3426550628
	3426550629
	3426550630
	3426550631
	3426550632
	3426550633
	3426550634
	3426550635
	3426550636
	3426550637
	3426550638
	3426550639
	3426550640
	3426550641
	3426550642
	3426550643
	3426550644
	3426550645
	3426550646
	3426550647
	3426550648
	3426550649
	3426550650
	3426550651
	3426550652
	3426550653
	3426550654
	3426550655
	3426550656
	3426550657
	3426550658
	3426550659
	3426550660
	3426550661
	3426550662
	3426550663
	3426550664
	3426550665
	3426550666
	3426550667
	3426550668
	3426550669
	3426550670
	3426550671
	3426550672
	3426550673
	3426550674
	3426550675
	3426550676
	3426550677
	3426550678
	3426550679
	3426550680
	3426550681
	3426550682
	3426550683
	3426550684
	3426550685
	3426550686
	3426550687
	3426550688
	3426550689
	3426550690
	3426550691
	3426550692
	3426550693
	3426550694
	3426550695
	3426550696
	3426550697
	3426550698
	3426550699
	3426550700
	3426550701
	3426550702
	3426550703
	3426550704
	3426550705
	3426550706
	3426550707
	3426550708
	3426550709
	3426550710
	3426550711
	3426550712
	3426550713
	3426550714
	3426550715
	3426550716
	3426550717
	3426550718
	3426550719
	3426550720
	3426550721
	3426550722
	3426550723
	3426550724
	3426550725
	3426550726
	3426550727
	3426550728
	3426550729
	3426550730
	3426550731
	3426550732
	3426550733
	3426550734
	3426550735
	3426550736
	3426550737
	3426550738
	3426550739
	3426550740
	3426550741
	3426550742
	3426550743
	3426550744
	3426550745
	3426550746
	3426550747
	3426550748
	3426550749
	3426550750
	3426550751
	3426550752
	3426550753
	3426550754
	3426550755
	3426550756
	3426550757
	3426550758
	3426550759
	3426550760
	3426550761
	3426550762
	3426550763
	3426550764
	3426550765
	3426550766
	3426550767
	3426550768
	3426550769
	3426550770
	3426550771
	3426550772
	3426550773
	3426550774
	3426550775
	3426550776
	3426550777
	3426550778
	3426550779
	3426550780
	3426550781
	3426550782
	3426550783
	3426550784
	3426550785
	3426550786
	3426550787
	3426550788
	3426550789
	3426550790
	3426550791
	3426550792
	3426550793
	3426550794
	3426550795
	3426550796
	3426550797
	3426550798
	3426550799
	3426550800
	3426550801
	3426550802
	3426550803
	3426550804
	3426550805
	3426550806
	3426550807
	3426550808
	3426550809
	3426550810
	3426550811
	3426550812
	3426550813
	3426550814
	3426550815
	3426550816
	3426550817
	3426550818
	3426550819
	3426550820
	3426550821
	3426550822
	3426550823
	3426550824
	3426550825
	3426550826
	3426550827
	3426550828
	3426550829
	3426550830
	3426550831
	3426550832
	3426550833
	3426550834
	3426550835
	3426550836
	3426550837
	3426550838
	3426550839
	3426550840
	3426550841
	3426550842
	3426550843
	3426550844
	3426550845
	3426550846
	3426550847
	3426550848
	3426550849
	3426550850
	3426550851
	3426550852
	3426550853
	3426550854
	3426550855
	3426550856
	3426550857
	3426550858
	3426550859
	3426550860
	3426550861
	3426550862
	3426550863
	3426550864
	3426550865
	3426550866
	3426550867
	3426550868
	3426550869
	3426550870
	3426550871
	3426550872
	3426550873
	3426550874
	3426550875
	3426550876
	3426550877
	3426550878
	3426550879
	3426550880
	3426550881
	3426550882
	3426550883
	3426550884
	3426550885
	3426550886
	3426550887
	3426550888
	3426550889
	3426550890
	3426550891
	3426550892
	3426550893
	3426550894
	3426550895
	3426550896
	3426550897
	3426550898
	3426550899
	3426550900
	3426550901
	3426550902
	3426550903
	3426550904
	3426550905
	3426550906
	3426550907
	3426550908
	3426550909
	3426550910
	3426550911
	3426550912
	3426550913
	3426550914
	3426550915
	3426550916
	3426550917
	3426550918
	3426550919
	3426550920
	3426550921
	3426550922
	3426550923
	3426550924
	3426550925
	3426550926
	3426550927
	3426550928
	3426550929
	3426550930
	3426550931
	3426550932
	3426550933
	3426550934
	3426550935
	3426550936
	3426550937
	3426550938
	3426550939
	3426550940
	3426550941
	3426550942
	3426550943
	3426550944
	3426550945
	3426550946
	3426550947
	3426550948
	3426550949
	3426550950
	3426550951
	3426550952
	3426550953
	3426550954
	3426550955
	3426550956
	3426550957
	3426550958
	3426550959
	3426550960
	3426550961
	3426550962
	3426550963
	3426550964
	3426550965
	3426550966
	3426550967
	3426550968
	3426550969
	3426550970
	3426550971
	3426550972
	3426550973
	3426550974
	3426550975
	3426550976
	3426550977
	3426550978
	3426550979
	3426550980
	3426550981
	3426550982
	3426550983
	3426550984
	3426550985
	3426550986
	3426550987
	3426550988
	3426550989
	3426550990
	3426550991
	3426550992
	3426550993
	3426550994
	3426550995
	3426550996
	3426550997
	3426550998
	3426550999
	3426551000
	3426551001
	3426551002
	3426551003
	3426551004
	3426551005
	3426551006
	3426551007
	3426551008
	3426551009
	3426551010
	3426551011
	3426551012
	3426551013
	3426551014
	3426551015
	3426551016
	3426551017
	3426551018
	3426551019
	3426551020
	3426551021
	3426551022
	3426551023
	3426551024
	3426551025
	3426551026
	3426551027
	3426551028
	3426551029
	3426551030
	3426551031
	3426551032
	3426551033
	3426551034
	3426551035
	3426551036
	3426551037
	3426551038
	3426551039
	3426551040
	3426551041
	3426551042
	3426551043
	3426551044
	3426551045
	3426551046
	3426551047
	3426551048
	3426551049
	3426551050
	3426551051
	3426551052
	3426551053
	3426551054
	3426551055
	3426551056
	3426551057
	3426551058
	3426551059
	3426551060
	3426551061
	3426551062
	3426551063
	3426551064
	3426551065
	3426551066
	3426551067
	3426551068
	3426551069
	3426551070
	3426551071
	3426551072
	3426551073
	3426551074
	3426551075
	3426551076
	3426551077
	3426551078
	3426551079
	3426551080
	3426551081
	3426551082
	3426551083
	3426551084
	3426551085
	3426551086
	3426551087
	3426551088
	3426551089
	3426551090
	3426551091
	3426551092
	3426551093
	3426551094
	3426551095
	3426551096
	3426551097
	3426551098
	3426551099
	3426551100
	3426551101
	3426551102
	3426551103
	3426551104
	3426551105
	3426551106
	3426551107
	3426551108
	3426551109
	3426551110
	3426551111
	3426551112
	3426551113
	3426551114
	3426551115
	3426551116
	3426551117
	3426551118
	3426551119
	3426551120
	3426551121
	3426551122
	3426551123
	3426551124
	3426551125
	3426551126
	3426551127
	3426551128
	3426551129
	3426551130
	3426551131
	3426551132
	3426551133
	3426551134
	3426551135
	3426551136
	3426551137
	3426551138
	3426551139
	3426551140
	3426551141
	3426551142
	3426551143
	3426551144
	3426551145
	3426551146
	3426551147
	3426551148
	3426551149
	3426551150
	3426551151
	3426551152
	3426551153
	3426551154
	3426551155
	3426551156
	3426551157
	3426551158
	3426551159
	3426551160
	3426551161
	3426551162
	3426551163
	3426551164
	3426551165
	3426551166
	3426551167
	3426551168
	3426551169
	3426551170
	3426551171
	3426551172
	3426551173
	3426551174
	3426551175
	3426551176
	3426551177
	3426551178
	3426551179
	3426551180
	3426551181
	3426551182
	3426551183
	3426551184
	3426551185
	3426551186
	3426551187
	3426551188
	3426551189
	3426551190
	3426551191
	3426551192
	3426551193
	3426551194
	3426551195
	3426551196
	3426551197
	3426551198
	3426551199
	3426551200
	3426551201
	3426551202
	3426551203
	3426551204
	3426551205
	3426551206
	3426551207
	3426551208
	3426551209
	3426551210
	3426551211
	3426551212
	3426551213
	3426551214
	3426551215
	3426551216
	3426551217
	3426551218
	3426551219
	3426551220
	3426551221
	3426551222
	3426551223
	3426551224
	3426551225
	3426551226
	3426551227
	3426551228
	3426551229
	3426551230
	3426551231
	3426551232
	3426551233
	3426551234
	3426551235
	3426551236
	3426551237
	3426551238
	3426551239
	3426551240
	3426551241
	3426551242
	3426551243
	3426551244
	3426551245
	3426551246
	3426551247
	3426551248
	3426551249
	3426551250
	3426551251
	3426551252
	3426551253
	3426551254
	3426551255
	3426551256
	3426551257
	3426551258
	3426551259
	3426551260
	3426551261
	3426551262
	3426551263
	3426551264
	3426551265
	3426551266
	3426551267
	3426551268
	3426551269
	3426551270
	3426551271
	3426551272
	3426551273
	3426551274
	3426551275
	3426551276
	3426551277
	3426551278
	3426551279
	3426551280
	3426551281
	3426551282
	3426551283
	3426551284
	3426551285
	3426551286
	3426551287
	3426551288
	3426551289
	3426551290
	3426551291
	3426551292
	3426551293
	3426551294
	3426551295
	3426551296
	3426551297
	3426551298
	3426551299
	3426551300
	3426551301
	3426551302
	3426551303
	3426551304
	3426551305
	3426551306
	3426551307
	3426551308
	3426551309
	3426551310
	3426551311
	3426551312
	3426551313
	3426551314
	3426551315
	3426551316
	3426551317
	3426551318
	3426551319
	3426551320
	3426551321
	3426551322
	3426551323
	3426551324
	3426551325
	3426551326
	3426551327
	3426551328
	3426551329
	3426551330
	3426551331
	3426551332
	3426551333
	3426551334
	3426551335
	3426551336
	3426551337
	3426551338
	3426551339
	3426551340
	3426551341
	3426551342
	3426551343
	3426551344
	3426551345
	3426551346
	3426551347
	3426551348
	3426551349
	3426551350
	3426551351
	3426551352
	3426551353
	3426551354
	3426551355
	3426551356
	3426551357
	3426551358
	3426551359
	3426551360
	3426551361
	3426551362
	3426551363
	3426551364
	3426551365
	3426551366
	3426551367
	3426551368
	3426551369
	3426551370
	3426551371
	3426551372
	3426551373
	3426551374
	3426551375
	3426551376
	3426551377
	3426551378
	3426551379
	3426551380
	3426551381
	3426551382
	3426551383
	3426551384
	3426551385
	3426551386
	3426551387
	3426551388
	3426551389
	3426551390
	3426551391
	3426551392
	3426551393
	3426551394
	3426551395
	3426551396
	3426551397
	3426551398
	3426551399
	3426551400
	3426551401
	3426551402
	3426551403
	3426551404
	3426551405
	3426551406
	3426551407
	3426551408
	3426551409
	3426551410
	3426551411
	3426551412
	3426551413
	3426551414
	3426551415
	3426551416
	3426551417
	3426551418
	3426551419
	3426551420
	3426551421
	3426551422
	3426551423
	3426551424
	3426551425
	3426551426
	3426551427
	3426551428
	3426551429
	3426551430
	3426551431
	3426551432
	3426551433
	3426551434
	3426551435
	3426551436
	3426551437
	3426551438
	3426551439
	3426551440
	3426551441
	3426551442
	3426551443
	3426551444
	3426551445
	3426551446
	3426551447
	3426551448
	3426551449
	3426551450
	3426551451
	3426551452
	3426551453
	3426551454
	3426551455
	3426551456
	3426551457
	3426551458
	3426551459
	3426551460
	3426551461
	3426551462
	3426551463
	3426551464
	3426551465
	3426551466
	3426551467
	3426551468
	3426551469
	3426551470
	3426551471
	3426551472
	3426551473
	3426551474
	3426551475
	3426551476
	3426551477
	3426551478
	3426551479
	3426551480
	3426551481
	3426551482
	3426551483
	3426551484
	3426551485
	3426551486
	3426551487
	3426551488
	3426551489
	3426551490
	3426551491
	3426551492
	3426551493
	3426551494
	3426551495
	3426551496
	3426551497
	3426551498
	3426551499
	3426551500
	3426551501
	3426551502
	3426551503
	3426551504
	3426551505
	3426551506
	3426551507
	3426551508
	3426551509
	3426551510
	3426551511
	3426551512
	3426551513
	3426551514
	3426551515
	3426551516
	3426551517
	3426551518
	3426551519
	3426551520
	3426551521
	3426551522
	3426551523
	3426551524
	3426551525
	3426551526
	3426551527
	3426551528
	3426551529
	3426551530
	3426551531
	3426551532
	3426551533
	3426551534
	3426551535
	3426551536
	3426551537
	3426551538
	3426551539
	3426551540
	3426551541
	3426551542
	3426551543
	3426551544
	3426551545
	3426551546
	3426551547
	3426551548
	3426551549
	3426551550
	3426551551
	3426551552
	3426551553
	3426551554
	3426551555
	3426551556
	3426551557
	3426551558
	3426551559
	3426551560
	3426551561
	3426551562
	3426551563
	3426551564
	3426551565
	3426551566
	3426551567
	3426551568
	3426551569
	3426551570
	3426551571
	3426551572
	3426551573
	3426551574
	3426551575
	3426551576
	3426551577
	3426551578
	3426551579
	3426551580
	3426551581
	3426551582
	3426551583
	3426551584
	3426551585
	3426551586
	3426551587
	3426551588
	3426551589
	3426551590
	3426551591
	3426551592
	3426551593
	3426551594
	3426551595
	3426551596
	3426551597
	3426551598
	3426551599
	3426551600
	3426551601
	3426551602
	3426551603
	3426551604
	3426551605
	3426551606
	3426551607
	3426551608
	3426551609
	3426551610
	3426551611
	3426551612
	3426551613
	3426551614
	3426551615
	3426551616
	3426551617
	3426551618
	3426551619
	3426551620
	3426551621
	3426551622
	3426551623
	3426551624
	3426551625
	3426551626
	3426551627
	3426551628
	3426551629
	3426551630
	3426551631
	3426551632
	3426551633
	3426551634
	3426551635
	3426551636
	3426551637
	3426551638
	3426551639
	3426551640
	3426551641
	3426551642
	3426551643
	3426551644
	3426551645
	3426551646
	3426551647
	3426551648
	3426551649
	3426551650
	3426551651
	3426551652
	3426551653
	3426551654
	3426551655
	3426551656
	3426551657
	3426551658
	3426551659
	3426551660
	3426551661
	3426551662
	3426551663
	3426551664
	3426551665
	3426551666
	3426551667
	3426551668
	3426551669
	3426551670
	3426551671
	3426551672
	3426551673
	3426551674
	3426551675
	3426551676
	3426551677
	3426551678
	3426551679
	3426551680
	3426551681
	3426551682
	3426551683
	3426551684
	3426551685
	3426551686
	3426551687
	3426551688
	3426551689
	3426551690
	3426551691
	3426551692
	3426551693
	3426551694
	3426551695
	3426551696
	3426551697
	3426551698
	3426551699
	3426551700
	3426551701
	3426551702
	3426551703
	3426551704
	3426551705
	3426551706
	3426551707
	3426551708
	3426551709
	3426551710
	3426551711
	3426551712
	3426551713
	3426551714
	3426551715
	3426551716
	3426551717
	3426551718
	3426551719
	3426551720
	3426551721
	3426551722
	3426551723
	3426551724
	3426551725
	3426551726
	3426551727
	3426551728
	3426551729
	3426551730
	3426551731
	3426551732
	3426551733
	3426551734
	3426551735
	3426551736
	3426551737
	3426551738
	3426551739
	3426551740
	3426551741
	3426551742
	3426551743
	3426551744
	3426551745
	3426551746
	3426551747
	3426551748
	3426551749
	3426551750
	3426551751
	3426551752
	3426551753
	3426551754
	3426551755
	3426551756
	3426551757
	3426551758
	3426551759
	3426551760
	3426551761
	3426551762
	3426551763
	3426551764
	3426551765
	3426551766
	3426551767
	3426551768
	3426551769
	3426551770
	3426551771
	3426551772
	3426551773
	3426551774
	3426551775
	3426551776
	3426551777
	3426551778
	3426551779
	3426551780
	3426551781
	3426551782
	3426551783
	3426551784
	3426551785
	3426551786
	3426551787
	3426551788
	3426551789
	3426551790
	3426551791
	3426551792
	3426551793
	3426551794
	3426551795
	3426551796
	3426551797
	3426551798
	3426551799
	3426551800
	3426551801
	3426551802
	3426551803
	3426551804
	3426551805
	3426551806
	3426551807
	3426551808
	3426551809
	3426551810
	3426551811
	3426551812
	3426551813
	3426551814
	3426551815
	3426551816
	3426551817
	3426551818
	3426551819
	3426551820
	3426551821
	3426551822
	3426551823
	3426551824
	3426551825
	3426551826
	3426551827
	3426551828
	3426551829
	3426551830
	3426551831
	3426551832
	3426551833
	3426551834
	3426551835
	3426551836
	3426551837
	3426551838
	3426551839
	3426551840
	3426551841
	3426551842
	3426551843
	3426551844
	3426551845
	3426551846
	3426551847
	3426551848
	3426551849
	3426551850
	3426551851
	3426551852
	3426551853
	3426551854
	3426551855
	3426551856
	3426551857
	3426551858
	3426551859
	3426551860
	3426551861
	3426551862
	3426551863
	3426551864
	3426551865
	3426551866
	3426551867
	3426551868
	3426551869
	3426551870
	3426551871
	3426551872
	3426551873
	3426551874
	3426551875
	3426551876
	3426551877
	3426551878
	3426551879
	3426551880
	3426551881
	3426551882
	3426551883
	3426551884
	3426551885
	3426551886
	3426551887
	3426551888
	3426551889
	3426551890
	3426551891
	3426551892
	3426551893
	3426551894
	3426551895
	3426551896
	3426551897
	3426551898
	3426551899
	3426551900
	3426551901
	3426551902
	3426551903
	3426551904
	3426551905
	3426551906
	3426551907
	3426551908
	3426551909
	3426551910
	3426551911
	3426551912
	3426551913
	3426551914
	3426551915
	3426551916
	3426551917
	3426551918
	3426551919
	3426551920
	3426551921
	3426551922
	3426551923
	3426551924
	3426551925
	3426551926
	3426551927
	3426551928
	3426551929
	3426551930
	3426551931
	3426551932
	3426551933
	3426551934
	3426551935
	3426551936
	3426551937
	3426551938
	3426551939
	3426551940
	3426551941
	3426551942
	3426551943
	3426551944
	3426551945
	3426551946
	3426551947
	3426551948
	3426551949
	3426551950
	3426551951
	3426551952
	3426551953
	3426551954
	3426551955
	3426551956
	3426551957
	3426551958
	3426551959
	3426551960
	3426551961
	3426551962
	3426551963
	3426551964
	3426551965
	3426551966
	3426551967
	3426551968
	3426551969
	3426551970
	3426551971
	3426551972
	3426551973
	3426551974
	3426551975
	3426551976
	3426551977
	3426551978
	3426551979
	3426551980
	3426551981
	3426551982
	3426551983
	3426551984
	3426551985
	3426551986
	3426551987
	3426551988
	3426551989
	3426551990
	3426551991
	3426551992
	3426551993
	3426551994
	3426551995
	3426551996
	3426551997
	3426551998
	3426551999
	3426552000
	3426552001
	3426552002
	3426552003
	3426552004
	3426552005
	3426552006
	3426552007
	3426552008
	3426552009
	3426552010
	3426552011
	3426552012
	3426552013
	3426552014
	3426552015
	3426552016
	3426552017
	3426552018
	3426552019
	3426552020
	3426552021
	3426552022
	3426552023
	3426552024
	3426552025
	3426552026
	3426552027
	3426552028
	3426552029
	3426552030
	3426552031
	3426552032
	3426552033
	3426552034
	3426552035
	3426552036
	3426552037
	3426552038
	3426552039
	3426552040
	3426552041
	3426552042
	3426552043
	3426552044
	3426552045
	3426552046
	3426552047
	3426552048
	3426552049
	3426552050
	3426552051
	3426552052
	3426552053
	3426552054
	3426552055
	3426552056
	3426552057
	3426552058
	3426552059
	3426552060
	3426552061
	3426552062
	3426552063
	3426552064
	3426552065
	3426552066
	3426552067
	3426552068
	3426552069
	3426552070
	3426552071
	3426552072
	3426552073
	3426552074
	3426552075
	3426552076
	3426552077
	3426552078
	3426552079
	3426552080
	3426552081
	3426552082
	3426552083
	3426552084
	3426552085
	3426552086
	3426552087
	3426552088
	3426552089
	3426552090
	3426552091
	3426552092
	3426552093
	3426552094
	3426552095
	3426552096
	3426552097
	3426552098
	3426552099
	3426552100
	3426552101
	3426552102
	3426552103
	3426552104
	3426552105
	3426552106
	3426552107
	3426552108
	3426552109
	3426552110
	3426552111
	3426552112
	3426552113
	3426552114
	3426552115
	3426552116
	3426552117
	3426552118
	3426552119
	3426552120
	3426552121
	3426552122
	3426552123
	3426552124
	3426552125
	3426552126
	3426552127
	3426552128
	3426552129
	3426552130
	3426552131
	3426552132
	3426552133
	3426552134
	3426552135
	3426552136
	3426552137
	3426552138
	3426552139
	3426552140
	3426552141
	3426552142
	3426552143
	3426552144
	3426552145
	3426552146
	3426552147
	3426552148
	3426552149
	3426552150
	3426552151
	3426552152
	3426552153
	3426552154
	3426552155
	3426552156
	3426552157
	3426552158
	3426552159
	3426552160
	3426552161
	3426552162
	3426552163
	3426552164
	3426552165
	3426552166
	3426552167
	3426552168
	3426552169
	3426552170
	3426552171
	3426552172
	3426552173
	3426552174
	3426552175
	3426552176
	3426552177
	3426552178
	3426552179
	3426552180
	3426552181
	3426552182
	3426552183
	3426552184
	3426552185
	3426552186
	3426552187
	3426552188
	3426552189
	3426552190
	3426552191
	3426552192
	3426552193
	3426552194
	3426552195
	3426552196
	3426552197
	3426552198
	3426552199
	3426552200
	3426552201
	3426552202
	3426552203
	3426552204
	3426552205
	3426552206
	3426552207
	3426552208
	3426552209
	3426552210
	3426552211
	3426552212
	3426552213
	3426552214
	3426552215
	3426552216
	3426552217
	3426552218
	3426552219
	3426552220
	3426552221
	3426552222
	3426552223
	3426552224
	3426552225
	3426552226
	3426552227
	3426552228
	3426552229
	3426552230
	3426552231
	3426552232
	3426552233
	3426552234
	3426552235
	3426552236
	3426552237
	3426552238
	3426552239
	3426552240
	3426552241
	3426552242
	3426552243
	3426552244
	3426552245
	3426552246
	3426552247
	3426552248
	3426552249
	3426552250
	3426552251
	3426552252
	3426552253
	3426552254
	3426552255
	3426552256
	3426552257
	3426552258
	3426552259
	3426552260
	3426552261
	3426552262
	3426552263
	3426552264
	3426552265
	3426552266
	3426552267
	3426552268
	3426552269
	3426552270
	3426552271
	3426552272
	3426552273
	3426552274
	3426552275
	3426552276
	3426552277
	3426552278
	3426552279
	3426552280
	3426552281
	3426552282
	3426552283
	3426552284
	3426552285
	3426552286
	3426552287
	3426552288
	3426552289
	3426552290
	3426552291
	3426552292
	3426552293
	3426552294
	3426552295
	3426552296
	3426552297
	3426552298
	3426552299
	3426552300
	3426552301
	3426552302
	3426552303
	3426552304
	3426552305
	3426552306
	3426552307
	3426552308
	3426552309
	3426552310
	3426552311
	3426552312
	3426552313
	3426552314
	3426552315
	3426552316
	3426552317
	3426552318
	3426552319
	3426552320
	3426552321
	3426552322
	3426552323
	3426552324
	3426552325
	3426552326
	3426552327
	3426552328
	3426552329
	3426552330
	3426552331
	3426552332
	3426552333
	3426552334
	3426552335
	3426552336
	3426552337
	3426552338
	3426552339
	3426552340
	3426552341
	3426552342
	3426552343
	3426552344
	3426552345
	3426552346
	3426552347
	3426552348
	3426552349
	3426552350
	3426552351
	3426552352
	3426552353
	3426552354
	3426552355
	3426552356
	3426552357
	3426552358
	3426552359
	3426552360
	3426552361
	3426552362
	3426552363
	3426552364
	3426552365
	3426552366
	3426552367
	3426552368
	3426552369
	3426552370
	3426552371
	3426552372
	3426552373
	3426552374
	3426552375
	3426552376
	3426552377
	3426552378
	3426552379
	3426552380
	3426552381
	3426552382
	3426552383
	3426552384
	3426552385
	3426552386
	3426552387
	3426552388
	3426552389
	3426552390
	3426552391
	3426552392
	3426552393
	3426552394
	3426552395
	3426552396
	3426552397
	3426552398
	3426552399
	3426552400
	3426552401
	3426552402
	3426552403
	3426552404
	3426552405
	3426552406
	3426552407
	3426552408
	3426552409
	3426552410
	3426552411
	3426552412
	3426552413
	3426552414
	3426552415
	3426552416
	3426552417
	3426552418
	3426552419
	3426552420
	3426552421
	3426552422
	3426552423
	3426552424
	3426552425
	3426552426
	3426552427
	3426552428
	3426552429
	3426552430
	3426552431
	3426552432
	3426552433
	3426552434
	3426552435
	3426552436
	3426552437
	3426552438
	3426552439
	3426552440
	3426552441
	3426552442
	3426552443
	3426552444
	3426552445
	3426552446
	3426552447
	3426552448
	3426552449
	3426552450
	3426552451
	3426552452
	3426552453
	3426552454
	3426552455
	3426552456
	3426552457
	3426552458
	3426552459
	3426552460
	3426552461
	3426552462
	3426552463
	3426552464
	3426552465
	3426552466
	3426552467
	3426552468
	3426552469
	3426552470
	3426552471
	3426552472
	3426552473
	3426552474
	3426552475
	3426552476
	3426552477
	3426552478
	3426552479
	3426552480
	3426552481
	3426552482
	3426552483
	3426552484
	3426552485
	3426552486
	3426552487
	3426552488
	3426552489
	3426552490
	3426552491
	3426552492
	3426552493
	3426552494
	3426552495
	3426552496
	3426552497
	3426552498
	3426552499
	3426552500
	3426552501
	3426552502
	3426552503
	3426552504
	3426552505
	3426552506
	3426552507
	3426552508
	3426552509
	3426552510
	3426552511
	3426552512
	3426552513
	3426552514
	3426552515
	3426552516
	3426552517
	3426552518
	3426552519
	3426552520
	3426552521
	3426552522
	3426552523
	3426552524
	3426552525
	3426552526
	3426552527
	3426552528
	3426552529
	3426552530
	3426552531
	3426552532
	3426552533
	3426552534
	3426552535
	3426552536
	3426552537
	3426552538
	3426552539
	3426552540
	3426552541
	3426552542
	3426552543
	3426552544
	3426552545
	3426552546
	3426552547
	3426552548
	3426552549
	3426552550
	3426552551
	3426552552
	3426552553
	3426552554
	3426552555
	3426552556
	3426552557
	3426552558
	3426552559
	3426552560
	3426552561
	3426552562
	3426552563
	3426552564
	3426552565
	3426552566
	3426552567
	3426552568
	3426552569
	3426552570
	3426552571
	3426552572
	3426552573
	3426552574
	3426552575
	3426552576
	3426552577
	3426552578
	3426552579
	3426552580
	3426552581
	3426552582
	3426552583
	3426552584
	3426552585
	3426552586
	3426552587
	3426552588
	3426552589
	3426552590
	3426552591
	3426552592
	3426552593
	3426552594
	3426552595
	3426552596
	3426552597
	3426552598
	3426552599
	3426552600
	3426552601
	3426552602
	3426552603
	3426552604
	3426552605
	3426552606
	3426552607
	3426552608
	3426552609
	3426552610
	3426552611
	3426552612
	3426552613
	3426552614
	3426552615
	3426552616
	3426552617
	3426552618
	3426552619
	3426552620
	3426552621
	3426552622
	3426552623
	3426552624
	3426552625
	3426552626
	3426552627
	3426552628
	3426552629
	3426552630
	3426552631
	3426552632
	3426552633
	3426552634
	3426552635
	3426552636
	3426552637
	3426552638
	3426552639
	3426552640
	3426552641
	3426552642
	3426552643
	3426552644
	3426552645
	3426552646
	3426552647
	3426552648
	3426552649
	3426552650
	3426552651
	3426552652
	3426552653
	3426552654
	3426552655
	3426552656
	3426552657
	3426552658
	3426552659
	3426552660
	3426552661
	3426552662
	3426552663
	3426552664
	3426552665
	3426552666
	3426552667
	3426552668
	3426552669
	3426552670
	3426552671
	3426552672
	3426552673
	3426552674
	3426552675
	3426552676
	3426552677
	3426552678
	3426552679
	3426552680
	3426552681
	3426552682
	3426552683
	3426552684
	3426552685
	3426552686
	3426552687
	3426552688
	3426552689
	3426552690
	3426552691
	3426552692
	3426552693
	3426552694
	3426552695
	3426552696
	3426552697
	3426552698
	3426552699
	3426552700
	3426552701
	3426552702
	3426552703
	3426552704
	3426552705
	3426552706
	3426552707
	3426552708
	3426552709
	3426552710
	3426552711
	3426552712
	3426552713
	3426552714
	3426552715
	3426552716
	3426552717
	3426552718
	3426552719
	3426552720
	3426552721
	3426552722
	3426552723
	3426552724
	3426552725
	3426552726
	3426552727
	3426552728
	3426552729
	3426552730
	3426552731
	3426552732
	3426552733
	3426552734
	3426552735
	3426552736
	3426552737
	3426552738
	3426552739
	3426552740
	3426552741
	3426552742
	3426552743
	3426552744
	3426552745
	3426552746
	3426552747
	3426552748
	3426552749
	3426552750
	3426552751
	3426552752
	3426552753
	3426552754
	3426552755
	3426552756
	3426552757
	3426552758
	3426552759
	3426552760
	3426552761
	3426552762
	3426552763
	3426552764
	3426552765
	3426552766
	3426552767
	3426552768
	3426552769
	3426552770
	3426552771
	3426552772
	3426552773
	3426552774
	3426552775
	3426552776
	3426552777
	3426552778
	3426552779
	3426552780
	3426552781
	3426552782
	3426552783
	3426552784
	3426552785
	3426552786
	3426552787
	3426552788
	3426552789
	3426552790
	3426552791
	3426552792
	3426552793
	3426552794
	3426552795
	3426552796
	3426552797
	3426552798
	3426552799
	3426552800
	3426552801
	3426552802
	3426552803
	3426552804
	3426552805
	3426552806
	3426552807
	3426552808
	3426552809
	3426552810
	3426552811
	3426552812
	3426552813
	3426552814
	3426552815
	3426552816
	3426552817
	3426552818
	3426552819
	3426552820
	3426552821
	3426552822
	3426552823
	3426552824
	3426552825
	3426552826
	3426552827
	3426552828
	3426552829
	3426552830
	3426552831
	3426552832
	3426552833
	3426552834
	3426552835
	3426552836
	3426552837
	3426552838
	3426552839
	3426552840
	3426552841
	3426552842
	3426552843
	3426552844
	3426552845
	3426552846
	3426552847
	3426552848
	3426552849
	3426552850
	3426552851
	3426552852
	3426552853
	3426552854
	3426552855
	3426552856
	3426552857
	3426552858
	3426552859
	3426552860
	3426552861
	3426552862
	3426552863
	3426552864
	3426552865
	3426552866
	3426552867
	3426552868
	3426552869
	3426552870
	3426552871
	3426552872
	3426552873
	3426552874
	3426552875
	3426552876
	3426552877
	3426552878
	3426552879
	3426552880
	3426552881
	3426552882
	3426552883
	3426552884
	3426552885
	3426552886
	3426552887
	3426552888
	3426552889
	3426552890
	3426552891
	3426552892
	3426552893
	3426552894
	3426552895
	3426552896
	3426552897
	3426552898
	3426552899
	3426552900
	3426552901
	3426552902
	3426552903
	3426552904
	3426552905
	3426552906
	3426552907
	3426552908
	3426552909
	3426552910
	3426552911
	3426552912
	3426552913
	3426552914
	3426552915
	3426552916
	3426552917
	3426552918
	3426552919
	3426552920
	3426552921
	3426552922
	3426552923
	3426552924
	3426552925
	3426552926
	3426552927
	3426552928
	3426552929
	3426552930
	3426552931
	3426552932
	3426552933
	3426552934
	3426552935
	3426552936
	3426552937
	3426552938
	3426552939
	3426552940
	3426552941
	3426552942
	3426552943
	3426552944
	3426552945
	3426552946
	3426552947
	3426552948
	3426552949
	3426552950
	3426552951
	3426552952
	3426552953
	3426552954
	3426552955
	3426552956
	3426552957
	3426552958
	3426552959
	3426552960
	3426552961
	3426552962
	3426552963
	3426552964
	3426552965
	3426552966
	3426552967
	3426552968
	3426552969
	3426552970
	3426552971
	3426552972
	3426552973
	3426552974
	3426552975
	3426552976
	3426552977
	3426552978
	3426552979
	3426552980
	3426552981
	3426552982
	3426552983
	3426552984
	3426552985
	3426552986
	3426552987
	3426552988
	3426552989
	3426552990
	3426552991
	3426552992
	3426552993
	3426552994
	3426552995
	3426552996
	3426552997
	3426552998
	3426552999
	3426553000
	3426553001
	3426553002
	3426553003
	3426553004
	3426553005
	3426553006
	3426553007
	3426553008
	3426553009
	3426553010
	3426553011
	3426553012
	3426553013
	3426553014
	3426553015
	3426553016
	3426553017
	3426553018
	3426553019
	3426553020
	3426553021
	3426553022
	3426553023
	3426553024
	3426553025
	3426553026
	3426553027
	3426553028
	3426553029
	3426553030
	3426553031
	3426553032
	3426553033
	3426553034
	3426553035
	3426553036
	3426553037
	3426553038
	3426553039
	3426553040
	3426553041
	3426553042
	3426553043
	3426553044
	3426553045
	3426553046
	3426553047
	3426553048
	3426553049
	3426553050
	3426553051
	3426553052
	3426553053
	3426553054
	3426553055
	3426553056
	3426553057
	3426553058
	3426553059
	3426553060
	3426553061
	3426553062
	3426553063
	3426553064
	3426553065
	3426553066
	3426553067
	3426553068
	3426553069
	3426553070
	3426553071
	3426553072
	3426553073
	3426553074
	3426553075
	3426553076
	3426553077
	3426553078
	3426553079
	3426553080
	3426553081
	3426553082
	3426553083
	3426553084
	3426553085
	3426553086
	3426553087
	3426553088
	3426553089
	3426553090
	3426553091
	3426553092
	3426553093
	3426553094
	3426553095
	3426553096
	3426553097
	3426553098
	3426553099
	3426553100
	3426553101
	3426553102
	3426553103
	3426553104
	3426553105
	3426553106
	3426553107
	3426553108
	3426553109
	3426553110
	3426553111
	3426553112
	3426553113
	3426553114
	3426553115
	3426553116
	3426553117
	3426553118
	3426553119
	3426553120
	3426553121
	3426553122
	3426553123
	3426553124
	3426553125
	3426553126
	3426553127
	3426553128
	3426553129
	3426553130
	3426553131
	3426553132
	3426553133
	3426553134
	3426553135
	3426553136
	3426553137
	3426553138
	3426553139
	3426553140
	3426553141
	3426553142
	3426553143
	3426553144
	3426553145
	3426553146
	3426553147
	3426553148
	3426553149
	3426553150
	3426553151
	3426553152
	3426553153
	3426553154
	3426553155
	3426553156
	3426553157
	3426553158
	3426553159
	3426553160
	3426553161
	3426553162
	3426553163
	3426553164
	3426553165
	3426553166
	3426553167
	3426553168
	3426553169
	3426553170
	3426553171
	3426553172
	3426553173
	3426553174
	3426553175
	3426553176
	3426553177
	3426553178
	3426553179
	3426553180
	3426553181
	3426553182
	3426553183
	3426553184
	3426553185
	3426553186
	3426553187
	3426553188
	3426553189
	3426553190
	3426553191
	3426553192
	3426553193
	3426553194
	3426553195
	3426553196
	3426553197
	3426553198
	3426553199
	3426553200
	3426553201
	3426553202
	3426553203
	3426553204
	3426553205
	3426553206
	3426553207
	3426553208
	3426553209
	3426553210
	3426553211
	3426553212
	3426553213
	3426553214
	3426553215
	3426553216
	3426553217
	3426553218
	3426553219
	3426553220
	3426553221
	3426553222
	3426553223
	3426553224
	3426553225
	3426553226
	3426553227
	3426553228
	3426553229
	3426553230
	3426553231
	3426553232
	3426553233
	3426553234
	3426553235
	3426553236
	3426553237
	3426553238
	3426553239
	3426553240
	3426553241
	3426553242
	3426553243
	3426553244
	3426553245
	3426553246
	3426553247
	3426553248
	3426553249
	3426553250
	3426553251
	3426553252
	3426553253
	3426553254
	3426553255
	3426553256
	3426553257
	3426553258
	3426553259
	3426553260
	3426553261
	3426553262
	3426553263
	3426553264
	3426553265
	3426553266
	3426553267
	3426553268
	3426553269
	3426553270
	3426553271
	3426553272
	3426553273
	3426553274
	3426553275
	3426553276
	3426553277
	3426553278
	3426553279
	3426553280
	3426553281
	3426553282
	3426553283
	3426553284
	3426553285
	3426553286
	3426553287
	3426553288
	3426553289
	3426553290
	3426553291
	3426553292
	3426553293
	3426553294
	3426553295
	3426553296
	3426553297
	3426553298
	3426553299
	3426553300
	3426553301
	3426553302
	3426553303
	3426553304
	3426553305
	3426553306
	3426553307
	3426553308
	3426553309
	3426553310
	3426553311
	3426553312
	3426553313
	3426553314
	3426553315
	3426553316
	3426553317
	3426553318
	3426553319
	3426553320
	3426553321
	3426553322
	3426553323
	3426553324
	3426553325
	3426553326
	3426553327
	3426553328
	3426553329
	3426553330
	3426553331
	3426553332
	3426553333
	3426553334
	3426553335
	3426553336
	3426553337
	3426553338
	3426553339
	3426553340
	3426553341
	3426553342
	3426553343
	3426553344
	3426553345
	3426553346
	3426553347
	3426553348
	3426553349
	3426553350
	3426553351
	3426553352
	3426553353
	3426553354
	3426553355
	3426553356
	3426553357
	3426553358
	3426553359
	3426553360
	3426553361
	3426553362
	3426553363
	3426553364
	3426553365
	3426553366
	3426553367
	3426553368
	3426553369
	3426553370
	3426553371
	3426553372
	3426553373
	3426553374
	3426553375
	3426553376
	3426553377
	3426553378
	3426553379
	3426553380
	3426553381
	3426553382
	3426553383
	3426553384
	3426553385
	3426553386
	3426553387
	3426553388
	3426553389
	3426553390
	3426553391
	3426553392
	3426553393
	3426553394
	3426553395
	3426553396
	3426553397
	3426553398
	3426553399
	3426553400
	3426553401
	3426553402
	3426553403
	3426553404
	3426553405
	3426553406
	3426553407
	3426553408
	3426553409
	3426553410
	3426553411
	3426553412
	3426553413
	3426553414
	3426553415
	3426553416
	3426553417
	3426553418
	3426553419
	3426553420
	3426553421
	3426553422
	3426553423
	3426553424
	3426553425
	3426553426
	3426553427
	3426553428
	3426553429
	3426553430
	3426553431
	3426553432
	3426553433
	3426553434
	3426553435
	3426553436
	3426553437
	3426553438
	3426553439
	3426553440
	3426553441
	3426553442
	3426553443
	3426553444
	3426553445
	3426553446
	3426553447
	3426553448
	3426553449
	3426553450
	3426553451
	3426553452
	3426553453
	3426553454
	3426553455
	3426553456
	3426553457
	3426553458
	3426553459
	3426553460
	3426553461
	3426553462
	3426553463
	3426553464
	3426553465
	3426553466
	3426553467
	3426553468
	3426553469
	3426553470
	3426553471
	3426553472
	3426553473
	3426553474
	3426553475
	3426553476
	3426553477
	3426553478
	3426553479
	3426553480
	3426553481
	3426553482
	3426553483
	3426553484
	3426553485
	3426553486
	3426553487
	3426553488
	3426553489
	3426553490
	3426553491
	3426553492
	3426553493
	3426553494
	3426553495
	3426553496
	3426553497
	3426553498
	3426553499
	3426553500
	3426553501
	3426553502
	3426553503
	3426553504
	3426553505
	3426553506
	3426553507
	3426553508
	3426553509
	3426553510
	3426553511
	3426553512
	3426553513
	3426553514
	3426553515
	3426553516
	3426553517
	3426553518
	3426553519
	3426553520
	3426553521
	3426553522
	3426553523
	3426553524
	3426553525
	3426553526
	3426553527
	3426553528
	3426553529
	3426553530
	3426553531
	3426553532
	3426553533
	3426553534
	3426553535
	3426553536
	3426553537
	3426553538
	3426553539
	3426553540
	3426553541
	3426553542
	3426553543
	3426553544
	3426553545
	3426553546
	3426553547
	3426553548
	3426553549
	3426553550
	3426553551
	3426553552
	3426553553
	3426553554
	3426553555
	3426553556
	3426553557
	3426553558
	3426553559
	3426553560
	3426553561
	3426553562
	3426553563
	3426553564
	3426553565
	3426553566
	3426553567
	3426553568
	3426553569
	3426553570
	3426553571
	3426553572
	3426553573
	3426553574
	3426553575
	3426553576
	3426553577
	3426553578
	3426553579
	3426553580
	3426553581
	3426553582
	3426553583
	3426553584
	3426553585
	3426553586
	3426553587
	3426553588
	3426553589
	3426553590
	3426553591
	3426553592
	3426553593
	3426553594
	3426553595
	3426553596
	3426553597
	3426553598
	3426553599
	3426553600
	3426553601
	3426553602
	3426553603
	3426553604
	3426553605
	3426553606
	3426553607
	3426553608
	3426553609
	3426553610
	3426553611
	3426553612
	3426553613
	3426553614
	3426553615
	3426553616
	3426553617
	3426553618
	3426553619
	3426553620
	3426553621
	3426553622
	3426553623
	3426553624
	3426553625
	3426553626
	3426553627
	3426553628
	3426553629
	3426553630
	3426553631
	3426553632
	3426553633
	3426553634
	3426553635
	3426553636
	3426553637
	3426553638
	3426553639
	3426553640
	3426553641
	3426553642
	3426553643
	3426553644
	3426553645
	3426553646
	3426553647
	3426553648
	3426553649
	3426553650
	3426553651
	3426553652
	3426553653
	3426553654
	3426553655
	3426553656
	3426553657
	3426553658
	3426553659
	3426553660
	3426553661
	3426553662
	3426553663
	3426553664
	3426553665
	3426553666
	3426553667
	3426553668
	3426553669
	3426553670
	3426553671
	3426553672
	3426553673
	3426553674
	3426553675
	3426553676
	3426553677
	3426553678
	3426553679
	3426553680
	3426553681
	3426553682
	3426553683
	3426553684
	3426553685
	3426553686
	3426553687
	3426553688
	3426553689
	3426553690
	3426553691
	3426553692
	3426553693
	3426553694
	3426553695
	3426553696
	3426553697
	3426553698
	3426553699
	3426553700
	3426553701
	3426553702
	3426553703
	3426553704
	3426553705
	3426553706
	3426553707
	3426553708
	3426553709
	3426553710
	3426553711
	3426553712
	3426553713
	3426553714
	3426553715
	3426553716
	3426553717
	3426553718
	3426553719
	3426553720
	3426553721
	3426553722
	3426553723
	3426553724
	3426553725
	3426553726
	3426553727
	3426553728
	3426553729
	3426553730
	3426553731
	3426553732
	3426553733
	3426553734
	3426553735
	3426553736
	3426553737
	3426553738
	3426553739
	3426553740
	3426553741
	3426553742
	3426553743
	3426553744
	3426553745
	3426553746
	3426553747
	3426553748
	3426553749
	3426553750
	3426553751
	3426553752
	3426553753
	3426553754
	3426553755
	3426553756
	3426553757
	3426553758
	3426553759
	3426553760
	3426553761
	3426553762
	3426553763
	3426553764
	3426553765
	3426553766
	3426553767
	3426553768
	3426553769
	3426553770
	3426553771
	3426553772
	3426553773
	3426553774
	3426553775
	3426553776
	3426553777
	3426553778
	3426553779
	3426553780
	3426553781
	3426553782
	3426553783
	3426553784
	3426553785
	3426553786
	3426553787
	3426553788
	3426553789
	3426553790
	3426553791
	3426553792
	3426553793
	3426553794
	3426553795
	3426553796
	3426553797
	3426553798
	3426553799
	3426553800
	3426553801
	3426553802
	3426553803
	3426553804
	3426553805
	3426553806
	3426553807
	3426553808
	3426553809
	3426553810
	3426553811
	3426553812
	3426553813
	3426553814
	3426553815
	3426553816
	3426553817
	3426553818
	3426553819
	3426553820
	3426553821
	3426553822
	3426553823
	3426553824
	3426553825
	3426553826
	3426553827
	3426553828
	3426553829
	3426553830
	3426553831
	3426553832
	3426553833
	3426553834
	3426553835
	3426553836
	3426553837
	3426553838
	3426553839
	3426553840
	3426553841
	3426553842
	3426553843
	3426553844
	3426553845
	3426553846
	3426553847
	3426553848
	3426553849
	3426553850
	3426553851
	3426553852
	3426553853
	3426553854
	3426553855
	3426553856
	3426553857
	3426553858
	3426553859
	3426553860
