	3426553861
	3426553862
	3426553863
	3426553864
	3426553865
	3426553866
	3426553867
	3426553868
	3426553869
	3426553870
	3426553871
	3426553872
	3426553873
	3426553874
	3426553875
	3426553876
	3426553877
	3426553878
	3426553879
	3426553880
	3426553881
	3426553882
	3426553883
	3426553884
	3426553885
	3426553886
	3426553887
	3426553888
	3426553889
	3426553890
	3426553891
	3426553892
	3426553893
	3426553894
	3426553895
	3426553896
	3426553897
	3426553898
	3426553899
	3426553900
	3426553901
	3426553902
	3426553903
	3426553904
	3426553905
	3426553906
	3426553907
	3426553908
	3426553909
	3426553910
	3426553911
	3426553912
	3426553913
	3426553914
	3426553915
	3426553916
	3426553917
	3426553918
	3426553919
	3426553920
	3426553921
	3426553922
	3426553923
	3426553924
	3426553925
	3426553926
	3426553927
	3426553928
	3426553929
	3426553930
	3426553931
	3426553932
	3426553933
	3426553934
	3426553935
	3426553936
	3426553937
	3426553938
	3426553939
	3426553940
	3426553941
	3426553942
	3426553943
	3426553944
	3426553945
	3426553946
	3426553947
	3426553948
	3426553949
	3426553950
	3426553951
	3426553952
	3426553953
	3426553954
	3426553955
	3426553956
	3426553957
	3426553958
	3426553959
	3426553960
	3426553961
	3426553962
	3426553963
	3426553964
	3426553965
	3426553966
	3426553967
	3426553968
	3426553969
	3426553970
	3426553971
	3426553972
	3426553973
	3426553974
	3426553975
	3426553976
	3426553977
	3426553978
	3426553979
	3426553980
	3426553981
	3426553982
	3426553983
	3426553984
	3426553985
	3426553986
	3426553987
	3426553988
	3426553989
	3426553990
	3426553991
	3426553992
	3426553993
	3426553994
	3426553995
	3426553996
	3426553997
	3426553998
	3426553999
	3426554000
	3426554001
	3426554002
	3426554003
	3426554004
	3426554005
	3426554006
	3426554007
	3426554008
	3426554009
	3426554010
	3426554011
	3426554012
	3426554013
	3426554014
	3426554015
	3426554016
	3426554017
	3426554018
	3426554019
	3426554020
	3426554021
	3426554022
	3426554023
	3426554024
	3426554025
	3426554026
	3426554027
	3426554028
	3426554029
	3426554030
	3426554031
	3426554032
	3426554033
	3426554034
	3426554035
	3426554036
	3426554037
	3426554038
	3426554039
	3426554040
	3426554041
	3426554042
	3426554043
	3426554044
	3426554045
	3426554046
	3426554047
	3426554048
	3426554049
	3426554050
	3426554051
	3426554052
	3426554053
	3426554054
	3426554055
	3426554056
	3426554057
	3426554058
	3426554059
	3426554060
	3426554061
	3426554062
	3426554063
	3426554064
	3426554065
	3426554066
	3426554067
	3426554068
	3426554069
	3426554070
	3426554071
	3426554072
	3426554073
	3426554074
	3426554075
	3426554076
	3426554077
	3426554078
	3426554079
	3426554080
	3426554081
	3426554082
	3426554083
	3426554084
	3426554085
	3426554086
	3426554087
	3426554088
	3426554089
	3426554090
	3426554091
	3426554092
	3426554093
	3426554094
	3426554095
	3426554096
	3426554097
	3426554098
	3426554099
	3426554100
	3426554101
	3426554102
	3426554103
	3426554104
	3426554105
	3426554106
	3426554107
	3426554108
	3426554109
	3426554110
	3426554111
	3426554112
	3426554113
	3426554114
	3426554115
	3426554116
	3426554117
	3426554118
	3426554119
	3426554120
	3426554121
	3426554122
	3426554123
	3426554124
	3426554125
	3426554126
	3426554127
	3426554128
	3426554129
	3426554130
	3426554131
	3426554132
	3426554133
	3426554134
	3426554135
	3426554136
	3426554137
	3426554138
	3426554139
	3426554140
	3426554141
	3426554142
	3426554143
	3426554144
	3426554145
	3426554146
	3426554147
	3426554148
	3426554149
	3426554150
	3426554151
	3426554152
	3426554153
	3426554154
	3426554155
	3426554156
	3426554157
	3426554158
	3426554159
	3426554160
	3426554161
	3426554162
	3426554163
	3426554164
	3426554165
	3426554166
	3426554167
	3426554168
	3426554169
	3426554170
	3426554171
	3426554172
	3426554173
	3426554174
	3426554175
	3426554176
	3426554177
	3426554178
	3426554179
	3426554180
	3426554181
	3426554182
	3426554183
	3426554184
	3426554185
	3426554186
	3426554187
	3426554188
	3426554189
	3426554190
	3426554191
	3426554192
	3426554193
	3426554194
	3426554195
	3426554196
	3426554197
	3426554198
	3426554199
	3426554200
	3426554201
	3426554202
	3426554203
	3426554204
	3426554205
	3426554206
	3426554207
	3426554208
	3426554209
	3426554210
	3426554211
	3426554212
	3426554213
	3426554214
	3426554215
	3426554216
	3426554217
	3426554218
	3426554219
	3426554220
	3426554221
	3426554222
	3426554223
	3426554224
	3426554225
	3426554226
	3426554227
	3426554228
	3426554229
	3426554230
	3426554231
	3426554232
	3426554233
	3426554234
	3426554235
	3426554236
	3426554237
	3426554238
	3426554239
	3426554240
	3426554241
	3426554242
	3426554243
	3426554244
	3426554245
	3426554246
	3426554247
	3426554248
	3426554249
	3426554250
	3426554251
	3426554252
	3426554253
	3426554254
	3426554255
	3426554256
	3426554257
	3426554258
	3426554259
	3426554260
	3426554261
	3426554262
	3426554263
	3426554264
	3426554265
	3426554266
	3426554267
	3426554268
	3426554269
	3426554270
	3426554271
	3426554272
	3426554273
	3426554274
	3426554275
	3426554276
	3426554277
	3426554278
	3426554279
	3426554280
	3426554281
	3426554282
	3426554283
	3426554284
	3426554285
	3426554286
	3426554287
	3426554288
	3426554289
	3426554290
	3426554291
	3426554292
	3426554293
	3426554294
	3426554295
	3426554296
	3426554297
	3426554298
	3426554299
	3426554300
	3426554301
	3426554302
	3426554303
	3426554304
	3426554305
	3426554306
	3426554307
	3426554308
	3426554309
	3426554310
	3426554311
	3426554312
	3426554313
	3426554314
	3426554315
	3426554316
	3426554317
	3426554318
	3426554319
	3426554320
	3426554321
	3426554322
	3426554323
	3426554324
	3426554325
	3426554326
	3426554327
	3426554328
	3426554329
	3426554330
	3426554331
	3426554332
	3426554333
	3426554334
	3426554335
	3426554336
	3426554337
	3426554338
	3426554339
	3426554340
	3426554341
	3426554342
	3426554343
	3426554344
	3426554345
	3426554346
	3426554347
	3426554348
	3426554349
	3426554350
	3426554351
	3426554352
	3426554353
	3426554354
	3426554355
	3426554356
	3426554357
	3426554358
	3426554359
	3426554360
	3426554361
	3426554362
	3426554363
	3426554364
	3426554365
	3426554366
	3426554367
	3426554368
	3426554369
	3426554370
	3426554371
	3426554372
	3426554373
	3426554374
	3426554375
	3426554376
	3426554377
	3426554378
	3426554379
	3426554380
	3426554381
	3426554382
	3426554383
	3426554384
	3426554385
	3426554386
	3426554387
	3426554388
	3426554389
	3426554390
	3426554391
	3426554392
	3426554393
	3426554394
	3426554395
	3426554396
	3426554397
	3426554398
	3426554399
	3426554400
	3426554401
	3426554402
	3426554403
	3426554404
	3426554405
	3426554406
	3426554407
	3426554408
	3426554409
	3426554410
	3426554411
	3426554412
	3426554413
	3426554414
	3426554415
	3426554416
	3426554417
	3426554418
	3426554419
	3426554420
	3426554421
	3426554422
	3426554423
	3426554424
	3426554425
	3426554426
	3426554427
	3426554428
	3426554429
	3426554430
	3426554431
	3426554432
	3426554433
	3426554434
	3426554435
	3426554436
	3426554437
	3426554438
	3426554439
	3426554440
	3426554441
	3426554442
	3426554443
	3426554444
	3426554445
	3426554446
	3426554447
	3426554448
	3426554449
	3426554450
	3426554451
	3426554452
	3426554453
	3426554454
	3426554455
	3426554456
	3426554457
	3426554458
	3426554459
	3426554460
	3426554461
	3426554462
	3426554463
	3426554464
	3426554465
	3426554466
	3426554467
	3426554468
	3426554469
	3426554470
	3426554471
	3426554472
	3426554473
	3426554474
	3426554475
	3426554476
	3426554477
	3426554478
	3426554479
	3426554480
	3426554481
	3426554482
	3426554483
	3426554484
	3426554485
	3426554486
	3426554487
	3426554488
	3426554489
	3426554490
	3426554491
	3426554492
	3426554493
	3426554494
	3426554495
	3426554496
	3426554497
	3426554498
	3426554499
	3426554500
	3426554501
	3426554502
	3426554503
	3426554504
	3426554505
	3426554506
	3426554507
	3426554508
	3426554509
	3426554510
	3426554511
	3426554512
	3426554513
	3426554514
	3426554515
	3426554516
	3426554517
	3426554518
	3426554519
	3426554520
	3426554521
	3426554522
	3426554523
	3426554524
	3426554525
	3426554526
	3426554527
	3426554528
	3426554529
	3426554530
	3426554531
	3426554532
	3426554533
	3426554534
	3426554535
	3426554536
	3426554537
	3426554538
	3426554539
	3426554540
	3426554541
	3426554542
	3426554543
	3426554544
	3426554545
	3426554546
	3426554547
	3426554548
	3426554549
	3426554550
	3426554551
	3426554552
	3426554553
	3426554554
	3426554555
	3426554556
	3426554557
	3426554558
	3426554559
	3426554560
	3426554561
	3426554562
	3426554563
	3426554564
	3426554565
	3426554566
	3426554567
	3426554568
	3426554569
	3426554570
	3426554571
	3426554572
	3426554573
	3426554574
	3426554575
	3426554576
	3426554577
	3426554578
	3426554579
	3426554580
	3426554581
	3426554582
	3426554583
	3426554584
	3426554585
	3426554586
	3426554587
	3426554588
	3426554589
	3426554590
	3426554591
	3426554592
	3426554593
	3426554594
	3426554595
	3426554596
	3426554597
	3426554598
	3426554599
	3426554600
	3426554601
	3426554602
	3426554603
	3426554604
	3426554605
	3426554606
	3426554607
	3426554608
	3426554609
	3426554610
	3426554611
	3426554612
	3426554613
	3426554614
	3426554615
	3426554616
	3426554617
	3426554618
	3426554619
	3426554620
	3426554621
	3426554622
	3426554623
	3426554624
	3426554625
	3426554626
	3426554627
	3426554628
	3426554629
	3426554630
	3426554631
	3426554632
	3426554633
	3426554634
	3426554635
	3426554636
	3426554637
	3426554638
	3426554639
	3426554640
	3426554641
	3426554642
	3426554643
	3426554644
	3426554645
	3426554646
	3426554647
	3426554648
	3426554649
	3426554650
	3426554651
	3426554652
	3426554653
	3426554654
	3426554655
	3426554656
	3426554657
	3426554658
	3426554659
	3426554660
	3426554661
	3426554662
	3426554663
	3426554664
	3426554665
	3426554666
	3426554667
	3426554668
	3426554669
	3426554670
	3426554671
	3426554672
	3426554673
	3426554674
	3426554675
	3426554676
	3426554677
	3426554678
	3426554679
	3426554680
	3426554681
	3426554682
	3426554683
	3426554684
	3426554685
	3426554686
	3426554687
	3426554688
	3426554689
	3426554690
	3426554691
	3426554692
	3426554693
	3426554694
	3426554695
	3426554696
	3426554697
	3426554698
	3426554699
	3426554700
	3426554701
	3426554702
	3426554703
	3426554704
	3426554705
	3426554706
	3426554707
	3426554708
	3426554709
	3426554710
	3426554711
	3426554712
	3426554713
	3426554714
	3426554715
	3426554716
	3426554717
	3426554718
	3426554719
	3426554720
	3426554721
	3426554722
	3426554723
	3426554724
	3426554725
	3426554726
	3426554727
	3426554728
	3426554729
	3426554730
	3426554731
	3426554732
	3426554733
	3426554734
	3426554735
	3426554736
	3426554737
	3426554738
	3426554739
	3426554740
	3426554741
	3426554742
	3426554743
	3426554744
	3426554745
	3426554746
	3426554747
	3426554748
	3426554749
	3426554750
	3426554751
	3426554752
	3426554753
	3426554754
	3426554755
	3426554756
	3426554757
	3426554758
	3426554759
	3426554760
	3426554761
	3426554762
	3426554763
	3426554764
	3426554765
	3426554766
	3426554767
	3426554768
	3426554769
	3426554770
	3426554771
	3426554772
	3426554773
	3426554774
	3426554775
	3426554776
	3426554777
	3426554778
	3426554779
	3426554780
	3426554781
	3426554782
	3426554783
	3426554784
	3426554785
	3426554786
	3426554787
	3426554788
	3426554789
	3426554790
	3426554791
	3426554792
	3426554793
	3426554794
	3426554795
	3426554796
	3426554797
	3426554798
	3426554799
	3426554800
	3426554801
	3426554802
	3426554803
	3426554804
	3426554805
	3426554806
	3426554807
	3426554808
	3426554809
	3426554810
	3426554811
	3426554812
	3426554813
	3426554814
	3426554815
	3426554816
	3426554817
	3426554818
	3426554819
	3426554820
	3426554821
	3426554822
	3426554823
	3426554824
	3426554825
	3426554826
	3426554827
	3426554828
	3426554829
	3426554830
	3426554831
	3426554832
	3426554833
	3426554834
	3426554835
	3426554836
	3426554837
	3426554838
	3426554839
	3426554840
	3426554841
	3426554842
	3426554843
	3426554844
	3426554845
	3426554846
	3426554847
	3426554848
	3426554849
	3426554850
	3426554851
	3426554852
	3426554853
	3426554854
	3426554855
	3426554856
	3426554857
	3426554858
	3426554859
	3426554860
	3426554861
	3426554862
	3426554863
	3426554864
	3426554865
	3426554866
	3426554867
	3426554868
	3426554869
	3426554870
	3426554871
	3426554872
	3426554873
	3426554874
	3426554875
	3426554876
	3426554877
	3426554878
	3426554879
	3426554880
	3426554881
	3426554882
	3426554883
	3426554884
	3426554885
	3426554886
	3426554887
	3426554888
	3426554889
	3426554890
	3426554891
	3426554892
	3426554893
	3426554894
	3426554895
	3426554896
	3426554897
	3426554898
	3426554899
	3426554900
	3426554901
	3426554902
	3426554903
	3426554904
	3426554905
	3426554906
	3426554907
	3426554908
	3426554909
	3426554910
	3426554911
	3426554912
	3426554913
	3426554914
	3426554915
	3426554916
	3426554917
	3426554918
	3426554919
	3426554920
	3426554921
	3426554922
	3426554923
	3426554924
	3426554925
	3426554926
	3426554927
	3426554928
	3426554929
	3426554930
	3426554931
	3426554932
	3426554933
	3426554934
	3426554935
	3426554936
	3426554937
	3426554938
	3426554939
	3426554940
	3426554941
	3426554942
	3426554943
	3426554944
	3426554945
	3426554946
	3426554947
	3426554948
	3426554949
	3426554950
	3426554951
	3426554952
	3426554953
	3426554954
	3426554955
	3426554956
	3426554957
	3426554958
	3426554959
	3426554960
	3426554961
	3426554962
	3426554963
	3426554964
	3426554965
	3426554966
	3426554967
	3426554968
	3426554969
	3426554970
	3426554971
	3426554972
	3426554973
	3426554974
	3426554975
	3426554976
	3426554977
	3426554978
	3426554979
	3426554980
	3426554981
	3426554982
	3426554983
	3426554984
	3426554985
	3426554986
	3426554987
	3426554988
	3426554989
	3426554990
	3426554991
	3426554992
	3426554993
	3426554994
	3426554995
	3426554996
	3426554997
	3426554998
	3426554999
	3426555000
	3426555001
	3426555002
	3426555003
	3426555004
	3426555005
	3426555006
	3426555007
	3426555008
	3426555009
	3426555010
	3426555011
	3426555012
	3426555013
	3426555014
	3426555015
	3426555016
	3426555017
	3426555018
	3426555019
	3426555020
	3426555021
	3426555022
	3426555023
	3426555024
	3426555025
	3426555026
	3426555027
	3426555028
	3426555029
	3426555030
	3426555031
	3426555032
	3426555033
	3426555034
	3426555035
	3426555036
	3426555037
	3426555038
	3426555039
	3426555040
	3426555041
	3426555042
	3426555043
	3426555044
	3426555045
	3426555046
	3426555047
	3426555048
	3426555049
	3426555050
	3426555051
	3426555052
	3426555053
	3426555054
	3426555055
	3426555056
	3426555057
	3426555058
	3426555059
	3426555060
	3426555061
	3426555062
	3426555063
	3426555064
	3426555065
	3426555066
	3426555067
	3426555068
	3426555069
	3426555070
	3426555071
	3426555072
	3426555073
	3426555074
	3426555075
	3426555076
	3426555077
	3426555078
	3426555079
	3426555080
	3426555081
	3426555082
	3426555083
	3426555084
	3426555085
	3426555086
	3426555087
	3426555088
	3426555089
	3426555090
	3426555091
	3426555092
	3426555093
	3426555094
	3426555095
	3426555096
	3426555097
	3426555098
	3426555099
	3426555100
	3426555101
	3426555102
	3426555103
	3426555104
	3426555105
	3426555106
	3426555107
	3426555108
	3426555109
	3426555110
	3426555111
	3426555112
	3426555113
	3426555114
	3426555115
	3426555116
	3426555117
	3426555118
	3426555119
	3426555120
	3426555121
	3426555122
	3426555123
	3426555124
	3426555125
	3426555126
	3426555127
	3426555128
	3426555129
	3426555130
	3426555131
	3426555132
	3426555133
	3426555134
	3426555135
	3426555136
	3426555137
	3426555138
	3426555139
	3426555140
	3426555141
	3426555142
	3426555143
	3426555144
	3426555145
	3426555146
	3426555147
	3426555148
	3426555149
	3426555150
	3426555151
	3426555152
	3426555153
	3426555154
	3426555155
	3426555156
	3426555157
	3426555158
	3426555159
	3426555160
	3426555161
	3426555162
	3426555163
	3426555164
	3426555165
	3426555166
	3426555167
	3426555168
	3426555169
	3426555170
	3426555171
	3426555172
	3426555173
	3426555174
	3426555175
	3426555176
	3426555177
	3426555178
	3426555179
	3426555180
	3426555181
	3426555182
	3426555183
	3426555184
	3426555185
	3426555186
	3426555187
	3426555188
	3426555189
	3426555190
	3426555191
	3426555192
	3426555193
	3426555194
	3426555195
	3426555196
	3426555197
	3426555198
	3426555199
	3426555200
	3426555201
	3426555202
	3426555203
	3426555204
	3426555205
	3426555206
	3426555207
	3426555208
	3426555209
	3426555210
	3426555211
	3426555212
	3426555213
	3426555214
	3426555215
	3426555216
	3426555217
	3426555218
	3426555219
	3426555220
	3426555221
	3426555222
	3426555223
	3426555224
	3426555225
	3426555226
	3426555227
	3426555228
	3426555229
	3426555230
	3426555231
	3426555232
	3426555233
	3426555234
	3426555235
	3426555236
	3426555237
	3426555238
	3426555239
	3426555240
	3426555241
	3426555242
	3426555243
	3426555244
	3426555245
	3426555246
	3426555247
	3426555248
	3426555249
	3426555250
	3426555251
	3426555252
	3426555253
	3426555254
	3426555255
	3426555256
	3426555257
	3426555258
	3426555259
	3426555260
	3426555261
	3426555262
	3426555263
	3426555264
	3426555265
	3426555266
	3426555267
	3426555268
	3426555269
	3426555270
	3426555271
	3426555272
	3426555273
	3426555274
	3426555275
	3426555276
	3426555277
	3426555278
	3426555279
	3426555280
	3426555281
	3426555282
	3426555283
	3426555284
	3426555285
	3426555286
	3426555287
	3426555288
	3426555289
	3426555290
	3426555291
	3426555292
	3426555293
	3426555294
	3426555295
	3426555296
	3426555297
	3426555298
	3426555299
	3426555300
	3426555301
	3426555302
	3426555303
	3426555304
	3426555305
	3426555306
	3426555307
	3426555308
	3426555309
	3426555310
	3426555311
	3426555312
	3426555313
	3426555314
	3426555315
	3426555316
	3426555317
	3426555318
	3426555319
	3426555320
	3426555321
	3426555322
	3426555323
	3426555324
	3426555325
	3426555326
	3426555327
	3426555328
	3426555329
	3426555330
	3426555331
	3426555332
	3426555333
	3426555334
	3426555335
	3426555336
	3426555337
	3426555338
	3426555339
	3426555340
	3426555341
	3426555342
	3426555343
	3426555344
	3426555345
	3426555346
	3426555347
	3426555348
	3426555349
	3426555350
	3426555351
	3426555352
	3426555353
	3426555354
	3426555355
	3426555356
	3426555357
	3426555358
	3426555359
	3426555360
	3426555361
	3426555362
	3426555363
	3426555364
	3426555365
	3426555366
	3426555367
	3426555368
	3426555369
	3426555370
	3426555371
	3426555372
	3426555373
	3426555374
	3426555375
	3426555376
	3426555377
	3426555378
	3426555379
	3426555380
	3426555381
	3426555382
	3426555383
	3426555384
	3426555385
	3426555386
	3426555387
	3426555388
	3426555389
	3426555390
	3426555391
	3426555392
	3426555393
	3426555394
	3426555395
	3426555396
	3426555397
	3426555398
	3426555399
	3426555400
	3426555401
	3426555402
	3426555403
	3426555404
	3426555405
	3426555406
	3426555407
	3426555408
	3426555409
	3426555410
	3426555411
	3426555412
	3426555413
	3426555414
	3426555415
	3426555416
	3426555417
	3426555418
	3426555419
	3426555420
	3426555421
	3426555422
	3426555423
	3426555424
	3426555425
	3426555426
	3426555427
	3426555428
	3426555429
	3426555430
	3426555431
	3426555432
	3426555433
	3426555434
	3426555435
	3426555436
	3426555437
	3426555438
	3426555439
	3426555440
	3426555441
	3426555442
	3426555443
	3426555444
	3426555445
	3426555446
	3426555447
	3426555448
	3426555449
	3426555450
	3426555451
	3426555452
	3426555453
	3426555454
	3426555455
	3426555456
	3426555457
	3426555458
	3426555459
	3426555460
	3426555461
	3426555462
	3426555463
	3426555464
	3426555465
	3426555466
	3426555467
	3426555468
	3426555469
	3426555470
	3426555471
	3426555472
	3426555473
	3426555474
	3426555475
	3426555476
	3426555477
	3426555478
	3426555479
	3426555480
	3426555481
	3426555482
	3426555483
	3426555484
	3426555485
	3426555486
	3426555487
	3426555488
	3426555489
	3426555490
	3426555491
	3426555492
	3426555493
	3426555494
	3426555495
	3426555496
	3426555497
	3426555498
	3426555499
	3426555500
	3426555501
	3426555502
	3426555503
	3426555504
	3426555505
	3426555506
	3426555507
	3426555508
	3426555509
	3426555510
	3426555511
	3426555512
	3426555513
	3426555514
	3426555515
	3426555516
	3426555517
	3426555518
	3426555519
	3426555520
	3426555521
	3426555522
	3426555523
	3426555524
	3426555525
	3426555526
	3426555527
	3426555528
	3426555529
	3426555530
	3426555531
	3426555532
	3426555533
	3426555534
	3426555535
	3426555536
	3426555537
	3426555538
	3426555539
	3426555540
	3426555541
	3426555542
	3426555543
	3426555544
	3426555545
	3426555546
	3426555547
	3426555548
	3426555549
	3426555550
	3426555551
	3426555552
	3426555553
	3426555554
	3426555555
	3426555556
	3426555557
	3426555558
	3426555559
	3426555560
	3426555561
	3426555562
	3426555563
	3426555564
	3426555565
	3426555566
	3426555567
	3426555568
	3426555569
	3426555570
	3426555571
	3426555572
	3426555573
	3426555574
	3426555575
	3426555576
	3426555577
	3426555578
	3426555579
	3426555580
	3426555581
	3426555582
	3426555583
	3426555584
	3426555585
	3426555586
	3426555587
	3426555588
	3426555589
	3426555590
	3426555591
	3426555592
	3426555593
	3426555594
	3426555595
	3426555596
	3426555597
	3426555598
	3426555599
	3426555600
	3426555601
	3426555602
	3426555603
	3426555604
	3426555605
	3426555606
	3426555607
	3426555608
	3426555609
	3426555610
	3426555611
	3426555612
	3426555613
	3426555614
	3426555615
	3426555616
	3426555617
	3426555618
	3426555619
	3426555620
	3426555621
	3426555622
	3426555623
	3426555624
	3426555625
	3426555626
	3426555627
	3426555628
	3426555629
	3426555630
	3426555631
	3426555632
	3426555633
	3426555634
	3426555635
	3426555636
	3426555637
	3426555638
	3426555639
	3426555640
	3426555641
	3426555642
	3426555643
	3426555644
	3426555645
	3426555646
	3426555647
	3426555648
	3426555649
	3426555650
	3426555651
	3426555652
	3426555653
	3426555654
	3426555655
	3426555656
	3426555657
	3426555658
	3426555659
	3426555660
	3426555661
	3426555662
	3426555663
	3426555664
	3426555665
	3426555666
	3426555667
	3426555668
	3426555669
	3426555670
	3426555671
	3426555672
	3426555673
	3426555674
	3426555675
	3426555676
	3426555677
	3426555678
	3426555679
	3426555680
	3426555681
	3426555682
	3426555683
	3426555684
	3426555685
	3426555686
	3426555687
	3426555688
	3426555689
	3426555690
	3426555691
	3426555692
	3426555693
	3426555694
	3426555695
	3426555696
	3426555697
	3426555698
	3426555699
	3426555700
	3426555701
	3426555702
	3426555703
	3426555704
	3426555705
	3426555706
	3426555707
	3426555708
	3426555709
	3426555710
	3426555711
	3426555712
	3426555713
	3426555714
	3426555715
	3426555716
	3426555717
	3426555718
	3426555719
	3426555720
	3426555721
	3426555722
	3426555723
	3426555724
	3426555725
	3426555726
	3426555727
	3426555728
	3426555729
	3426555730
	3426555731
	3426555732
	3426555733
	3426555734
	3426555735
	3426555736
	3426555737
	3426555738
	3426555739
	3426555740
	3426555741
	3426555742
	3426555743
	3426555744
	3426555745
	3426555746
	3426555747
	3426555748
	3426555749
	3426555750
	3426555751
	3426555752
	3426555753
	3426555754
	3426555755
	3426555756
	3426555757
	3426555758
	3426555759
	3426555760
	3426555761
	3426555762
	3426555763
	3426555764
	3426555765
	3426555766
	3426555767
	3426555768
	3426555769
	3426555770
	3426555771
	3426555772
	3426555773
	3426555774
	3426555775
	3426555776
	3426555777
	3426555778
	3426555779
	3426555780
	3426555781
	3426555782
	3426555783
	3426555784
	3426555785
	3426555786
	3426555787
	3426555788
	3426555789
	3426555790
	3426555791
	3426555792
	3426555793
	3426555794
	3426555795
	3426555796
	3426555797
	3426555798
	3426555799
	3426555800
	3426555801
	3426555802
	3426555803
	3426555804
	3426555805
	3426555806
	3426555807
	3426555808
	3426555809
	3426555810
	3426555811
	3426555812
	3426555813
	3426555814
	3426555815
	3426555816
	3426555817
	3426555818
	3426555819
	3426555820
	3426555821
	3426555822
	3426555823
	3426555824
	3426555825
	3426555826
	3426555827
	3426555828
	3426555829
	3426555830
	3426555831
	3426555832
	3426555833
	3426555834
	3426555835
	3426555836
	3426555837
	3426555838
	3426555839
	3426555840
	3426555841
	3426555842
	3426555843
	3426555844
	3426555845
	3426555846
	3426555847
	3426555848
	3426555849
	3426555850
	3426555851
	3426555852
	3426555853
	3426555854
	3426555855
	3426555856
	3426555857
	3426555858
	3426555859
	3426555860
	3426555861
	3426555862
	3426555863
	3426555864
	3426555865
	3426555866
	3426555867
	3426555868
	3426555869
	3426555870
	3426555871
	3426555872
	3426555873
	3426555874
	3426555875
	3426555876
	3426555877
	3426555878
	3426555879
	3426555880
	3426555881
	3426555882
	3426555883
	3426555884
	3426555885
	3426555886
	3426555887
	3426555888
	3426555889
	3426555890
	3426555891
	3426555892
	3426555893
	3426555894
	3426555895
	3426555896
	3426555897
	3426555898
	3426555899
	3426555900
	3426555901
	3426555902
	3426555903
	3426555904
	3426555905
	3426555906
	3426555907
	3426555908
	3426555909
	3426555910
	3426555911
	3426555912
	3426555913
	3426555914
	3426555915
	3426555916
	3426555917
	3426555918
	3426555919
	3426555920
	3426555921
	3426555922
	3426555923
	3426555924
	3426555925
	3426555926
	3426555927
	3426555928
	3426555929
	3426555930
	3426555931
	3426555932
	3426555933
	3426555934
	3426555935
	3426555936
	3426555937
	3426555938
	3426555939
	3426555940
	3426555941
	3426555942
	3426555943
	3426555944
	3426555945
	3426555946
	3426555947
	3426555948
	3426555949
	3426555950
	3426555951
	3426555952
	3426555953
	3426555954
	3426555955
	3426555956
	3426555957
	3426555958
	3426555959
	3426555960
	3426555961
	3426555962
	3426555963
	3426555964
	3426555965
	3426555966
	3426555967
	3426555968
	3426555969
	3426555970
	3426555971
	3426555972
	3426555973
	3426555974
	3426555975
	3426555976
	3426555977
	3426555978
	3426555979
	3426555980
	3426555981
	3426555982
	3426555983
	3426555984
	3426555985
	3426555986
	3426555987
	3426555988
	3426555989
	3426555990
	3426555991
	3426555992
	3426555993
	3426555994
	3426555995
	3426555996
	3426555997
	3426555998
	3426555999
	3426556000
	3426556001
	3426556002
	3426556003
	3426556004
	3426556005
	3426556006
	3426556007
	3426556008
	3426556009
	3426556010
	3426556011
	3426556012
	3426556013
	3426556014
	3426556015
	3426556016
	3426556017
	3426556018
	3426556019
	3426556020
	3426556021
	3426556022
	3426556023
	3426556024
	3426556025
	3426556026
	3426556027
	3426556028
	3426556029
	3426556030
	3426556031
	3426556032
	3426556033
	3426556034
	3426556035
	3426556036
	3426556037
	3426556038
	3426556039
	3426556040
	3426556041
	3426556042
	3426556043
	3426556044
	3426556045
	3426556046
	3426556047
	3426556048
	3426556049
	3426556050
	3426556051
	3426556052
	3426556053
	3426556054
	3426556055
	3426556056
	3426556057
	3426556058
	3426556059
	3426556060
	3426556061
	3426556062
	3426556063
	3426556064
	3426556065
	3426556066
	3426556067
	3426556068
	3426556069
	3426556070
	3426556071
	3426556072
	3426556073
	3426556074
	3426556075
	3426556076
	3426556077
	3426556078
	3426556079
	3426556080
	3426556081
	3426556082
	3426556083
	3426556084
	3426556085
	3426556086
	3426556087
	3426556088
	3426556089
	3426556090
	3426556091
	3426556092
	3426556093
	3426556094
	3426556095
	3426556096
	3426556097
	3426556098
	3426556099
	3426556100
	3426556101
	3426556102
	3426556103
	3426556104
	3426556105
	3426556106
	3426556107
	3426556108
	3426556109
	3426556110
	3426556111
	3426556112
	3426556113
	3426556114
	3426556115
	3426556116
	3426556117
	3426556118
	3426556119
	3426556120
	3426556121
	3426556122
	3426556123
	3426556124
	3426556125
	3426556126
	3426556127
	3426556128
	3426556129
	3426556130
	3426556131
	3426556132
	3426556133
	3426556134
	3426556135
	3426556136
	3426556137
	3426556138
	3426556139
	3426556140
	3426556141
	3426556142
	3426556143
	3426556144
	3426556145
	3426556146
	3426556147
	3426556148
	3426556149
	3426556150
	3426556151
	3426556152
	3426556153
	3426556154
	3426556155
	3426556156
	3426556157
	3426556158
	3426556159
	3426556160
	3426556161
	3426556162
	3426556163
	3426556164
	3426556165
	3426556166
	3426556167
	3426556168
	3426556169
	3426556170
	3426556171
	3426556172
	3426556173
	3426556174
	3426556175
	3426556176
	3426556177
	3426556178
	3426556179
	3426556180
	3426556181
	3426556182
	3426556183
	3426556184
	3426556185
	3426556186
	3426556187
	3426556188
	3426556189
	3426556190
	3426556191
	3426556192
	3426556193
	3426556194
	3426556195
	3426556196
	3426556197
	3426556198
	3426556199
	3426556200
	3426556201
	3426556202
	3426556203
	3426556204
	3426556205
	3426556206
	3426556207
	3426556208
	3426556209
	3426556210
	3426556211
	3426556212
	3426556213
	3426556214
	3426556215
	3426556216
	3426556217
	3426556218
	3426556219
	3426556220
	3426556221
	3426556222
	3426556223
	3426556224
	3426556225
	3426556226
	3426556227
	3426556228
	3426556229
	3426556230
	3426556231
	3426556232
	3426556233
	3426556234
	3426556235
	3426556236
	3426556237
	3426556238
	3426556239
	3426556240
	3426556241
	3426556242
	3426556243
	3426556244
	3426556245
	3426556246
	3426556247
	3426556248
	3426556249
	3426556250
	3426556251
	3426556252
	3426556253
	3426556254
	3426556255
	3426556256
	3426556257
	3426556258
	3426556259
	3426556260
	3426556261
	3426556262
	3426556263
	3426556264
	3426556265
	3426556266
	3426556267
	3426556268
	3426556269
	3426556270
	3426556271
	3426556272
	3426556273
	3426556274
	3426556275
	3426556276
	3426556277
	3426556278
	3426556279
	3426556280
	3426556281
	3426556282
	3426556283
	3426556284
	3426556285
	3426556286
	3426556287
	3426556288
	3426556289
	3426556290
	3426556291
	3426556292
	3426556293
	3426556294
	3426556295
	3426556296
	3426556297
	3426556298
	3426556299
	3426556300
	3426556301
	3426556302
	3426556303
	3426556304
	3426556305
	3426556306
	3426556307
	3426556308
	3426556309
	3426556310
	3426556311
	3426556312
	3426556313
	3426556314
	3426556315
	3426556316
	3426556317
	3426556318
	3426556319
	3426556320
	3426556321
	3426556322
	3426556323
	3426556324
	3426556325
	3426556326
	3426556327
	3426556328
	3426556329
	3426556330
	3426556331
	3426556332
	3426556333
	3426556334
	3426556335
	3426556336
	3426556337
	3426556338
	3426556339
	3426556340
	3426556341
	3426556342
	3426556343
	3426556344
	3426556345
	3426556346
	3426556347
	3426556348
	3426556349
	3426556350
	3426556351
	3426556352
	3426556353
	3426556354
	3426556355
	3426556356
	3426556357
	3426556358
	3426556359
	3426556360
	3426556361
	3426556362
	3426556363
	3426556364
	3426556365
	3426556366
	3426556367
	3426556368
	3426556369
	3426556370
	3426556371
	3426556372
	3426556373
	3426556374
	3426556375
	3426556376
	3426556377
	3426556378
	3426556379
	3426556380
	3426556381
	3426556382
	3426556383
	3426556384
	3426556385
	3426556386
	3426556387
	3426556388
	3426556389
	3426556390
	3426556391
	3426556392
	3426556393
	3426556394
	3426556395
	3426556396
	3426556397
	3426556398
	3426556399
	3426556400
	3426556401
	3426556402
	3426556403
	3426556404
	3426556405
	3426556406
	3426556407
	3426556408
	3426556409
	3426556410
	3426556411
	3426556412
	3426556413
	3426556414
	3426556415
	3426556416
	3426556417
	3426556418
	3426556419
	3426556420
	3426556421
	3426556422
	3426556423
	3426556424
	3426556425
	3426556426
	3426556427
	3426556428
	3426556429
	3426556430
	3426556431
	3426556432
	3426556433
	3426556434
	3426556435
	3426556436
	3426556437
	3426556438
	3426556439
	3426556440
	3426556441
	3426556442
	3426556443
	3426556444
	3426556445
	3426556446
	3426556447
	3426556448
	3426556449
	3426556450
	3426556451
	3426556452
	3426556453
	3426556454
	3426556455
	3426556456
	3426556457
	3426556458
	3426556459
	3426556460
	3426556461
	3426556462
	3426556463
	3426556464
	3426556465
	3426556466
	3426556467
	3426556468
	3426556469
	3426556470
	3426556471
	3426556472
	3426556473
	3426556474
	3426556475
	3426556476
	3426556477
	3426556478
	3426556479
	3426556480
	3426556481
	3426556482
	3426556483
	3426556484
	3426556485
	3426556486
	3426556487
	3426556488
	3426556489
	3426556490
	3426556491
	3426556492
	3426556493
	3426556494
	3426556495
	3426556496
	3426556497
	3426556498
	3426556499
	3426556500
	3426556501
	3426556502
	3426556503
	3426556504
	3426556505
	3426556506
	3426556507
	3426556508
	3426556509
	3426556510
	3426556511
	3426556512
	3426556513
	3426556514
	3426556515
	3426556516
	3426556517
	3426556518
	3426556519
	3426556520
	3426556521
	3426556522
	3426556523
	3426556524
	3426556525
	3426556526
	3426556527
	3426556528
	3426556529
	3426556530
	3426556531
	3426556532
	3426556533
	3426556534
	3426556535
	3426556536
	3426556537
	3426556538
	3426556539
	3426556540
	3426556541
	3426556542
	3426556543
	3426556544
	3426556545
	3426556546
	3426556547
	3426556548
	3426556549
	3426556550
	3426556551
	3426556552
	3426556553
	3426556554
	3426556555
	3426556556
	3426556557
	3426556558
	3426556559
	3426556560
	3426556561
	3426556562
	3426556563
	3426556564
	3426556565
	3426556566
	3426556567
	3426556568
	3426556569
	3426556570
	3426556571
	3426556572
	3426556573
	3426556574
	3426556575
	3426556576
	3426556577
	3426556578
	3426556579
	3426556580
	3426556581
	3426556582
	3426556583
	3426556584
	3426556585
	3426556586
	3426556587
	3426556588
	3426556589
	3426556590
	3426556591
	3426556592
	3426556593
	3426556594
	3426556595
	3426556596
	3426556597
	3426556598
	3426556599
	3426556600
	3426556601
	3426556602
	3426556603
	3426556604
	3426556605
	3426556606
	3426556607
	3426556608
	3426556609
	3426556610
	3426556611
	3426556612
	3426556613
	3426556614
	3426556615
	3426556616
	3426556617
	3426556618
	3426556619
	3426556620
	3426556621
	3426556622
	3426556623
	3426556624
	3426556625
	3426556626
	3426556627
	3426556628
	3426556629
	3426556630
	3426556631
	3426556632
	3426556633
	3426556634
	3426556635
	3426556636
	3426556637
	3426556638
	3426556639
	3426556640
	3426556641
	3426556642
	3426556643
	3426556644
	3426556645
	3426556646
	3426556647
	3426556648
	3426556649
	3426556650
	3426556651
	3426556652
	3426556653
	3426556654
	3426556655
	3426556656
	3426556657
	3426556658
	3426556659
	3426556660
	3426556661
	3426556662
	3426556663
	3426556664
	3426556665
	3426556666
	3426556667
	3426556668
	3426556669
	3426556670
	3426556671
	3426556672
	3426556673
	3426556674
	3426556675
	3426556676
	3426556677
	3426556678
	3426556679
	3426556680
	3426556681
	3426556682
	3426556683
	3426556684
	3426556685
	3426556686
	3426556687
	3426556688
	3426556689
	3426556690
	3426556691
	3426556692
	3426556693
	3426556694
	3426556695
	3426556696
	3426556697
	3426556698
	3426556699
	3426556700
	3426556701
	3426556702
	3426556703
	3426556704
	3426556705
	3426556706
	3426556707
	3426556708
	3426556709
	3426556710
	3426556711
	3426556712
	3426556713
	3426556714
	3426556715
	3426556716
	3426556717
	3426556718
	3426556719
	3426556720
	3426556721
	3426556722
	3426556723
	3426556724
	3426556725
	3426556726
	3426556727
	3426556728
	3426556729
	3426556730
	3426556731
	3426556732
	3426556733
	3426556734
	3426556735
	3426556736
	3426556737
	3426556738
	3426556739
	3426556740
	3426556741
	3426556742
	3426556743
	3426556744
	3426556745
	3426556746
	3426556747
	3426556748
	3426556749
	3426556750
	3426556751
	3426556752
	3426556753
	3426556754
	3426556755
	3426556756
	3426556757
	3426556758
	3426556759
	3426556760
	3426556761
	3426556762
	3426556763
	3426556764
	3426556765
	3426556766
	3426556767
	3426556768
	3426556769
	3426556770
	3426556771
	3426556772
	3426556773
	3426556774
	3426556775
	3426556776
	3426556777
	3426556778
	3426556779
	3426556780
	3426556781
	3426556782
	3426556783
	3426556784
	3426556785
	3426556786
	3426556787
	3426556788
	3426556789
	3426556790
	3426556791
	3426556792
	3426556793
	3426556794
	3426556795
	3426556796
	3426556797
	3426556798
	3426556799
	3426556800
	3426556801
	3426556802
	3426556803
	3426556804
	3426556805
	3426556806
	3426556807
	3426556808
	3426556809
	3426556810
	3426556811
	3426556812
	3426556813
	3426556814
	3426556815
	3426556816
	3426556817
	3426556818
	3426556819
	3426556820
	3426556821
	3426556822
	3426556823
	3426556824
	3426556825
	3426556826
	3426556827
	3426556828
	3426556829
	3426556830
	3426556831
	3426556832
	3426556833
	3426556834
	3426556835
	3426556836
	3426556837
	3426556838
	3426556839
	3426556840
	3426556841
	3426556842
	3426556843
	3426556844
	3426556845
	3426556846
	3426556847
	3426556848
	3426556849
	3426556850
	3426556851
	3426556852
	3426556853
	3426556854
	3426556855
	3426556856
	3426556857
	3426556858
	3426556859
	3426556860
	3426556861
	3426556862
	3426556863
	3426556864
	3426556865
	3426556866
	3426556867
	3426556868
	3426556869
	3426556870
	3426556871
	3426556872
	3426556873
	3426556874
	3426556875
	3426556876
	3426556877
	3426556878
	3426556879
	3426556880
	3426556881
	3426556882
	3426556883
	3426556884
	3426556885
	3426556886
	3426556887
	3426556888
	3426556889
	3426556890
	3426556891
	3426556892
	3426556893
	3426556894
	3426556895
	3426556896
	3426556897
	3426556898
	3426556899
	3426556900
	3426556901
	3426556902
	3426556903
	3426556904
	3426556905
	3426556906
	3426556907
	3426556908
	3426556909
	3426556910
	3426556911
	3426556912
	3426556913
	3426556914
	3426556915
	3426556916
	3426556917
	3426556918
	3426556919
	3426556920
	3426556921
	3426556922
	3426556923
	3426556924
	3426556925
	3426556926
	3426556927
	3426556928
	3426556929
	3426556930
	3426556931
	3426556932
	3426556933
	3426556934
	3426556935
	3426556936
	3426556937
	3426556938
	3426556939
	3426556940
	3426556941
	3426556942
	3426556943
	3426556944
	3426556945
	3426556946
	3426556947
	3426556948
	3426556949
	3426556950
	3426556951
	3426556952
	3426556953
	3426556954
	3426556955
	3426556956
	3426556957
	3426556958
	3426556959
	3426556960
	3426556961
	3426556962
	3426556963
	3426556964
	3426556965
	3426556966
	3426556967
	3426556968
	3426556969
	3426556970
	3426556971
	3426556972
	3426556973
	3426556974
	3426556975
	3426556976
	3426556977
	3426556978
	3426556979
	3426556980
	3426556981
	3426556982
	3426556983
	3426556984
	3426556985
	3426556986
	3426556987
	3426556988
	3426556989
	3426556990
	3426556991
	3426556992
	3426556993
	3426556994
	3426556995
	3426556996
	3426556997
	3426556998
	3426556999
	3426557000
	3426557001
	3426557002
	3426557003
	3426557004
	3426557005
	3426557006
	3426557007
	3426557008
	3426557009
	3426557010
	3426557011
	3426557012
	3426557013
	3426557014
	3426557015
	3426557016
	3426557017
	3426557018
	3426557019
	3426557020
	3426557021
	3426557022
	3426557023
	3426557024
	3426557025
	3426557026
	3426557027
	3426557028
	3426557029
	3426557030
	3426557031
	3426557032
	3426557033
	3426557034
	3426557035
	3426557036
	3426557037
	3426557038
	3426557039
	3426557040
	3426557041
	3426557042
	3426557043
	3426557044
	3426557045
	3426557046
	3426557047
	3426557048
	3426557049
	3426557050
	3426557051
	3426557052
	3426557053
	3426557054
	3426557055
	3426557056
	3426557057
	3426557058
	3426557059
	3426557060
	3426557061
	3426557062
	3426557063
	3426557064
	3426557065
	3426557066
	3426557067
	3426557068
	3426557069
	3426557070
	3426557071
	3426557072
	3426557073
	3426557074
	3426557075
	3426557076
	3426557077
	3426557078
	3426557079
	3426557080
	3426557081
	3426557082
	3426557083
	3426557084
	3426557085
	3426557086
	3426557087
	3426557088
	3426557089
	3426557090
	3426557091
	3426557092
	3426557093
	3426557094
	3426557095
	3426557096
	3426557097
	3426557098
	3426557099
	3426557100
	3426557101
	3426557102
	3426557103
	3426557104
	3426557105
	3426557106
	3426557107
	3426557108
	3426557109
	3426557110
	3426557111
	3426557112
	3426557113
	3426557114
	3426557115
	3426557116
	3426557117
	3426557118
	3426557119
	3426557120
	3426557121
	3426557122
	3426557123
	3426557124
	3426557125
	3426557126
	3426557127
	3426557128
	3426557129
	3426557130
	3426557131
	3426557132
	3426557133
	3426557134
	3426557135
	3426557136
	3426557137
	3426557138
	3426557139
	3426557140
	3426557141
	3426557142
	3426557143
	3426557144
	3426557145
	3426557146
	3426557147
	3426557148
	3426557149
	3426557150
	3426557151
	3426557152
	3426557153
	3426557154
	3426557155
	3426557156
	3426557157
	3426557158
	3426557159
	3426557160
	3426557161
	3426557162
	3426557163
	3426557164
	3426557165
	3426557166
	3426557167
	3426557168
	3426557169
	3426557170
	3426557171
	3426557172
	3426557173
	3426557174
	3426557175
	3426557176
	3426557177
	3426557178
	3426557179
	3426557180
	3426557181
	3426557182
	3426557183
	3426557184
	3426557185
	3426557186
	3426557187
	3426557188
	3426557189
	3426557190
	3426557191
	3426557192
	3426557193
	3426557194
	3426557195
	3426557196
	3426557197
	3426557198
	3426557199
	3426557200
	3426557201
	3426557202
	3426557203
	3426557204
	3426557205
	3426557206
	3426557207
	3426557208
	3426557209
	3426557210
	3426557211
	3426557212
	3426557213
	3426557214
	3426557215
	3426557216
	3426557217
	3426557218
	3426557219
	3426557220
	3426557221
	3426557222
	3426557223
	3426557224
	3426557225
	3426557226
	3426557227
	3426557228
	3426557229
	3426557230
	3426557231
	3426557232
	3426557233
	3426557234
	3426557235
	3426557236
	3426557237
	3426557238
	3426557239
	3426557240
	3426557241
	3426557242
	3426557243
	3426557244
	3426557245
	3426557246
	3426557247
	3426557248
	3426557249
	3426557250
	3426557251
	3426557252
	3426557253
	3426557254
	3426557255
	3426557256
	3426557257
	3426557258
	3426557259
	3426557260
	3426557261
	3426557262
	3426557263
	3426557264
	3426557265
	3426557266
	3426557267
	3426557268
	3426557269
	3426557270
	3426557271
	3426557272
	3426557273
	3426557274
	3426557275
	3426557276
	3426557277
	3426557278
	3426557279
	3426557280
	3426557281
	3426557282
	3426557283
	3426557284
	3426557285
	3426557286
	3426557287
	3426557288
	3426557289
	3426557290
	3426557291
	3426557292
	3426557293
	3426557294
	3426557295
	3426557296
	3426557297
	3426557298
	3426557299
	3426557300
	3426557301
	3426557302
	3426557303
	3426557304
	3426557305
	3426557306
	3426557307
	3426557308
	3426557309
	3426557310
	3426557311
	3426557312
	3426557313
	3426557314
	3426557315
	3426557316
	3426557317
	3426557318
	3426557319
	3426557320
	3426557321
	3426557322
	3426557323
	3426557324
	3426557325
	3426557326
	3426557327
	3426557328
	3426557329
	3426557330
	3426557331
	3426557332
	3426557333
	3426557334
	3426557335
	3426557336
	3426557337
	3426557338
	3426557339
	3426557340
	3426557341
	3426557342
	3426557343
	3426557344
	3426557345
	3426557346
	3426557347
	3426557348
	3426557349
	3426557350
	3426557351
	3426557352
	3426557353
	3426557354
	3426557355
	3426557356
	3426557357
	3426557358
	3426557359
	3426557360
	3426557361
	3426557362
	3426557363
	3426557364
	3426557365
	3426557366
	3426557367
	3426557368
	3426557369
	3426557370
	3426557371
	3426557372
	3426557373
	3426557374
	3426557375
	3426557376
	3426557377
	3426557378
	3426557379
	3426557380
	3426557381
	3426557382
	3426557383
	3426557384
	3426557385
	3426557386
	3426557387
	3426557388
	3426557389
	3426557390
	3426557391
	3426557392
	3426557393
	3426557394
	3426557395
	3426557396
	3426557397
	3426557398
	3426557399
	3426557400
	3426557401
	3426557402
	3426557403
	3426557404
	3426557405
	3426557406
	3426557407
	3426557408
	3426557409
	3426557410
	3426557411
	3426557412
	3426557413
	3426557414
	3426557415
	3426557416
	3426557417
	3426557418
	3426557419
	3426557420
	3426557421
	3426557422
	3426557423
	3426557424
	3426557425
	3426557426
	3426557427
	3426557428
	3426557429
	3426557430
	3426557431
	3426557432
	3426557433
	3426557434
	3426557435
	3426557436
	3426557437
	3426557438
	3426557439
	3426557440
	3426557441
	3426557442
	3426557443
	3426557444
	3426557445
	3426557446
	3426557447
	3426557448
	3426557449
	3426557450
	3426557451
	3426557452
	3426557453
	3426557454
	3426557455
	3426557456
	3426557457
	3426557458
	3426557459
	3426557460
