	3427016208
	3427016209
	3427016210
	3427016211
	3427016212
	3427016213
	3427016214
	3427016215
	3427016216
	3427016217
	3427016218
	3427016219
	3427016220
	3427016221
	3427016222
	3427016223
	3427016224
	3427016225
	3427016226
	3427016227
	3427016228
	3427016229
	3427016230
	3427016231
	3427016232
	3427016233
	3427016234
	3427016235
	3427016236
	3427016237
	3427016238
	3427016239
	3427016240
	3427016241
	3427016242
	3427016243
	3427016244
	3427016245
	3427016246
	3427016247
	3427016248
	3427016249
	3427016250
	3427016251
	3427016252
	3427016253
	3427016254
	3427016255
	3427016256
	3427016257
	3427016258
	3427016259
	3427016260
	3427016261
	3427016262
	3427016263
	3427016264
	3427016265
	3427016266
	3427016267
	3427016268
	3427016269
	3427016270
	3427016271
	3427016272
	3427016273
	3427016274
	3427016275
	3427016276
	3427016277
	3427016278
	3427016279
	3427016280
	3427016281
	3427016282
	3427016283
	3427016284
	3427016285
	3427016286
	3427016287
	3427016288
	3427016289
	3427016290
	3427016291
	3427016292
	3427016293
	3427016294
	3427016295
	3427016296
	3427016297
	3427016298
	3427016299
	3427016300
	3427016301
	3427016302
	3427016303
	3427016304
	3427016305
	3427016306
	3427016307
	3427016308
	3427016309
	3427016310
	3427016311
	3427016312
	3427016313
	3427016314
	3427016315
	3427016316
	3427016317
	3427016318
	3427016319
	3427016320
	3427016321
	3427016322
	3427016323
	3427016324
	3427016325
	3427016326
	3427016327
	3427016328
	3427016329
	3427016330
	3427016331
	3427016332
	3427016333
	3427016334
	3427016335
	3427016336
	3427016337
	3427016338
	3427016339
	3427016340
	3427016341
	3427016342
	3427016343
	3427016344
	3427016345
	3427016346
	3427016347
	3427016348
	3427016349
	3427016350
	3427016351
	3427016352
	3427016353
	3427016354
	3427016355
	3427016356
	3427016357
	3427016358
	3427016359
	3427016360
	3427016361
	3427016362
	3427016363
	3427016364
	3427016365
	3427016366
	3427016367
	3427016368
	3427016369
	3427016370
	3427016371
	3427016372
	3427016373
	3427016374
	3427016375
	3427016376
	3427016377
	3427016378
	3427016379
	3427016380
	3427016381
	3427016382
	3427016383
	3427016384
	3427016385
	3427016386
	3427016387
	3427016388
	3427016389
	3427016390
	3427016391
	3427016392
	3427016393
	3427016394
	3427016395
	3427016396
	3427016397
	3427016398
	3427016399
	3427016400
	3427016401
	3427016402
	3427016403
	3427016404
	3427016405
	3427016406
	3427016407
	3427016408
	3427016409
	3427016410
	3427016411
	3427016412
	3427016413
	3427016414
	3427016415
	3427016416
	3427016417
	3427016418
	3427016419
	3427016420
	3427016421
	3427016422
	3427016423
	3427016424
	3427016425
	3427016426
	3427016427
	3427016428
	3427016429
	3427016430
	3427016431
	3427016432
	3427016433
	3427016434
	3427016435
	3427016436
	3427016437
	3427016438
	3427016439
	3427016440
	3427016441
	3427016442
	3427016443
	3427016444
	3427016445
	3427016446
	3427016447
	3427016448
	3427016449
	3427016450
	3427016451
	3427016452
	3427016453
	3427016454
	3427016455
	3427016456
	3427016457
	3427016458
	3427016459
	3427016460
	3427016461
	3427016462
	3427016463
	3427016464
	3427016465
	3427016466
	3427016467
	3427016468
	3427016469
	3427016470
	3427016471
	3427016472
	3427016473
	3427016474
	3427016475
	3427016476
	3427016477
	3427016478
	3427016479
	3427016480
	3427016481
	3427016482
	3427016483
	3427016484
	3427016485
	3427016486
	3427016487
	3427016488
	3427016489
	3427016490
	3427016491
	3427016492
	3427016493
	3427016494
	3427016495
	3427016496
	3427016497
	3427016498
	3427016499
	3427016500
	3427016501
	3427016502
	3427016503
	3427016504
	3427016505
	3427016506
	3427016507
	3427016508
	3427016509
	3427016510
	3427016511
	3427016512
	3427016513
	3427016514
	3427016515
	3427016516
	3427016517
	3427016518
	3427016519
	3427016520
	3427016521
	3427016522
	3427016523
	3427016524
	3427016525
	3427016526
	3427016527
	3427016528
	3427016529
	3427016530
	3427016531
	3427016532
	3427016533
	3427016534
	3427016535
	3427016536
	3427016537
	3427016538
	3427016539
	3427016540
	3427016541
	3427016542
	3427016543
	3427016544
	3427016545
	3427016546
	3427016547
	3427016548
	3427016549
	3427016550
	3427016551
	3427016552
	3427016553
	3427016554
	3427016555
	3427016556
	3427016557
	3427016558
	3427016559
	3427016560
	3427016561
	3427016562
	3427016563
	3427016564
	3427016565
	3427016566
	3427016567
	3427016568
	3427016569
	3427016570
	3427016571
	3427016572
	3427016573
	3427016574
	3427016575
	3427016576
	3427016577
	3427016578
	3427016579
	3427016580
	3427016581
	3427016582
	3427016583
	3427016584
	3427016585
	3427016586
	3427016587
	3427016588
	3427016589
	3427016590
	3427016591
	3427016592
	3427016593
	3427016594
	3427016595
	3427016596
	3427016597
	3427016598
	3427016599
	3427016600
	3427016601
	3427016602
	3427016603
	3427016604
	3427016605
	3427016606
	3427016607
	3427016608
	3427016609
	3427016610
	3427016611
	3427016612
	3427016613
	3427016614
	3427016615
	3427016616
	3427016617
	3427016618
	3427016619
	3427016620
	3427016621
	3427016622
	3427016623
	3427016624
	3427016625
	3427016626
	3427016627
	3427016628
	3427016629
	3427016630
	3427016631
	3427016632
	3427016633
	3427016634
	3427016635
	3427016636
	3427016637
	3427016638
	3427016639
	3427016640
	3427016641
	3427016642
	3427016643
	3427016644
	3427016645
	3427016646
	3427016647
	3427016648
	3427016649
	3427016650
	3427016651
	3427016652
	3427016653
	3427016654
	3427016655
	3427016656
	3427016657
	3427016658
	3427016659
	3427016660
	3427016661
	3427016662
	3427016663
	3427016664
	3427016665
	3427016666
	3427016667
	3427016668
	3427016669
	3427016670
	3427016671
	3427016672
	3427016673
	3427016674
	3427016675
	3427016676
	3427016677
	3427016678
	3427016679
	3427016680
	3427016681
	3427016682
	3427016683
	3427016684
	3427016685
	3427016686
	3427016687
	3427016688
	3427016689
	3427016690
	3427016691
	3427016692
	3427016693
	3427016694
	3427016695
	3427016696
	3427016697
	3427016698
	3427016699
	3427016700
	3427016701
	3427016702
	3427016703
	3427016704
	3427016705
	3427016706
	3427016707
	3427016708
	3427016709
	3427016710
	3427016711
	3427016712
	3427016713
	3427016714
	3427016715
	3427016716
	3427016717
	3427016718
	3427016719
	3427016720
	3427016721
	3427016722
	3427016723
	3427016724
	3427016725
	3427016726
	3427016727
	3427016728
	3427016729
	3427016730
	3427016731
	3427016732
	3427016733
	3427016734
	3427016735
	3427016736
	3427016737
	3427016738
	3427016739
	3427016740
	3427016741
	3427016742
	3427016743
	3427016744
	3427016745
	3427016746
	3427016747
	3427016748
	3427016749
	3427016750
	3427016751
	3427016752
	3427016753
	3427016754
	3427016755
	3427016756
	3427016757
	3427016758
	3427016759
	3427016760
	3427016761
	3427016762
	3427016763
	3427016764
	3427016765
	3427016766
	3427016767
	3427016768
	3427016769
	3427016770
	3427016771
	3427016772
	3427016773
	3427016774
	3427016775
	3427016776
	3427016777
	3427016778
	3427016779
	3427016780
	3427016781
	3427016782
	3427016783
	3427016784
	3427016785
	3427016786
	3427016787
	3427016788
	3427016789
	3427016790
	3427016791
	3427016792
	3427016793
	3427016794
	3427016795
	3427016796
	3427016797
	3427016798
	3427016799
	3427016800
	3427016801
	3427016802
	3427016803
	3427016804
	3427016805
	3427016806
	3427016807
	3427016808
	3427016809
	3427016810
	3427016811
	3427016812
	3427016813
	3427016814
	3427016815
	3427016816
	3427016817
	3427016818
	3427016819
	3427016820
	3427016821
	3427016822
	3427016823
	3427016824
	3427016825
	3427016826
	3427016827
	3427016828
	3427016829
	3427016830
	3427016831
	3427016832
	3427016833
	3427016834
	3427016835
	3427016836
	3427016837
	3427016838
	3427016839
	3427016840
	3427016841
	3427016842
	3427016843
	3427016844
	3427016845
	3427016846
	3427016847
	3427016848
	3427016849
	3427016850
	3427016851
	3427016852
	3427016853
	3427016854
	3427016855
	3427016856
	3427016857
	3427016858
	3427016859
	3427016860
	3427016861
	3427016862
	3427016863
	3427016864
	3427016865
	3427016866
	3427016867
	3427016868
	3427016869
	3427016870
	3427016871
	3427016872
	3427016873
	3427016874
	3427016875
	3427016876
	3427016877
	3427016878
	3427016879
	3427016880
	3427016881
	3427016882
	3427016883
	3427016884
	3427016885
	3427016886
	3427016887
	3427016888
	3427016889
	3427016890
	3427016891
	3427016892
	3427016893
	3427016894
	3427016895
	3427016896
	3427016897
	3427016898
	3427016899
	3427016900
	3427016901
	3427016902
	3427016903
	3427016904
	3427016905
	3427016906
	3427016907
	3427016908
	3427016909
	3427016910
	3427016911
	3427016912
	3427016913
	3427016914
	3427016915
	3427016916
	3427016917
	3427016918
	3427016919
	3427016920
	3427016921
	3427016922
	3427016923
	3427016924
	3427016925
	3427016926
	3427016927
	3427016928
	3427016929
	3427016930
	3427016931
	3427016932
	3427016933
	3427016934
	3427016935
	3427016936
	3427016937
	3427016938
	3427016939
	3427016940
	3427016941
	3427016942
	3427016943
	3427016944
	3427016945
	3427016946
	3427016947
	3427016948
	3427016949
	3427016950
	3427016951
	3427016952
	3427016953
	3427016954
	3427016955
	3427016956
	3427016957
	3427016958
	3427016959
	3427016960
	3427016961
	3427016962
	3427016963
	3427016964
	3427016965
	3427016966
	3427016967
	3427016968
	3427016969
	3427016970
	3427016971
	3427016972
	3427016973
	3427016974
	3427016975
	3427016976
	3427016977
	3427016978
	3427016979
	3427016980
	3427016981
	3427016982
	3427016983
	3427016984
	3427016985
	3427016986
	3427016987
	3427016988
	3427016989
	3427016990
	3427016991
	3427016992
	3427016993
	3427016994
	3427016995
	3427016996
	3427016997
	3427016998
	3427016999
	3427017000
	3427017001
	3427017002
	3427017003
	3427017004
	3427017005
	3427017006
	3427017007
	3427017008
	3427017009
	3427017010
	3427017011
	3427017012
	3427017013
	3427017014
	3427017015
	3427017016
	3427017017
	3427017018
	3427017019
	3427017020
	3427017021
	3427017022
	3427017023
	3427017024
	3427017025
	3427017026
	3427017027
	3427017028
	3427017029
	3427017030
	3427017031
	3427017032
	3427017033
	3427017034
	3427017035
	3427017036
	3427017037
	3427017038
	3427017039
	3427017040
	3427017041
	3427017042
	3427017043
	3427017044
	3427017045
	3427017046
	3427017047
	3427017048
	3427017049
	3427017050
	3427017051
	3427017052
	3427017053
	3427017054
	3427017055
	3427017056
	3427017057
	3427017058
	3427017059
	3427017060
	3427017061
	3427017062
	3427017063
	3427017064
	3427017065
	3427017066
	3427017067
	3427017068
	3427017069
	3427017070
	3427017071
	3427017072
	3427017073
	3427017074
	3427017075
	3427017076
	3427017077
	3427017078
	3427017079
	3427017080
	3427017081
	3427017082
	3427017083
	3427017084
	3427017085
	3427017086
	3427017087
	3427017088
	3427017089
	3427017090
	3427017091
	3427017092
	3427017093
	3427017094
	3427017095
	3427017096
	3427017097
	3427017098
	3427017099
	3427017100
	3427017101
	3427017102
	3427017103
	3427017104
	3427017105
	3427017106
	3427017107
	3427017108
	3427017109
	3427017110
	3427017111
	3427017112
	3427017113
	3427017114
	3427017115
	3427017116
	3427017117
	3427017118
	3427017119
	3427017120
	3427017121
	3427017122
	3427017123
	3427017124
	3427017125
	3427017126
	3427017127
	3427017128
	3427017129
	3427017130
	3427017131
	3427017132
	3427017133
	3427017134
	3427017135
	3427017136
	3427017137
	3427017138
	3427017139
	3427017140
	3427017141
	3427017142
	3427017143
	3427017144
	3427017145
	3427017146
	3427017147
	3427017148
	3427017149
	3427017150
	3427017151
	3427017152
	3427017153
	3427017154
	3427017155
	3427017156
	3427017157
	3427017158
	3427017159
	3427017160
	3427017161
	3427017162
	3427017163
	3427017164
	3427017165
	3427017166
	3427017167
	3427017168
	3427017169
	3427017170
	3427017171
	3427017172
	3427017173
	3427017174
	3427017175
	3427017176
	3427017177
	3427017178
	3427017179
	3427017180
	3427017181
	3427017182
	3427017183
	3427017184
	3427017185
	3427017186
	3427017187
	3427017188
	3427017189
	3427017190
	3427017191
	3427017192
	3427017193
	3427017194
	3427017195
	3427017196
	3427017197
	3427017198
	3427017199
	3427017200
	3427017201
	3427017202
	3427017203
	3427017204
	3427017205
	3427017206
	3427017207
	3427017208
	3427017209
	3427017210
	3427017211
	3427017212
	3427017213
	3427017214
	3427017215
	3427017216
	3427017217
	3427017218
	3427017219
	3427017220
	3427017221
	3427017222
	3427017223
	3427017224
	3427017225
	3427017226
	3427017227
	3427017228
	3427017229
	3427017230
	3427017231
	3427017232
	3427017233
	3427017234
	3427017235
	3427017236
	3427017237
	3427017238
	3427017239
	3427017240
	3427017241
	3427017242
	3427017243
	3427017244
	3427017245
	3427017246
	3427017247
	3427017248
	3427017249
	3427017250
	3427017251
	3427017252
	3427017253
	3427017254
	3427017255
	3427017256
	3427017257
	3427017258
	3427017259
	3427017260
	3427017261
	3427017262
	3427017263
	3427017264
	3427017265
	3427017266
	3427017267
	3427017268
	3427017269
	3427017270
	3427017271
	3427017272
	3427017273
	3427017274
	3427017275
	3427017276
	3427017277
	3427017278
	3427017279
	3427017280
	3427017281
	3427017282
	3427017283
	3427017284
	3427017285
	3427017286
	3427017287
	3427017288
	3427017289
	3427017290
	3427017291
	3427017292
	3427017293
	3427017294
	3427017295
	3427017296
	3427017297
	3427017298
	3427017299
	3427017300
	3427017301
	3427017302
	3427017303
	3427017304
	3427017305
	3427017306
	3427017307
	3427017308
	3427017309
	3427017310
	3427017311
	3427017312
	3427017313
	3427017314
	3427017315
	3427017316
	3427017317
	3427017318
	3427017319
	3427017320
	3427017321
	3427017322
	3427017323
	3427017324
	3427017325
	3427017326
	3427017327
	3427017328
	3427017329
	3427017330
	3427017331
	3427017332
	3427017333
	3427017334
	3427017335
	3427017336
	3427017337
	3427017338
	3427017339
	3427017340
	3427017341
	3427017342
	3427017343
	3427017344
	3427017345
	3427017346
	3427017347
	3427017348
	3427017349
	3427017350
	3427017351
	3427017352
	3427017353
	3427017354
	3427017355
	3427017356
	3427017357
	3427017358
	3427017359
	3427017360
	3427017361
	3427017362
	3427017363
	3427017364
	3427017365
	3427017366
	3427017367
	3427017368
	3427017369
	3427017370
	3427017371
	3427017372
	3427017373
	3427017374
	3427017375
	3427017376
	3427017377
	3427017378
	3427017379
	3427017380
	3427017381
	3427017382
	3427017383
	3427017384
	3427017385
	3427017386
	3427017387
	3427017388
	3427017389
	3427017390
	3427017391
	3427017392
	3427017393
	3427017394
	3427017395
	3427017396
	3427017397
	3427017398
	3427017399
	3427017400
	3427017401
	3427017402
	3427017403
	3427017404
	3427017405
	3427017406
	3427017407
	3427017408
	3427017409
	3427017410
	3427017411
	3427017412
	3427017413
	3427017414
	3427017415
	3427017416
	3427017417
	3427017418
	3427017419
	3427017420
	3427017421
	3427017422
	3427017423
	3427017424
	3427017425
	3427017426
	3427017427
	3427017428
	3427017429
	3427017430
	3427017431
	3427017432
	3427017433
	3427017434
	3427017435
	3427017436
	3427017437
	3427017438
	3427017439
	3427017440
	3427017441
	3427017442
	3427017443
	3427017444
	3427017445
	3427017446
	3427017447
	3427017448
	3427017449
	3427017450
	3427017451
	3427017452
	3427017453
	3427017454
	3427017455
	3427017456
	3427017457
	3427017458
	3427017459
	3427017460
	3427017461
	3427017462
	3427017463
	3427017464
	3427017465
	3427017466
	3427017467
	3427017468
	3427017469
	3427017470
	3427017471
	3427017472
	3427017473
	3427017474
	3427017475
	3427017476
	3427017477
	3427017478
	3427017479
	3427017480
	3427017481
	3427017482
	3427017483
	3427017484
	3427017485
	3427017486
	3427017487
	3427017488
	3427017489
	3427017490
	3427017491
	3427017492
	3427017493
	3427017494
	3427017495
	3427017496
	3427017497
	3427017498
	3427017499
	3427017500
	3427017501
	3427017502
	3427017503
	3427017504
	3427017505
	3427017506
	3427017507
	3427017508
	3427017509
	3427017510
	3427017511
	3427017512
	3427017513
	3427017514
	3427017515
	3427017516
	3427017517
	3427017518
	3427017519
	3427017520
	3427017521
	3427017522
	3427017523
	3427017524
	3427017525
	3427017526
	3427017527
	3427017528
	3427017529
	3427017530
	3427017531
	3427017532
	3427017533
	3427017534
	3427017535
	3427017536
	3427017537
	3427017538
	3427017539
	3427017540
	3427017541
	3427017542
	3427017543
	3427017544
	3427017545
	3427017546
	3427017547
	3427017548
	3427017549
	3427017550
	3427017551
	3427017552
	3427017553
	3427017554
	3427017555
	3427017556
	3427017557
	3427017558
	3427017559
	3427017560
	3427017561
	3427017562
	3427017563
	3427017564
	3427017565
	3427017566
	3427017567
	3427017568
	3427017569
	3427017570
	3427017571
	3427017572
	3427017573
	3427017574
	3427017575
	3427017576
	3427017577
	3427017578
	3427017579
	3427017580
	3427017581
	3427017582
	3427017583
	3427017584
	3427017585
	3427017586
	3427017587
	3427017588
	3427017589
	3427017590
	3427017591
	3427017592
	3427017593
	3427017594
	3427017595
	3427017596
	3427017597
	3427017598
	3427017599
	3427017600
	3427017601
	3427017602
	3427017603
	3427017604
	3427017605
	3427017606
	3427017607
	3427017608
	3427017609
	3427017610
	3427017611
	3427017612
	3427017613
	3427017614
	3427017615
	3427017616
	3427017617
	3427017618
	3427017619
	3427017620
	3427017621
	3427017622
	3427017623
	3427017624
	3427017625
	3427017626
	3427017627
	3427017628
	3427017629
	3427017630
	3427017631
	3427017632
	3427017633
	3427017634
	3427017635
	3427017636
	3427017637
	3427017638
	3427017639
	3427017640
	3427017641
	3427017642
	3427017643
	3427017644
	3427017645
	3427017646
	3427017647
	3427017648
	3427017649
	3427017650
	3427017651
	3427017652
	3427017653
	3427017654
	3427017655
	3427017656
	3427017657
	3427017658
	3427017659
	3427017660
	3427017661
	3427017662
	3427017663
	3427017664
	3427017665
	3427017666
	3427017667
	3427017668
	3427017669
	3427017670
	3427017671
	3427017672
	3427017673
	3427017674
	3427017675
	3427017676
	3427017677
	3427017678
	3427017679
	3427017680
	3427017681
	3427017682
	3427017683
	3427017684
	3427017685
	3427017686
	3427017687
	3427017688
	3427017689
	3427017690
	3427017691
	3427017692
	3427017693
	3427017694
	3427017695
	3427017696
	3427017697
	3427017698
	3427017699
	3427017700
	3427017701
	3427017702
	3427017703
	3427017704
	3427017705
	3427017706
	3427017707
	3427017708
	3427017709
	3427017710
	3427017711
	3427017712
	3427017713
	3427017714
	3427017715
	3427017716
	3427017717
	3427017718
	3427017719
	3427017720
	3427017721
	3427017722
	3427017723
	3427017724
	3427017725
	3427017726
	3427017727
	3427017728
	3427017729
	3427017730
	3427017731
	3427017732
	3427017733
	3427017734
	3427017735
	3427017736
	3427017737
	3427017738
	3427017739
	3427017740
	3427017741
	3427017742
	3427017743
	3427017744
	3427017745
	3427017746
	3427017747
	3427017748
	3427017749
	3427017750
	3427017751
	3427017752
	3427017753
	3427017754
	3427017755
	3427017756
	3427017757
	3427017758
	3427017759
	3427017760
	3427017761
	3427017762
	3427017763
	3427017764
	3427017765
	3427017766
	3427017767
	3427017768
	3427017769
	3427017770
	3427017771
	3427017772
	3427017773
	3427017774
	3427017775
	3427017776
	3427017777
	3427017778
	3427017779
	3427017780
	3427017781
	3427017782
	3427017783
	3427017784
	3427017785
	3427017786
	3427017787
	3427017788
	3427017789
	3427017790
	3427017791
	3427017792
	3427017793
	3427017794
	3427017795
	3427017796
	3427017797
	3427017798
	3427017799
	3427017800
	3427017801
	3427017802
	3427017803
	3427017804
	3427017805
	3427017806
	3427017807
	3427017808
	3427017809
	3427017810
	3427017811
	3427017812
	3427017813
	3427017814
	3427017815
	3427017816
	3427017817
	3427017818
	3427017819
	3427017820
	3427017821
	3427017822
	3427017823
	3427017824
	3427017825
	3427017826
	3427017827
	3427017828
	3427017829
	3427017830
	3427017831
	3427017832
	3427017833
	3427017834
	3427017835
	3427017836
	3427017837
	3427017838
	3427017839
	3427017840
	3427017841
	3427017842
	3427017843
	3427017844
	3427017845
	3427017846
	3427017847
	3427017848
	3427017849
	3427017850
	3427017851
	3427017852
	3427017853
	3427017854
	3427017855
	3427017856
	3427017857
	3427017858
	3427017859
	3427017860
	3427017861
	3427017862
	3427017863
	3427017864
	3427017865
	3427017866
	3427017867
	3427017868
	3427017869
	3427017870
	3427017871
	3427017872
	3427017873
	3427017874
	3427017875
	3427017876
	3427017877
	3427017878
	3427017879
	3427017880
	3427017881
	3427017882
	3427017883
	3427017884
	3427017885
	3427017886
	3427017887
	3427017888
	3427017889
	3427017890
	3427017891
	3427017892
	3427017893
	3427017894
	3427017895
	3427017896
	3427017897
	3427017898
	3427017899
	3427017900
	3427017901
	3427017902
	3427017903
	3427017904
	3427017905
	3427017906
	3427017907
	3427017908
	3427017909
	3427017910
	3427017911
	3427017912
	3427017913
	3427017914
	3427017915
	3427017916
	3427017917
	3427017918
	3427017919
	3427017920
	3427017921
	3427017922
	3427017923
	3427017924
	3427017925
	3427017926
	3427017927
	3427017928
	3427017929
	3427017930
	3427017931
	3427017932
	3427017933
	3427017934
	3427017935
	3427017936
	3427017937
	3427017938
	3427017939
	3427017940
	3427017941
	3427017942
	3427017943
	3427017944
	3427017945
	3427017946
	3427017947
	3427017948
	3427017949
	3427017950
	3427017951
	3427017952
	3427017953
	3427017954
	3427017955
	3427017956
	3427017957
	3427017958
	3427017959
	3427017960
	3427017961
	3427017962
	3427017963
	3427017964
	3427017965
	3427017966
	3427017967
	3427017968
	3427017969
	3427017970
	3427017971
	3427017972
	3427017973
	3427017974
	3427017975
	3427017976
	3427017977
	3427017978
	3427017979
	3427017980
	3427017981
	3427017982
	3427017983
	3427017984
	3427017985
	3427017986
	3427017987
	3427017988
	3427017989
	3427017990
	3427017991
	3427017992
	3427017993
	3427017994
	3427017995
	3427017996
	3427017997
	3427017998
	3427017999
	3427018000
	3427018001
	3427018002
	3427018003
	3427018004
	3427018005
	3427018006
	3427018007
	3427018008
	3427018009
	3427018010
	3427018011
	3427018012
	3427018013
	3427018014
	3427018015
	3427018016
	3427018017
	3427018018
	3427018019
	3427018020
	3427018021
	3427018022
	3427018023
	3427018024
	3427018025
	3427018026
	3427018027
	3427018028
	3427018029
	3427018030
	3427018031
	3427018032
	3427018033
	3427018034
	3427018035
	3427018036
	3427018037
	3427018038
	3427018039
	3427018040
	3427018041
	3427018042
	3427018043
	3427018044
	3427018045
	3427018046
	3427018047
	3427018048
	3427018049
	3427018050
	3427018051
	3427018052
	3427018053
	3427018054
	3427018055
	3427018056
	3427018057
	3427018058
	3427018059
	3427018060
	3427018061
	3427018062
	3427018063
	3427018064
	3427018065
	3427018066
	3427018067
	3427018068
	3427018069
	3427018070
	3427018071
	3427018072
	3427018073
	3427018074
	3427018075
	3427018076
	3427018077
	3427018078
	3427018079
	3427018080
	3427018081
	3427018082
	3427018083
	3427018084
	3427018085
	3427018086
	3427018087
	3427018088
	3427018089
	3427018090
	3427018091
	3427018092
	3427018093
	3427018094
	3427018095
	3427018096
	3427018097
	3427018098
	3427018099
	3427018100
	3427018101
	3427018102
	3427018103
	3427018104
	3427018105
	3427018106
	3427018107
	3427018108
	3427018109
	3427018110
	3427018111
	3427018112
	3427018113
	3427018114
	3427018115
	3427018116
	3427018117
	3427018118
	3427018119
	3427018120
	3427018121
	3427018122
	3427018123
	3427018124
	3427018125
	3427018126
	3427018127
	3427018128
	3427018129
	3427018130
	3427018131
	3427018132
	3427018133
	3427018134
	3427018135
	3427018136
	3427018137
	3427018138
	3427018139
	3427018140
	3427018141
	3427018142
	3427018143
	3427018144
	3427018145
	3427018146
	3427018147
	3427018148
	3427018149
	3427018150
	3427018151
	3427018152
	3427018153
	3427018154
	3427018155
	3427018156
	3427018157
	3427018158
	3427018159
	3427018160
	3427018161
	3427018162
	3427018163
	3427018164
	3427018165
	3427018166
	3427018167
	3427018168
	3427018169
	3427018170
	3427018171
	3427018172
	3427018173
	3427018174
	3427018175
	3427018176
	3427018177
	3427018178
	3427018179
	3427018180
	3427018181
	3427018182
	3427018183
	3427018184
	3427018185
	3427018186
	3427018187
	3427018188
	3427018189
	3427018190
	3427018191
	3427018192
	3427018193
	3427018194
	3427018195
	3427018196
	3427018197
	3427018198
	3427018199
	3427018200
	3427018201
	3427018202
	3427018203
	3427018204
	3427018205
	3427018206
	3427018207
	3427018208
	3427018209
	3427018210
	3427018211
	3427018212
	3427018213
	3427018214
	3427018215
	3427018216
	3427018217
	3427018218
	3427018219
	3427018220
	3427018221
	3427018222
	3427018223
	3427018224
	3427018225
	3427018226
	3427018227
	3427018228
	3427018229
	3427018230
	3427018231
	3427018232
	3427018233
	3427018234
	3427018235
	3427018236
	3427018237
	3427018238
	3427018239
	3427018240
	3427018241
	3427018242
	3427018243
	3427018244
	3427018245
	3427018246
	3427018247
	3427018248
	3427018249
	3427018250
	3427018251
	3427018252
	3427018253
	3427018254
	3427018255
	3427018256
	3427018257
	3427018258
	3427018259
	3427018260
	3427018261
	3427018262
	3427018263
	3427018264
	3427018265
	3427018266
	3427018267
	3427018268
	3427018269
	3427018270
	3427018271
	3427018272
	3427018273
	3427018274
	3427018275
	3427018276
	3427018277
	3427018278
	3427018279
	3427018280
	3427018281
	3427018282
	3427018283
	3427018284
	3427018285
	3427018286
	3427018287
	3427018288
	3427018289
	3427018290
	3427018291
	3427018292
	3427018293
	3427018294
	3427018295
	3427018296
	3427018297
	3427018298
	3427018299
	3427018300
	3427018301
	3427018302
	3427018303
	3427018304
	3427018305
	3427018306
	3427018307
	3427018308
	3427018309
	3427018310
	3427018311
	3427018312
	3427018313
	3427018314
	3427018315
	3427018316
	3427018317
	3427018318
	3427018319
	3427018320
	3427018321
	3427018322
	3427018323
	3427018324
	3427018325
	3427018326
	3427018327
	3427018328
	3427018329
	3427018330
	3427018331
	3427018332
	3427018333
	3427018334
	3427018335
	3427018336
	3427018337
	3427018338
	3427018339
	3427018340
	3427018341
	3427018342
	3427018343
	3427018344
	3427018345
	3427018346
	3427018347
	3427018348
	3427018349
	3427018350
	3427018351
	3427018352
	3427018353
	3427018354
	3427018355
	3427018356
	3427018357
	3427018358
	3427018359
	3427018360
	3427018361
	3427018362
	3427018363
	3427018364
	3427018365
	3427018366
	3427018367
	3427018368
	3427018369
	3427018370
	3427018371
	3427018372
	3427018373
	3427018374
	3427018375
	3427018376
	3427018377
	3427018378
	3427018379
	3427018380
	3427018381
	3427018382
	3427018383
	3427018384
	3427018385
	3427018386
	3427018387
	3427018388
	3427018389
	3427018390
	3427018391
	3427018392
	3427018393
	3427018394
	3427018395
	3427018396
	3427018397
	3427018398
	3427018399
	3427018400
	3427018401
	3427018402
	3427018403
	3427018404
	3427018405
	3427018406
	3427018407
	3427018408
	3427018409
	3427018410
	3427018411
	3427018412
	3427018413
	3427018414
	3427018415
	3427018416
	3427018417
	3427018418
	3427018419
	3427018420
	3427018421
	3427018422
	3427018423
	3427018424
	3427018425
	3427018426
	3427018427
	3427018428
	3427018429
	3427018430
	3427018431
	3427018432
	3427018433
	3427018434
	3427018435
	3427018436
	3427018437
	3427018438
	3427018439
	3427018440
	3427018441
	3427018442
	3427018443
	3427018444
	3427018445
	3427018446
	3427018447
	3427018448
	3427018449
	3427018450
	3427018451
	3427018452
	3427018453
	3427018454
	3427018455
	3427018456
	3427018457
	3427018458
	3427018459
	3427018460
	3427018461
	3427018462
	3427018463
	3427018464
	3427018465
	3427018466
	3427018467
	3427018468
	3427018469
	3427018470
	3427018471
	3427018472
	3427018473
	3427018474
	3427018475
	3427018476
	3427018477
	3427018478
	3427018479
	3427018480
	3427018481
	3427018482
	3427018483
	3427018484
	3427018485
	3427018486
	3427018487
	3427018488
	3427018489
	3427018490
	3427018491
	3427018492
	3427018493
	3427018494
	3427018495
	3427018496
	3427018497
	3427018498
	3427018499
	3427018500
	3427018501
	3427018502
	3427018503
	3427018504
	3427018505
	3427018506
	3427018507
	3427018508
	3427018509
	3427018510
	3427018511
	3427018512
	3427018513
	3427018514
	3427018515
	3427018516
	3427018517
	3427018518
	3427018519
	3427018520
	3427018521
	3427018522
	3427018523
	3427018524
	3427018525
	3427018526
	3427018527
	3427018528
	3427018529
	3427018530
	3427018531
	3427018532
	3427018533
	3427018534
	3427018535
	3427018536
	3427018537
	3427018538
	3427018539
	3427018540
	3427018541
	3427018542
	3427018543
	3427018544
	3427018545
	3427018546
	3427018547
	3427018548
	3427018549
	3427018550
	3427018551
	3427018552
	3427018553
	3427018554
	3427018555
	3427018556
	3427018557
	3427018558
	3427018559
	3427018560
	3427018561
	3427018562
	3427018563
	3427018564
	3427018565
	3427018566
	3427018567
	3427018568
	3427018569
	3427018570
	3427018571
	3427018572
	3427018573
	3427018574
	3427018575
	3427018576
	3427018577
	3427018578
	3427018579
	3427018580
	3427018581
	3427018582
	3427018583
	3427018584
	3427018585
	3427018586
	3427018587
	3427018588
	3427018589
	3427018590
	3427018591
	3427018592
	3427018593
	3427018594
	3427018595
	3427018596
	3427018597
	3427018598
	3427018599
	3427018600
	3427018601
	3427018602
	3427018603
	3427018604
	3427018605
	3427018606
	3427018607
	3427018608
	3427018609
	3427018610
	3427018611
	3427018612
	3427018613
	3427018614
	3427018615
	3427018616
	3427018617
	3427018618
	3427018619
	3427018620
	3427018621
	3427018622
	3427018623
	3427018624
	3427018625
	3427018626
	3427018627
	3427018628
	3427018629
	3427018630
	3427018631
	3427018632
	3427018633
	3427018634
	3427018635
	3427018636
	3427018637
	3427018638
	3427018639
	3427018640
	3427018641
	3427018642
	3427018643
	3427018644
	3427018645
	3427018646
	3427018647
	3427018648
	3427018649
	3427018650
	3427018651
	3427018652
	3427018653
	3427018654
	3427018655
	3427018656
	3427018657
	3427018658
	3427018659
	3427018660
	3427018661
	3427018662
	3427018663
	3427018664
	3427018665
	3427018666
	3427018667
	3427018668
	3427018669
	3427018670
	3427018671
	3427018672
	3427018673
	3427018674
	3427018675
	3427018676
	3427018677
	3427018678
	3427018679
	3427018680
	3427018681
	3427018682
	3427018683
	3427018684
	3427018685
	3427018686
	3427018687
	3427018688
	3427018689
	3427018690
	3427018691
	3427018692
	3427018693
	3427018694
	3427018695
	3427018696
	3427018697
	3427018698
	3427018699
	3427018700
	3427018701
	3427018702
	3427018703
	3427018704
	3427018705
	3427018706
	3427018707
	3427018708
	3427018709
	3427018710
	3427018711
	3427018712
	3427018713
	3427018714
	3427018715
	3427018716
	3427018717
	3427018718
	3427018719
	3427018720
	3427018721
	3427018722
	3427018723
	3427018724
	3427018725
	3427018726
	3427018727
	3427018728
	3427018729
	3427018730
	3427018731
	3427018732
	3427018733
	3427018734
	3427018735
	3427018736
	3427018737
	3427018738
	3427018739
	3427018740
	3427018741
	3427018742
	3427018743
	3427018744
	3427018745
	3427018746
	3427018747
	3427018748
	3427018749
	3427018750
	3427018751
	3427018752
	3427018753
	3427018754
	3427018755
	3427018756
	3427018757
	3427018758
	3427018759
	3427018760
	3427018761
	3427018762
	3427018763
	3427018764
	3427018765
	3427018766
	3427018767
	3427018768
	3427018769
	3427018770
	3427018771
	3427018772
	3427018773
	3427018774
	3427018775
	3427018776
	3427018777
	3427018778
	3427018779
	3427018780
	3427018781
	3427018782
	3427018783
	3427018784
	3427018785
	3427018786
	3427018787
	3427018788
	3427018789
	3427018790
	3427018791
	3427018792
	3427018793
	3427018794
	3427018795
	3427018796
	3427018797
	3427018798
	3427018799
	3427018800
	3427018801
	3427018802
	3427018803
	3427018804
	3427018805
	3427018806
	3427018807
	3427018808
	3427018809
	3427018810
	3427018811
	3427018812
	3427018813
	3427018814
	3427018815
	3427018816
	3427018817
	3427018818
	3427018819
	3427018820
	3427018821
	3427018822
	3427018823
	3427018824
	3427018825
	3427018826
	3427018827
	3427018828
	3427018829
	3427018830
	3427018831
	3427018832
	3427018833
	3427018834
	3427018835
	3427018836
	3427018837
	3427018838
	3427018839
	3427018840
	3427018841
	3427018842
	3427018843
	3427018844
	3427018845
	3427018846
	3427018847
	3427018848
	3427018849
	3427018850
	3427018851
	3427018852
	3427018853
	3427018854
	3427018855
	3427018856
	3427018857
	3427018858
	3427018859
	3427018860
	3427018861
	3427018862
	3427018863
	3427018864
	3427018865
	3427018866
	3427018867
	3427018868
	3427018869
	3427018870
	3427018871
	3427018872
	3427018873
	3427018874
	3427018875
	3427018876
	3427018877
	3427018878
	3427018879
	3427018880
	3427018881
	3427018882
	3427018883
	3427018884
	3427018885
	3427018886
	3427018887
	3427018888
	3427018889
	3427018890
	3427018891
	3427018892
	3427018893
	3427018894
	3427018895
	3427018896
	3427018897
	3427018898
	3427018899
	3427018900
	3427018901
	3427018902
	3427018903
	3427018904
	3427018905
	3427018906
	3427018907
	3427018908
	3427018909
	3427018910
	3427018911
	3427018912
	3427018913
	3427018914
	3427018915
	3427018916
	3427018917
	3427018918
	3427018919
	3427018920
	3427018921
	3427018922
	3427018923
	3427018924
	3427018925
	3427018926
	3427018927
	3427018928
	3427018929
	3427018930
	3427018931
	3427018932
	3427018933
	3427018934
	3427018935
	3427018936
	3427018937
	3427018938
	3427018939
	3427018940
	3427018941
	3427018942
	3427018943
	3427018944
	3427018945
	3427018946
	3427018947
	3427018948
	3427018949
	3427018950
	3427018951
	3427018952
	3427018953
	3427018954
	3427018955
	3427018956
	3427018957
	3427018958
	3427018959
	3427018960
	3427018961
	3427018962
	3427018963
	3427018964
	3427018965
	3427018966
	3427018967
	3427018968
	3427018969
	3427018970
	3427018971
	3427018972
	3427018973
	3427018974
	3427018975
	3427018976
	3427018977
	3427018978
	3427018979
	3427018980
	3427018981
	3427018982
	3427018983
	3427018984
	3427018985
	3427018986
	3427018987
	3427018988
	3427018989
	3427018990
	3427018991
	3427018992
	3427018993
	3427018994
	3427018995
	3427018996
	3427018997
	3427018998
	3427018999
	3427019000
	3427019001
	3427019002
	3427019003
	3427019004
	3427019005
	3427019006
	3427019007
	3427019008
	3427019009
	3427019010
	3427019011
	3427019012
	3427019013
	3427019014
	3427019015
	3427019016
	3427019017
	3427019018
	3427019019
	3427019020
	3427019021
	3427019022
	3427019023
	3427019024
	3427019025
	3427019026
	3427019027
	3427019028
	3427019029
	3427019030
	3427019031
	3427019032
	3427019033
	3427019034
	3427019035
	3427019036
	3427019037
	3427019038
	3427019039
	3427019040
	3427019041
	3427019042
	3427019043
	3427019044
	3427019045
	3427019046
	3427019047
	3427019048
	3427019049
	3427019050
	3427019051
	3427019052
	3427019053
	3427019054
	3427019055
	3427019056
	3427019057
	3427019058
	3427019059
	3427019060
	3427019061
	3427019062
	3427019063
	3427019064
	3427019065
	3427019066
	3427019067
	3427019068
	3427019069
	3427019070
	3427019071
	3427019072
	3427019073
	3427019074
	3427019075
	3427019076
	3427019077
	3427019078
	3427019079
	3427019080
	3427019081
	3427019082
	3427019083
	3427019084
	3427019085
	3427019086
	3427019087
	3427019088
	3427019089
	3427019090
	3427019091
	3427019092
	3427019093
	3427019094
	3427019095
	3427019096
	3427019097
	3427019098
	3427019099
	3427019100
	3427019101
	3427019102
	3427019103
	3427019104
	3427019105
	3427019106
	3427019107
	3427019108
	3427019109
	3427019110
	3427019111
	3427019112
	3427019113
	3427019114
	3427019115
	3427019116
	3427019117
	3427019118
	3427019119
	3427019120
	3427019121
	3427019122
	3427019123
	3427019124
	3427019125
	3427019126
	3427019127
	3427019128
	3427019129
	3427019130
	3427019131
	3427019132
	3427019133
	3427019134
	3427019135
	3427019136
	3427019137
	3427019138
	3427019139
	3427019140
	3427019141
	3427019142
	3427019143
	3427019144
	3427019145
	3427019146
	3427019147
	3427019148
	3427019149
	3427019150
	3427019151
	3427019152
	3427019153
	3427019154
	3427019155
	3427019156
	3427019157
	3427019158
	3427019159
	3427019160
	3427019161
	3427019162
	3427019163
	3427019164
	3427019165
	3427019166
	3427019167
	3427019168
	3427019169
	3427019170
	3427019171
	3427019172
	3427019173
	3427019174
	3427019175
	3427019176
	3427019177
	3427019178
	3427019179
	3427019180
	3427019181
	3427019182
	3427019183
	3427019184
	3427019185
	3427019186
	3427019187
	3427019188
	3427019189
	3427019190
	3427019191
	3427019192
	3427019193
	3427019194
	3427019195
	3427019196
	3427019197
	3427019198
	3427019199
	3427019200
	3427019201
	3427019202
	3427019203
	3427019204
	3427019205
	3427019206
	3427019207
	3427019208
	3427019209
	3427019210
	3427019211
	3427019212
	3427019213
	3427019214
	3427019215
	3427019216
	3427019217
	3427019218
	3427019219
	3427019220
	3427019221
	3427019222
	3427019223
	3427019224
	3427019225
	3427019226
	3427019227
	3427019228
	3427019229
	3427019230
	3427019231
	3427019232
	3427019233
	3427019234
	3427019235
	3427019236
	3427019237
	3427019238
	3427019239
	3427019240
	3427019241
	3427019242
	3427019243
	3427019244
	3427019245
	3427019246
	3427019247
	3427019248
	3427019249
	3427019250
	3427019251
	3427019252
	3427019253
	3427019254
	3427019255
	3427019256
	3427019257
	3427019258
	3427019259
	3427019260
	3427019261
	3427019262
	3427019263
	3427019264
	3427019265
	3427019266
	3427019267
	3427019268
	3427019269
	3427019270
	3427019271
	3427019272
	3427019273
	3427019274
	3427019275
	3427019276
	3427019277
	3427019278
	3427019279
	3427019280
	3427019281
	3427019282
	3427019283
	3427019284
	3427019285
	3427019286
	3427019287
	3427019288
	3427019289
	3427019290
	3427019291
	3427019292
	3427019293
	3427019294
	3427019295
	3427019296
	3427019297
	3427019298
	3427019299
	3427019300
	3427019301
	3427019302
	3427019303
	3427019304
	3427019305
	3427019306
	3427019307
	3427019308
	3427019309
	3427019310
	3427019311
	3427019312
	3427019313
	3427019314
	3427019315
	3427019316
	3427019317
	3427019318
	3427019319
	3427019320
	3427019321
	3427019322
	3427019323
	3427019324
	3427019325
	3427019326
	3427019327
	3427019328
	3427019329
	3427019330
	3427019331
	3427019332
	3427019333
	3427019334
	3427019335
	3427019336
	3427019337
	3427019338
	3427019339
	3427019340
	3427019341
	3427019342
	3427019343
	3427019344
	3427019345
	3427019346
	3427019347
	3427019348
	3427019349
	3427019350
	3427019351
	3427019352
	3427019353
	3427019354
	3427019355
	3427019356
	3427019357
	3427019358
	3427019359
	3427019360
	3427019361
	3427019362
	3427019363
	3427019364
	3427019365
	3427019366
	3427019367
	3427019368
	3427019369
	3427019370
	3427019371
	3427019372
	3427019373
	3427019374
	3427019375
	3427019376
	3427019377
	3427019378
	3427019379
	3427019380
	3427019381
	3427019382
	3427019383
	3427019384
	3427019385
	3427019386
	3427019387
	3427019388
	3427019389
	3427019390
	3427019391
	3427019392
	3427019393
	3427019394
	3427019395
	3427019396
	3427019397
	3427019398
	3427019399
	3427019400
	3427019401
	3427019402
	3427019403
	3427019404
	3427019405
	3427019406
	3427019407
	3427019408
	3427019409
	3427019410
	3427019411
	3427019412
	3427019413
	3427019414
	3427019415
	3427019416
	3427019417
	3427019418
	3427019419
	3427019420
	3427019421
	3427019422
	3427019423
	3427019424
	3427019425
	3427019426
	3427019427
	3427019428
	3427019429
	3427019430
	3427019431
	3427019432
	3427019433
	3427019434
	3427019435
	3427019436
	3427019437
	3427019438
	3427019439
	3427019440
	3427019441
	3427019442
	3427019443
	3427019444
	3427019445
	3427019446
	3427019447
	3427019448
	3427019449
	3427019450
	3427019451
	3427019452
	3427019453
	3427019454
	3427019455
	3427019456
	3427019457
	3427019458
	3427019459
	3427019460
	3427019461
	3427019462
	3427019463
	3427019464
	3427019465
	3427019466
	3427019467
	3427019468
	3427019469
	3427019470
	3427019471
	3427019472
	3427019473
	3427019474
	3427019475
	3427019476
	3427019477
	3427019478
	3427019479
	3427019480
	3427019481
	3427019482
	3427019483
	3427019484
	3427019485
	3427019486
	3427019487
	3427019488
	3427019489
	3427019490
	3427019491
	3427019492
	3427019493
	3427019494
	3427019495
	3427019496
	3427019497
	3427019498
	3427019499
	3427019500
	3427019501
	3427019502
	3427019503
	3427019504
	3427019505
	3427019506
	3427019507
	3427019508
	3427019509
	3427019510
	3427019511
	3427019512
	3427019513
	3427019514
	3427019515
	3427019516
	3427019517
	3427019518
	3427019519
	3427019520
	3427019521
	3427019522
	3427019523
	3427019524
	3427019525
	3427019526
	3427019527
	3427019528
	3427019529
	3427019530
	3427019531
	3427019532
	3427019533
	3427019534
	3427019535
	3427019536
	3427019537
	3427019538
	3427019539
	3427019540
	3427019541
	3427019542
	3427019543
	3427019544
	3427019545
	3427019546
	3427019547
	3427019548
	3427019549
	3427019550
	3427019551
	3427019552
	3427019553
	3427019554
	3427019555
	3427019556
	3427019557
	3427019558
	3427019559
	3427019560
	3427019561
	3427019562
	3427019563
	3427019564
	3427019565
	3427019566
	3427019567
	3427019568
	3427019569
	3427019570
	3427019571
	3427019572
	3427019573
	3427019574
	3427019575
	3427019576
	3427019577
	3427019578
	3427019579
	3427019580
	3427019581
	3427019582
	3427019583
	3427019584
	3427019585
	3427019586
	3427019587
	3427019588
	3427019589
	3427019590
	3427019591
	3427019592
	3427019593
	3427019594
	3427019595
	3427019596
	3427019597
	3427019598
	3427019599
	3427019600
	3427019601
	3427019602
	3427019603
	3427019604
	3427019605
	3427019606
	3427019607
	3427019608
	3427019609
	3427019610
	3427019611
	3427019612
	3427019613
	3427019614
	3427019615
	3427019616
	3427019617
	3427019618
	3427019619
	3427019620
	3427019621
	3427019622
	3427019623
	3427019624
	3427019625
	3427019626
	3427019627
	3427019628
	3427019629
	3427019630
	3427019631
	3427019632
	3427019633
	3427019634
	3427019635
	3427019636
	3427019637
	3427019638
	3427019639
	3427019640
	3427019641
	3427019642
	3427019643
	3427019644
	3427019645
	3427019646
	3427019647
	3427019648
	3427019649
	3427019650
	3427019651
	3427019652
	3427019653
	3427019654
	3427019655
	3427019656
	3427019657
	3427019658
	3427019659
	3427019660
	3427019661
	3427019662
	3427019663
	3427019664
	3427019665
	3427019666
	3427019667
	3427019668
	3427019669
	3427019670
	3427019671
	3427019672
	3427019673
	3427019674
	3427019675
	3427019676
	3427019677
	3427019678
	3427019679
	3427019680
	3427019681
	3427019682
	3427019683
	3427019684
	3427019685
	3427019686
	3427019687
	3427019688
	3427019689
	3427019690
	3427019691
	3427019692
	3427019693
	3427019694
	3427019695
	3427019696
	3427019697
	3427019698
	3427019699
	3427019700
	3427019701
	3427019702
	3427019703
	3427019704
	3427019705
	3427019706
	3427019707
	3427019708
	3427019709
	3427019710
	3427019711
	3427019712
	3427019713
	3427019714
	3427019715
	3427019716
	3427019717
	3427019718
	3427019719
	3427019720
	3427019721
	3427019722
	3427019723
	3427019724
	3427019725
	3427019726
	3427019727
	3427019728
	3427019729
	3427019730
	3427019731
	3427019732
	3427019733
	3427019734
	3427019735
	3427019736
	3427019737
	3427019738
	3427019739
	3427019740
	3427019741
	3427019742
	3427019743
	3427019744
	3427019745
	3427019746
	3427019747
	3427019748
	3427019749
	3427019750
	3427019751
	3427019752
	3427019753
	3427019754
	3427019755
	3427019756
	3427019757
	3427019758
	3427019759
	3427019760
	3427019761
	3427019762
	3427019763
	3427019764
	3427019765
	3427019766
	3427019767
	3427019768
	3427019769
	3427019770
	3427019771
	3427019772
	3427019773
	3427019774
	3427019775
	3427019776
	3427019777
	3427019778
	3427019779
	3427019780
	3427019781
	3427019782
	3427019783
	3427019784
	3427019785
	3427019786
	3427019787
	3427019788
	3427019789
	3427019790
	3427019791
	3427019792
	3427019793
	3427019794
	3427019795
	3427019796
	3427019797
	3427019798
	3427019799
	3427019800
	3427019801
	3427019802
	3427019803
	3427019804
	3427019805
	3427019806
	3427019807
