	3427077408
	3427077409
	3427077410
	3427077411
	3427077412
	3427077413
	3427077414
	3427077415
	3427077416
	3427077417
	3427077418
	3427077419
	3427077420
	3427077421
	3427077422
	3427077423
	3427077424
	3427077425
	3427077426
	3427077427
	3427077428
	3427077429
	3427077430
	3427077431
	3427077432
	3427077433
	3427077434
	3427077435
	3427077436
	3427077437
	3427077438
	3427077439
	3427077440
	3427077441
	3427077442
	3427077443
	3427077444
	3427077445
	3427077446
	3427077447
	3427077448
	3427077449
	3427077450
	3427077451
	3427077452
	3427077453
	3427077454
	3427077455
	3427077456
	3427077457
	3427077458
	3427077459
	3427077460
	3427077461
	3427077462
	3427077463
	3427077464
	3427077465
	3427077466
	3427077467
	3427077468
	3427077469
	3427077470
	3427077471
	3427077472
	3427077473
	3427077474
	3427077475
	3427077476
	3427077477
	3427077478
	3427077479
	3427077480
	3427077481
	3427077482
	3427077483
	3427077484
	3427077485
	3427077486
	3427077487
	3427077488
	3427077489
	3427077490
	3427077491
	3427077492
	3427077493
	3427077494
	3427077495
	3427077496
	3427077497
	3427077498
	3427077499
	3427077500
	3427077501
	3427077502
	3427077503
	3427077504
	3427077505
	3427077506
	3427077507
	3427077508
	3427077509
	3427077510
	3427077511
	3427077512
	3427077513
	3427077514
	3427077515
	3427077516
	3427077517
	3427077518
	3427077519
	3427077520
	3427077521
	3427077522
	3427077523
	3427077524
	3427077525
	3427077526
	3427077527
	3427077528
	3427077529
	3427077530
	3427077531
	3427077532
	3427077533
	3427077534
	3427077535
	3427077536
	3427077537
	3427077538
	3427077539
	3427077540
	3427077541
	3427077542
	3427077543
	3427077544
	3427077545
	3427077546
	3427077547
	3427077548
	3427077549
	3427077550
	3427077551
	3427077552
	3427077553
	3427077554
	3427077555
	3427077556
	3427077557
	3427077558
	3427077559
	3427077560
	3427077561
	3427077562
	3427077563
	3427077564
	3427077565
	3427077566
	3427077567
	3427077568
	3427077569
	3427077570
	3427077571
	3427077572
	3427077573
	3427077574
	3427077575
	3427077576
	3427077577
	3427077578
	3427077579
	3427077580
	3427077581
	3427077582
	3427077583
	3427077584
	3427077585
	3427077586
	3427077587
	3427077588
	3427077589
	3427077590
	3427077591
	3427077592
	3427077593
	3427077594
	3427077595
	3427077596
	3427077597
	3427077598
	3427077599
	3427077600
	3427077601
	3427077602
	3427077603
	3427077604
	3427077605
	3427077606
	3427077607
	3427077608
	3427077609
	3427077610
	3427077611
	3427077612
	3427077613
	3427077614
	3427077615
	3427077616
	3427077617
	3427077618
	3427077619
	3427077620
	3427077621
	3427077622
	3427077623
	3427077624
	3427077625
	3427077626
	3427077627
	3427077628
	3427077629
	3427077630
	3427077631
	3427077632
	3427077633
	3427077634
	3427077635
	3427077636
	3427077637
	3427077638
	3427077639
	3427077640
	3427077641
	3427077642
	3427077643
	3427077644
	3427077645
	3427077646
	3427077647
	3427077648
	3427077649
	3427077650
	3427077651
	3427077652
	3427077653
	3427077654
	3427077655
	3427077656
	3427077657
	3427077658
	3427077659
	3427077660
	3427077661
	3427077662
	3427077663
	3427077664
	3427077665
	3427077666
	3427077667
	3427077668
	3427077669
	3427077670
	3427077671
	3427077672
	3427077673
	3427077674
	3427077675
	3427077676
	3427077677
	3427077678
	3427077679
	3427077680
	3427077681
	3427077682
	3427077683
	3427077684
	3427077685
	3427077686
	3427077687
	3427077688
	3427077689
	3427077690
	3427077691
	3427077692
	3427077693
	3427077694
	3427077695
	3427077696
	3427077697
	3427077698
	3427077699
	3427077700
	3427077701
	3427077702
	3427077703
	3427077704
	3427077705
	3427077706
	3427077707
	3427077708
	3427077709
	3427077710
	3427077711
	3427077712
	3427077713
	3427077714
	3427077715
	3427077716
	3427077717
	3427077718
	3427077719
	3427077720
	3427077721
	3427077722
	3427077723
	3427077724
	3427077725
	3427077726
	3427077727
	3427077728
	3427077729
	3427077730
	3427077731
	3427077732
	3427077733
	3427077734
	3427077735
	3427077736
	3427077737
	3427077738
	3427077739
	3427077740
	3427077741
	3427077742
	3427077743
	3427077744
	3427077745
	3427077746
	3427077747
	3427077748
	3427077749
	3427077750
	3427077751
	3427077752
	3427077753
	3427077754
	3427077755
	3427077756
	3427077757
	3427077758
	3427077759
	3427077760
	3427077761
	3427077762
	3427077763
	3427077764
	3427077765
	3427077766
	3427077767
	3427077768
	3427077769
	3427077770
	3427077771
	3427077772
	3427077773
	3427077774
	3427077775
	3427077776
	3427077777
	3427077778
	3427077779
	3427077780
	3427077781
	3427077782
	3427077783
	3427077784
	3427077785
	3427077786
	3427077787
	3427077788
	3427077789
	3427077790
	3427077791
	3427077792
	3427077793
	3427077794
	3427077795
	3427077796
	3427077797
	3427077798
	3427077799
	3427077800
	3427077801
	3427077802
	3427077803
	3427077804
	3427077805
	3427077806
	3427077807
	3427077808
	3427077809
	3427077810
	3427077811
	3427077812
	3427077813
	3427077814
	3427077815
	3427077816
	3427077817
	3427077818
	3427077819
	3427077820
	3427077821
	3427077822
	3427077823
	3427077824
	3427077825
	3427077826
	3427077827
	3427077828
	3427077829
	3427077830
	3427077831
	3427077832
	3427077833
	3427077834
	3427077835
	3427077836
	3427077837
	3427077838
	3427077839
	3427077840
	3427077841
	3427077842
	3427077843
	3427077844
	3427077845
	3427077846
	3427077847
	3427077848
	3427077849
	3427077850
	3427077851
	3427077852
	3427077853
	3427077854
	3427077855
	3427077856
	3427077857
	3427077858
	3427077859
	3427077860
	3427077861
	3427077862
	3427077863
	3427077864
	3427077865
	3427077866
	3427077867
	3427077868
	3427077869
	3427077870
	3427077871
	3427077872
	3427077873
	3427077874
	3427077875
	3427077876
	3427077877
	3427077878
	3427077879
	3427077880
	3427077881
	3427077882
	3427077883
	3427077884
	3427077885
	3427077886
	3427077887
	3427077888
	3427077889
	3427077890
	3427077891
	3427077892
	3427077893
	3427077894
	3427077895
	3427077896
	3427077897
	3427077898
	3427077899
	3427077900
	3427077901
	3427077902
	3427077903
	3427077904
	3427077905
	3427077906
	3427077907
	3427077908
	3427077909
	3427077910
	3427077911
	3427077912
	3427077913
	3427077914
	3427077915
	3427077916
	3427077917
	3427077918
	3427077919
	3427077920
	3427077921
	3427077922
	3427077923
	3427077924
	3427077925
	3427077926
	3427077927
	3427077928
	3427077929
	3427077930
	3427077931
	3427077932
	3427077933
	3427077934
	3427077935
	3427077936
	3427077937
	3427077938
	3427077939
	3427077940
	3427077941
	3427077942
	3427077943
	3427077944
	3427077945
	3427077946
	3427077947
	3427077948
	3427077949
	3427077950
	3427077951
	3427077952
	3427077953
	3427077954
	3427077955
	3427077956
	3427077957
	3427077958
	3427077959
	3427077960
	3427077961
	3427077962
	3427077963
	3427077964
	3427077965
	3427077966
	3427077967
	3427077968
	3427077969
	3427077970
	3427077971
	3427077972
	3427077973
	3427077974
	3427077975
	3427077976
	3427077977
	3427077978
	3427077979
	3427077980
	3427077981
	3427077982
	3427077983
	3427077984
	3427077985
	3427077986
	3427077987
	3427077988
	3427077989
	3427077990
	3427077991
	3427077992
	3427077993
	3427077994
	3427077995
	3427077996
	3427077997
	3427077998
	3427077999
	3427078000
	3427078001
	3427078002
	3427078003
	3427078004
	3427078005
	3427078006
	3427078007
	3427078008
	3427078009
	3427078010
	3427078011
	3427078012
	3427078013
	3427078014
	3427078015
	3427078016
	3427078017
	3427078018
	3427078019
	3427078020
	3427078021
	3427078022
	3427078023
	3427078024
	3427078025
	3427078026
	3427078027
	3427078028
	3427078029
	3427078030
	3427078031
	3427078032
	3427078033
	3427078034
	3427078035
	3427078036
	3427078037
	3427078038
	3427078039
	3427078040
	3427078041
	3427078042
	3427078043
	3427078044
	3427078045
	3427078046
	3427078047
	3427078048
	3427078049
	3427078050
	3427078051
	3427078052
	3427078053
	3427078054
	3427078055
	3427078056
	3427078057
	3427078058
	3427078059
	3427078060
	3427078061
	3427078062
	3427078063
	3427078064
	3427078065
	3427078066
	3427078067
	3427078068
	3427078069
	3427078070
	3427078071
	3427078072
	3427078073
	3427078074
	3427078075
	3427078076
	3427078077
	3427078078
	3427078079
	3427078080
	3427078081
	3427078082
	3427078083
	3427078084
	3427078085
	3427078086
	3427078087
	3427078088
	3427078089
	3427078090
	3427078091
	3427078092
	3427078093
	3427078094
	3427078095
	3427078096
	3427078097
	3427078098
	3427078099
	3427078100
	3427078101
	3427078102
	3427078103
	3427078104
	3427078105
	3427078106
	3427078107
	3427078108
	3427078109
	3427078110
	3427078111
	3427078112
	3427078113
	3427078114
	3427078115
	3427078116
	3427078117
	3427078118
	3427078119
	3427078120
	3427078121
	3427078122
	3427078123
	3427078124
	3427078125
	3427078126
	3427078127
	3427078128
	3427078129
	3427078130
	3427078131
	3427078132
	3427078133
	3427078134
	3427078135
	3427078136
	3427078137
	3427078138
	3427078139
	3427078140
	3427078141
	3427078142
	3427078143
	3427078144
	3427078145
	3427078146
	3427078147
	3427078148
	3427078149
	3427078150
	3427078151
	3427078152
	3427078153
	3427078154
	3427078155
	3427078156
	3427078157
	3427078158
	3427078159
	3427078160
	3427078161
	3427078162
	3427078163
	3427078164
	3427078165
	3427078166
	3427078167
	3427078168
	3427078169
	3427078170
	3427078171
	3427078172
	3427078173
	3427078174
	3427078175
	3427078176
	3427078177
	3427078178
	3427078179
	3427078180
	3427078181
	3427078182
	3427078183
	3427078184
	3427078185
	3427078186
	3427078187
	3427078188
	3427078189
	3427078190
	3427078191
	3427078192
	3427078193
	3427078194
	3427078195
	3427078196
	3427078197
	3427078198
	3427078199
	3427078200
	3427078201
	3427078202
	3427078203
	3427078204
	3427078205
	3427078206
	3427078207
	3427078208
	3427078209
	3427078210
	3427078211
	3427078212
	3427078213
	3427078214
	3427078215
	3427078216
	3427078217
	3427078218
	3427078219
	3427078220
	3427078221
	3427078222
	3427078223
	3427078224
	3427078225
	3427078226
	3427078227
	3427078228
	3427078229
	3427078230
	3427078231
	3427078232
	3427078233
	3427078234
	3427078235
	3427078236
	3427078237
	3427078238
	3427078239
	3427078240
	3427078241
	3427078242
	3427078243
	3427078244
	3427078245
	3427078246
	3427078247
	3427078248
	3427078249
	3427078250
	3427078251
	3427078252
	3427078253
	3427078254
	3427078255
	3427078256
	3427078257
	3427078258
	3427078259
	3427078260
	3427078261
	3427078262
	3427078263
	3427078264
	3427078265
	3427078266
	3427078267
	3427078268
	3427078269
	3427078270
	3427078271
	3427078272
	3427078273
	3427078274
	3427078275
	3427078276
	3427078277
	3427078278
	3427078279
	3427078280
	3427078281
	3427078282
	3427078283
	3427078284
	3427078285
	3427078286
	3427078287
	3427078288
	3427078289
	3427078290
	3427078291
	3427078292
	3427078293
	3427078294
	3427078295
	3427078296
	3427078297
	3427078298
	3427078299
	3427078300
	3427078301
	3427078302
	3427078303
	3427078304
	3427078305
	3427078306
	3427078307
	3427078308
	3427078309
	3427078310
	3427078311
	3427078312
	3427078313
	3427078314
	3427078315
	3427078316
	3427078317
	3427078318
	3427078319
	3427078320
	3427078321
	3427078322
	3427078323
	3427078324
	3427078325
	3427078326
	3427078327
	3427078328
	3427078329
	3427078330
	3427078331
	3427078332
	3427078333
	3427078334
	3427078335
	3427078336
	3427078337
	3427078338
	3427078339
	3427078340
	3427078341
	3427078342
	3427078343
	3427078344
	3427078345
	3427078346
	3427078347
	3427078348
	3427078349
	3427078350
	3427078351
	3427078352
	3427078353
	3427078354
	3427078355
	3427078356
	3427078357
	3427078358
	3427078359
	3427078360
	3427078361
	3427078362
	3427078363
	3427078364
	3427078365
	3427078366
	3427078367
	3427078368
	3427078369
	3427078370
	3427078371
	3427078372
	3427078373
	3427078374
	3427078375
	3427078376
	3427078377
	3427078378
	3427078379
	3427078380
	3427078381
	3427078382
	3427078383
	3427078384
	3427078385
	3427078386
	3427078387
	3427078388
	3427078389
	3427078390
	3427078391
	3427078392
	3427078393
	3427078394
	3427078395
	3427078396
	3427078397
	3427078398
	3427078399
	3427078400
	3427078401
	3427078402
	3427078403
	3427078404
	3427078405
	3427078406
	3427078407
	3427078408
	3427078409
	3427078410
	3427078411
	3427078412
	3427078413
	3427078414
	3427078415
	3427078416
	3427078417
	3427078418
	3427078419
	3427078420
	3427078421
	3427078422
	3427078423
	3427078424
	3427078425
	3427078426
	3427078427
	3427078428
	3427078429
	3427078430
	3427078431
	3427078432
	3427078433
	3427078434
	3427078435
	3427078436
	3427078437
	3427078438
	3427078439
	3427078440
	3427078441
	3427078442
	3427078443
	3427078444
	3427078445
	3427078446
	3427078447
	3427078448
	3427078449
	3427078450
	3427078451
	3427078452
	3427078453
	3427078454
	3427078455
	3427078456
	3427078457
	3427078458
	3427078459
	3427078460
	3427078461
	3427078462
	3427078463
	3427078464
	3427078465
	3427078466
	3427078467
	3427078468
	3427078469
	3427078470
	3427078471
	3427078472
	3427078473
	3427078474
	3427078475
	3427078476
	3427078477
	3427078478
	3427078479
	3427078480
	3427078481
	3427078482
	3427078483
	3427078484
	3427078485
	3427078486
	3427078487
	3427078488
	3427078489
	3427078490
	3427078491
	3427078492
	3427078493
	3427078494
	3427078495
	3427078496
	3427078497
	3427078498
	3427078499
	3427078500
	3427078501
	3427078502
	3427078503
	3427078504
	3427078505
	3427078506
	3427078507
	3427078508
	3427078509
	3427078510
	3427078511
	3427078512
	3427078513
	3427078514
	3427078515
	3427078516
	3427078517
	3427078518
	3427078519
	3427078520
	3427078521
	3427078522
	3427078523
	3427078524
	3427078525
	3427078526
	3427078527
	3427078528
	3427078529
	3427078530
	3427078531
	3427078532
	3427078533
	3427078534
	3427078535
	3427078536
	3427078537
	3427078538
	3427078539
	3427078540
	3427078541
	3427078542
	3427078543
	3427078544
	3427078545
	3427078546
	3427078547
	3427078548
	3427078549
	3427078550
	3427078551
	3427078552
	3427078553
	3427078554
	3427078555
	3427078556
	3427078557
	3427078558
	3427078559
	3427078560
	3427078561
	3427078562
	3427078563
	3427078564
	3427078565
	3427078566
	3427078567
	3427078568
	3427078569
	3427078570
	3427078571
	3427078572
	3427078573
	3427078574
	3427078575
	3427078576
	3427078577
	3427078578
	3427078579
	3427078580
	3427078581
	3427078582
	3427078583
	3427078584
	3427078585
	3427078586
	3427078587
	3427078588
	3427078589
	3427078590
	3427078591
	3427078592
	3427078593
	3427078594
	3427078595
	3427078596
	3427078597
	3427078598
	3427078599
	3427078600
	3427078601
	3427078602
	3427078603
	3427078604
	3427078605
	3427078606
	3427078607
	3427078608
	3427078609
	3427078610
	3427078611
	3427078612
	3427078613
	3427078614
	3427078615
	3427078616
	3427078617
	3427078618
	3427078619
	3427078620
	3427078621
	3427078622
	3427078623
	3427078624
	3427078625
	3427078626
	3427078627
	3427078628
	3427078629
	3427078630
	3427078631
	3427078632
	3427078633
	3427078634
	3427078635
	3427078636
	3427078637
	3427078638
	3427078639
	3427078640
	3427078641
	3427078642
	3427078643
	3427078644
	3427078645
	3427078646
	3427078647
	3427078648
	3427078649
	3427078650
	3427078651
	3427078652
	3427078653
	3427078654
	3427078655
	3427078656
	3427078657
	3427078658
	3427078659
	3427078660
	3427078661
	3427078662
	3427078663
	3427078664
	3427078665
	3427078666
	3427078667
	3427078668
	3427078669
	3427078670
	3427078671
	3427078672
	3427078673
	3427078674
	3427078675
	3427078676
	3427078677
	3427078678
	3427078679
	3427078680
	3427078681
	3427078682
	3427078683
	3427078684
	3427078685
	3427078686
	3427078687
	3427078688
	3427078689
	3427078690
	3427078691
	3427078692
	3427078693
	3427078694
	3427078695
	3427078696
	3427078697
	3427078698
	3427078699
	3427078700
	3427078701
	3427078702
	3427078703
	3427078704
	3427078705
	3427078706
	3427078707
	3427078708
	3427078709
	3427078710
	3427078711
	3427078712
	3427078713
	3427078714
	3427078715
	3427078716
	3427078717
	3427078718
	3427078719
	3427078720
	3427078721
	3427078722
	3427078723
	3427078724
	3427078725
	3427078726
	3427078727
	3427078728
	3427078729
	3427078730
	3427078731
	3427078732
	3427078733
	3427078734
	3427078735
	3427078736
	3427078737
	3427078738
	3427078739
	3427078740
	3427078741
	3427078742
	3427078743
	3427078744
	3427078745
	3427078746
	3427078747
	3427078748
	3427078749
	3427078750
	3427078751
	3427078752
	3427078753
	3427078754
	3427078755
	3427078756
	3427078757
	3427078758
	3427078759
	3427078760
	3427078761
	3427078762
	3427078763
	3427078764
	3427078765
	3427078766
	3427078767
	3427078768
	3427078769
	3427078770
	3427078771
	3427078772
	3427078773
	3427078774
	3427078775
	3427078776
	3427078777
	3427078778
	3427078779
	3427078780
	3427078781
	3427078782
	3427078783
	3427078784
	3427078785
	3427078786
	3427078787
	3427078788
	3427078789
	3427078790
	3427078791
	3427078792
	3427078793
	3427078794
	3427078795
	3427078796
	3427078797
	3427078798
	3427078799
	3427078800
	3427078801
	3427078802
	3427078803
	3427078804
	3427078805
	3427078806
	3427078807
	3427078808
	3427078809
	3427078810
	3427078811
	3427078812
	3427078813
	3427078814
	3427078815
	3427078816
	3427078817
	3427078818
	3427078819
	3427078820
	3427078821
	3427078822
	3427078823
	3427078824
	3427078825
	3427078826
	3427078827
	3427078828
	3427078829
	3427078830
	3427078831
	3427078832
	3427078833
	3427078834
	3427078835
	3427078836
	3427078837
	3427078838
	3427078839
	3427078840
	3427078841
	3427078842
	3427078843
	3427078844
	3427078845
	3427078846
	3427078847
	3427078848
	3427078849
	3427078850
	3427078851
	3427078852
	3427078853
	3427078854
	3427078855
	3427078856
	3427078857
	3427078858
	3427078859
	3427078860
	3427078861
	3427078862
	3427078863
	3427078864
	3427078865
	3427078866
	3427078867
	3427078868
	3427078869
	3427078870
	3427078871
	3427078872
	3427078873
	3427078874
	3427078875
	3427078876
	3427078877
	3427078878
	3427078879
	3427078880
	3427078881
	3427078882
	3427078883
	3427078884
	3427078885
	3427078886
	3427078887
	3427078888
	3427078889
	3427078890
	3427078891
	3427078892
	3427078893
	3427078894
	3427078895
	3427078896
	3427078897
	3427078898
	3427078899
	3427078900
	3427078901
	3427078902
	3427078903
	3427078904
	3427078905
	3427078906
	3427078907
	3427078908
	3427078909
	3427078910
	3427078911
	3427078912
	3427078913
	3427078914
	3427078915
	3427078916
	3427078917
	3427078918
	3427078919
	3427078920
	3427078921
	3427078922
	3427078923
	3427078924
	3427078925
	3427078926
	3427078927
	3427078928
	3427078929
	3427078930
	3427078931
	3427078932
	3427078933
	3427078934
	3427078935
	3427078936
	3427078937
	3427078938
	3427078939
	3427078940
	3427078941
	3427078942
	3427078943
	3427078944
	3427078945
	3427078946
	3427078947
	3427078948
	3427078949
	3427078950
	3427078951
	3427078952
	3427078953
	3427078954
	3427078955
	3427078956
	3427078957
	3427078958
	3427078959
	3427078960
	3427078961
	3427078962
	3427078963
	3427078964
	3427078965
	3427078966
	3427078967
	3427078968
	3427078969
	3427078970
	3427078971
	3427078972
	3427078973
	3427078974
	3427078975
	3427078976
	3427078977
	3427078978
	3427078979
	3427078980
	3427078981
	3427078982
	3427078983
	3427078984
	3427078985
	3427078986
	3427078987
	3427078988
	3427078989
	3427078990
	3427078991
	3427078992
	3427078993
	3427078994
	3427078995
	3427078996
	3427078997
	3427078998
	3427078999
	3427079000
	3427079001
	3427079002
	3427079003
	3427079004
	3427079005
	3427079006
	3427079007
	3427079008
	3427079009
	3427079010
	3427079011
	3427079012
	3427079013
	3427079014
	3427079015
	3427079016
	3427079017
	3427079018
	3427079019
	3427079020
	3427079021
	3427079022
	3427079023
	3427079024
	3427079025
	3427079026
	3427079027
	3427079028
	3427079029
	3427079030
	3427079031
	3427079032
	3427079033
	3427079034
	3427079035
	3427079036
	3427079037
	3427079038
	3427079039
	3427079040
	3427079041
	3427079042
	3427079043
	3427079044
	3427079045
	3427079046
	3427079047
	3427079048
	3427079049
	3427079050
	3427079051
	3427079052
	3427079053
	3427079054
	3427079055
	3427079056
	3427079057
	3427079058
	3427079059
	3427079060
	3427079061
	3427079062
	3427079063
	3427079064
	3427079065
	3427079066
	3427079067
	3427079068
	3427079069
	3427079070
	3427079071
	3427079072
	3427079073
	3427079074
	3427079075
	3427079076
	3427079077
	3427079078
	3427079079
	3427079080
	3427079081
	3427079082
	3427079083
	3427079084
	3427079085
	3427079086
	3427079087
	3427079088
	3427079089
	3427079090
	3427079091
	3427079092
	3427079093
	3427079094
	3427079095
	3427079096
	3427079097
	3427079098
	3427079099
	3427079100
	3427079101
	3427079102
	3427079103
	3427079104
	3427079105
	3427079106
	3427079107
	3427079108
	3427079109
	3427079110
	3427079111
	3427079112
	3427079113
	3427079114
	3427079115
	3427079116
	3427079117
	3427079118
	3427079119
	3427079120
	3427079121
	3427079122
	3427079123
	3427079124
	3427079125
	3427079126
	3427079127
	3427079128
	3427079129
	3427079130
	3427079131
	3427079132
	3427079133
	3427079134
	3427079135
	3427079136
	3427079137
	3427079138
	3427079139
	3427079140
	3427079141
	3427079142
	3427079143
	3427079144
	3427079145
	3427079146
	3427079147
	3427079148
	3427079149
	3427079150
	3427079151
	3427079152
	3427079153
	3427079154
	3427079155
	3427079156
	3427079157
	3427079158
	3427079159
	3427079160
	3427079161
	3427079162
	3427079163
	3427079164
	3427079165
	3427079166
	3427079167
	3427079168
	3427079169
	3427079170
	3427079171
	3427079172
	3427079173
	3427079174
	3427079175
	3427079176
	3427079177
	3427079178
	3427079179
	3427079180
	3427079181
	3427079182
	3427079183
	3427079184
	3427079185
	3427079186
	3427079187
	3427079188
	3427079189
	3427079190
	3427079191
	3427079192
	3427079193
	3427079194
	3427079195
	3427079196
	3427079197
	3427079198
	3427079199
	3427079200
	3427079201
	3427079202
	3427079203
	3427079204
	3427079205
	3427079206
	3427079207
	3427079208
	3427079209
	3427079210
	3427079211
	3427079212
	3427079213
	3427079214
	3427079215
	3427079216
	3427079217
	3427079218
	3427079219
	3427079220
	3427079221
	3427079222
	3427079223
	3427079224
	3427079225
	3427079226
	3427079227
	3427079228
	3427079229
	3427079230
	3427079231
	3427079232
	3427079233
	3427079234
	3427079235
	3427079236
	3427079237
	3427079238
	3427079239
	3427079240
	3427079241
	3427079242
	3427079243
	3427079244
	3427079245
	3427079246
	3427079247
	3427079248
	3427079249
	3427079250
	3427079251
	3427079252
	3427079253
	3427079254
	3427079255
	3427079256
	3427079257
	3427079258
	3427079259
	3427079260
	3427079261
	3427079262
	3427079263
	3427079264
	3427079265
	3427079266
	3427079267
	3427079268
	3427079269
	3427079270
	3427079271
	3427079272
	3427079273
	3427079274
	3427079275
	3427079276
	3427079277
	3427079278
	3427079279
	3427079280
	3427079281
	3427079282
	3427079283
	3427079284
	3427079285
	3427079286
	3427079287
	3427079288
	3427079289
	3427079290
	3427079291
	3427079292
	3427079293
	3427079294
	3427079295
	3427079296
	3427079297
	3427079298
	3427079299
	3427079300
	3427079301
	3427079302
	3427079303
	3427079304
	3427079305
	3427079306
	3427079307
	3427079308
	3427079309
	3427079310
	3427079311
	3427079312
	3427079313
	3427079314
	3427079315
	3427079316
	3427079317
	3427079318
	3427079319
	3427079320
	3427079321
	3427079322
	3427079323
	3427079324
	3427079325
	3427079326
	3427079327
	3427079328
	3427079329
	3427079330
	3427079331
	3427079332
	3427079333
	3427079334
	3427079335
	3427079336
	3427079337
	3427079338
	3427079339
	3427079340
	3427079341
	3427079342
	3427079343
	3427079344
	3427079345
	3427079346
	3427079347
	3427079348
	3427079349
	3427079350
	3427079351
	3427079352
	3427079353
	3427079354
	3427079355
	3427079356
	3427079357
	3427079358
	3427079359
	3427079360
	3427079361
	3427079362
	3427079363
	3427079364
	3427079365
	3427079366
	3427079367
	3427079368
	3427079369
	3427079370
	3427079371
	3427079372
	3427079373
	3427079374
	3427079375
	3427079376
	3427079377
	3427079378
	3427079379
	3427079380
	3427079381
	3427079382
	3427079383
	3427079384
	3427079385
	3427079386
	3427079387
	3427079388
	3427079389
	3427079390
	3427079391
	3427079392
	3427079393
	3427079394
	3427079395
	3427079396
	3427079397
	3427079398
	3427079399
	3427079400
	3427079401
	3427079402
	3427079403
	3427079404
	3427079405
	3427079406
	3427079407
	3427079408
	3427079409
	3427079410
	3427079411
	3427079412
	3427079413
	3427079414
	3427079415
	3427079416
	3427079417
	3427079418
	3427079419
	3427079420
	3427079421
	3427079422
	3427079423
	3427079424
	3427079425
	3427079426
	3427079427
	3427079428
	3427079429
	3427079430
	3427079431
	3427079432
	3427079433
	3427079434
	3427079435
	3427079436
	3427079437
	3427079438
	3427079439
	3427079440
	3427079441
	3427079442
	3427079443
	3427079444
	3427079445
	3427079446
	3427079447
	3427079448
	3427079449
	3427079450
	3427079451
	3427079452
	3427079453
	3427079454
	3427079455
	3427079456
	3427079457
	3427079458
	3427079459
	3427079460
	3427079461
	3427079462
	3427079463
	3427079464
	3427079465
	3427079466
	3427079467
	3427079468
	3427079469
	3427079470
	3427079471
	3427079472
	3427079473
	3427079474
	3427079475
	3427079476
	3427079477
	3427079478
	3427079479
	3427079480
	3427079481
	3427079482
	3427079483
	3427079484
	3427079485
	3427079486
	3427079487
	3427079488
	3427079489
	3427079490
	3427079491
	3427079492
	3427079493
	3427079494
	3427079495
	3427079496
	3427079497
	3427079498
	3427079499
	3427079500
	3427079501
	3427079502
	3427079503
	3427079504
	3427079505
	3427079506
	3427079507
	3427079508
	3427079509
	3427079510
	3427079511
	3427079512
	3427079513
	3427079514
	3427079515
	3427079516
	3427079517
	3427079518
	3427079519
	3427079520
	3427079521
	3427079522
	3427079523
	3427079524
	3427079525
	3427079526
	3427079527
	3427079528
	3427079529
	3427079530
	3427079531
	3427079532
	3427079533
	3427079534
	3427079535
	3427079536
	3427079537
	3427079538
	3427079539
	3427079540
	3427079541
	3427079542
	3427079543
	3427079544
	3427079545
	3427079546
	3427079547
	3427079548
	3427079549
	3427079550
	3427079551
	3427079552
	3427079553
	3427079554
	3427079555
	3427079556
	3427079557
	3427079558
	3427079559
	3427079560
	3427079561
	3427079562
	3427079563
	3427079564
	3427079565
	3427079566
	3427079567
	3427079568
	3427079569
	3427079570
	3427079571
	3427079572
	3427079573
	3427079574
	3427079575
	3427079576
	3427079577
	3427079578
	3427079579
	3427079580
	3427079581
	3427079582
	3427079583
	3427079584
	3427079585
	3427079586
	3427079587
	3427079588
	3427079589
	3427079590
	3427079591
	3427079592
	3427079593
	3427079594
	3427079595
	3427079596
	3427079597
	3427079598
	3427079599
	3427079600
	3427079601
	3427079602
	3427079603
	3427079604
	3427079605
	3427079606
	3427079607
	3427079608
	3427079609
	3427079610
	3427079611
	3427079612
	3427079613
	3427079614
	3427079615
	3427079616
	3427079617
	3427079618
	3427079619
	3427079620
	3427079621
	3427079622
	3427079623
	3427079624
	3427079625
	3427079626
	3427079627
	3427079628
	3427079629
	3427079630
	3427079631
	3427079632
	3427079633
	3427079634
	3427079635
	3427079636
	3427079637
	3427079638
	3427079639
	3427079640
	3427079641
	3427079642
	3427079643
	3427079644
	3427079645
	3427079646
	3427079647
	3427079648
	3427079649
	3427079650
	3427079651
	3427079652
	3427079653
	3427079654
	3427079655
	3427079656
	3427079657
	3427079658
	3427079659
	3427079660
	3427079661
	3427079662
	3427079663
	3427079664
	3427079665
	3427079666
	3427079667
	3427079668
	3427079669
	3427079670
	3427079671
	3427079672
	3427079673
	3427079674
	3427079675
	3427079676
	3427079677
	3427079678
	3427079679
	3427079680
	3427079681
	3427079682
	3427079683
	3427079684
	3427079685
	3427079686
	3427079687
	3427079688
	3427079689
	3427079690
	3427079691
	3427079692
	3427079693
	3427079694
	3427079695
	3427079696
	3427079697
	3427079698
	3427079699
	3427079700
	3427079701
	3427079702
	3427079703
	3427079704
	3427079705
	3427079706
	3427079707
	3427079708
	3427079709
	3427079710
	3427079711
	3427079712
	3427079713
	3427079714
	3427079715
	3427079716
	3427079717
	3427079718
	3427079719
	3427079720
	3427079721
	3427079722
	3427079723
	3427079724
	3427079725
	3427079726
	3427079727
	3427079728
	3427079729
	3427079730
	3427079731
	3427079732
	3427079733
	3427079734
	3427079735
	3427079736
	3427079737
	3427079738
	3427079739
	3427079740
	3427079741
	3427079742
	3427079743
	3427079744
	3427079745
	3427079746
	3427079747
	3427079748
	3427079749
	3427079750
	3427079751
	3427079752
	3427079753
	3427079754
	3427079755
	3427079756
	3427079757
	3427079758
	3427079759
	3427079760
	3427079761
	3427079762
	3427079763
	3427079764
	3427079765
	3427079766
	3427079767
	3427079768
	3427079769
	3427079770
	3427079771
	3427079772
	3427079773
	3427079774
	3427079775
	3427079776
	3427079777
	3427079778
	3427079779
	3427079780
	3427079781
	3427079782
	3427079783
	3427079784
	3427079785
	3427079786
	3427079787
	3427079788
	3427079789
	3427079790
	3427079791
	3427079792
	3427079793
	3427079794
	3427079795
	3427079796
	3427079797
	3427079798
	3427079799
	3427079800
	3427079801
	3427079802
	3427079803
	3427079804
	3427079805
	3427079806
	3427079807
	3427079808
	3427079809
	3427079810
	3427079811
	3427079812
	3427079813
	3427079814
	3427079815
	3427079816
	3427079817
	3427079818
	3427079819
	3427079820
	3427079821
	3427079822
	3427079823
	3427079824
	3427079825
	3427079826
	3427079827
	3427079828
	3427079829
	3427079830
	3427079831
	3427079832
	3427079833
	3427079834
	3427079835
	3427079836
	3427079837
	3427079838
	3427079839
	3427079840
	3427079841
	3427079842
	3427079843
	3427079844
	3427079845
	3427079846
	3427079847
	3427079848
	3427079849
	3427079850
	3427079851
	3427079852
	3427079853
	3427079854
	3427079855
	3427079856
	3427079857
	3427079858
	3427079859
	3427079860
	3427079861
	3427079862
	3427079863
	3427079864
	3427079865
	3427079866
	3427079867
	3427079868
	3427079869
	3427079870
	3427079871
	3427079872
	3427079873
	3427079874
	3427079875
	3427079876
	3427079877
	3427079878
	3427079879
	3427079880
	3427079881
	3427079882
	3427079883
	3427079884
	3427079885
	3427079886
	3427079887
	3427079888
	3427079889
	3427079890
	3427079891
	3427079892
	3427079893
	3427079894
	3427079895
	3427079896
	3427079897
	3427079898
	3427079899
	3427079900
	3427079901
	3427079902
	3427079903
	3427079904
	3427079905
	3427079906
	3427079907
	3427079908
	3427079909
	3427079910
	3427079911
	3427079912
	3427079913
	3427079914
	3427079915
	3427079916
	3427079917
	3427079918
	3427079919
	3427079920
	3427079921
	3427079922
	3427079923
	3427079924
	3427079925
	3427079926
	3427079927
	3427079928
	3427079929
	3427079930
	3427079931
	3427079932
	3427079933
	3427079934
	3427079935
	3427079936
	3427079937
	3427079938
	3427079939
	3427079940
	3427079941
	3427079942
	3427079943
	3427079944
	3427079945
	3427079946
	3427079947
	3427079948
	3427079949
	3427079950
	3427079951
	3427079952
	3427079953
	3427079954
	3427079955
	3427079956
	3427079957
	3427079958
	3427079959
	3427079960
	3427079961
	3427079962
	3427079963
	3427079964
	3427079965
	3427079966
	3427079967
	3427079968
	3427079969
	3427079970
	3427079971
	3427079972
	3427079973
	3427079974
	3427079975
	3427079976
	3427079977
	3427079978
	3427079979
	3427079980
	3427079981
	3427079982
	3427079983
	3427079984
	3427079985
	3427079986
	3427079987
	3427079988
	3427079989
	3427079990
	3427079991
	3427079992
	3427079993
	3427079994
	3427079995
	3427079996
	3427079997
	3427079998
	3427079999
	3427080000
	3427080001
	3427080002
	3427080003
	3427080004
	3427080005
	3427080006
	3427080007
	3427080008
	3427080009
	3427080010
	3427080011
	3427080012
	3427080013
	3427080014
	3427080015
	3427080016
	3427080017
	3427080018
	3427080019
	3427080020
	3427080021
	3427080022
	3427080023
	3427080024
	3427080025
	3427080026
	3427080027
	3427080028
	3427080029
	3427080030
	3427080031
	3427080032
	3427080033
	3427080034
	3427080035
	3427080036
	3427080037
	3427080038
	3427080039
	3427080040
	3427080041
	3427080042
	3427080043
	3427080044
	3427080045
	3427080046
	3427080047
	3427080048
	3427080049
	3427080050
	3427080051
	3427080052
	3427080053
	3427080054
	3427080055
	3427080056
	3427080057
	3427080058
	3427080059
	3427080060
	3427080061
	3427080062
	3427080063
	3427080064
	3427080065
	3427080066
	3427080067
	3427080068
	3427080069
	3427080070
	3427080071
	3427080072
	3427080073
	3427080074
	3427080075
	3427080076
	3427080077
	3427080078
	3427080079
	3427080080
	3427080081
	3427080082
	3427080083
	3427080084
	3427080085
	3427080086
	3427080087
	3427080088
	3427080089
	3427080090
	3427080091
	3427080092
	3427080093
	3427080094
	3427080095
	3427080096
	3427080097
	3427080098
	3427080099
	3427080100
	3427080101
	3427080102
	3427080103
	3427080104
	3427080105
	3427080106
	3427080107
	3427080108
	3427080109
	3427080110
	3427080111
	3427080112
	3427080113
	3427080114
	3427080115
	3427080116
	3427080117
	3427080118
	3427080119
	3427080120
	3427080121
	3427080122
	3427080123
	3427080124
	3427080125
	3427080126
	3427080127
	3427080128
	3427080129
	3427080130
	3427080131
	3427080132
	3427080133
	3427080134
	3427080135
	3427080136
	3427080137
	3427080138
	3427080139
	3427080140
	3427080141
	3427080142
	3427080143
	3427080144
	3427080145
	3427080146
	3427080147
	3427080148
	3427080149
	3427080150
	3427080151
	3427080152
	3427080153
	3427080154
	3427080155
	3427080156
	3427080157
	3427080158
	3427080159
	3427080160
	3427080161
	3427080162
	3427080163
	3427080164
	3427080165
	3427080166
	3427080167
	3427080168
	3427080169
	3427080170
	3427080171
	3427080172
	3427080173
	3427080174
	3427080175
	3427080176
	3427080177
	3427080178
	3427080179
	3427080180
	3427080181
	3427080182
	3427080183
	3427080184
	3427080185
	3427080186
	3427080187
	3427080188
	3427080189
	3427080190
	3427080191
	3427080192
	3427080193
	3427080194
	3427080195
	3427080196
	3427080197
	3427080198
	3427080199
	3427080200
	3427080201
	3427080202
	3427080203
	3427080204
	3427080205
	3427080206
	3427080207
	3427080208
	3427080209
	3427080210
	3427080211
	3427080212
	3427080213
	3427080214
	3427080215
	3427080216
	3427080217
	3427080218
	3427080219
	3427080220
	3427080221
	3427080222
	3427080223
	3427080224
	3427080225
	3427080226
	3427080227
	3427080228
	3427080229
	3427080230
	3427080231
	3427080232
	3427080233
	3427080234
	3427080235
	3427080236
	3427080237
	3427080238
	3427080239
	3427080240
	3427080241
	3427080242
	3427080243
	3427080244
	3427080245
	3427080246
	3427080247
	3427080248
	3427080249
	3427080250
	3427080251
	3427080252
	3427080253
	3427080254
	3427080255
	3427080256
	3427080257
	3427080258
	3427080259
	3427080260
	3427080261
	3427080262
	3427080263
	3427080264
	3427080265
	3427080266
	3427080267
	3427080268
	3427080269
	3427080270
	3427080271
	3427080272
	3427080273
	3427080274
	3427080275
	3427080276
	3427080277
	3427080278
	3427080279
	3427080280
	3427080281
	3427080282
	3427080283
	3427080284
	3427080285
	3427080286
	3427080287
	3427080288
	3427080289
	3427080290
	3427080291
	3427080292
	3427080293
	3427080294
	3427080295
	3427080296
	3427080297
	3427080298
	3427080299
	3427080300
	3427080301
	3427080302
	3427080303
	3427080304
	3427080305
	3427080306
	3427080307
	3427080308
	3427080309
	3427080310
	3427080311
	3427080312
	3427080313
	3427080314
	3427080315
	3427080316
	3427080317
	3427080318
	3427080319
	3427080320
	3427080321
	3427080322
	3427080323
	3427080324
	3427080325
	3427080326
	3427080327
	3427080328
	3427080329
	3427080330
	3427080331
	3427080332
	3427080333
	3427080334
	3427080335
	3427080336
	3427080337
	3427080338
	3427080339
	3427080340
	3427080341
	3427080342
	3427080343
	3427080344
	3427080345
	3427080346
	3427080347
	3427080348
	3427080349
	3427080350
	3427080351
	3427080352
	3427080353
	3427080354
	3427080355
	3427080356
	3427080357
	3427080358
	3427080359
	3427080360
	3427080361
	3427080362
	3427080363
	3427080364
	3427080365
	3427080366
	3427080367
	3427080368
	3427080369
	3427080370
	3427080371
	3427080372
	3427080373
	3427080374
	3427080375
	3427080376
	3427080377
	3427080378
	3427080379
	3427080380
	3427080381
	3427080382
	3427080383
	3427080384
	3427080385
	3427080386
	3427080387
	3427080388
	3427080389
	3427080390
	3427080391
	3427080392
	3427080393
	3427080394
	3427080395
	3427080396
	3427080397
	3427080398
	3427080399
	3427080400
	3427080401
	3427080402
	3427080403
	3427080404
	3427080405
	3427080406
	3427080407
	3427080408
	3427080409
	3427080410
	3427080411
	3427080412
	3427080413
	3427080414
	3427080415
	3427080416
	3427080417
	3427080418
	3427080419
	3427080420
	3427080421
	3427080422
	3427080423
	3427080424
	3427080425
	3427080426
	3427080427
	3427080428
	3427080429
	3427080430
	3427080431
	3427080432
	3427080433
	3427080434
	3427080435
	3427080436
	3427080437
	3427080438
	3427080439
	3427080440
	3427080441
	3427080442
	3427080443
	3427080444
	3427080445
	3427080446
	3427080447
	3427080448
	3427080449
	3427080450
	3427080451
	3427080452
	3427080453
	3427080454
	3427080455
	3427080456
	3427080457
	3427080458
	3427080459
	3427080460
	3427080461
	3427080462
	3427080463
	3427080464
	3427080465
	3427080466
	3427080467
	3427080468
	3427080469
	3427080470
	3427080471
	3427080472
	3427080473
	3427080474
	3427080475
	3427080476
	3427080477
	3427080478
	3427080479
	3427080480
	3427080481
	3427080482
	3427080483
	3427080484
	3427080485
	3427080486
	3427080487
	3427080488
	3427080489
	3427080490
	3427080491
	3427080492
	3427080493
	3427080494
	3427080495
	3427080496
	3427080497
	3427080498
	3427080499
	3427080500
	3427080501
	3427080502
	3427080503
	3427080504
	3427080505
	3427080506
	3427080507
	3427080508
	3427080509
	3427080510
	3427080511
	3427080512
	3427080513
	3427080514
	3427080515
	3427080516
	3427080517
	3427080518
	3427080519
	3427080520
	3427080521
	3427080522
	3427080523
	3427080524
	3427080525
	3427080526
	3427080527
	3427080528
	3427080529
	3427080530
	3427080531
	3427080532
	3427080533
	3427080534
	3427080535
	3427080536
	3427080537
	3427080538
	3427080539
	3427080540
	3427080541
	3427080542
	3427080543
	3427080544
	3427080545
	3427080546
	3427080547
	3427080548
	3427080549
	3427080550
	3427080551
	3427080552
	3427080553
	3427080554
	3427080555
	3427080556
	3427080557
	3427080558
	3427080559
	3427080560
	3427080561
	3427080562
	3427080563
	3427080564
	3427080565
	3427080566
	3427080567
	3427080568
	3427080569
	3427080570
	3427080571
	3427080572
	3427080573
	3427080574
	3427080575
	3427080576
	3427080577
	3427080578
	3427080579
	3427080580
	3427080581
	3427080582
	3427080583
	3427080584
	3427080585
	3427080586
	3427080587
	3427080588
	3427080589
	3427080590
	3427080591
	3427080592
	3427080593
	3427080594
	3427080595
	3427080596
	3427080597
	3427080598
	3427080599
	3427080600
	3427080601
	3427080602
	3427080603
	3427080604
	3427080605
	3427080606
	3427080607
	3427080608
	3427080609
	3427080610
	3427080611
	3427080612
	3427080613
	3427080614
	3427080615
	3427080616
	3427080617
	3427080618
	3427080619
	3427080620
	3427080621
	3427080622
	3427080623
	3427080624
	3427080625
	3427080626
	3427080627
	3427080628
	3427080629
	3427080630
	3427080631
	3427080632
	3427080633
	3427080634
	3427080635
	3427080636
	3427080637
	3427080638
	3427080639
	3427080640
	3427080641
	3427080642
	3427080643
	3427080644
	3427080645
	3427080646
	3427080647
	3427080648
	3427080649
	3427080650
	3427080651
	3427080652
	3427080653
	3427080654
	3427080655
	3427080656
	3427080657
	3427080658
	3427080659
	3427080660
	3427080661
	3427080662
	3427080663
	3427080664
	3427080665
	3427080666
	3427080667
	3427080668
	3427080669
	3427080670
	3427080671
	3427080672
	3427080673
	3427080674
	3427080675
	3427080676
	3427080677
	3427080678
	3427080679
	3427080680
	3427080681
	3427080682
	3427080683
	3427080684
	3427080685
	3427080686
	3427080687
	3427080688
	3427080689
	3427080690
	3427080691
	3427080692
	3427080693
	3427080694
	3427080695
	3427080696
	3427080697
	3427080698
	3427080699
	3427080700
	3427080701
	3427080702
	3427080703
	3427080704
	3427080705
	3427080706
	3427080707
	3427080708
	3427080709
	3427080710
	3427080711
	3427080712
	3427080713
	3427080714
	3427080715
	3427080716
	3427080717
	3427080718
	3427080719
	3427080720
	3427080721
	3427080722
	3427080723
	3427080724
	3427080725
	3427080726
	3427080727
	3427080728
	3427080729
	3427080730
	3427080731
	3427080732
	3427080733
	3427080734
	3427080735
	3427080736
	3427080737
	3427080738
	3427080739
	3427080740
	3427080741
	3427080742
	3427080743
	3427080744
	3427080745
	3427080746
	3427080747
	3427080748
	3427080749
	3427080750
	3427080751
	3427080752
	3427080753
	3427080754
	3427080755
	3427080756
	3427080757
	3427080758
	3427080759
	3427080760
	3427080761
	3427080762
	3427080763
	3427080764
	3427080765
	3427080766
	3427080767
	3427080768
	3427080769
	3427080770
	3427080771
	3427080772
	3427080773
	3427080774
	3427080775
	3427080776
	3427080777
	3427080778
	3427080779
	3427080780
	3427080781
	3427080782
	3427080783
	3427080784
	3427080785
	3427080786
	3427080787
	3427080788
	3427080789
	3427080790
	3427080791
	3427080792
	3427080793
	3427080794
	3427080795
	3427080796
	3427080797
	3427080798
	3427080799
	3427080800
	3427080801
	3427080802
	3427080803
	3427080804
	3427080805
	3427080806
	3427080807
	3427080808
	3427080809
	3427080810
	3427080811
	3427080812
	3427080813
	3427080814
	3427080815
	3427080816
	3427080817
	3427080818
	3427080819
	3427080820
	3427080821
	3427080822
	3427080823
	3427080824
	3427080825
	3427080826
	3427080827
	3427080828
	3427080829
	3427080830
	3427080831
	3427080832
	3427080833
	3427080834
	3427080835
	3427080836
	3427080837
	3427080838
	3427080839
	3427080840
	3427080841
	3427080842
	3427080843
	3427080844
	3427080845
	3427080846
	3427080847
	3427080848
	3427080849
	3427080850
	3427080851
	3427080852
	3427080853
	3427080854
	3427080855
	3427080856
	3427080857
	3427080858
	3427080859
	3427080860
	3427080861
	3427080862
	3427080863
	3427080864
	3427080865
	3427080866
	3427080867
	3427080868
	3427080869
	3427080870
	3427080871
	3427080872
	3427080873
	3427080874
	3427080875
	3427080876
	3427080877
	3427080878
	3427080879
	3427080880
	3427080881
	3427080882
	3427080883
	3427080884
	3427080885
	3427080886
	3427080887
	3427080888
	3427080889
	3427080890
	3427080891
	3427080892
	3427080893
	3427080894
	3427080895
	3427080896
	3427080897
	3427080898
	3427080899
	3427080900
	3427080901
	3427080902
	3427080903
	3427080904
	3427080905
	3427080906
	3427080907
	3427080908
	3427080909
	3427080910
	3427080911
	3427080912
	3427080913
	3427080914
	3427080915
	3427080916
	3427080917
	3427080918
	3427080919
	3427080920
	3427080921
	3427080922
	3427080923
	3427080924
	3427080925
	3427080926
	3427080927
	3427080928
	3427080929
	3427080930
	3427080931
	3427080932
	3427080933
	3427080934
	3427080935
	3427080936
	3427080937
	3427080938
	3427080939
	3427080940
	3427080941
	3427080942
	3427080943
	3427080944
	3427080945
	3427080946
	3427080947
	3427080948
	3427080949
	3427080950
	3427080951
	3427080952
	3427080953
	3427080954
	3427080955
	3427080956
	3427080957
	3427080958
	3427080959
	3427080960
	3427080961
	3427080962
	3427080963
	3427080964
	3427080965
	3427080966
	3427080967
	3427080968
	3427080969
	3427080970
	3427080971
	3427080972
	3427080973
	3427080974
	3427080975
	3427080976
	3427080977
	3427080978
	3427080979
	3427080980
	3427080981
	3427080982
	3427080983
	3427080984
	3427080985
	3427080986
	3427080987
	3427080988
	3427080989
	3427080990
	3427080991
	3427080992
	3427080993
	3427080994
	3427080995
	3427080996
	3427080997
	3427080998
	3427080999
	3427081000
	3427081001
	3427081002
	3427081003
	3427081004
	3427081005
	3427081006
	3427081007
