	3426859691
	3426859692
	3426859693
	3426859694
	3426859695
	3426859696
	3426859697
	3426859698
	3426859699
	3426859700
	3426859701
	3426859702
	3426859703
	3426859704
	3426859705
	3426859706
	3426859707
	3426859708
	3426859709
	3426859710
	3426859711
	3426859712
	3426859713
	3426859714
	3426859715
	3426859716
	3426859717
	3426859718
	3426859719
	3426859720
	3426859721
	3426859722
	3426859723
	3426859724
	3426859725
	3426859726
	3426859727
	3426859728
	3426859729
	3426859730
	3426859731
	3426859732
	3426859733
	3426859734
	3426859735
	3426859736
	3426859737
	3426859738
	3426859739
	3426859740
	3426859741
	3426859742
	3426859743
	3426859744
	3426859745
	3426859746
	3426859747
	3426859748
	3426859749
	3426859750
	3426859751
	3426859752
	3426859753
	3426859754
	3426859755
	3426859756
	3426859757
	3426859758
	3426859759
	3426859760
	3426859761
	3426859762
	3426859763
	3426859764
	3426859765
	3426859766
	3426859767
	3426859768
	3426859769
	3426859770
	3426859771
	3426859772
	3426859773
	3426859774
	3426859775
	3426859776
	3426859777
	3426859778
	3426859779
	3426859780
	3426859781
	3426859782
	3426859783
	3426859784
	3426859785
	3426859786
	3426859787
	3426859788
	3426859789
	3426859790
	3426859791
	3426859792
	3426859793
	3426859794
	3426859795
	3426859796
	3426859797
	3426859798
	3426859799
	3426859800
	3426859801
	3426859802
	3426859803
	3426859804
	3426859805
	3426859806
	3426859807
	3426859808
	3426859809
	3426859810
	3426859811
	3426859812
	3426859813
	3426859814
	3426859815
	3426859816
	3426859817
	3426859818
	3426859819
	3426859820
	3426859821
	3426859822
	3426859823
	3426859824
	3426859825
	3426859826
	3426859827
	3426859828
	3426859829
	3426859830
	3426859831
	3426859832
	3426859833
	3426859834
	3426859835
	3426859836
	3426859837
	3426859838
	3426859839
	3426859840
	3426859841
	3426859842
	3426859843
	3426859844
	3426859845
	3426859846
	3426859847
	3426859848
	3426859849
	3426859850
	3426859851
	3426859852
	3426859853
	3426859854
	3426859855
	3426859856
	3426859857
	3426859858
	3426859859
	3426859860
	3426859861
	3426859862
	3426859863
	3426859864
	3426859865
	3426859866
	3426859867
	3426859868
	3426859869
	3426859870
	3426859871
	3426859872
	3426859873
	3426859874
	3426859875
	3426859876
	3426859877
	3426859878
	3426859879
	3426859880
	3426859881
	3426859882
	3426859883
	3426859884
	3426859885
	3426859886
	3426859887
	3426859888
	3426859889
	3426859890
	3426859891
	3426859892
	3426859893
	3426859894
	3426859895
	3426859896
	3426859897
	3426859898
	3426859899
	3426859900
	3426859901
	3426859902
	3426859903
	3426859904
	3426859905
	3426859906
	3426859907
	3426859908
	3426859909
	3426859910
	3426859911
	3426859912
	3426859913
	3426859914
	3426859915
	3426859916
	3426859917
	3426859918
	3426859919
	3426859920
	3426859921
	3426859922
	3426859923
	3426859924
	3426859925
	3426859926
	3426859927
	3426859928
	3426859929
	3426859930
	3426859931
	3426859932
	3426859933
	3426859934
	3426859935
	3426859936
	3426859937
	3426859938
	3426859939
	3426859940
	3426859941
	3426859942
	3426859943
	3426859944
	3426859945
	3426859946
	3426859947
	3426859948
	3426859949
	3426859950
	3426859951
	3426859952
	3426859953
	3426859954
	3426859955
	3426859956
	3426859957
	3426859958
	3426859959
	3426859960
	3426859961
	3426859962
	3426859963
	3426859964
	3426859965
	3426859966
	3426859967
	3426859968
	3426859969
	3426859970
	3426859971
	3426859972
	3426859973
	3426859974
	3426859975
	3426859976
	3426859977
	3426859978
	3426859979
	3426859980
	3426859981
	3426859982
	3426859983
	3426859984
	3426859985
	3426859986
	3426859987
	3426859988
	3426859989
	3426859990
	3426859991
	3426859992
	3426859993
	3426859994
	3426859995
	3426859996
	3426859997
	3426859998
	3426859999
	3426860000
	3426860001
	3426860002
	3426860003
	3426860004
	3426860005
	3426860006
	3426860007
	3426860008
	3426860009
	3426860010
	3426860011
	3426860012
	3426860013
	3426860014
	3426860015
	3426860016
	3426860017
	3426860018
	3426860019
	3426860020
	3426860021
	3426860022
	3426860023
	3426860024
	3426860025
	3426860026
	3426860027
	3426860028
	3426860029
	3426860030
	3426860031
	3426860032
	3426860033
	3426860034
	3426860035
	3426860036
	3426860037
	3426860038
	3426860039
	3426860040
	3426860041
	3426860042
	3426860043
	3426860044
	3426860045
	3426860046
	3426860047
	3426860048
	3426860049
	3426860050
	3426860051
	3426860052
	3426860053
	3426860054
	3426860055
	3426860056
	3426860057
	3426860058
	3426860059
	3426860060
	3426860061
	3426860062
	3426860063
	3426860064
	3426860065
	3426860066
	3426860067
	3426860068
	3426860069
	3426860070
	3426860071
	3426860072
	3426860073
	3426860074
	3426860075
	3426860076
	3426860077
	3426860078
	3426860079
	3426860080
	3426860081
	3426860082
	3426860083
	3426860084
	3426860085
	3426860086
	3426860087
	3426860088
	3426860089
	3426860090
	3426860091
	3426860092
	3426860093
	3426860094
	3426860095
	3426860096
	3426860097
	3426860098
	3426860099
	3426860100
	3426860101
	3426860102
	3426860103
	3426860104
	3426860105
	3426860106
	3426860107
	3426860108
	3426860109
	3426860110
	3426860111
	3426860112
	3426860113
	3426860114
	3426860115
	3426860116
	3426860117
	3426860118
	3426860119
	3426860120
	3426860121
	3426860122
	3426860123
	3426860124
	3426860125
	3426860126
	3426860127
	3426860128
	3426860129
	3426860130
	3426860131
	3426860132
	3426860133
	3426860134
	3426860135
	3426860136
	3426860137
	3426860138
	3426860139
	3426860140
	3426860141
	3426860142
	3426860143
	3426860144
	3426860145
	3426860146
	3426860147
	3426860148
	3426860149
	3426860150
	3426860151
	3426860152
	3426860153
	3426860154
	3426860155
	3426860156
	3426860157
	3426860158
	3426860159
	3426860160
	3426860161
	3426860162
	3426860163
	3426860164
	3426860165
	3426860166
	3426860167
	3426860168
	3426860169
	3426860170
	3426860171
	3426860172
	3426860173
	3426860174
	3426860175
	3426860176
	3426860177
	3426860178
	3426860179
	3426860180
	3426860181
	3426860182
	3426860183
	3426860184
	3426860185
	3426860186
	3426860187
	3426860188
	3426860189
	3426860190
	3426860191
	3426860192
	3426860193
	3426860194
	3426860195
	3426860196
	3426860197
	3426860198
	3426860199
	3426860200
	3426860201
	3426860202
	3426860203
	3426860204
	3426860205
	3426860206
	3426860207
	3426860208
	3426860209
	3426860210
	3426860211
	3426860212
	3426860213
	3426860214
	3426860215
	3426860216
	3426860217
	3426860218
	3426860219
	3426860220
	3426860221
	3426860222
	3426860223
	3426860224
	3426860225
	3426860226
	3426860227
	3426860228
	3426860229
	3426860230
	3426860231
	3426860232
	3426860233
	3426860234
	3426860235
	3426860236
	3426860237
	3426860238
	3426860239
	3426860240
	3426860241
	3426860242
	3426860243
	3426860244
	3426860245
	3426860246
	3426860247
	3426860248
	3426860249
	3426860250
	3426860251
	3426860252
	3426860253
	3426860254
	3426860255
	3426860256
	3426860257
	3426860258
	3426860259
	3426860260
	3426860261
	3426860262
	3426860263
	3426860264
	3426860265
	3426860266
	3426860267
	3426860268
	3426860269
	3426860270
	3426860271
	3426860272
	3426860273
	3426860274
	3426860275
	3426860276
	3426860277
	3426860278
	3426860279
	3426860280
	3426860281
	3426860282
	3426860283
	3426860284
	3426860285
	3426860286
	3426860287
	3426860288
	3426860289
	3426860290
	3426860291
	3426860292
	3426860293
	3426860294
	3426860295
	3426860296
	3426860297
	3426860298
	3426860299
	3426860300
	3426860301
	3426860302
	3426860303
	3426860304
	3426860305
	3426860306
	3426860307
	3426860308
	3426860309
	3426860310
	3426860311
	3426860312
	3426860313
	3426860314
	3426860315
	3426860316
	3426860317
	3426860318
	3426860319
	3426860320
	3426860321
	3426860322
	3426860323
	3426860324
	3426860325
	3426860326
	3426860327
	3426860328
	3426860329
	3426860330
	3426860331
	3426860332
	3426860333
	3426860334
	3426860335
	3426860336
	3426860337
	3426860338
	3426860339
	3426860340
	3426860341
	3426860342
	3426860343
	3426860344
	3426860345
	3426860346
	3426860347
	3426860348
	3426860349
	3426860350
	3426860351
	3426860352
	3426860353
	3426860354
	3426860355
	3426860356
	3426860357
	3426860358
	3426860359
	3426860360
	3426860361
	3426860362
	3426860363
	3426860364
	3426860365
	3426860366
	3426860367
	3426860368
	3426860369
	3426860370
	3426860371
	3426860372
	3426860373
	3426860374
	3426860375
	3426860376
	3426860377
	3426860378
	3426860379
	3426860380
	3426860381
	3426860382
	3426860383
	3426860384
	3426860385
	3426860386
	3426860387
	3426860388
	3426860389
	3426860390
	3426860391
	3426860392
	3426860393
	3426860394
	3426860395
	3426860396
	3426860397
	3426860398
	3426860399
	3426860400
	3426860401
	3426860402
	3426860403
	3426860404
	3426860405
	3426860406
	3426860407
	3426860408
	3426860409
	3426860410
	3426860411
	3426860412
	3426860413
	3426860414
	3426860415
	3426860416
	3426860417
	3426860418
	3426860419
	3426860420
	3426860421
	3426860422
	3426860423
	3426860424
	3426860425
	3426860426
	3426860427
	3426860428
	3426860429
	3426860430
	3426860431
	3426860432
	3426860433
	3426860434
	3426860435
	3426860436
	3426860437
	3426860438
	3426860439
	3426860440
	3426860441
	3426860442
	3426860443
	3426860444
	3426860445
	3426860446
	3426860447
	3426860448
	3426860449
	3426860450
	3426860451
	3426860452
	3426860453
	3426860454
	3426860455
	3426860456
	3426860457
	3426860458
	3426860459
	3426860460
	3426860461
	3426860462
	3426860463
	3426860464
	3426860465
	3426860466
	3426860467
	3426860468
	3426860469
	3426860470
	3426860471
	3426860472
	3426860473
	3426860474
	3426860475
	3426860476
	3426860477
	3426860478
	3426860479
	3426860480
	3426860481
	3426860482
	3426860483
	3426860484
	3426860485
	3426860486
	3426860487
	3426860488
	3426860489
	3426860490
	3426860491
	3426860492
	3426860493
	3426860494
	3426860495
	3426860496
	3426860497
	3426860498
	3426860499
	3426860500
	3426860501
	3426860502
	3426860503
	3426860504
	3426860505
	3426860506
	3426860507
	3426860508
	3426860509
	3426860510
	3426860511
	3426860512
	3426860513
	3426860514
	3426860515
	3426860516
	3426860517
	3426860518
	3426860519
	3426860520
	3426860521
	3426860522
	3426860523
	3426860524
	3426860525
	3426860526
	3426860527
	3426860528
	3426860529
	3426860530
	3426860531
	3426860532
	3426860533
	3426860534
	3426860535
	3426860536
	3426860537
	3426860538
	3426860539
	3426860540
	3426860541
	3426860542
	3426860543
	3426860544
	3426860545
	3426860546
	3426860547
	3426860548
	3426860549
	3426860550
	3426860551
	3426860552
	3426860553
	3426860554
	3426860555
	3426860556
	3426860557
	3426860558
	3426860559
	3426860560
	3426860561
	3426860562
	3426860563
	3426860564
	3426860565
	3426860566
	3426860567
	3426860568
	3426860569
	3426860570
	3426860571
	3426860572
	3426860573
	3426860574
	3426860575
	3426860576
	3426860577
	3426860578
	3426860579
	3426860580
	3426860581
	3426860582
	3426860583
	3426860584
	3426860585
	3426860586
	3426860587
	3426860588
	3426860589
	3426860590
	3426860591
	3426860592
	3426860593
	3426860594
	3426860595
	3426860596
	3426860597
	3426860598
	3426860599
	3426860600
	3426860601
	3426860602
	3426860603
	3426860604
	3426860605
	3426860606
	3426860607
	3426860608
	3426860609
	3426860610
	3426860611
	3426860612
	3426860613
	3426860614
	3426860615
	3426860616
	3426860617
	3426860618
	3426860619
	3426860620
	3426860621
	3426860622
	3426860623
	3426860624
	3426860625
	3426860626
	3426860627
	3426860628
	3426860629
	3426860630
	3426860631
	3426860632
	3426860633
	3426860634
	3426860635
	3426860636
	3426860637
	3426860638
	3426860639
	3426860640
	3426860641
	3426860642
	3426860643
	3426860644
	3426860645
	3426860646
	3426860647
	3426860648
	3426860649
	3426860650
	3426860651
	3426860652
	3426860653
	3426860654
	3426860655
	3426860656
	3426860657
	3426860658
	3426860659
	3426860660
	3426860661
	3426860662
	3426860663
	3426860664
	3426860665
	3426860666
	3426860667
	3426860668
	3426860669
	3426860670
	3426860671
	3426860672
	3426860673
	3426860674
	3426860675
	3426860676
	3426860677
	3426860678
	3426860679
	3426860680
	3426860681
	3426860682
	3426860683
	3426860684
	3426860685
	3426860686
	3426860687
	3426860688
	3426860689
	3426860690
	3426860691
	3426860692
	3426860693
	3426860694
	3426860695
	3426860696
	3426860697
	3426860698
	3426860699
	3426860700
	3426860701
	3426860702
	3426860703
	3426860704
	3426860705
	3426860706
	3426860707
	3426860708
	3426860709
	3426860710
	3426860711
	3426860712
	3426860713
	3426860714
	3426860715
	3426860716
	3426860717
	3426860718
	3426860719
	3426860720
	3426860721
	3426860722
	3426860723
	3426860724
	3426860725
	3426860726
	3426860727
	3426860728
	3426860729
	3426860730
	3426860731
	3426860732
	3426860733
	3426860734
	3426860735
	3426860736
	3426860737
	3426860738
	3426860739
	3426860740
	3426860741
	3426860742
	3426860743
	3426860744
	3426860745
	3426860746
	3426860747
	3426860748
	3426860749
	3426860750
	3426860751
	3426860752
	3426860753
	3426860754
	3426860755
	3426860756
	3426860757
	3426860758
	3426860759
	3426860760
	3426860761
	3426860762
	3426860763
	3426860764
	3426860765
	3426860766
	3426860767
	3426860768
	3426860769
	3426860770
	3426860771
	3426860772
	3426860773
	3426860774
	3426860775
	3426860776
	3426860777
	3426860778
	3426860779
	3426860780
	3426860781
	3426860782
	3426860783
	3426860784
	3426860785
	3426860786
	3426860787
	3426860788
	3426860789
	3426860790
	3426860791
	3426860792
	3426860793
	3426860794
	3426860795
	3426860796
	3426860797
	3426860798
	3426860799
	3426860800
	3426860801
	3426860802
	3426860803
	3426860804
	3426860805
	3426860806
	3426860807
	3426860808
	3426860809
	3426860810
	3426860811
	3426860812
	3426860813
	3426860814
	3426860815
	3426860816
	3426860817
	3426860818
	3426860819
	3426860820
	3426860821
	3426860822
	3426860823
	3426860824
	3426860825
	3426860826
	3426860827
	3426860828
	3426860829
	3426860830
	3426860831
	3426860832
	3426860833
	3426860834
	3426860835
	3426860836
	3426860837
	3426860838
	3426860839
	3426860840
	3426860841
	3426860842
	3426860843
	3426860844
	3426860845
	3426860846
	3426860847
	3426860848
	3426860849
	3426860850
	3426860851
	3426860852
	3426860853
	3426860854
	3426860855
	3426860856
	3426860857
	3426860858
	3426860859
	3426860860
	3426860861
	3426860862
	3426860863
	3426860864
	3426860865
	3426860866
	3426860867
	3426860868
	3426860869
	3426860870
	3426860871
	3426860872
	3426860873
	3426860874
	3426860875
	3426860876
	3426860877
	3426860878
	3426860879
	3426860880
	3426860881
	3426860882
	3426860883
	3426860884
	3426860885
	3426860886
	3426860887
	3426860888
	3426860889
	3426860890
	3426860891
	3426860892
	3426860893
	3426860894
	3426860895
	3426860896
	3426860897
	3426860898
	3426860899
	3426860900
	3426860901
	3426860902
	3426860903
	3426860904
	3426860905
	3426860906
	3426860907
	3426860908
	3426860909
	3426860910
	3426860911
	3426860912
	3426860913
	3426860914
	3426860915
	3426860916
	3426860917
	3426860918
	3426860919
	3426860920
	3426860921
	3426860922
	3426860923
	3426860924
	3426860925
	3426860926
	3426860927
	3426860928
	3426860929
	3426860930
	3426860931
	3426860932
	3426860933
	3426860934
	3426860935
	3426860936
	3426860937
	3426860938
	3426860939
	3426860940
	3426860941
	3426860942
	3426860943
	3426860944
	3426860945
	3426860946
	3426860947
	3426860948
	3426860949
	3426860950
	3426860951
	3426860952
	3426860953
	3426860954
	3426860955
	3426860956
	3426860957
	3426860958
	3426860959
	3426860960
	3426860961
	3426860962
	3426860963
	3426860964
	3426860965
	3426860966
	3426860967
	3426860968
	3426860969
	3426860970
	3426860971
	3426860972
	3426860973
	3426860974
	3426860975
	3426860976
	3426860977
	3426860978
	3426860979
	3426860980
	3426860981
	3426860982
	3426860983
	3426860984
	3426860985
	3426860986
	3426860987
	3426860988
	3426860989
	3426860990
	3426860991
	3426860992
	3426860993
	3426860994
	3426860995
	3426860996
	3426860997
	3426860998
	3426860999
	3426861000
	3426861001
	3426861002
	3426861003
	3426861004
	3426861005
	3426861006
	3426861007
	3426861008
	3426861009
	3426861010
	3426861011
	3426861012
	3426861013
	3426861014
	3426861015
	3426861016
	3426861017
	3426861018
	3426861019
	3426861020
	3426861021
	3426861022
	3426861023
	3426861024
	3426861025
	3426861026
	3426861027
	3426861028
	3426861029
	3426861030
	3426861031
	3426861032
	3426861033
	3426861034
	3426861035
	3426861036
	3426861037
	3426861038
	3426861039
	3426861040
	3426861041
	3426861042
	3426861043
	3426861044
	3426861045
	3426861046
	3426861047
	3426861048
	3426861049
	3426861050
	3426861051
	3426861052
	3426861053
	3426861054
	3426861055
	3426861056
	3426861057
	3426861058
	3426861059
	3426861060
	3426861061
	3426861062
	3426861063
	3426861064
	3426861065
	3426861066
	3426861067
	3426861068
	3426861069
	3426861070
	3426861071
	3426861072
	3426861073
	3426861074
	3426861075
	3426861076
	3426861077
	3426861078
	3426861079
	3426861080
	3426861081
	3426861082
	3426861083
	3426861084
	3426861085
	3426861086
	3426861087
	3426861088
	3426861089
	3426861090
	3426861091
	3426861092
	3426861093
	3426861094
	3426861095
	3426861096
	3426861097
	3426861098
	3426861099
	3426861100
	3426861101
	3426861102
	3426861103
	3426861104
	3426861105
	3426861106
	3426861107
	3426861108
	3426861109
	3426861110
	3426861111
	3426861112
	3426861113
	3426861114
	3426861115
	3426861116
	3426861117
	3426861118
	3426861119
	3426861120
	3426861121
	3426861122
	3426861123
	3426861124
	3426861125
	3426861126
	3426861127
	3426861128
	3426861129
	3426861130
	3426861131
	3426861132
	3426861133
	3426861134
	3426861135
	3426861136
	3426861137
	3426861138
	3426861139
	3426861140
	3426861141
	3426861142
	3426861143
	3426861144
	3426861145
	3426861146
	3426861147
	3426861148
	3426861149
	3426861150
	3426861151
	3426861152
	3426861153
	3426861154
	3426861155
	3426861156
	3426861157
	3426861158
	3426861159
	3426861160
	3426861161
	3426861162
	3426861163
	3426861164
	3426861165
	3426861166
	3426861167
	3426861168
	3426861169
	3426861170
	3426861171
	3426861172
	3426861173
	3426861174
	3426861175
	3426861176
	3426861177
	3426861178
	3426861179
	3426861180
	3426861181
	3426861182
	3426861183
	3426861184
	3426861185
	3426861186
	3426861187
	3426861188
	3426861189
	3426861190
	3426861191
	3426861192
	3426861193
	3426861194
	3426861195
	3426861196
	3426861197
	3426861198
	3426861199
	3426861200
	3426861201
	3426861202
	3426861203
	3426861204
	3426861205
	3426861206
	3426861207
	3426861208
	3426861209
	3426861210
	3426861211
	3426861212
	3426861213
	3426861214
	3426861215
	3426861216
	3426861217
	3426861218
	3426861219
	3426861220
	3426861221
	3426861222
	3426861223
	3426861224
	3426861225
	3426861226
	3426861227
	3426861228
	3426861229
	3426861230
	3426861231
	3426861232
	3426861233
	3426861234
	3426861235
	3426861236
	3426861237
	3426861238
	3426861239
	3426861240
	3426861241
	3426861242
	3426861243
	3426861244
	3426861245
	3426861246
	3426861247
	3426861248
	3426861249
	3426861250
	3426861251
	3426861252
	3426861253
	3426861254
	3426861255
	3426861256
	3426861257
	3426861258
	3426861259
	3426861260
	3426861261
	3426861262
	3426861263
	3426861264
	3426861265
	3426861266
	3426861267
	3426861268
	3426861269
	3426861270
	3426861271
	3426861272
	3426861273
	3426861274
	3426861275
	3426861276
	3426861277
	3426861278
	3426861279
	3426861280
	3426861281
	3426861282
	3426861283
	3426861284
	3426861285
	3426861286
	3426861287
	3426861288
	3426861289
	3426861290
	3426861291
	3426861292
	3426861293
	3426861294
	3426861295
	3426861296
	3426861297
	3426861298
	3426861299
	3426861300
	3426861301
	3426861302
	3426861303
	3426861304
	3426861305
	3426861306
	3426861307
	3426861308
	3426861309
	3426861310
	3426861311
	3426861312
	3426861313
	3426861314
	3426861315
	3426861316
	3426861317
	3426861318
	3426861319
	3426861320
	3426861321
	3426861322
	3426861323
	3426861324
	3426861325
	3426861326
	3426861327
	3426861328
	3426861329
	3426861330
	3426861331
	3426861332
	3426861333
	3426861334
	3426861335
	3426861336
	3426861337
	3426861338
	3426861339
	3426861340
	3426861341
	3426861342
	3426861343
	3426861344
	3426861345
	3426861346
	3426861347
	3426861348
	3426861349
	3426861350
	3426861351
	3426861352
	3426861353
	3426861354
	3426861355
	3426861356
	3426861357
	3426861358
	3426861359
	3426861360
	3426861361
	3426861362
	3426861363
	3426861364
	3426861365
	3426861366
	3426861367
	3426861368
	3426861369
	3426861370
	3426861371
	3426861372
	3426861373
	3426861374
	3426861375
	3426861376
	3426861377
	3426861378
	3426861379
	3426861380
	3426861381
	3426861382
	3426861383
	3426861384
	3426861385
	3426861386
	3426861387
	3426861388
	3426861389
	3426861390
	3426861391
	3426861392
	3426861393
	3426861394
	3426861395
	3426861396
	3426861397
	3426861398
	3426861399
	3426861400
	3426861401
	3426861402
	3426861403
	3426861404
	3426861405
	3426861406
	3426861407
	3426861408
	3426861409
	3426861410
	3426861411
	3426861412
	3426861413
	3426861414
	3426861415
	3426861416
	3426861417
	3426861418
	3426861419
	3426861420
	3426861421
	3426861422
	3426861423
	3426861424
	3426861425
	3426861426
	3426861427
	3426861428
	3426861429
	3426861430
	3426861431
	3426861432
	3426861433
	3426861434
	3426861435
	3426861436
	3426861437
	3426861438
	3426861439
	3426861440
	3426861441
	3426861442
	3426861443
	3426861444
	3426861445
	3426861446
	3426861447
	3426861448
	3426861449
	3426861450
	3426861451
	3426861452
	3426861453
	3426861454
	3426861455
	3426861456
	3426861457
	3426861458
	3426861459
	3426861460
	3426861461
	3426861462
	3426861463
	3426861464
	3426861465
	3426861466
	3426861467
	3426861468
	3426861469
	3426861470
	3426861471
	3426861472
	3426861473
	3426861474
	3426861475
	3426861476
	3426861477
	3426861478
	3426861479
	3426861480
	3426861481
	3426861482
	3426861483
	3426861484
	3426861485
	3426861486
	3426861487
	3426861488
	3426861489
	3426861490
	3426861491
	3426861492
	3426861493
	3426861494
	3426861495
	3426861496
	3426861497
	3426861498
	3426861499
	3426861500
	3426861501
	3426861502
	3426861503
	3426861504
	3426861505
	3426861506
	3426861507
	3426861508
	3426861509
	3426861510
	3426861511
	3426861512
	3426861513
	3426861514
	3426861515
	3426861516
	3426861517
	3426861518
	3426861519
	3426861520
	3426861521
	3426861522
	3426861523
	3426861524
	3426861525
	3426861526
	3426861527
	3426861528
	3426861529
	3426861530
	3426861531
	3426861532
	3426861533
	3426861534
	3426861535
	3426861536
	3426861537
	3426861538
	3426861539
	3426861540
	3426861541
	3426861542
	3426861543
	3426861544
	3426861545
	3426861546
	3426861547
	3426861548
	3426861549
	3426861550
	3426861551
	3426861552
	3426861553
	3426861554
	3426861555
	3426861556
	3426861557
	3426861558
	3426861559
	3426861560
	3426861561
	3426861562
	3426861563
	3426861564
	3426861565
	3426861566
	3426861567
	3426861568
	3426861569
	3426861570
	3426861571
	3426861572
	3426861573
	3426861574
	3426861575
	3426861576
	3426861577
	3426861578
	3426861579
	3426861580
	3426861581
	3426861582
	3426861583
	3426861584
	3426861585
	3426861586
	3426861587
	3426861588
	3426861589
	3426861590
	3426861591
	3426861592
	3426861593
	3426861594
	3426861595
	3426861596
	3426861597
	3426861598
	3426861599
	3426861600
	3426861601
	3426861602
	3426861603
	3426861604
	3426861605
	3426861606
	3426861607
	3426861608
	3426861609
	3426861610
	3426861611
	3426861612
	3426861613
	3426861614
	3426861615
	3426861616
	3426861617
	3426861618
	3426861619
	3426861620
	3426861621
	3426861622
	3426861623
	3426861624
	3426861625
	3426861626
	3426861627
	3426861628
	3426861629
	3426861630
	3426861631
	3426861632
	3426861633
	3426861634
	3426861635
	3426861636
	3426861637
	3426861638
	3426861639
	3426861640
	3426861641
	3426861642
	3426861643
	3426861644
	3426861645
	3426861646
	3426861647
	3426861648
	3426861649
	3426861650
	3426861651
	3426861652
	3426861653
	3426861654
	3426861655
	3426861656
	3426861657
	3426861658
	3426861659
	3426861660
	3426861661
	3426861662
	3426861663
	3426861664
	3426861665
	3426861666
	3426861667
	3426861668
	3426861669
	3426861670
	3426861671
	3426861672
	3426861673
	3426861674
	3426861675
	3426861676
	3426861677
	3426861678
	3426861679
	3426861680
	3426861681
	3426861682
	3426861683
	3426861684
	3426861685
	3426861686
	3426861687
	3426861688
	3426861689
	3426861690
	3426861691
	3426861692
	3426861693
	3426861694
	3426861695
	3426861696
	3426861697
	3426861698
	3426861699
	3426861700
	3426861701
	3426861702
	3426861703
	3426861704
	3426861705
	3426861706
	3426861707
	3426861708
	3426861709
	3426861710
	3426861711
	3426861712
	3426861713
	3426861714
	3426861715
	3426861716
	3426861717
	3426861718
	3426861719
	3426861720
	3426861721
	3426861722
	3426861723
	3426861724
	3426861725
	3426861726
	3426861727
	3426861728
	3426861729
	3426861730
	3426861731
	3426861732
	3426861733
	3426861734
	3426861735
	3426861736
	3426861737
	3426861738
	3426861739
	3426861740
	3426861741
	3426861742
	3426861743
	3426861744
	3426861745
	3426861746
	3426861747
	3426861748
	3426861749
	3426861750
	3426861751
	3426861752
	3426861753
	3426861754
	3426861755
	3426861756
	3426861757
	3426861758
	3426861759
	3426861760
	3426861761
	3426861762
	3426861763
	3426861764
	3426861765
	3426861766
	3426861767
	3426861768
	3426861769
	3426861770
	3426861771
	3426861772
	3426861773
	3426861774
	3426861775
	3426861776
	3426861777
	3426861778
	3426861779
	3426861780
	3426861781
	3426861782
	3426861783
	3426861784
	3426861785
	3426861786
	3426861787
	3426861788
	3426861789
	3426861790
	3426861791
	3426861792
	3426861793
	3426861794
	3426861795
	3426861796
	3426861797
	3426861798
	3426861799
	3426861800
	3426861801
	3426861802
	3426861803
	3426861804
	3426861805
	3426861806
	3426861807
	3426861808
	3426861809
	3426861810
	3426861811
	3426861812
	3426861813
	3426861814
	3426861815
	3426861816
	3426861817
	3426861818
	3426861819
	3426861820
	3426861821
	3426861822
	3426861823
	3426861824
	3426861825
	3426861826
	3426861827
	3426861828
	3426861829
	3426861830
	3426861831
	3426861832
	3426861833
	3426861834
	3426861835
	3426861836
	3426861837
	3426861838
	3426861839
	3426861840
	3426861841
	3426861842
	3426861843
	3426861844
	3426861845
	3426861846
	3426861847
	3426861848
	3426861849
	3426861850
	3426861851
	3426861852
	3426861853
	3426861854
	3426861855
	3426861856
	3426861857
	3426861858
	3426861859
	3426861860
	3426861861
	3426861862
	3426861863
	3426861864
	3426861865
	3426861866
	3426861867
	3426861868
	3426861869
	3426861870
	3426861871
	3426861872
	3426861873
	3426861874
	3426861875
	3426861876
	3426861877
	3426861878
	3426861879
	3426861880
	3426861881
	3426861882
	3426861883
	3426861884
	3426861885
	3426861886
	3426861887
	3426861888
	3426861889
	3426861890
	3426861891
	3426861892
	3426861893
	3426861894
	3426861895
	3426861896
	3426861897
	3426861898
	3426861899
	3426861900
	3426861901
	3426861902
	3426861903
	3426861904
	3426861905
	3426861906
	3426861907
	3426861908
	3426861909
	3426861910
	3426861911
	3426861912
	3426861913
	3426861914
	3426861915
	3426861916
	3426861917
	3426861918
	3426861919
	3426861920
	3426861921
	3426861922
	3426861923
	3426861924
	3426861925
	3426861926
	3426861927
	3426861928
	3426861929
	3426861930
	3426861931
	3426861932
	3426861933
	3426861934
	3426861935
	3426861936
	3426861937
	3426861938
	3426861939
	3426861940
	3426861941
	3426861942
	3426861943
	3426861944
	3426861945
	3426861946
	3426861947
	3426861948
	3426861949
	3426861950
	3426861951
	3426861952
	3426861953
	3426861954
	3426861955
	3426861956
	3426861957
	3426861958
	3426861959
	3426861960
	3426861961
	3426861962
	3426861963
	3426861964
	3426861965
	3426861966
	3426861967
	3426861968
	3426861969
	3426861970
	3426861971
	3426861972
	3426861973
	3426861974
	3426861975
	3426861976
	3426861977
	3426861978
	3426861979
	3426861980
	3426861981
	3426861982
	3426861983
	3426861984
	3426861985
	3426861986
	3426861987
	3426861988
	3426861989
	3426861990
	3426861991
	3426861992
	3426861993
	3426861994
	3426861995
	3426861996
	3426861997
	3426861998
	3426861999
	3426862000
	3426862001
	3426862002
	3426862003
	3426862004
	3426862005
	3426862006
	3426862007
	3426862008
	3426862009
	3426862010
	3426862011
	3426862012
	3426862013
	3426862014
	3426862015
	3426862016
	3426862017
	3426862018
	3426862019
	3426862020
	3426862021
	3426862022
	3426862023
	3426862024
	3426862025
	3426862026
	3426862027
	3426862028
	3426862029
	3426862030
	3426862031
	3426862032
	3426862033
	3426862034
	3426862035
	3426862036
	3426862037
	3426862038
	3426862039
	3426862040
	3426862041
	3426862042
	3426862043
	3426862044
	3426862045
	3426862046
	3426862047
	3426862048
	3426862049
	3426862050
	3426862051
	3426862052
	3426862053
	3426862054
	3426862055
	3426862056
	3426862057
	3426862058
	3426862059
	3426862060
	3426862061
	3426862062
	3426862063
	3426862064
	3426862065
	3426862066
	3426862067
	3426862068
	3426862069
	3426862070
	3426862071
	3426862072
	3426862073
	3426862074
	3426862075
	3426862076
	3426862077
	3426862078
	3426862079
	3426862080
	3426862081
	3426862082
	3426862083
	3426862084
	3426862085
	3426862086
	3426862087
	3426862088
	3426862089
	3426862090
	3426862091
	3426862092
	3426862093
	3426862094
	3426862095
	3426862096
	3426862097
	3426862098
	3426862099
	3426862100
	3426862101
	3426862102
	3426862103
	3426862104
	3426862105
	3426862106
	3426862107
	3426862108
	3426862109
	3426862110
	3426862111
	3426862112
	3426862113
	3426862114
	3426862115
	3426862116
	3426862117
	3426862118
	3426862119
	3426862120
	3426862121
	3426862122
	3426862123
	3426862124
	3426862125
	3426862126
	3426862127
	3426862128
	3426862129
	3426862130
	3426862131
	3426862132
	3426862133
	3426862134
	3426862135
	3426862136
	3426862137
	3426862138
	3426862139
	3426862140
	3426862141
	3426862142
	3426862143
	3426862144
	3426862145
	3426862146
	3426862147
	3426862148
	3426862149
	3426862150
	3426862151
	3426862152
	3426862153
	3426862154
	3426862155
	3426862156
	3426862157
	3426862158
	3426862159
	3426862160
	3426862161
	3426862162
	3426862163
	3426862164
	3426862165
	3426862166
	3426862167
	3426862168
	3426862169
	3426862170
	3426862171
	3426862172
	3426862173
	3426862174
	3426862175
	3426862176
	3426862177
	3426862178
	3426862179
	3426862180
	3426862181
	3426862182
	3426862183
	3426862184
	3426862185
	3426862186
	3426862187
	3426862188
	3426862189
	3426862190
	3426862191
	3426862192
	3426862193
	3426862194
	3426862195
	3426862196
	3426862197
	3426862198
	3426862199
	3426862200
	3426862201
	3426862202
	3426862203
	3426862204
	3426862205
	3426862206
	3426862207
	3426862208
	3426862209
	3426862210
	3426862211
	3426862212
	3426862213
	3426862214
	3426862215
	3426862216
	3426862217
	3426862218
	3426862219
	3426862220
	3426862221
	3426862222
	3426862223
	3426862224
	3426862225
	3426862226
	3426862227
	3426862228
	3426862229
	3426862230
	3426862231
	3426862232
	3426862233
	3426862234
	3426862235
	3426862236
	3426862237
	3426862238
	3426862239
	3426862240
	3426862241
	3426862242
	3426862243
	3426862244
	3426862245
	3426862246
	3426862247
	3426862248
	3426862249
	3426862250
	3426862251
	3426862252
	3426862253
	3426862254
	3426862255
	3426862256
	3426862257
	3426862258
	3426862259
	3426862260
	3426862261
	3426862262
	3426862263
	3426862264
	3426862265
	3426862266
	3426862267
	3426862268
	3426862269
	3426862270
	3426862271
	3426862272
	3426862273
	3426862274
	3426862275
	3426862276
	3426862277
	3426862278
	3426862279
	3426862280
	3426862281
	3426862282
	3426862283
	3426862284
	3426862285
	3426862286
	3426862287
	3426862288
	3426862289
	3426862290
	3426862291
	3426862292
	3426862293
	3426862294
	3426862295
	3426862296
	3426862297
	3426862298
	3426862299
	3426862300
	3426862301
	3426862302
	3426862303
	3426862304
	3426862305
	3426862306
	3426862307
	3426862308
	3426862309
	3426862310
	3426862311
	3426862312
	3426862313
	3426862314
	3426862315
	3426862316
	3426862317
	3426862318
	3426862319
	3426862320
	3426862321
	3426862322
	3426862323
	3426862324
	3426862325
	3426862326
	3426862327
	3426862328
	3426862329
	3426862330
	3426862331
	3426862332
	3426862333
	3426862334
	3426862335
	3426862336
	3426862337
	3426862338
	3426862339
	3426862340
	3426862341
	3426862342
	3426862343
	3426862344
	3426862345
	3426862346
	3426862347
	3426862348
	3426862349
	3426862350
	3426862351
	3426862352
	3426862353
	3426862354
	3426862355
	3426862356
	3426862357
	3426862358
	3426862359
	3426862360
	3426862361
	3426862362
	3426862363
	3426862364
	3426862365
	3426862366
	3426862367
	3426862368
	3426862369
	3426862370
	3426862371
	3426862372
	3426862373
	3426862374
	3426862375
	3426862376
	3426862377
	3426862378
	3426862379
	3426862380
	3426862381
	3426862382
	3426862383
	3426862384
	3426862385
	3426862386
	3426862387
	3426862388
	3426862389
	3426862390
	3426862391
	3426862392
	3426862393
	3426862394
	3426862395
	3426862396
	3426862397
	3426862398
	3426862399
	3426862400
	3426862401
	3426862402
	3426862403
	3426862404
	3426862405
	3426862406
	3426862407
	3426862408
	3426862409
	3426862410
	3426862411
	3426862412
	3426862413
	3426862414
	3426862415
	3426862416
	3426862417
	3426862418
	3426862419
	3426862420
	3426862421
	3426862422
	3426862423
	3426862424
	3426862425
	3426862426
	3426862427
	3426862428
	3426862429
	3426862430
	3426862431
	3426862432
	3426862433
	3426862434
	3426862435
	3426862436
	3426862437
	3426862438
	3426862439
	3426862440
	3426862441
	3426862442
	3426862443
	3426862444
	3426862445
	3426862446
	3426862447
	3426862448
	3426862449
	3426862450
	3426862451
	3426862452
	3426862453
	3426862454
	3426862455
	3426862456
	3426862457
	3426862458
	3426862459
	3426862460
	3426862461
	3426862462
	3426862463
	3426862464
	3426862465
	3426862466
	3426862467
	3426862468
	3426862469
	3426862470
	3426862471
	3426862472
	3426862473
	3426862474
	3426862475
	3426862476
	3426862477
	3426862478
	3426862479
	3426862480
	3426862481
	3426862482
	3426862483
	3426862484
	3426862485
	3426862486
	3426862487
	3426862488
	3426862489
	3426862490
	3426862491
	3426862492
	3426862493
	3426862494
	3426862495
	3426862496
	3426862497
	3426862498
	3426862499
	3426862500
	3426862501
	3426862502
	3426862503
	3426862504
	3426862505
	3426862506
	3426862507
	3426862508
	3426862509
	3426862510
	3426862511
	3426862512
	3426862513
	3426862514
	3426862515
	3426862516
	3426862517
	3426862518
	3426862519
	3426862520
	3426862521
	3426862522
	3426862523
	3426862524
	3426862525
	3426862526
	3426862527
	3426862528
	3426862529
	3426862530
	3426862531
	3426862532
	3426862533
	3426862534
	3426862535
	3426862536
	3426862537
	3426862538
	3426862539
	3426862540
	3426862541
	3426862542
	3426862543
	3426862544
	3426862545
	3426862546
	3426862547
	3426862548
	3426862549
	3426862550
	3426862551
	3426862552
	3426862553
	3426862554
	3426862555
	3426862556
	3426862557
	3426862558
	3426862559
	3426862560
	3426862561
	3426862562
	3426862563
	3426862564
	3426862565
	3426862566
	3426862567
	3426862568
	3426862569
	3426862570
	3426862571
	3426862572
	3426862573
	3426862574
	3426862575
	3426862576
	3426862577
	3426862578
	3426862579
	3426862580
	3426862581
	3426862582
	3426862583
	3426862584
	3426862585
	3426862586
	3426862587
	3426862588
	3426862589
	3426862590
	3426862591
	3426862592
	3426862593
	3426862594
	3426862595
	3426862596
	3426862597
	3426862598
	3426862599
	3426862600
	3426862601
	3426862602
	3426862603
	3426862604
	3426862605
	3426862606
	3426862607
	3426862608
	3426862609
	3426862610
	3426862611
	3426862612
	3426862613
	3426862614
	3426862615
	3426862616
	3426862617
	3426862618
	3426862619
	3426862620
	3426862621
	3426862622
	3426862623
	3426862624
	3426862625
	3426862626
	3426862627
	3426862628
	3426862629
	3426862630
	3426862631
	3426862632
	3426862633
	3426862634
	3426862635
	3426862636
	3426862637
	3426862638
	3426862639
	3426862640
	3426862641
	3426862642
	3426862643
	3426862644
	3426862645
	3426862646
	3426862647
	3426862648
	3426862649
	3426862650
	3426862651
	3426862652
	3426862653
	3426862654
	3426862655
	3426862656
	3426862657
	3426862658
	3426862659
	3426862660
	3426862661
	3426862662
	3426862663
	3426862664
	3426862665
	3426862666
	3426862667
	3426862668
	3426862669
	3426862670
	3426862671
	3426862672
	3426862673
	3426862674
	3426862675
	3426862676
	3426862677
	3426862678
	3426862679
	3426862680
	3426862681
	3426862682
	3426862683
	3426862684
	3426862685
	3426862686
	3426862687
	3426862688
	3426862689
	3426862690
	3426862691
	3426862692
	3426862693
	3426862694
	3426862695
	3426862696
	3426862697
	3426862698
	3426862699
	3426862700
	3426862701
	3426862702
	3426862703
	3426862704
	3426862705
	3426862706
	3426862707
	3426862708
	3426862709
	3426862710
	3426862711
	3426862712
	3426862713
	3426862714
	3426862715
	3426862716
	3426862717
	3426862718
	3426862719
	3426862720
	3426862721
	3426862722
	3426862723
	3426862724
	3426862725
	3426862726
	3426862727
	3426862728
	3426862729
	3426862730
	3426862731
	3426862732
	3426862733
	3426862734
	3426862735
	3426862736
	3426862737
	3426862738
	3426862739
	3426862740
	3426862741
	3426862742
	3426862743
	3426862744
	3426862745
	3426862746
	3426862747
	3426862748
	3426862749
	3426862750
	3426862751
	3426862752
	3426862753
	3426862754
	3426862755
	3426862756
	3426862757
	3426862758
	3426862759
	3426862760
	3426862761
	3426862762
	3426862763
	3426862764
	3426862765
	3426862766
	3426862767
	3426862768
	3426862769
	3426862770
	3426862771
	3426862772
	3426862773
	3426862774
	3426862775
	3426862776
	3426862777
	3426862778
	3426862779
	3426862780
	3426862781
	3426862782
	3426862783
	3426862784
	3426862785
	3426862786
	3426862787
	3426862788
	3426862789
	3426862790
	3426862791
	3426862792
	3426862793
	3426862794
	3426862795
	3426862796
	3426862797
	3426862798
	3426862799
	3426862800
	3426862801
	3426862802
	3426862803
	3426862804
	3426862805
	3426862806
	3426862807
	3426862808
	3426862809
	3426862810
	3426862811
	3426862812
	3426862813
	3426862814
	3426862815
	3426862816
	3426862817
	3426862818
	3426862819
	3426862820
	3426862821
	3426862822
	3426862823
	3426862824
	3426862825
	3426862826
	3426862827
	3426862828
	3426862829
	3426862830
	3426862831
	3426862832
	3426862833
	3426862834
	3426862835
	3426862836
	3426862837
	3426862838
	3426862839
	3426862840
	3426862841
	3426862842
	3426862843
	3426862844
	3426862845
	3426862846
	3426862847
	3426862848
	3426862849
	3426862850
	3426862851
	3426862852
	3426862853
	3426862854
	3426862855
	3426862856
	3426862857
	3426862858
	3426862859
	3426862860
	3426862861
	3426862862
	3426862863
	3426862864
	3426862865
	3426862866
	3426862867
	3426862868
	3426862869
	3426862870
	3426862871
	3426862872
	3426862873
	3426862874
	3426862875
	3426862876
	3426862877
	3426862878
	3426862879
	3426862880
	3426862881
	3426862882
	3426862883
	3426862884
	3426862885
	3426862886
	3426862887
	3426862888
	3426862889
	3426862890
	3426862891
	3426862892
	3426862893
	3426862894
	3426862895
	3426862896
	3426862897
	3426862898
	3426862899
	3426862900
	3426862901
	3426862902
	3426862903
	3426862904
	3426862905
	3426862906
	3426862907
	3426862908
	3426862909
	3426862910
	3426862911
	3426862912
	3426862913
	3426862914
	3426862915
	3426862916
	3426862917
	3426862918
	3426862919
	3426862920
	3426862921
	3426862922
	3426862923
	3426862924
	3426862925
	3426862926
	3426862927
	3426862928
	3426862929
	3426862930
	3426862931
	3426862932
	3426862933
	3426862934
	3426862935
	3426862936
	3426862937
	3426862938
	3426862939
	3426862940
	3426862941
	3426862942
	3426862943
	3426862944
	3426862945
	3426862946
	3426862947
	3426862948
	3426862949
	3426862950
	3426862951
	3426862952
	3426862953
	3426862954
	3426862955
	3426862956
	3426862957
	3426862958
	3426862959
	3426862960
	3426862961
	3426862962
	3426862963
	3426862964
	3426862965
	3426862966
	3426862967
	3426862968
	3426862969
	3426862970
	3426862971
	3426862972
	3426862973
	3426862974
	3426862975
	3426862976
	3426862977
	3426862978
	3426862979
	3426862980
	3426862981
	3426862982
	3426862983
	3426862984
	3426862985
	3426862986
	3426862987
	3426862988
	3426862989
	3426862990
	3426862991
	3426862992
	3426862993
	3426862994
	3426862995
	3426862996
	3426862997
	3426862998
	3426862999
	3426863000
	3426863001
	3426863002
	3426863003
	3426863004
	3426863005
	3426863006
	3426863007
	3426863008
	3426863009
	3426863010
	3426863011
	3426863012
	3426863013
	3426863014
	3426863015
	3426863016
	3426863017
	3426863018
	3426863019
	3426863020
	3426863021
	3426863022
	3426863023
	3426863024
	3426863025
	3426863026
	3426863027
	3426863028
	3426863029
	3426863030
	3426863031
	3426863032
	3426863033
	3426863034
	3426863035
	3426863036
	3426863037
	3426863038
	3426863039
	3426863040
	3426863041
	3426863042
	3426863043
	3426863044
	3426863045
	3426863046
	3426863047
	3426863048
	3426863049
	3426863050
	3426863051
	3426863052
	3426863053
	3426863054
	3426863055
	3426863056
	3426863057
	3426863058
	3426863059
	3426863060
	3426863061
	3426863062
	3426863063
	3426863064
	3426863065
	3426863066
	3426863067
	3426863068
	3426863069
	3426863070
	3426863071
	3426863072
	3426863073
	3426863074
	3426863075
	3426863076
	3426863077
	3426863078
	3426863079
	3426863080
	3426863081
	3426863082
	3426863083
	3426863084
	3426863085
	3426863086
	3426863087
	3426863088
	3426863089
	3426863090
	3426863091
	3426863092
	3426863093
	3426863094
	3426863095
	3426863096
	3426863097
	3426863098
	3426863099
	3426863100
	3426863101
	3426863102
	3426863103
	3426863104
	3426863105
	3426863106
	3426863107
	3426863108
	3426863109
	3426863110
	3426863111
	3426863112
	3426863113
	3426863114
	3426863115
	3426863116
	3426863117
	3426863118
	3426863119
	3426863120
	3426863121
	3426863122
	3426863123
	3426863124
	3426863125
	3426863126
	3426863127
	3426863128
	3426863129
	3426863130
	3426863131
	3426863132
	3426863133
	3426863134
	3426863135
	3426863136
	3426863137
	3426863138
	3426863139
	3426863140
	3426863141
	3426863142
	3426863143
	3426863144
	3426863145
	3426863146
	3426863147
	3426863148
	3426863149
	3426863150
	3426863151
	3426863152
	3426863153
	3426863154
	3426863155
	3426863156
	3426863157
	3426863158
	3426863159
	3426863160
	3426863161
	3426863162
	3426863163
	3426863164
	3426863165
	3426863166
	3426863167
	3426863168
	3426863169
	3426863170
	3426863171
	3426863172
	3426863173
	3426863174
	3426863175
	3426863176
	3426863177
	3426863178
	3426863179
	3426863180
	3426863181
	3426863182
	3426863183
	3426863184
	3426863185
	3426863186
	3426863187
	3426863188
	3426863189
	3426863190
	3426863191
	3426863192
	3426863193
	3426863194
	3426863195
	3426863196
	3426863197
	3426863198
	3426863199
	3426863200
	3426863201
	3426863202
	3426863203
	3426863204
	3426863205
	3426863206
	3426863207
	3426863208
	3426863209
	3426863210
	3426863211
	3426863212
	3426863213
	3426863214
	3426863215
	3426863216
	3426863217
	3426863218
	3426863219
	3426863220
	3426863221
	3426863222
	3426863223
	3426863224
	3426863225
	3426863226
	3426863227
	3426863228
	3426863229
	3426863230
	3426863231
	3426863232
	3426863233
	3426863234
	3426863235
	3426863236
	3426863237
	3426863238
	3426863239
	3426863240
	3426863241
	3426863242
	3426863243
	3426863244
	3426863245
	3426863246
	3426863247
	3426863248
	3426863249
	3426863250
	3426863251
	3426863252
	3426863253
	3426863254
	3426863255
	3426863256
	3426863257
	3426863258
	3426863259
	3426863260
	3426863261
	3426863262
	3426863263
	3426863264
	3426863265
	3426863266
	3426863267
	3426863268
	3426863269
	3426863270
	3426863271
	3426863272
	3426863273
	3426863274
	3426863275
	3426863276
	3426863277
	3426863278
	3426863279
	3426863280
	3426863281
	3426863282
	3426863283
	3426863284
	3426863285
	3426863286
	3426863287
	3426863288
	3426863289
	3426863290
