	3426918150
	3426918150
	3426918151
	3426918152
	3426918153
	3426918154
	3426918155
	3426918156
	3426918157
	3426918158
	3426918159
	3426918160
	3426918161
	3426918162
	3426918163
	3426918164
	3426918165
	3426918166
	3426918167
	3426918168
	3426918169
	3426918170
	3426918171
	3426918172
	3426918173
	3426918174
	3426918175
	3426918176
	3426918177
	3426918178
	3426918179
	3426918180
	3426918181
	3426918182
	3426918183
	3426918184
	3426918185
	3426918186
	3426918187
	3426918188
	3426918189
	3426918190
	3426918191
	3426918192
	3426918193
	3426918194
	3426918195
	3426918196
	3426918197
	3426918198
	3426918199
	3426918200
	3426918201
	3426918202
	3426918203
	3426918204
	3426918205
	3426918206
	3426918207
	3426918208
	3426918209
	3426918210
	3426918211
	3426918212
	3426918213
	3426918214
	3426918215
	3426918216
	3426918217
	3426918218
	3426918219
	3426918220
	3426918221
	3426918222
	3426918223
	3426918224
	3426918225
	3426918226
	3426918227
	3426918228
	3426918229
	3426918230
	3426918231
	3426918232
	3426918233
	3426918234
	3426918235
	3426918236
	3426918237
	3426918238
	3426918239
	3426918240
	3426918241
	3426918242
	3426918243
	3426918244
	3426918245
	3426918246
	3426918247
	3426918248
	3426918249
	3426918250
	3426918251
	3426918252
	3426918253
	3426918254
	3426918255
	3426918256
	3426918257
	3426918258
	3426918259
	3426918260
	3426918261
	3426918262
	3426918263
	3426918264
	3426918265
	3426918266
	3426918267
	3426918268
	3426918269
	3426918270
	3426918271
	3426918272
	3426918273
	3426918274
	3426918275
	3426918276
	3426918277
	3426918278
	3426918279
	3426918280
	3426918281
	3426918282
	3426918283
	3426918284
	3426918285
	3426918286
	3426918287
	3426918288
	3426918289
	3426918290
	3426918291
	3426918292
	3426918293
	3426918294
	3426918295
	3426918296
	3426918297
	3426918298
	3426918299
	3426918300
	3426918301
	3426918302
	3426918303
	3426918304
	3426918305
	3426918306
	3426918307
	3426918308
	3426918309
	3426918310
	3426918311
	3426918312
	3426918313
	3426918314
	3426918315
	3426918316
	3426918317
	3426918318
	3426918319
	3426918320
	3426918321
	3426918322
	3426918323
	3426918324
	3426918325
	3426918326
	3426918327
	3426918328
	3426918329
	3426918330
	3426918331
	3426918332
	3426918333
	3426918334
	3426918335
	3426918336
	3426918337
	3426918338
	3426918339
	3426918340
	3426918341
	3426918342
	3426918343
	3426918344
	3426918345
	3426918346
	3426918347
	3426918348
	3426918349
	3426918350
	3426918351
	3426918352
	3426918353
	3426918354
	3426918355
	3426918356
	3426918357
	3426918358
	3426918359
	3426918360
	3426918361
	3426918362
	3426918363
	3426918364
	3426918365
	3426918366
	3426918367
	3426918368
	3426918369
	3426918370
	3426918371
	3426918372
	3426918373
	3426918374
	3426918375
	3426918376
	3426918377
	3426918378
	3426918379
	3426918380
	3426918381
	3426918382
	3426918383
	3426918384
	3426918385
	3426918386
	3426918387
	3426918388
	3426918389
	3426918390
	3426918391
	3426918392
	3426918393
	3426918394
	3426918395
	3426918396
	3426918397
	3426918398
	3426918399
	3426918400
	3426918401
	3426918402
	3426918403
	3426918404
	3426918405
	3426918406
	3426918407
	3426918408
	3426918409
	3426918410
	3426918411
	3426918412
	3426918413
	3426918414
	3426918415
	3426918416
	3426918417
	3426918418
	3426918419
	3426918420
	3426918421
	3426918422
	3426918423
	3426918424
	3426918425
	3426918426
	3426918427
	3426918428
	3426918429
	3426918430
	3426918431
	3426918432
	3426918433
	3426918434
	3426918435
	3426918436
	3426918437
	3426918438
	3426918439
	3426918440
	3426918441
	3426918442
	3426918443
	3426918444
	3426918445
	3426918446
	3426918447
	3426918448
	3426918449
	3426918450
	3426918451
	3426918452
	3426918453
	3426918454
	3426918455
	3426918456
	3426918457
	3426918458
	3426918459
	3426918460
	3426918461
	3426918462
	3426918463
	3426918464
	3426918465
	3426918466
	3426918467
	3426918468
	3426918469
	3426918470
	3426918471
	3426918472
	3426918473
	3426918474
	3426918475
	3426918476
	3426918477
	3426918478
	3426918479
	3426918480
	3426918481
	3426918482
	3426918483
	3426918484
	3426918485
	3426918486
	3426918487
	3426918488
	3426918489
	3426918490
	3426918491
	3426918492
	3426918493
	3426918494
	3426918495
	3426918496
	3426918497
	3426918498
	3426918499
	3426918500
	3426918501
	3426918502
	3426918503
	3426918504
	3426918505
	3426918506
	3426918507
	3426918508
	3426918509
	3426918510
	3426918511
	3426918512
	3426918513
	3426918514
	3426918515
	3426918516
	3426918517
	3426918518
	3426918519
	3426918520
	3426918521
	3426918522
	3426918523
	3426918524
	3426918525
	3426918526
	3426918527
	3426918528
	3426918529
	3426918530
	3426918531
	3426918532
	3426918533
	3426918534
	3426918535
	3426918536
	3426918537
	3426918538
	3426918539
	3426918540
	3426918541
	3426918542
	3426918543
	3426918544
	3426918545
	3426918546
	3426918547
	3426918548
	3426918549
	3426918550
	3426918551
	3426918552
	3426918553
	3426918554
	3426918555
	3426918556
	3426918557
	3426918558
	3426918559
	3426918560
	3426918561
	3426918562
	3426918563
	3426918564
	3426918565
	3426918566
	3426918567
	3426918568
	3426918569
	3426918570
	3426918571
	3426918572
	3426918573
	3426918574
	3426918575
	3426918576
	3426918577
	3426918578
	3426918579
	3426918580
	3426918581
	3426918582
	3426918583
	3426918584
	3426918585
	3426918586
	3426918587
	3426918588
	3426918589
	3426918590
	3426918591
	3426918592
	3426918593
	3426918594
	3426918595
	3426918596
	3426918597
	3426918598
	3426918599
	3426918600
	3426918601
	3426918602
	3426918603
	3426918604
	3426918605
	3426918606
	3426918607
	3426918608
	3426918609
	3426918610
	3426918611
	3426918612
	3426918613
	3426918614
	3426918615
	3426918616
	3426918617
	3426918618
	3426918619
	3426918620
	3426918621
	3426918622
	3426918623
	3426918624
	3426918625
	3426918626
	3426918627
	3426918628
	3426918629
	3426918630
	3426918631
	3426918632
	3426918633
	3426918634
	3426918635
	3426918636
	3426918637
	3426918638
	3426918639
	3426918640
	3426918641
	3426918642
	3426918643
	3426918644
	3426918645
	3426918646
	3426918647
	3426918648
	3426918649
	3426918650
	3426918651
	3426918652
	3426918653
	3426918654
	3426918655
	3426918656
	3426918657
	3426918658
	3426918659
	3426918660
	3426918661
	3426918662
	3426918663
	3426918664
	3426918665
	3426918666
	3426918667
	3426918668
	3426918669
	3426918670
	3426918671
	3426918672
	3426918673
	3426918674
	3426918675
	3426918676
	3426918677
	3426918678
	3426918679
	3426918680
	3426918681
	3426918682
	3426918683
	3426918684
	3426918685
	3426918686
	3426918687
	3426918688
	3426918689
	3426918690
	3426918691
	3426918692
	3426918693
	3426918694
	3426918695
	3426918696
	3426918697
	3426918698
	3426918699
	3426918700
	3426918701
	3426918702
	3426918703
	3426918704
	3426918705
	3426918706
	3426918707
	3426918708
	3426918709
	3426918710
	3426918711
	3426918712
	3426918713
	3426918714
	3426918715
	3426918716
	3426918717
	3426918718
	3426918719
	3426918720
	3426918721
	3426918722
	3426918723
	3426918724
	3426918725
	3426918726
	3426918727
	3426918728
	3426918729
	3426918730
	3426918731
	3426918732
	3426918733
	3426918734
	3426918735
	3426918736
	3426918737
	3426918738
	3426918739
	3426918740
	3426918741
	3426918742
	3426918743
	3426918744
	3426918745
	3426918746
	3426918747
	3426918748
	3426918749
	3426918750
	3426918751
	3426918752
	3426918753
	3426918754
	3426918755
	3426918756
	3426918757
	3426918758
	3426918759
	3426918760
	3426918761
	3426918762
	3426918763
	3426918764
	3426918765
	3426918766
	3426918767
	3426918768
	3426918769
	3426918770
	3426918771
	3426918772
	3426918773
	3426918774
	3426918775
	3426918776
	3426918777
	3426918778
	3426918779
	3426918780
	3426918781
	3426918782
	3426918783
	3426918784
	3426918785
	3426918786
	3426918787
	3426918788
	3426918789
	3426918790
	3426918791
	3426918792
	3426918793
	3426918794
	3426918795
	3426918796
	3426918797
	3426918798
	3426918799
	3426918800
	3426918801
	3426918802
	3426918803
	3426918804
	3426918805
	3426918806
	3426918807
	3426918808
	3426918809
	3426918810
	3426918811
	3426918812
	3426918813
	3426918814
	3426918815
	3426918816
	3426918817
	3426918818
	3426918819
	3426918820
	3426918821
	3426918822
	3426918823
	3426918824
	3426918825
	3426918826
	3426918827
	3426918828
	3426918829
	3426918830
	3426918831
	3426918832
	3426918833
	3426918834
	3426918835
	3426918836
	3426918837
	3426918838
	3426918839
	3426918840
	3426918841
	3426918842
	3426918843
	3426918844
	3426918845
	3426918846
	3426918847
	3426918848
	3426918849
	3426918850
	3426918851
	3426918852
	3426918853
	3426918854
	3426918855
	3426918856
	3426918857
	3426918858
	3426918859
	3426918860
	3426918861
	3426918862
	3426918863
	3426918864
	3426918865
	3426918866
	3426918867
	3426918868
	3426918869
	3426918870
	3426918871
	3426918872
	3426918873
	3426918874
	3426918875
	3426918876
	3426918877
	3426918878
	3426918879
	3426918880
	3426918881
	3426918882
	3426918883
	3426918884
	3426918885
	3426918886
	3426918887
	3426918888
	3426918889
	3426918890
	3426918891
	3426918892
	3426918893
	3426918894
	3426918895
	3426918896
	3426918897
	3426918898
	3426918899
	3426918900
	3426918901
	3426918902
	3426918903
	3426918904
	3426918905
	3426918906
	3426918907
	3426918908
	3426918909
	3426918910
	3426918911
	3426918912
	3426918913
	3426918914
	3426918915
	3426918916
	3426918917
	3426918918
	3426918919
	3426918920
	3426918921
	3426918922
	3426918923
	3426918924
	3426918925
	3426918926
	3426918927
	3426918928
	3426918929
	3426918930
	3426918931
	3426918932
	3426918933
	3426918934
	3426918935
	3426918936
	3426918937
	3426918938
	3426918939
	3426918940
	3426918941
	3426918942
	3426918943
	3426918944
	3426918945
	3426918946
	3426918947
	3426918948
	3426918949
	3426918950
	3426918951
	3426918952
	3426918953
	3426918954
	3426918955
	3426918956
	3426918957
	3426918958
	3426918959
	3426918960
	3426918961
	3426918962
	3426918963
	3426918964
	3426918965
	3426918966
	3426918967
	3426918968
	3426918969
	3426918970
	3426918971
	3426918972
	3426918973
	3426918974
	3426918975
	3426918976
	3426918977
	3426918978
	3426918979
	3426918980
	3426918981
	3426918982
	3426918983
	3426918984
	3426918985
	3426918986
	3426918987
	3426918988
	3426918989
	3426918990
	3426918991
	3426918992
	3426918993
	3426918994
	3426918995
	3426918996
	3426918997
	3426918998
	3426918999
	3426919000
	3426919001
	3426919002
	3426919003
	3426919004
	3426919005
	3426919006
	3426919007
	3426919008
	3426919009
	3426919010
	3426919011
	3426919012
	3426919013
	3426919014
	3426919015
	3426919016
	3426919017
	3426919018
	3426919019
	3426919020
	3426919021
	3426919022
	3426919023
	3426919024
	3426919025
	3426919026
	3426919027
	3426919028
	3426919029
	3426919030
	3426919031
	3426919032
	3426919033
	3426919034
	3426919035
	3426919036
	3426919037
	3426919038
	3426919039
	3426919040
	3426919041
	3426919042
	3426919043
	3426919044
	3426919045
	3426919046
	3426919047
	3426919048
	3426919049
	3426919050
	3426919051
	3426919052
	3426919053
	3426919054
	3426919055
	3426919056
	3426919057
	3426919058
	3426919059
	3426919060
	3426919061
	3426919062
	3426919063
	3426919064
	3426919065
	3426919066
	3426919067
	3426919068
	3426919069
	3426919070
	3426919071
	3426919072
	3426919073
	3426919074
	3426919075
	3426919076
	3426919077
	3426919078
	3426919079
	3426919080
	3426919081
	3426919082
	3426919083
	3426919084
	3426919085
	3426919086
	3426919087
	3426919088
	3426919089
	3426919090
	3426919091
	3426919092
	3426919093
	3426919094
	3426919095
	3426919096
	3426919097
	3426919098
	3426919099
	3426919100
	3426919101
	3426919102
	3426919103
	3426919104
	3426919105
	3426919106
	3426919107
	3426919108
	3426919109
	3426919110
	3426919111
	3426919112
	3426919113
	3426919114
	3426919115
	3426919116
	3426919117
	3426919118
	3426919119
	3426919120
	3426919121
	3426919122
	3426919123
	3426919124
	3426919125
	3426919126
	3426919127
	3426919128
	3426919129
	3426919130
	3426919131
	3426919132
	3426919133
	3426919134
	3426919135
	3426919136
	3426919137
	3426919138
	3426919139
	3426919140
	3426919141
	3426919142
	3426919143
	3426919144
	3426919145
	3426919146
	3426919147
	3426919148
	3426919149
	3426919150
	3426919151
	3426919152
	3426919153
	3426919154
	3426919155
	3426919156
	3426919157
	3426919158
	3426919159
	3426919160
	3426919161
	3426919162
	3426919163
	3426919164
	3426919165
	3426919166
	3426919167
	3426919168
	3426919169
	3426919170
	3426919171
	3426919172
	3426919173
	3426919174
	3426919175
	3426919176
	3426919177
	3426919178
	3426919179
	3426919180
	3426919181
	3426919182
	3426919183
	3426919184
	3426919185
	3426919186
	3426919187
	3426919188
	3426919189
	3426919190
	3426919191
	3426919192
	3426919193
	3426919194
	3426919195
	3426919196
	3426919197
	3426919198
	3426919199
	3426919200
	3426919201
	3426919202
	3426919203
	3426919204
	3426919205
	3426919206
	3426919207
	3426919208
	3426919209
	3426919210
	3426919211
	3426919212
	3426919213
	3426919214
	3426919215
	3426919216
	3426919217
	3426919218
	3426919219
	3426919220
	3426919221
	3426919222
	3426919223
	3426919224
	3426919225
	3426919226
	3426919227
	3426919228
	3426919229
	3426919230
	3426919231
	3426919232
	3426919233
	3426919234
	3426919235
	3426919236
	3426919237
	3426919238
	3426919239
	3426919240
	3426919241
	3426919242
	3426919243
	3426919244
	3426919245
	3426919246
	3426919247
	3426919248
	3426919249
	3426919250
	3426919251
	3426919252
	3426919253
	3426919254
	3426919255
	3426919256
	3426919257
	3426919258
	3426919259
	3426919260
	3426919261
	3426919262
	3426919263
	3426919264
	3426919265
	3426919266
	3426919267
	3426919268
	3426919269
	3426919270
	3426919271
	3426919272
	3426919273
	3426919274
	3426919275
	3426919276
	3426919277
	3426919278
	3426919279
	3426919280
	3426919281
	3426919282
	3426919283
	3426919284
	3426919285
	3426919286
	3426919287
	3426919288
	3426919289
	3426919290
	3426919291
	3426919292
	3426919293
	3426919294
	3426919295
	3426919296
	3426919297
	3426919298
	3426919299
	3426919300
	3426919301
	3426919302
	3426919303
	3426919304
	3426919305
	3426919306
	3426919307
	3426919308
	3426919309
	3426919310
	3426919311
	3426919312
	3426919313
	3426919314
	3426919315
	3426919316
	3426919317
	3426919318
	3426919319
	3426919320
	3426919321
	3426919322
	3426919323
	3426919324
	3426919325
	3426919326
	3426919327
	3426919328
	3426919329
	3426919330
	3426919331
	3426919332
	3426919333
	3426919334
	3426919335
	3426919336
	3426919337
	3426919338
	3426919339
	3426919340
	3426919341
	3426919342
	3426919343
	3426919344
	3426919345
	3426919346
	3426919347
	3426919348
	3426919349
	3426919350
	3426919351
	3426919352
	3426919353
	3426919354
	3426919355
	3426919356
	3426919357
	3426919358
	3426919359
	3426919360
	3426919361
	3426919362
	3426919363
	3426919364
	3426919365
	3426919366
	3426919367
	3426919368
	3426919369
	3426919370
	3426919371
	3426919372
	3426919373
	3426919374
	3426919375
	3426919376
	3426919377
	3426919378
	3426919379
	3426919380
	3426919381
	3426919382
	3426919383
	3426919384
	3426919385
	3426919386
	3426919387
	3426919388
	3426919389
	3426919390
	3426919391
	3426919392
	3426919393
	3426919394
	3426919395
	3426919396
	3426919397
	3426919398
	3426919399
	3426919400
	3426919401
	3426919402
	3426919403
	3426919404
	3426919405
	3426919406
	3426919407
	3426919408
	3426919409
	3426919410
	3426919411
	3426919412
	3426919413
	3426919414
	3426919415
	3426919416
	3426919417
	3426919418
	3426919419
	3426919420
	3426919421
	3426919422
	3426919423
	3426919424
	3426919425
	3426919426
	3426919427
	3426919428
	3426919429
	3426919430
	3426919431
	3426919432
	3426919433
	3426919434
	3426919435
	3426919436
	3426919437
	3426919438
	3426919439
	3426919440
	3426919441
	3426919442
	3426919443
	3426919444
	3426919445
	3426919446
	3426919447
	3426919448
	3426919449
	3426919450
	3426919451
	3426919452
	3426919453
	3426919454
	3426919455
	3426919456
	3426919457
	3426919458
	3426919459
	3426919460
	3426919461
	3426919462
	3426919463
	3426919464
	3426919465
	3426919466
	3426919467
	3426919468
	3426919469
	3426919470
	3426919471
	3426919472
	3426919473
	3426919474
	3426919475
	3426919476
	3426919477
	3426919478
	3426919479
	3426919480
	3426919481
	3426919482
	3426919483
	3426919484
	3426919485
	3426919486
	3426919487
	3426919488
	3426919489
	3426919490
	3426919491
	3426919492
	3426919493
	3426919494
	3426919495
	3426919496
	3426919497
	3426919498
	3426919499
	3426919500
	3426919501
	3426919502
	3426919503
	3426919504
	3426919505
	3426919506
	3426919507
	3426919508
	3426919509
	3426919510
	3426919511
	3426919512
	3426919513
	3426919514
	3426919515
	3426919516
	3426919517
	3426919518
	3426919519
	3426919520
	3426919521
	3426919522
	3426919523
	3426919524
	3426919525
	3426919526
	3426919527
	3426919528
	3426919529
	3426919530
	3426919531
	3426919532
	3426919533
	3426919534
	3426919535
	3426919536
	3426919537
	3426919538
	3426919539
	3426919540
	3426919541
	3426919542
	3426919543
	3426919544
	3426919545
	3426919546
	3426919547
	3426919548
	3426919549
	3426919550
	3426919551
	3426919552
	3426919553
	3426919554
	3426919555
	3426919556
	3426919557
	3426919558
	3426919559
	3426919560
	3426919561
	3426919562
	3426919563
	3426919564
	3426919565
	3426919566
	3426919567
	3426919568
	3426919569
	3426919570
	3426919571
	3426919572
	3426919573
	3426919574
	3426919575
	3426919576
	3426919577
	3426919578
	3426919579
	3426919580
	3426919581
	3426919582
	3426919583
	3426919584
	3426919585
	3426919586
	3426919587
	3426919588
	3426919589
	3426919590
	3426919591
	3426919592
	3426919593
	3426919594
	3426919595
	3426919596
	3426919597
	3426919598
	3426919599
	3426919600
	3426919601
	3426919602
	3426919603
	3426919604
	3426919605
	3426919606
	3426919607
	3426919608
	3426919609
	3426919610
	3426919611
	3426919612
	3426919613
	3426919614
	3426919615
	3426919616
	3426919617
	3426919618
	3426919619
	3426919620
	3426919621
	3426919622
	3426919623
	3426919624
	3426919625
	3426919626
	3426919627
	3426919628
	3426919629
	3426919630
	3426919631
	3426919632
	3426919633
	3426919634
	3426919635
	3426919636
	3426919637
	3426919638
	3426919639
	3426919640
	3426919641
	3426919642
	3426919643
	3426919644
	3426919645
	3426919646
	3426919647
	3426919648
	3426919649
	3426919650
	3426919651
	3426919652
	3426919653
	3426919654
	3426919655
	3426919656
	3426919657
	3426919658
	3426919659
	3426919660
	3426919661
	3426919662
	3426919663
	3426919664
	3426919665
	3426919666
	3426919667
	3426919668
	3426919669
	3426919670
	3426919671
	3426919672
	3426919673
	3426919674
	3426919675
	3426919676
	3426919677
	3426919678
	3426919679
	3426919680
	3426919681
	3426919682
	3426919683
	3426919684
	3426919685
	3426919686
	3426919687
	3426919688
	3426919689
	3426919690
	3426919691
	3426919692
	3426919693
	3426919694
	3426919695
	3426919696
	3426919697
	3426919698
	3426919699
	3426919700
	3426919701
	3426919702
	3426919703
	3426919704
	3426919705
	3426919706
	3426919707
	3426919708
	3426919709
	3426919710
	3426919711
	3426919712
	3426919713
	3426919714
	3426919715
	3426919716
	3426919717
	3426919718
	3426919719
	3426919720
	3426919721
	3426919722
	3426919723
	3426919724
	3426919725
	3426919726
	3426919727
	3426919728
	3426919729
	3426919730
	3426919731
	3426919732
	3426919733
	3426919734
	3426919735
	3426919736
	3426919737
	3426919738
	3426919739
	3426919740
	3426919741
	3426919742
	3426919743
	3426919744
	3426919745
	3426919746
	3426919747
	3426919748
	3426919749
	3426919750
	3426919751
	3426919752
	3426919753
	3426919754
	3426919755
	3426919756
	3426919757
	3426919758
	3426919759
	3426919760
	3426919761
	3426919762
	3426919763
	3426919764
	3426919765
	3426919766
	3426919767
	3426919768
	3426919769
	3426919770
	3426919771
	3426919772
	3426919773
	3426919774
	3426919775
	3426919776
	3426919777
	3426919778
	3426919779
	3426919780
	3426919781
	3426919782
	3426919783
	3426919784
	3426919785
	3426919786
	3426919787
	3426919788
	3426919789
	3426919790
	3426919791
	3426919792
	3426919793
	3426919794
	3426919795
	3426919796
	3426919797
	3426919798
	3426919799
	3426919800
	3426919801
	3426919802
	3426919803
	3426919804
	3426919805
	3426919806
	3426919807
	3426919808
	3426919809
	3426919810
	3426919811
	3426919812
	3426919813
	3426919814
	3426919815
	3426919816
	3426919817
	3426919818
	3426919819
	3426919820
	3426919821
	3426919822
	3426919823
	3426919824
	3426919825
	3426919826
	3426919827
	3426919828
	3426919829
	3426919830
	3426919831
	3426919832
	3426919833
	3426919834
	3426919835
	3426919836
	3426919837
	3426919838
	3426919839
	3426919840
	3426919841
	3426919842
	3426919843
	3426919844
	3426919845
	3426919846
	3426919847
	3426919848
	3426919849
	3426919850
	3426919851
	3426919852
	3426919853
	3426919854
	3426919855
	3426919856
	3426919857
	3426919858
	3426919859
	3426919860
	3426919861
	3426919862
	3426919863
	3426919864
	3426919865
	3426919866
	3426919867
	3426919868
	3426919869
	3426919870
	3426919871
	3426919872
	3426919873
	3426919874
	3426919875
	3426919876
	3426919877
	3426919878
	3426919879
	3426919880
	3426919881
	3426919882
	3426919883
	3426919884
	3426919885
	3426919886
	3426919887
	3426919888
	3426919889
	3426919890
	3426919891
	3426919892
	3426919893
	3426919894
	3426919895
	3426919896
	3426919897
	3426919898
	3426919899
	3426919900
	3426919901
	3426919902
	3426919903
	3426919904
	3426919905
	3426919906
	3426919907
	3426919908
	3426919909
	3426919910
	3426919911
	3426919912
	3426919913
	3426919914
	3426919915
	3426919916
	3426919917
	3426919918
	3426919919
	3426919920
	3426919921
	3426919922
	3426919923
	3426919924
	3426919925
	3426919926
	3426919927
	3426919928
	3426919929
	3426919930
	3426919931
	3426919932
	3426919933
	3426919934
	3426919935
	3426919936
	3426919937
	3426919938
	3426919939
	3426919940
	3426919941
	3426919942
	3426919943
	3426919944
	3426919945
	3426919946
	3426919947
	3426919948
	3426919949
	3426919950
	3426919951
	3426919952
	3426919953
	3426919954
	3426919955
	3426919956
	3426919957
	3426919958
	3426919959
	3426919960
	3426919961
	3426919962
	3426919963
	3426919964
	3426919965
	3426919966
	3426919967
	3426919968
	3426919969
	3426919970
	3426919971
	3426919972
	3426919973
	3426919974
	3426919975
	3426919976
	3426919977
	3426919978
	3426919979
	3426919980
	3426919981
	3426919982
	3426919983
	3426919984
	3426919985
	3426919986
	3426919987
	3426919988
	3426919989
	3426919990
	3426919991
	3426919992
	3426919993
	3426919994
	3426919995
	3426919996
	3426919997
	3426919998
	3426919999
	3426920000
	3426920001
	3426920002
	3426920003
	3426920004
	3426920005
	3426920006
	3426920007
	3426920008
	3426920009
	3426920010
	3426920011
	3426920012
	3426920013
	3426920014
	3426920015
	3426920016
	3426920017
	3426920018
	3426920019
	3426920020
	3426920021
	3426920022
	3426920023
	3426920024
	3426920025
	3426920026
	3426920027
	3426920028
	3426920029
	3426920030
	3426920031
	3426920032
	3426920033
	3426920034
	3426920035
	3426920036
	3426920037
	3426920038
	3426920039
	3426920040
	3426920041
	3426920042
	3426920043
	3426920044
	3426920045
	3426920046
	3426920047
	3426920048
	3426920049
	3426920050
	3426920051
	3426920052
	3426920053
	3426920054
	3426920055
	3426920056
	3426920057
	3426920058
	3426920059
	3426920060
	3426920061
	3426920062
	3426920063
	3426920064
	3426920065
	3426920066
	3426920067
	3426920068
	3426920069
	3426920070
	3426920071
	3426920072
	3426920073
	3426920074
	3426920075
	3426920076
	3426920077
	3426920078
	3426920079
	3426920080
	3426920081
	3426920082
	3426920083
	3426920084
	3426920085
	3426920086
	3426920087
	3426920088
	3426920089
	3426920090
	3426920091
	3426920092
	3426920093
	3426920094
	3426920095
	3426920096
	3426920097
	3426920098
	3426920099
	3426920100
	3426920101
	3426920102
	3426920103
	3426920104
	3426920105
	3426920106
	3426920107
	3426920108
	3426920109
	3426920110
	3426920111
	3426920112
	3426920113
	3426920114
	3426920115
	3426920116
	3426920117
	3426920118
	3426920119
	3426920120
	3426920121
	3426920122
	3426920123
	3426920124
	3426920125
	3426920126
	3426920127
	3426920128
	3426920129
	3426920130
	3426920131
	3426920132
	3426920133
	3426920134
	3426920135
	3426920136
	3426920137
	3426920138
	3426920139
	3426920140
	3426920141
	3426920142
	3426920143
	3426920144
	3426920145
	3426920146
	3426920147
	3426920148
	3426920149
	3426920150
	3426920151
	3426920152
	3426920153
	3426920154
	3426920155
	3426920156
	3426920157
	3426920158
	3426920159
	3426920160
	3426920161
	3426920162
	3426920163
	3426920164
	3426920165
	3426920166
	3426920167
	3426920168
	3426920169
	3426920170
	3426920171
	3426920172
	3426920173
	3426920174
	3426920175
	3426920176
	3426920177
	3426920178
	3426920179
	3426920180
	3426920181
	3426920182
	3426920183
	3426920184
	3426920185
	3426920186
	3426920187
	3426920188
	3426920189
	3426920190
	3426920191
	3426920192
	3426920193
	3426920194
	3426920195
	3426920196
	3426920197
	3426920198
	3426920199
	3426920200
	3426920201
	3426920202
	3426920203
	3426920204
	3426920205
	3426920206
	3426920207
	3426920208
	3426920209
	3426920210
	3426920211
	3426920212
	3426920213
	3426920214
	3426920215
	3426920216
	3426920217
	3426920218
	3426920219
	3426920220
	3426920221
	3426920222
	3426920223
	3426920224
	3426920225
	3426920226
	3426920227
	3426920228
	3426920229
	3426920230
	3426920231
	3426920232
	3426920233
	3426920234
	3426920235
	3426920236
	3426920237
	3426920238
	3426920239
	3426920240
	3426920241
	3426920242
	3426920243
	3426920244
	3426920245
	3426920246
	3426920247
	3426920248
	3426920249
	3426920250
	3426920251
	3426920252
	3426920253
	3426920254
	3426920255
	3426920256
	3426920257
	3426920258
	3426920259
	3426920260
	3426920261
	3426920262
	3426920263
	3426920264
	3426920265
	3426920266
	3426920267
	3426920268
	3426920269
	3426920270
	3426920271
	3426920272
	3426920273
	3426920274
	3426920275
	3426920276
	3426920277
	3426920278
	3426920279
	3426920280
	3426920281
	3426920282
	3426920283
	3426920284
	3426920285
	3426920286
	3426920287
	3426920288
	3426920289
	3426920290
	3426920291
	3426920292
	3426920293
	3426920294
	3426920295
	3426920296
	3426920297
	3426920298
	3426920299
	3426920300
	3426920301
	3426920302
	3426920303
	3426920304
	3426920305
	3426920306
	3426920307
	3426920308
	3426920309
	3426920310
	3426920311
	3426920312
	3426920313
	3426920314
	3426920315
	3426920316
	3426920317
	3426920318
	3426920319
	3426920320
	3426920321
	3426920322
	3426920323
	3426920324
	3426920325
	3426920326
	3426920327
	3426920328
	3426920329
	3426920330
	3426920331
	3426920332
	3426920333
	3426920334
	3426920335
	3426920336
	3426920337
	3426920338
	3426920339
	3426920340
	3426920341
	3426920342
	3426920343
	3426920344
	3426920345
	3426920346
	3426920347
	3426920348
	3426920349
	3426920350
	3426920351
	3426920352
	3426920353
	3426920354
	3426920355
	3426920356
	3426920357
	3426920358
	3426920359
	3426920360
	3426920361
	3426920362
	3426920363
	3426920364
	3426920365
	3426920366
	3426920367
	3426920368
	3426920369
	3426920370
	3426920371
	3426920372
	3426920373
	3426920374
	3426920375
	3426920376
	3426920377
	3426920378
	3426920379
	3426920380
	3426920381
	3426920382
	3426920383
	3426920384
	3426920385
	3426920386
	3426920387
	3426920388
	3426920389
	3426920390
	3426920391
	3426920392
	3426920393
	3426920394
	3426920395
	3426920396
	3426920397
	3426920398
	3426920399
	3426920400
	3426920401
	3426920402
	3426920403
	3426920404
	3426920405
	3426920406
	3426920407
	3426920408
	3426920409
	3426920410
	3426920411
	3426920412
	3426920413
	3426920414
	3426920415
	3426920416
	3426920417
	3426920418
	3426920419
	3426920420
	3426920421
	3426920422
	3426920423
	3426920424
	3426920425
	3426920426
	3426920427
	3426920428
	3426920429
	3426920430
	3426920431
	3426920432
	3426920433
	3426920434
	3426920435
	3426920436
	3426920437
	3426920438
	3426920439
	3426920440
	3426920441
	3426920442
	3426920443
	3426920444
	3426920445
	3426920446
	3426920447
	3426920448
	3426920449
	3426920450
	3426920451
	3426920452
	3426920453
	3426920454
	3426920455
	3426920456
	3426920457
	3426920458
	3426920459
	3426920460
	3426920461
	3426920462
	3426920463
	3426920464
	3426920465
	3426920466
	3426920467
	3426920468
	3426920469
	3426920470
	3426920471
	3426920472
	3426920473
	3426920474
	3426920475
	3426920476
	3426920477
	3426920478
	3426920479
	3426920480
	3426920481
	3426920482
	3426920483
	3426920484
	3426920485
	3426920486
	3426920487
	3426920488
	3426920489
	3426920490
	3426920491
	3426920492
	3426920493
	3426920494
	3426920495
	3426920496
	3426920497
	3426920498
	3426920499
	3426920500
	3426920501
	3426920502
	3426920503
	3426920504
	3426920505
	3426920506
	3426920507
	3426920508
	3426920509
	3426920510
	3426920511
	3426920512
	3426920513
	3426920514
	3426920515
	3426920516
	3426920517
	3426920518
	3426920519
	3426920520
	3426920521
	3426920522
	3426920523
	3426920524
	3426920525
	3426920526
	3426920527
	3426920528
	3426920529
	3426920530
	3426920531
	3426920532
	3426920533
	3426920534
	3426920535
	3426920536
	3426920537
	3426920538
	3426920539
	3426920540
	3426920541
	3426920542
	3426920543
	3426920544
	3426920545
	3426920546
	3426920547
	3426920548
	3426920549
	3426920550
	3426920551
	3426920552
	3426920553
	3426920554
	3426920555
	3426920556
	3426920557
	3426920558
	3426920559
	3426920560
	3426920561
	3426920562
	3426920563
	3426920564
	3426920565
	3426920566
	3426920567
	3426920568
	3426920569
	3426920570
	3426920571
	3426920572
	3426920573
	3426920574
	3426920575
	3426920576
	3426920577
	3426920578
	3426920579
	3426920580
	3426920581
	3426920582
	3426920583
	3426920584
	3426920585
	3426920586
	3426920587
	3426920588
	3426920589
	3426920590
	3426920591
	3426920592
	3426920593
	3426920594
	3426920595
	3426920596
	3426920597
	3426920598
	3426920599
	3426920600
	3426920601
	3426920602
	3426920603
	3426920604
	3426920605
	3426920606
	3426920607
	3426920608
	3426920609
	3426920610
	3426920611
	3426920612
	3426920613
	3426920614
	3426920615
	3426920616
	3426920617
	3426920618
	3426920619
	3426920620
	3426920621
	3426920622
	3426920623
	3426920624
	3426920625
	3426920626
	3426920627
	3426920628
	3426920629
	3426920630
	3426920631
	3426920632
	3426920633
	3426920634
	3426920635
	3426920636
	3426920637
	3426920638
	3426920639
	3426920640
	3426920641
	3426920642
	3426920643
	3426920644
	3426920645
	3426920646
	3426920647
	3426920648
	3426920649
	3426920650
	3426920651
	3426920652
	3426920653
	3426920654
	3426920655
	3426920656
	3426920657
	3426920658
	3426920659
	3426920660
	3426920661
	3426920662
	3426920663
	3426920664
	3426920665
	3426920666
	3426920667
	3426920668
	3426920669
	3426920670
	3426920671
	3426920672
	3426920673
	3426920674
	3426920675
	3426920676
	3426920677
	3426920678
	3426920679
	3426920680
	3426920681
	3426920682
	3426920683
	3426920684
	3426920685
	3426920686
	3426920687
	3426920688
	3426920689
	3426920690
	3426920691
	3426920692
	3426920693
	3426920694
	3426920695
	3426920696
	3426920697
	3426920698
	3426920699
	3426920700
	3426920701
	3426920702
	3426920703
	3426920704
	3426920705
	3426920706
	3426920707
	3426920708
	3426920709
	3426920710
	3426920711
	3426920712
	3426920713
	3426920714
	3426920715
	3426920716
	3426920717
	3426920718
	3426920719
	3426920720
	3426920721
	3426920722
	3426920723
	3426920724
	3426920725
	3426920726
	3426920727
	3426920728
	3426920729
	3426920730
	3426920731
	3426920732
	3426920733
	3426920734
	3426920735
	3426920736
	3426920737
	3426920738
	3426920739
	3426920740
	3426920741
	3426920742
	3426920743
	3426920744
	3426920745
	3426920746
	3426920747
	3426920748
	3426920749
	3426920750
	3426920751
	3426920752
	3426920753
	3426920754
	3426920755
	3426920756
	3426920757
	3426920758
	3426920759
	3426920760
	3426920761
	3426920762
	3426920763
	3426920764
	3426920765
	3426920766
	3426920767
	3426920768
	3426920769
	3426920770
	3426920771
	3426920772
	3426920773
	3426920774
	3426920775
	3426920776
	3426920777
	3426920778
	3426920779
	3426920780
	3426920781
	3426920782
	3426920783
	3426920784
	3426920785
	3426920786
	3426920787
	3426920788
	3426920789
	3426920790
	3426920791
	3426920792
	3426920793
	3426920794
	3426920795
	3426920796
	3426920797
	3426920798
	3426920799
	3426920800
	3426920801
	3426920802
	3426920803
	3426920804
	3426920805
	3426920806
	3426920807
	3426920808
	3426920809
	3426920810
	3426920811
	3426920812
	3426920813
	3426920814
	3426920815
	3426920816
	3426920817
	3426920818
	3426920819
	3426920820
	3426920821
	3426920822
	3426920823
	3426920824
	3426920825
	3426920826
	3426920827
	3426920828
	3426920829
	3426920830
	3426920831
	3426920832
	3426920833
	3426920834
	3426920835
	3426920836
	3426920837
	3426920838
	3426920839
	3426920840
	3426920841
	3426920842
	3426920843
	3426920844
	3426920845
	3426920846
	3426920847
	3426920848
	3426920849
	3426920850
	3426920851
	3426920852
	3426920853
	3426920854
	3426920855
	3426920856
	3426920857
	3426920858
	3426920859
	3426920860
	3426920861
	3426920862
	3426920863
	3426920864
	3426920865
	3426920866
	3426920867
	3426920868
	3426920869
	3426920870
	3426920871
	3426920872
	3426920873
	3426920874
	3426920875
	3426920876
	3426920877
	3426920878
	3426920879
	3426920880
	3426920881
	3426920882
	3426920883
	3426920884
	3426920885
	3426920886
	3426920887
	3426920888
	3426920889
	3426920890
	3426920891
	3426920892
	3426920893
	3426920894
	3426920895
	3426920896
	3426920897
	3426920898
	3426920899
	3426920900
	3426920901
	3426920902
	3426920903
	3426920904
	3426920905
	3426920906
	3426920907
	3426920908
	3426920909
	3426920910
	3426920911
	3426920912
	3426920913
	3426920914
	3426920915
	3426920916
	3426920917
	3426920918
	3426920919
	3426920920
	3426920921
	3426920922
	3426920923
	3426920924
	3426920925
	3426920926
	3426920927
	3426920928
	3426920929
	3426920930
	3426920931
	3426920932
	3426920933
	3426920934
	3426920935
	3426920936
	3426920937
	3426920938
	3426920939
	3426920940
	3426920941
	3426920942
	3426920943
	3426920944
	3426920945
	3426920946
	3426920947
	3426920948
	3426920949
	3426920950
	3426920951
	3426920952
	3426920953
	3426920954
	3426920955
	3426920956
	3426920957
	3426920958
	3426920959
	3426920960
	3426920961
	3426920962
	3426920963
	3426920964
	3426920965
	3426920966
	3426920967
	3426920968
	3426920969
	3426920970
	3426920971
	3426920972
	3426920973
	3426920974
	3426920975
	3426920976
	3426920977
	3426920978
	3426920979
	3426920980
	3426920981
	3426920982
	3426920983
	3426920984
	3426920985
	3426920986
	3426920987
	3426920988
	3426920989
	3426920990
	3426920991
	3426920992
	3426920993
	3426920994
	3426920995
	3426920996
	3426920997
	3426920998
	3426920999
	3426921000
	3426921001
	3426921002
	3426921003
	3426921004
	3426921005
	3426921006
	3426921007
	3426921008
	3426921009
	3426921010
	3426921011
	3426921012
	3426921013
	3426921014
	3426921015
	3426921016
	3426921017
	3426921018
	3426921019
	3426921020
	3426921021
	3426921022
	3426921023
	3426921024
	3426921025
	3426921026
	3426921027
	3426921028
	3426921029
	3426921030
	3426921031
	3426921032
	3426921033
	3426921034
	3426921035
	3426921036
	3426921037
	3426921038
	3426921039
	3426921040
	3426921041
	3426921042
	3426921043
	3426921044
	3426921045
	3426921046
	3426921047
	3426921048
	3426921049
	3426921050
	3426921051
	3426921052
	3426921053
	3426921054
	3426921055
	3426921056
	3426921057
	3426921058
	3426921059
	3426921060
	3426921061
	3426921062
	3426921063
	3426921064
	3426921065
	3426921066
	3426921067
	3426921068
	3426921069
	3426921070
	3426921071
	3426921072
	3426921073
	3426921074
	3426921075
	3426921076
	3426921077
	3426921078
	3426921079
	3426921080
	3426921081
	3426921082
	3426921083
	3426921084
	3426921085
	3426921086
	3426921087
	3426921088
	3426921089
	3426921090
	3426921091
	3426921092
	3426921093
	3426921094
	3426921095
	3426921096
	3426921097
	3426921098
	3426921099
	3426921100
	3426921101
	3426921102
	3426921103
	3426921104
	3426921105
	3426921106
	3426921107
	3426921108
	3426921109
	3426921110
	3426921111
	3426921112
	3426921113
	3426921114
	3426921115
	3426921116
	3426921117
	3426921118
	3426921119
	3426921120
	3426921121
	3426921122
	3426921123
	3426921124
	3426921125
	3426921126
	3426921127
	3426921128
	3426921129
	3426921130
	3426921131
	3426921132
	3426921133
	3426921134
	3426921135
	3426921136
	3426921137
	3426921138
	3426921139
	3426921140
	3426921141
	3426921142
	3426921143
	3426921144
	3426921145
	3426921146
	3426921147
	3426921148
	3426921149
	3426921150
	3426921151
	3426921152
	3426921153
	3426921154
	3426921155
	3426921156
	3426921157
	3426921158
	3426921159
	3426921160
	3426921161
	3426921162
	3426921163
	3426921164
	3426921165
	3426921166
	3426921167
	3426921168
	3426921169
	3426921170
	3426921171
	3426921172
	3426921173
	3426921174
	3426921175
	3426921176
	3426921177
	3426921178
	3426921179
	3426921180
	3426921181
	3426921182
	3426921183
	3426921184
	3426921185
	3426921186
	3426921187
	3426921188
	3426921189
	3426921190
	3426921191
	3426921192
	3426921193
	3426921194
	3426921195
	3426921196
	3426921197
	3426921198
	3426921199
	3426921200
	3426921201
	3426921202
	3426921203
	3426921204
	3426921205
	3426921206
	3426921207
	3426921208
	3426921209
	3426921210
	3426921211
	3426921212
	3426921213
	3426921214
	3426921215
	3426921216
	3426921217
	3426921218
	3426921219
	3426921220
	3426921221
	3426921222
	3426921223
	3426921224
	3426921225
	3426921226
	3426921227
	3426921228
	3426921229
	3426921230
	3426921231
	3426921232
	3426921233
	3426921234
	3426921235
	3426921236
	3426921237
	3426921238
	3426921239
	3426921240
	3426921241
	3426921242
	3426921243
	3426921244
	3426921245
	3426921246
	3426921247
	3426921248
	3426921249
	3426921250
	3426921251
	3426921252
	3426921253
	3426921254
	3426921255
	3426921256
	3426921257
	3426921258
	3426921259
	3426921260
	3426921261
	3426921262
	3426921263
	3426921264
	3426921265
	3426921266
	3426921267
	3426921268
	3426921269
	3426921270
	3426921271
	3426921272
	3426921273
	3426921274
	3426921275
	3426921276
	3426921277
	3426921278
	3426921279
	3426921280
	3426921281
	3426921282
	3426921283
	3426921284
	3426921285
	3426921286
	3426921287
	3426921288
	3426921289
	3426921290
	3426921291
	3426921292
	3426921293
	3426921294
	3426921295
	3426921296
	3426921297
	3426921298
	3426921299
	3426921300
	3426921301
	3426921302
	3426921303
	3426921304
	3426921305
	3426921306
	3426921307
	3426921308
	3426921309
	3426921310
	3426921311
	3426921312
	3426921313
	3426921314
	3426921315
	3426921316
	3426921317
	3426921318
	3426921319
	3426921320
	3426921321
	3426921322
	3426921323
	3426921324
	3426921325
	3426921326
	3426921327
	3426921328
	3426921329
	3426921330
	3426921331
	3426921332
	3426921333
	3426921334
	3426921335
	3426921336
	3426921337
	3426921338
	3426921339
	3426921340
	3426921341
	3426921342
	3426921343
	3426921344
	3426921345
	3426921346
	3426921347
	3426921348
	3426921349
	3426921350
	3426921351
	3426921352
	3426921353
	3426921354
	3426921355
	3426921356
	3426921357
	3426921358
	3426921359
	3426921360
	3426921361
	3426921362
	3426921363
	3426921364
	3426921365
	3426921366
	3426921367
	3426921368
	3426921369
	3426921370
	3426921371
	3426921372
	3426921373
	3426921374
	3426921375
	3426921376
	3426921377
	3426921378
	3426921379
	3426921380
	3426921381
	3426921382
	3426921383
	3426921384
	3426921385
	3426921386
	3426921387
	3426921388
	3426921389
	3426921390
	3426921391
	3426921392
	3426921393
	3426921394
	3426921395
	3426921396
	3426921397
	3426921398
	3426921399
	3426921400
	3426921401
	3426921402
	3426921403
	3426921404
	3426921405
	3426921406
	3426921407
	3426921408
	3426921409
	3426921410
	3426921411
	3426921412
	3426921413
	3426921414
	3426921415
	3426921416
	3426921417
	3426921418
	3426921419
	3426921420
	3426921421
	3426921422
	3426921423
	3426921424
	3426921425
	3426921426
	3426921427
	3426921428
	3426921429
	3426921430
	3426921431
	3426921432
	3426921433
	3426921434
	3426921435
	3426921436
	3426921437
	3426921438
	3426921439
	3426921440
	3426921441
	3426921442
	3426921443
	3426921444
	3426921445
	3426921446
	3426921447
	3426921448
	3426921449
	3426921450
	3426921451
	3426921452
	3426921453
	3426921454
	3426921455
	3426921456
	3426921457
	3426921458
	3426921459
	3426921460
	3426921461
	3426921462
	3426921463
	3426921464
	3426921465
	3426921466
	3426921467
	3426921468
	3426921469
	3426921470
	3426921471
	3426921472
	3426921473
	3426921474
	3426921475
	3426921476
	3426921477
	3426921478
	3426921479
	3426921480
	3426921481
	3426921482
	3426921483
	3426921484
	3426921485
	3426921486
	3426921487
	3426921488
	3426921489
	3426921490
	3426921491
	3426921492
	3426921493
	3426921494
	3426921495
	3426921496
	3426921497
	3426921498
	3426921499
	3426921500
	3426921501
	3426921502
	3426921503
	3426921504
	3426921505
	3426921506
	3426921507
	3426921508
	3426921509
	3426921510
	3426921511
	3426921512
	3426921513
	3426921514
	3426921515
	3426921516
	3426921517
	3426921518
	3426921519
	3426921520
	3426921521
	3426921522
	3426921523
	3426921524
	3426921525
	3426921526
	3426921527
	3426921528
	3426921529
	3426921530
	3426921531
	3426921532
	3426921533
	3426921534
	3426921535
	3426921536
	3426921537
	3426921538
	3426921539
	3426921540
	3426921541
	3426921542
	3426921543
	3426921544
	3426921545
	3426921546
	3426921547
	3426921548
	3426921549
	3426921550
	3426921551
	3426921552
	3426921553
	3426921554
	3426921555
	3426921556
	3426921557
	3426921558
	3426921559
	3426921560
	3426921561
	3426921562
	3426921563
	3426921564
	3426921565
	3426921566
	3426921567
	3426921568
	3426921569
	3426921570
	3426921571
	3426921572
	3426921573
	3426921574
	3426921575
	3426921576
	3426921577
	3426921578
	3426921579
	3426921580
	3426921581
	3426921582
	3426921583
	3426921584
	3426921585
	3426921586
	3426921587
	3426921588
	3426921589
	3426921590
	3426921591
	3426921592
	3426921593
	3426921594
	3426921595
	3426921596
	3426921597
	3426921598
	3426921599
	3426921600
	3426921601
	3426921602
	3426921603
	3426921604
	3426921605
	3426921606
	3426921607
	3426921608
	3426921609
	3426921610
	3426921611
	3426921612
	3426921613
	3426921614
	3426921615
	3426921616
	3426921617
	3426921618
	3426921619
	3426921620
	3426921621
	3426921622
	3426921623
	3426921624
	3426921625
	3426921626
	3426921627
	3426921628
	3426921629
	3426921630
	3426921631
	3426921632
	3426921633
	3426921634
	3426921635
	3426921636
	3426921637
	3426921638
	3426921639
	3426921640
	3426921641
	3426921642
	3426921643
	3426921644
	3426921645
	3426921646
	3426921647
	3426921648
	3426921649
	3426921650
	3426921651
	3426921652
	3426921653
	3426921654
	3426921655
	3426921656
	3426921657
	3426921658
	3426921659
	3426921660
	3426921661
	3426921662
	3426921663
	3426921664
	3426921665
	3426921666
	3426921667
	3426921668
	3426921669
	3426921670
	3426921671
	3426921672
	3426921673
	3426921674
	3426921675
	3426921676
	3426921677
	3426921678
	3426921679
	3426921680
	3426921681
	3426921682
	3426921683
	3426921684
	3426921685
	3426921686
	3426921687
	3426921688
	3426921689
	3426921690
	3426921691
	3426921692
	3426921693
	3426921694
	3426921695
	3426921696
	3426921697
	3426921698
	3426921699
	3426921700
	3426921701
	3426921702
	3426921703
	3426921704
	3426921705
	3426921706
	3426921707
	3426921708
	3426921709
	3426921710
	3426921711
	3426921712
	3426921713
	3426921714
	3426921715
	3426921716
	3426921717
	3426921718
	3426921719
	3426921720
	3426921721
	3426921722
	3426921723
	3426921724
	3426921725
	3426921726
	3426921727
	3426921728
	3426921729
	3426921730
	3426921731
	3426921732
	3426921733
	3426921734
	3426921735
	3426921736
	3426921737
	3426921738
	3426921739
	3426921740
	3426921741
	3426921742
	3426921743
	3426921744
	3426921745
	3426921746
	3426921747
	3426921748
