	3426790438
	3426790439
	3426790440
	3426790441
	3426790442
	3426790443
	3426790444
	3426790445
	3426790446
	3426790447
	3426790448
	3426790449
	3426790450
	3426790451
	3426790452
	3426790453
	3426790454
	3426790455
	3426790456
	3426790457
	3426790458
	3426790459
	3426790460
	3426790461
	3426790462
	3426790463
	3426790464
	3426790465
	3426790466
	3426790467
	3426790468
	3426790469
	3426790470
	3426790471
	3426790472
	3426790473
	3426790474
	3426790475
	3426790476
	3426790477
	3426790478
	3426790479
	3426790480
	3426790481
	3426790482
	3426790483
	3426790484
	3426790485
	3426790486
	3426790487
	3426790488
	3426790489
	3426790490
	3426790491
	3426790492
	3426790493
	3426790494
	3426790495
	3426790496
	3426790497
	3426790498
	3426790499
	3426790500
	3426790501
	3426790502
	3426790503
	3426790504
	3426790505
	3426790506
	3426790507
	3426790508
	3426790509
	3426790510
	3426790511
	3426790512
	3426790513
	3426790514
	3426790515
	3426790516
	3426790517
	3426790518
	3426790519
	3426790520
	3426790521
	3426790522
	3426790523
	3426790524
	3426790525
	3426790526
	3426790527
	3426790528
	3426790529
	3426790530
	3426790531
	3426790532
	3426790533
	3426790534
	3426790535
	3426790536
	3426790537
	3426790538
	3426790539
	3426790540
	3426790541
	3426790542
	3426790543
	3426790544
	3426790545
	3426790546
	3426790547
	3426790548
	3426790549
	3426790550
	3426790551
	3426790552
	3426790553
	3426790554
	3426790555
	3426790556
	3426790557
	3426790558
	3426790559
	3426790560
	3426790561
	3426790562
	3426790563
	3426790564
	3426790565
	3426790566
	3426790567
	3426790568
	3426790569
	3426790570
	3426790571
	3426790572
	3426790573
	3426790574
	3426790575
	3426790576
	3426790577
	3426790578
	3426790579
	3426790580
	3426790581
	3426790582
	3426790583
	3426790584
	3426790585
	3426790586
	3426790587
	3426790588
	3426790589
	3426790590
	3426790591
	3426790592
	3426790593
	3426790594
	3426790595
	3426790596
	3426790597
	3426790598
	3426790599
	3426790600
	3426790601
	3426790602
	3426790603
	3426790604
	3426790605
	3426790606
	3426790607
	3426790608
	3426790609
	3426790610
	3426790611
	3426790612
	3426790613
	3426790614
	3426790615
	3426790616
	3426790617
	3426790618
	3426790619
	3426790620
	3426790621
	3426790622
	3426790623
	3426790624
	3426790625
	3426790626
	3426790627
	3426790628
	3426790629
	3426790630
	3426790631
	3426790632
	3426790633
	3426790634
	3426790635
	3426790636
	3426790637
	3426790638
	3426790639
	3426790640
	3426790641
	3426790642
	3426790643
	3426790644
	3426790645
	3426790646
	3426790647
	3426790648
	3426790649
	3426790650
	3426790651
	3426790652
	3426790653
	3426790654
	3426790655
	3426790656
	3426790657
	3426790658
	3426790659
	3426790660
	3426790661
	3426790662
	3426790663
	3426790664
	3426790665
	3426790666
	3426790667
	3426790668
	3426790669
	3426790670
	3426790671
	3426790672
	3426790673
	3426790674
	3426790675
	3426790676
	3426790677
	3426790678
	3426790679
	3426790680
	3426790681
	3426790682
	3426790683
	3426790684
	3426790685
	3426790686
	3426790687
	3426790688
	3426790689
	3426790690
	3426790691
	3426790692
	3426790693
	3426790694
	3426790695
	3426790696
	3426790697
	3426790698
	3426790699
	3426790700
	3426790701
	3426790702
	3426790703
	3426790704
	3426790705
	3426790706
	3426790707
	3426790708
	3426790709
	3426790710
	3426790711
	3426790712
	3426790713
	3426790714
	3426790715
	3426790716
	3426790717
	3426790718
	3426790719
	3426790720
	3426790721
	3426790722
	3426790723
	3426790724
	3426790725
	3426790726
	3426790727
	3426790728
	3426790729
	3426790730
	3426790731
	3426790732
	3426790733
	3426790734
	3426790735
	3426790736
	3426790737
	3426790738
	3426790739
	3426790740
	3426790741
	3426790742
	3426790743
	3426790744
	3426790745
	3426790746
	3426790747
	3426790748
	3426790749
	3426790750
	3426790751
	3426790752
	3426790753
	3426790754
	3426790755
	3426790756
	3426790757
	3426790758
	3426790759
	3426790760
	3426790761
	3426790762
	3426790763
	3426790764
	3426790765
	3426790766
	3426790767
	3426790768
	3426790769
	3426790770
	3426790771
	3426790772
	3426790773
	3426790774
	3426790775
	3426790776
	3426790777
	3426790778
	3426790779
	3426790780
	3426790781
	3426790782
	3426790783
	3426790784
	3426790785
	3426790786
	3426790787
	3426790788
	3426790789
	3426790790
	3426790791
	3426790792
	3426790793
	3426790794
	3426790795
	3426790796
	3426790797
	3426790798
	3426790799
	3426790800
	3426790801
	3426790802
	3426790803
	3426790804
	3426790805
	3426790806
	3426790807
	3426790808
	3426790809
	3426790810
	3426790811
	3426790812
	3426790813
	3426790814
	3426790815
	3426790816
	3426790817
	3426790818
	3426790819
	3426790820
	3426790821
	3426790822
	3426790823
	3426790824
	3426790825
	3426790826
	3426790827
	3426790828
	3426790829
	3426790830
	3426790831
	3426790832
	3426790833
	3426790834
	3426790835
	3426790836
	3426790837
	3426790838
	3426790839
	3426790840
	3426790841
	3426790842
	3426790843
	3426790844
	3426790845
	3426790846
	3426790847
	3426790848
	3426790849
	3426790850
	3426790851
	3426790852
	3426790853
	3426790854
	3426790855
	3426790856
	3426790857
	3426790858
	3426790859
	3426790860
	3426790861
	3426790862
	3426790863
	3426790864
	3426790865
	3426790866
	3426790867
	3426790868
	3426790869
	3426790870
	3426790871
	3426790872
	3426790873
	3426790874
	3426790875
	3426790876
	3426790877
	3426790878
	3426790879
	3426790880
	3426790881
	3426790882
	3426790883
	3426790884
	3426790885
	3426790886
	3426790887
	3426790888
	3426790889
	3426790890
	3426790891
	3426790892
	3426790893
	3426790894
	3426790895
	3426790896
	3426790897
	3426790898
	3426790899
	3426790900
	3426790901
	3426790902
	3426790903
	3426790904
	3426790905
	3426790906
	3426790907
	3426790908
	3426790909
	3426790910
	3426790911
	3426790912
	3426790913
	3426790914
	3426790915
	3426790916
	3426790917
	3426790918
	3426790919
	3426790920
	3426790921
	3426790922
	3426790923
	3426790924
	3426790925
	3426790926
	3426790927
	3426790928
	3426790929
	3426790930
	3426790931
	3426790932
	3426790933
	3426790934
	3426790935
	3426790936
	3426790937
	3426790938
	3426790939
	3426790940
	3426790941
	3426790942
	3426790943
	3426790944
	3426790945
	3426790946
	3426790947
	3426790948
	3426790949
	3426790950
	3426790951
	3426790952
	3426790953
	3426790954
	3426790955
	3426790956
	3426790957
	3426790958
	3426790959
	3426790960
	3426790961
	3426790962
	3426790963
	3426790964
	3426790965
	3426790966
	3426790967
	3426790968
	3426790969
	3426790970
	3426790971
	3426790972
	3426790973
	3426790974
	3426790975
	3426790976
	3426790977
	3426790978
	3426790979
	3426790980
	3426790981
	3426790982
	3426790983
	3426790984
	3426790985
	3426790986
	3426790987
	3426790988
	3426790989
	3426790990
	3426790991
	3426790992
	3426790993
	3426790994
	3426790995
	3426790996
	3426790997
	3426790998
	3426790999
	3426791000
	3426791001
	3426791002
	3426791003
	3426791004
	3426791005
	3426791006
	3426791007
	3426791008
	3426791009
	3426791010
	3426791011
	3426791012
	3426791013
	3426791014
	3426791015
	3426791016
	3426791017
	3426791018
	3426791019
	3426791020
	3426791021
	3426791022
	3426791023
	3426791024
	3426791025
	3426791026
	3426791027
	3426791028
	3426791029
	3426791030
	3426791031
	3426791032
	3426791033
	3426791034
	3426791035
	3426791036
	3426791037
	3426791038
	3426791039
	3426791040
	3426791041
	3426791042
	3426791043
	3426791044
	3426791045
	3426791046
	3426791047
	3426791048
	3426791049
	3426791050
	3426791051
	3426791052
	3426791053
	3426791054
	3426791055
	3426791056
	3426791057
	3426791058
	3426791059
	3426791060
	3426791061
	3426791062
	3426791063
	3426791064
	3426791065
	3426791066
	3426791067
	3426791068
	3426791069
	3426791070
	3426791071
	3426791072
	3426791073
	3426791074
	3426791075
	3426791076
	3426791077
	3426791078
	3426791079
	3426791080
	3426791081
	3426791082
	3426791083
	3426791084
	3426791085
	3426791086
	3426791087
	3426791088
	3426791089
	3426791090
	3426791091
	3426791092
	3426791093
	3426791094
	3426791095
	3426791096
	3426791097
	3426791098
	3426791099
	3426791100
	3426791101
	3426791102
	3426791103
	3426791104
	3426791105
	3426791106
	3426791107
	3426791108
	3426791109
	3426791110
	3426791111
	3426791112
	3426791113
	3426791114
	3426791115
	3426791116
	3426791117
	3426791118
	3426791119
	3426791120
	3426791121
	3426791122
	3426791123
	3426791124
	3426791125
	3426791126
	3426791127
	3426791128
	3426791129
	3426791130
	3426791131
	3426791132
	3426791133
	3426791134
	3426791135
	3426791136
	3426791137
	3426791138
	3426791139
	3426791140
	3426791141
	3426791142
	3426791143
	3426791144
	3426791145
	3426791146
	3426791147
	3426791148
	3426791149
	3426791150
	3426791151
	3426791152
	3426791153
	3426791154
	3426791155
	3426791156
	3426791157
	3426791158
	3426791159
	3426791160
	3426791161
	3426791162
	3426791163
	3426791164
	3426791165
	3426791166
	3426791167
	3426791168
	3426791169
	3426791170
	3426791171
	3426791172
	3426791173
	3426791174
	3426791175
	3426791176
	3426791177
	3426791178
	3426791179
	3426791180
	3426791181
	3426791182
	3426791183
	3426791184
	3426791185
	3426791186
	3426791187
	3426791188
	3426791189
	3426791190
	3426791191
	3426791192
	3426791193
	3426791194
	3426791195
	3426791196
	3426791197
	3426791198
	3426791199
	3426791200
	3426791201
	3426791202
	3426791203
	3426791204
	3426791205
	3426791206
	3426791207
	3426791208
	3426791209
	3426791210
	3426791211
	3426791212
	3426791213
	3426791214
	3426791215
	3426791216
	3426791217
	3426791218
	3426791219
	3426791220
	3426791221
	3426791222
	3426791223
	3426791224
	3426791225
	3426791226
	3426791227
	3426791228
	3426791229
	3426791230
	3426791231
	3426791232
	3426791233
	3426791234
	3426791235
	3426791236
	3426791237
	3426791238
	3426791239
	3426791240
	3426791241
	3426791242
	3426791243
	3426791244
	3426791245
	3426791246
	3426791247
	3426791248
	3426791249
	3426791250
	3426791251
	3426791252
	3426791253
	3426791254
	3426791255
	3426791256
	3426791257
	3426791258
	3426791259
	3426791260
	3426791261
	3426791262
	3426791263
	3426791264
	3426791265
	3426791266
	3426791267
	3426791268
	3426791269
	3426791270
	3426791271
	3426791272
	3426791273
	3426791274
	3426791275
	3426791276
	3426791277
	3426791278
	3426791279
	3426791280
	3426791281
	3426791282
	3426791283
	3426791284
	3426791285
	3426791286
	3426791287
	3426791288
	3426791289
	3426791290
	3426791291
	3426791292
	3426791293
	3426791294
	3426791295
	3426791296
	3426791297
	3426791298
	3426791299
	3426791300
	3426791301
	3426791302
	3426791303
	3426791304
	3426791305
	3426791306
	3426791307
	3426791308
	3426791309
	3426791310
	3426791311
	3426791312
	3426791313
	3426791314
	3426791315
	3426791316
	3426791317
	3426791318
	3426791319
	3426791320
	3426791321
	3426791322
	3426791323
	3426791324
	3426791325
	3426791326
	3426791327
	3426791328
	3426791329
	3426791330
	3426791331
	3426791332
	3426791333
	3426791334
	3426791335
	3426791336
	3426791337
	3426791338
	3426791339
	3426791340
	3426791341
	3426791342
	3426791343
	3426791344
	3426791345
	3426791346
	3426791347
	3426791348
	3426791349
	3426791350
	3426791351
	3426791352
	3426791353
	3426791354
	3426791355
	3426791356
	3426791357
	3426791358
	3426791359
	3426791360
	3426791361
	3426791362
	3426791363
	3426791364
	3426791365
	3426791366
	3426791367
	3426791368
	3426791369
	3426791370
	3426791371
	3426791372
	3426791373
	3426791374
	3426791375
	3426791376
	3426791377
	3426791378
	3426791379
	3426791380
	3426791381
	3426791382
	3426791383
	3426791384
	3426791385
	3426791386
	3426791387
	3426791388
	3426791389
	3426791390
	3426791391
	3426791392
	3426791393
	3426791394
	3426791395
	3426791396
	3426791397
	3426791398
	3426791399
	3426791400
	3426791401
	3426791402
	3426791403
	3426791404
	3426791405
	3426791406
	3426791407
	3426791408
	3426791409
	3426791410
	3426791411
	3426791412
	3426791413
	3426791414
	3426791415
	3426791416
	3426791417
	3426791418
	3426791419
	3426791420
	3426791421
	3426791422
	3426791423
	3426791424
	3426791425
	3426791426
	3426791427
	3426791428
	3426791429
	3426791430
	3426791431
	3426791432
	3426791433
	3426791434
	3426791435
	3426791436
	3426791437
	3426791438
	3426791439
	3426791440
	3426791441
	3426791442
	3426791443
	3426791444
	3426791445
	3426791446
	3426791447
	3426791448
	3426791449
	3426791450
	3426791451
	3426791452
	3426791453
	3426791454
	3426791455
	3426791456
	3426791457
	3426791458
	3426791459
	3426791460
	3426791461
	3426791462
	3426791463
	3426791464
	3426791465
	3426791466
	3426791467
	3426791468
	3426791469
	3426791470
	3426791471
	3426791472
	3426791473
	3426791474
	3426791475
	3426791476
	3426791477
	3426791478
	3426791479
	3426791480
	3426791481
	3426791482
	3426791483
	3426791484
	3426791485
	3426791486
	3426791487
	3426791488
	3426791489
	3426791490
	3426791491
	3426791492
	3426791493
	3426791494
	3426791495
	3426791496
	3426791497
	3426791498
	3426791499
	3426791500
	3426791501
	3426791502
	3426791503
	3426791504
	3426791505
	3426791506
	3426791507
	3426791508
	3426791509
	3426791510
	3426791511
	3426791512
	3426791513
	3426791514
	3426791515
	3426791516
	3426791517
	3426791518
	3426791519
	3426791520
	3426791521
	3426791522
	3426791523
	3426791524
	3426791525
	3426791526
	3426791527
	3426791528
	3426791529
	3426791530
	3426791531
	3426791532
	3426791533
	3426791534
	3426791535
	3426791536
	3426791537
	3426791538
	3426791539
	3426791540
	3426791541
	3426791542
	3426791543
	3426791544
	3426791545
	3426791546
	3426791547
	3426791548
	3426791549
	3426791550
	3426791551
	3426791552
	3426791553
	3426791554
	3426791555
	3426791556
	3426791557
	3426791558
	3426791559
	3426791560
	3426791561
	3426791562
	3426791563
	3426791564
	3426791565
	3426791566
	3426791567
	3426791568
	3426791569
	3426791570
	3426791571
	3426791572
	3426791573
	3426791574
	3426791575
	3426791576
	3426791577
	3426791578
	3426791579
	3426791580
	3426791581
	3426791582
	3426791583
	3426791584
	3426791585
	3426791586
	3426791587
	3426791588
	3426791589
	3426791590
	3426791591
	3426791592
	3426791593
	3426791594
	3426791595
	3426791596
	3426791597
	3426791598
	3426791599
	3426791600
	3426791601
	3426791602
	3426791603
	3426791604
	3426791605
	3426791606
	3426791607
	3426791608
	3426791609
	3426791610
	3426791611
	3426791612
	3426791613
	3426791614
	3426791615
	3426791616
	3426791617
	3426791618
	3426791619
	3426791620
	3426791621
	3426791622
	3426791623
	3426791624
	3426791625
	3426791626
	3426791627
	3426791628
	3426791629
	3426791630
	3426791631
	3426791632
	3426791633
	3426791634
	3426791635
	3426791636
	3426791637
	3426791638
	3426791639
	3426791640
	3426791641
	3426791642
	3426791643
	3426791644
	3426791645
	3426791646
	3426791647
	3426791648
	3426791649
	3426791650
	3426791651
	3426791652
	3426791653
	3426791654
	3426791655
	3426791656
	3426791657
	3426791658
	3426791659
	3426791660
	3426791661
	3426791662
	3426791663
	3426791664
	3426791665
	3426791666
	3426791667
	3426791668
	3426791669
	3426791670
	3426791671
	3426791672
	3426791673
	3426791674
	3426791675
	3426791676
	3426791677
	3426791678
	3426791679
	3426791680
	3426791681
	3426791682
	3426791683
	3426791684
	3426791685
	3426791686
	3426791687
	3426791688
	3426791689
	3426791690
	3426791691
	3426791692
	3426791693
	3426791694
	3426791695
	3426791696
	3426791697
	3426791698
	3426791699
	3426791700
	3426791701
	3426791702
	3426791703
	3426791704
	3426791705
	3426791706
	3426791707
	3426791708
	3426791709
	3426791710
	3426791711
	3426791712
	3426791713
	3426791714
	3426791715
	3426791716
	3426791717
	3426791718
	3426791719
	3426791720
	3426791721
	3426791722
	3426791723
	3426791724
	3426791725
	3426791726
	3426791727
	3426791728
	3426791729
	3426791730
	3426791731
	3426791732
	3426791733
	3426791734
	3426791735
	3426791736
	3426791737
	3426791738
	3426791739
	3426791740
	3426791741
	3426791742
	3426791743
	3426791744
	3426791745
	3426791746
	3426791747
	3426791748
	3426791749
	3426791750
	3426791751
	3426791752
	3426791753
	3426791754
	3426791755
	3426791756
	3426791757
	3426791758
	3426791759
	3426791760
	3426791761
	3426791762
	3426791763
	3426791764
	3426791765
	3426791766
	3426791767
	3426791768
	3426791769
	3426791770
	3426791771
	3426791772
	3426791773
	3426791774
	3426791775
	3426791776
	3426791777
	3426791778
	3426791779
	3426791780
	3426791781
	3426791782
	3426791783
	3426791784
	3426791785
	3426791786
	3426791787
	3426791788
	3426791789
	3426791790
	3426791791
	3426791792
	3426791793
	3426791794
	3426791795
	3426791796
	3426791797
	3426791798
	3426791799
	3426791800
	3426791801
	3426791802
	3426791803
	3426791804
	3426791805
	3426791806
	3426791807
	3426791808
	3426791809
	3426791810
	3426791811
	3426791812
	3426791813
	3426791814
	3426791815
	3426791816
	3426791817
	3426791818
	3426791819
	3426791820
	3426791821
	3426791822
	3426791823
	3426791824
	3426791825
	3426791826
	3426791827
	3426791828
	3426791829
	3426791830
	3426791831
	3426791832
	3426791833
	3426791834
	3426791835
	3426791836
	3426791837
	3426791838
	3426791839
	3426791840
	3426791841
	3426791842
	3426791843
	3426791844
	3426791845
	3426791846
	3426791847
	3426791848
	3426791849
	3426791850
	3426791851
	3426791852
	3426791853
	3426791854
	3426791855
	3426791856
	3426791857
	3426791858
	3426791859
	3426791860
	3426791861
	3426791862
	3426791863
	3426791864
	3426791865
	3426791866
	3426791867
	3426791868
	3426791869
	3426791870
	3426791871
	3426791872
	3426791873
	3426791874
	3426791875
	3426791876
	3426791877
	3426791878
	3426791879
	3426791880
	3426791881
	3426791882
	3426791883
	3426791884
	3426791885
	3426791886
	3426791887
	3426791888
	3426791889
	3426791890
	3426791891
	3426791892
	3426791893
	3426791894
	3426791895
	3426791896
	3426791897
	3426791898
	3426791899
	3426791900
	3426791901
	3426791902
	3426791903
	3426791904
	3426791905
	3426791906
	3426791907
	3426791908
	3426791909
	3426791910
	3426791911
	3426791912
	3426791913
	3426791914
	3426791915
	3426791916
	3426791917
	3426791918
	3426791919
	3426791920
	3426791921
	3426791922
	3426791923
	3426791924
	3426791925
	3426791926
	3426791927
	3426791928
	3426791929
	3426791930
	3426791931
	3426791932
	3426791933
	3426791934
	3426791935
	3426791936
	3426791937
	3426791938
	3426791939
	3426791940
	3426791941
	3426791942
	3426791943
	3426791944
	3426791945
	3426791946
	3426791947
	3426791948
	3426791949
	3426791950
	3426791951
	3426791952
	3426791953
	3426791954
	3426791955
	3426791956
	3426791957
	3426791958
	3426791959
	3426791960
	3426791961
	3426791962
	3426791963
	3426791964
	3426791965
	3426791966
	3426791967
	3426791968
	3426791969
	3426791970
	3426791971
	3426791972
	3426791973
	3426791974
	3426791975
	3426791976
	3426791977
	3426791978
	3426791979
	3426791980
	3426791981
	3426791982
	3426791983
	3426791984
	3426791985
	3426791986
	3426791987
	3426791988
	3426791989
	3426791990
	3426791991
	3426791992
	3426791993
	3426791994
	3426791995
	3426791996
	3426791997
	3426791998
	3426791999
	3426792000
	3426792001
	3426792002
	3426792003
	3426792004
	3426792005
	3426792006
	3426792007
	3426792008
	3426792009
	3426792010
	3426792011
	3426792012
	3426792013
	3426792014
	3426792015
	3426792016
	3426792017
	3426792018
	3426792019
	3426792020
	3426792021
	3426792022
	3426792023
	3426792024
	3426792025
	3426792026
	3426792027
	3426792028
	3426792029
	3426792030
	3426792031
	3426792032
	3426792033
	3426792034
	3426792035
	3426792036
	3426792037
	3426792038
	3426792039
	3426792040
	3426792041
	3426792042
	3426792043
	3426792044
	3426792045
	3426792046
	3426792047
	3426792048
	3426792049
	3426792050
	3426792051
	3426792052
	3426792053
	3426792054
	3426792055
	3426792056
	3426792057
	3426792058
	3426792059
	3426792060
	3426792061
	3426792062
	3426792063
	3426792064
	3426792065
	3426792066
	3426792067
	3426792068
	3426792069
	3426792070
	3426792071
	3426792072
	3426792073
	3426792074
	3426792075
	3426792076
	3426792077
	3426792078
	3426792079
	3426792080
	3426792081
	3426792082
	3426792083
	3426792084
	3426792085
	3426792086
	3426792087
	3426792088
	3426792089
	3426792090
	3426792091
	3426792092
	3426792093
	3426792094
	3426792095
	3426792096
	3426792097
	3426792098
	3426792099
	3426792100
	3426792101
	3426792102
	3426792103
	3426792104
	3426792105
	3426792106
	3426792107
	3426792108
	3426792109
	3426792110
	3426792111
	3426792112
	3426792113
	3426792114
	3426792115
	3426792116
	3426792117
	3426792118
	3426792119
	3426792120
	3426792121
	3426792122
	3426792123
	3426792124
	3426792125
	3426792126
	3426792127
	3426792128
	3426792129
	3426792130
	3426792131
	3426792132
	3426792133
	3426792134
	3426792135
	3426792136
	3426792137
	3426792138
	3426792139
	3426792140
	3426792141
	3426792142
	3426792143
	3426792144
	3426792145
	3426792146
	3426792147
	3426792148
	3426792149
	3426792150
	3426792151
	3426792152
	3426792153
	3426792154
	3426792155
	3426792156
	3426792157
	3426792158
	3426792159
	3426792160
	3426792161
	3426792162
	3426792163
	3426792164
	3426792165
	3426792166
	3426792167
	3426792168
	3426792169
	3426792170
	3426792171
	3426792172
	3426792173
	3426792174
	3426792175
	3426792176
	3426792177
	3426792178
	3426792179
	3426792180
	3426792181
	3426792182
	3426792183
	3426792184
	3426792185
	3426792186
	3426792187
	3426792188
	3426792189
	3426792190
	3426792191
	3426792192
	3426792193
	3426792194
	3426792195
	3426792196
	3426792197
	3426792198
	3426792199
	3426792200
	3426792201
	3426792202
	3426792203
	3426792204
	3426792205
	3426792206
	3426792207
	3426792208
	3426792209
	3426792210
	3426792211
	3426792212
	3426792213
	3426792214
	3426792215
	3426792216
	3426792217
	3426792218
	3426792219
	3426792220
	3426792221
	3426792222
	3426792223
	3426792224
	3426792225
	3426792226
	3426792227
	3426792228
	3426792229
	3426792230
	3426792231
	3426792232
	3426792233
	3426792234
	3426792235
	3426792236
	3426792237
	3426792238
	3426792239
	3426792240
	3426792241
	3426792242
	3426792243
	3426792244
	3426792245
	3426792246
	3426792247
	3426792248
	3426792249
	3426792250
	3426792251
	3426792252
	3426792253
	3426792254
	3426792255
	3426792256
	3426792257
	3426792258
	3426792259
	3426792260
	3426792261
	3426792262
	3426792263
	3426792264
	3426792265
	3426792266
	3426792267
	3426792268
	3426792269
	3426792270
	3426792271
	3426792272
	3426792273
	3426792274
	3426792275
	3426792276
	3426792277
	3426792278
	3426792279
	3426792280
	3426792281
	3426792282
	3426792283
	3426792284
	3426792285
	3426792286
	3426792287
	3426792288
	3426792289
	3426792290
	3426792291
	3426792292
	3426792293
	3426792294
	3426792295
	3426792296
	3426792297
	3426792298
	3426792299
	3426792300
	3426792301
	3426792302
	3426792303
	3426792304
	3426792305
	3426792306
	3426792307
	3426792308
	3426792309
	3426792310
	3426792311
	3426792312
	3426792313
	3426792314
	3426792315
	3426792316
	3426792317
	3426792318
	3426792319
	3426792320
	3426792321
	3426792322
	3426792323
	3426792324
	3426792325
	3426792326
	3426792327
	3426792328
	3426792329
	3426792330
	3426792331
	3426792332
	3426792333
	3426792334
	3426792335
	3426792336
	3426792337
	3426792338
	3426792339
	3426792340
	3426792341
	3426792342
	3426792343
	3426792344
	3426792345
	3426792346
	3426792347
	3426792348
	3426792349
	3426792350
	3426792351
	3426792352
	3426792353
	3426792354
	3426792355
	3426792356
	3426792357
	3426792358
	3426792359
	3426792360
	3426792361
	3426792362
	3426792363
	3426792364
	3426792365
	3426792366
	3426792367
	3426792368
	3426792369
	3426792370
	3426792371
	3426792372
	3426792373
	3426792374
	3426792375
	3426792376
	3426792377
	3426792378
	3426792379
	3426792380
	3426792381
	3426792382
	3426792383
	3426792384
	3426792385
	3426792386
	3426792387
	3426792388
	3426792389
	3426792390
	3426792391
	3426792392
	3426792393
	3426792394
	3426792395
	3426792396
	3426792397
	3426792398
	3426792399
	3426792400
	3426792401
	3426792402
	3426792403
	3426792404
	3426792405
	3426792406
	3426792407
	3426792408
	3426792409
	3426792410
	3426792411
	3426792412
	3426792413
	3426792414
	3426792415
	3426792416
	3426792417
	3426792418
	3426792419
	3426792420
	3426792421
	3426792422
	3426792423
	3426792424
	3426792425
	3426792426
	3426792427
	3426792428
	3426792429
	3426792430
	3426792431
	3426792432
	3426792433
	3426792434
	3426792435
	3426792436
	3426792437
	3426792438
	3426792439
	3426792440
	3426792441
	3426792442
	3426792443
	3426792444
	3426792445
	3426792446
	3426792447
	3426792448
	3426792449
	3426792450
	3426792451
	3426792452
	3426792453
	3426792454
	3426792455
	3426792456
	3426792457
	3426792458
	3426792459
	3426792460
	3426792461
	3426792462
	3426792463
	3426792464
	3426792465
	3426792466
	3426792467
	3426792468
	3426792469
	3426792470
	3426792471
	3426792472
	3426792473
	3426792474
	3426792475
	3426792476
	3426792477
	3426792478
	3426792479
	3426792480
	3426792481
	3426792482
	3426792483
	3426792484
	3426792485
	3426792486
	3426792487
	3426792488
	3426792489
	3426792490
	3426792491
	3426792492
	3426792493
	3426792494
	3426792495
	3426792496
	3426792497
	3426792498
	3426792499
	3426792500
	3426792501
	3426792502
	3426792503
	3426792504
	3426792505
	3426792506
	3426792507
	3426792508
	3426792509
	3426792510
	3426792511
	3426792512
	3426792513
	3426792514
	3426792515
	3426792516
	3426792517
	3426792518
	3426792519
	3426792520
	3426792521
	3426792522
	3426792523
	3426792524
	3426792525
	3426792526
	3426792527
	3426792528
	3426792529
	3426792530
	3426792531
	3426792532
	3426792533
	3426792534
	3426792535
	3426792536
	3426792537
	3426792538
	3426792539
	3426792540
	3426792541
	3426792542
	3426792543
	3426792544
	3426792545
	3426792546
	3426792547
	3426792548
	3426792549
	3426792550
	3426792551
	3426792552
	3426792553
	3426792554
	3426792555
	3426792556
	3426792557
	3426792558
	3426792559
	3426792560
	3426792561
	3426792562
	3426792563
	3426792564
	3426792565
	3426792566
	3426792567
	3426792568
	3426792569
	3426792570
	3426792571
	3426792572
	3426792573
	3426792574
	3426792575
	3426792576
	3426792577
	3426792578
	3426792579
	3426792580
	3426792581
	3426792582
	3426792583
	3426792584
	3426792585
	3426792586
	3426792587
	3426792588
	3426792589
	3426792590
	3426792591
	3426792592
	3426792593
	3426792594
	3426792595
	3426792596
	3426792597
	3426792598
	3426792599
	3426792600
	3426792601
	3426792602
	3426792603
	3426792604
	3426792605
	3426792606
	3426792607
	3426792608
	3426792609
	3426792610
	3426792611
	3426792612
	3426792613
	3426792614
	3426792615
	3426792616
	3426792617
	3426792618
	3426792619
	3426792620
	3426792621
	3426792622
	3426792623
	3426792624
	3426792625
	3426792626
	3426792627
	3426792628
	3426792629
	3426792630
	3426792631
	3426792632
	3426792633
	3426792634
	3426792635
	3426792636
	3426792637
	3426792638
	3426792639
	3426792640
	3426792641
	3426792642
	3426792643
	3426792644
	3426792645
	3426792646
	3426792647
	3426792648
	3426792649
	3426792650
	3426792651
	3426792652
	3426792653
	3426792654
	3426792655
	3426792656
	3426792657
	3426792658
	3426792659
	3426792660
	3426792661
	3426792662
	3426792663
	3426792664
	3426792665
	3426792666
	3426792667
	3426792668
	3426792669
	3426792670
	3426792671
	3426792672
	3426792673
	3426792674
	3426792675
	3426792676
	3426792677
	3426792678
	3426792679
	3426792680
	3426792681
	3426792682
	3426792683
	3426792684
	3426792685
	3426792686
	3426792687
	3426792688
	3426792689
	3426792690
	3426792691
	3426792692
	3426792693
	3426792694
	3426792695
	3426792696
	3426792697
	3426792698
	3426792699
	3426792700
	3426792701
	3426792702
	3426792703
	3426792704
	3426792705
	3426792706
	3426792707
	3426792708
	3426792709
	3426792710
	3426792711
	3426792712
	3426792713
	3426792714
	3426792715
	3426792716
	3426792717
	3426792718
	3426792719
	3426792720
	3426792721
	3426792722
	3426792723
	3426792724
	3426792725
	3426792726
	3426792727
	3426792728
	3426792729
	3426792730
	3426792731
	3426792732
	3426792733
	3426792734
	3426792735
	3426792736
	3426792737
	3426792738
	3426792739
	3426792740
	3426792741
	3426792742
	3426792743
	3426792744
	3426792745
	3426792746
	3426792747
	3426792748
	3426792749
	3426792750
	3426792751
	3426792752
	3426792753
	3426792754
	3426792755
	3426792756
	3426792757
	3426792758
	3426792759
	3426792760
	3426792761
	3426792762
	3426792763
	3426792764
	3426792765
	3426792766
	3426792767
	3426792768
	3426792769
	3426792770
	3426792771
	3426792772
	3426792773
	3426792774
	3426792775
	3426792776
	3426792777
	3426792778
	3426792779
	3426792780
	3426792781
	3426792782
	3426792783
	3426792784
	3426792785
	3426792786
	3426792787
	3426792788
	3426792789
	3426792790
	3426792791
	3426792792
	3426792793
	3426792794
	3426792795
	3426792796
	3426792797
	3426792798
	3426792799
	3426792800
	3426792801
	3426792802
	3426792803
	3426792804
	3426792805
	3426792806
	3426792807
	3426792808
	3426792809
	3426792810
	3426792811
	3426792812
	3426792813
	3426792814
	3426792815
	3426792816
	3426792817
	3426792818
	3426792819
	3426792820
	3426792821
	3426792822
	3426792823
	3426792824
	3426792825
	3426792826
	3426792827
	3426792828
	3426792829
	3426792830
	3426792831
	3426792832
	3426792833
	3426792834
	3426792835
	3426792836
	3426792837
	3426792838
	3426792839
	3426792840
	3426792841
	3426792842
	3426792843
	3426792844
	3426792845
	3426792846
	3426792847
	3426792848
	3426792849
	3426792850
	3426792851
	3426792852
	3426792853
	3426792854
	3426792855
	3426792856
	3426792857
	3426792858
	3426792859
	3426792860
	3426792861
	3426792862
	3426792863
	3426792864
	3426792865
	3426792866
	3426792867
	3426792868
	3426792869
	3426792870
	3426792871
	3426792872
	3426792873
	3426792874
	3426792875
	3426792876
	3426792877
	3426792878
	3426792879
	3426792880
	3426792881
	3426792882
	3426792883
	3426792884
	3426792885
	3426792886
	3426792887
	3426792888
	3426792889
	3426792890
	3426792891
	3426792892
	3426792893
	3426792894
	3426792895
	3426792896
	3426792897
	3426792898
	3426792899
	3426792900
	3426792901
	3426792902
	3426792903
	3426792904
	3426792905
	3426792906
	3426792907
	3426792908
	3426792909
	3426792910
	3426792911
	3426792912
	3426792913
	3426792914
	3426792915
	3426792916
	3426792917
	3426792918
	3426792919
	3426792920
	3426792921
	3426792922
	3426792923
	3426792924
	3426792925
	3426792926
	3426792927
	3426792928
	3426792929
	3426792930
	3426792931
	3426792932
	3426792933
	3426792934
	3426792935
	3426792936
	3426792937
	3426792938
	3426792939
	3426792940
	3426792941
	3426792942
	3426792943
	3426792944
	3426792945
	3426792946
	3426792947
	3426792948
	3426792949
	3426792950
	3426792951
	3426792952
	3426792953
	3426792954
	3426792955
	3426792956
	3426792957
	3426792958
	3426792959
	3426792960
	3426792961
	3426792962
	3426792963
	3426792964
	3426792965
	3426792966
	3426792967
	3426792968
	3426792969
	3426792970
	3426792971
	3426792972
	3426792973
	3426792974
	3426792975
	3426792976
	3426792977
	3426792978
	3426792979
	3426792980
	3426792981
	3426792982
	3426792983
	3426792984
	3426792985
	3426792986
	3426792987
	3426792988
	3426792989
	3426792990
	3426792991
	3426792992
	3426792993
	3426792994
	3426792995
	3426792996
	3426792997
	3426792998
	3426792999
	3426793000
	3426793001
	3426793002
	3426793003
	3426793004
	3426793005
	3426793006
	3426793007
	3426793008
	3426793009
	3426793010
	3426793011
	3426793012
	3426793013
	3426793014
	3426793015
	3426793016
	3426793017
	3426793018
	3426793019
	3426793020
	3426793021
	3426793022
	3426793023
	3426793024
	3426793025
	3426793026
	3426793027
	3426793028
	3426793029
	3426793030
	3426793031
	3426793032
	3426793033
	3426793034
	3426793035
	3426793036
	3426793037
	3426793038
	3426793039
	3426793040
	3426793041
	3426793042
	3426793043
	3426793044
	3426793045
	3426793046
	3426793047
	3426793048
	3426793049
	3426793050
	3426793051
	3426793052
	3426793053
	3426793054
	3426793055
	3426793056
	3426793057
	3426793058
	3426793059
	3426793060
	3426793061
	3426793062
	3426793063
	3426793064
	3426793065
	3426793066
	3426793067
	3426793068
	3426793069
	3426793070
	3426793071
	3426793072
	3426793073
	3426793074
	3426793075
	3426793076
	3426793077
	3426793078
	3426793079
	3426793080
	3426793081
	3426793082
	3426793083
	3426793084
	3426793085
	3426793086
	3426793087
	3426793088
	3426793089
	3426793090
	3426793091
	3426793092
	3426793093
	3426793094
	3426793095
	3426793096
	3426793097
	3426793098
	3426793099
	3426793100
	3426793101
	3426793102
	3426793103
	3426793104
	3426793105
	3426793106
	3426793107
	3426793108
	3426793109
	3426793110
	3426793111
	3426793112
	3426793113
	3426793114
	3426793115
	3426793116
	3426793117
	3426793118
	3426793119
	3426793120
	3426793121
	3426793122
	3426793123
	3426793124
	3426793125
	3426793126
	3426793127
	3426793128
	3426793129
	3426793130
	3426793131
	3426793132
	3426793133
	3426793134
	3426793135
	3426793136
	3426793137
	3426793138
	3426793139
	3426793140
	3426793141
	3426793142
	3426793143
	3426793144
	3426793145
	3426793146
	3426793147
	3426793148
	3426793149
	3426793150
	3426793151
	3426793152
	3426793153
	3426793154
	3426793155
	3426793156
	3426793157
	3426793158
	3426793159
	3426793160
	3426793161
	3426793162
	3426793163
	3426793164
	3426793165
	3426793166
	3426793167
	3426793168
	3426793169
	3426793170
	3426793171
	3426793172
	3426793173
	3426793174
	3426793175
	3426793176
	3426793177
	3426793178
	3426793179
	3426793180
	3426793181
	3426793182
	3426793183
	3426793184
	3426793185
	3426793186
	3426793187
	3426793188
	3426793189
	3426793190
	3426793191
	3426793192
	3426793193
	3426793194
	3426793195
	3426793196
	3426793197
	3426793198
	3426793199
	3426793200
	3426793201
	3426793202
	3426793203
	3426793204
	3426793205
	3426793206
	3426793207
	3426793208
	3426793209
	3426793210
	3426793211
	3426793212
	3426793213
	3426793214
	3426793215
	3426793216
	3426793217
	3426793218
	3426793219
	3426793220
	3426793221
	3426793222
	3426793223
	3426793224
	3426793225
	3426793226
	3426793227
	3426793228
	3426793229
	3426793230
	3426793231
	3426793232
	3426793233
	3426793234
	3426793235
	3426793236
	3426793237
	3426793238
	3426793239
	3426793240
	3426793241
	3426793242
	3426793243
	3426793244
	3426793245
	3426793246
	3426793247
	3426793248
	3426793249
	3426793250
	3426793251
	3426793252
	3426793253
	3426793254
	3426793255
	3426793256
	3426793257
	3426793258
	3426793259
	3426793260
	3426793261
	3426793262
	3426793263
	3426793264
	3426793265
	3426793266
	3426793267
	3426793268
	3426793269
	3426793270
	3426793271
	3426793272
	3426793273
	3426793274
	3426793275
	3426793276
	3426793277
	3426793278
	3426793279
	3426793280
	3426793281
	3426793282
	3426793283
	3426793284
	3426793285
	3426793286
	3426793287
	3426793288
	3426793289
	3426793290
	3426793291
	3426793292
	3426793293
	3426793294
	3426793295
	3426793296
	3426793297
	3426793298
	3426793299
	3426793300
	3426793301
	3426793302
	3426793303
	3426793304
	3426793305
	3426793306
	3426793307
	3426793308
	3426793309
	3426793310
	3426793311
	3426793312
	3426793313
	3426793314
	3426793315
	3426793316
	3426793317
	3426793318
	3426793319
	3426793320
	3426793321
	3426793322
	3426793323
	3426793324
	3426793325
	3426793326
	3426793327
	3426793328
	3426793329
	3426793330
	3426793331
	3426793332
	3426793333
	3426793334
	3426793335
	3426793336
	3426793337
	3426793338
	3426793339
	3426793340
	3426793341
	3426793342
	3426793343
	3426793344
	3426793345
	3426793346
	3426793347
	3426793348
	3426793349
	3426793350
	3426793351
	3426793352
	3426793353
	3426793354
	3426793355
	3426793356
	3426793357
	3426793358
	3426793359
	3426793360
	3426793361
	3426793362
	3426793363
	3426793364
	3426793365
	3426793366
	3426793367
	3426793368
	3426793369
	3426793370
	3426793371
	3426793372
	3426793373
	3426793374
	3426793375
	3426793376
	3426793377
	3426793378
	3426793379
	3426793380
	3426793381
	3426793382
	3426793383
	3426793384
	3426793385
	3426793386
	3426793387
	3426793388
	3426793389
	3426793390
	3426793391
	3426793392
	3426793393
	3426793394
	3426793395
	3426793396
	3426793397
	3426793398
	3426793399
	3426793400
	3426793401
	3426793402
	3426793403
	3426793404
	3426793405
	3426793406
	3426793407
	3426793408
	3426793409
	3426793410
	3426793411
	3426793412
	3426793413
	3426793414
	3426793415
	3426793416
	3426793417
	3426793418
	3426793419
	3426793420
	3426793421
	3426793422
	3426793423
	3426793424
	3426793425
	3426793426
	3426793427
	3426793428
	3426793429
	3426793430
	3426793431
	3426793432
	3426793433
	3426793434
	3426793435
	3426793436
	3426793437
	3426793438
	3426793439
	3426793440
	3426793441
	3426793442
	3426793443
	3426793444
	3426793445
	3426793446
	3426793447
	3426793448
	3426793449
	3426793450
	3426793451
	3426793452
	3426793453
	3426793454
	3426793455
	3426793456
	3426793457
	3426793458
	3426793459
	3426793460
	3426793461
	3426793462
	3426793463
	3426793464
	3426793465
	3426793466
	3426793467
	3426793468
	3426793469
	3426793470
	3426793471
	3426793472
	3426793473
	3426793474
	3426793475
	3426793476
	3426793477
	3426793478
	3426793479
	3426793480
	3426793481
	3426793482
	3426793483
	3426793484
	3426793485
	3426793486
	3426793487
	3426793488
	3426793489
	3426793490
	3426793491
	3426793492
	3426793493
	3426793494
	3426793495
	3426793496
	3426793497
	3426793498
	3426793499
	3426793500
	3426793501
	3426793502
	3426793503
	3426793504
	3426793505
	3426793506
	3426793507
	3426793508
	3426793509
	3426793510
	3426793511
	3426793512
	3426793513
	3426793514
	3426793515
	3426793516
	3426793517
	3426793518
	3426793519
	3426793520
	3426793521
	3426793522
	3426793523
	3426793524
	3426793525
	3426793526
	3426793527
	3426793528
	3426793529
	3426793530
	3426793531
	3426793532
	3426793533
	3426793534
	3426793535
	3426793536
	3426793537
	3426793538
	3426793539
	3426793540
	3426793541
	3426793542
	3426793543
	3426793544
	3426793545
	3426793546
	3426793547
	3426793548
	3426793549
	3426793550
	3426793551
	3426793552
	3426793553
	3426793554
	3426793555
	3426793556
	3426793557
	3426793558
	3426793559
	3426793560
	3426793561
	3426793562
	3426793563
	3426793564
	3426793565
	3426793566
	3426793567
	3426793568
	3426793569
	3426793570
	3426793571
	3426793572
	3426793573
	3426793574
	3426793575
	3426793576
	3426793577
	3426793578
	3426793579
	3426793580
	3426793581
	3426793582
	3426793583
	3426793584
	3426793585
	3426793586
	3426793587
	3426793588
	3426793589
	3426793590
	3426793591
	3426793592
	3426793593
	3426793594
	3426793595
	3426793596
	3426793597
	3426793598
	3426793599
	3426793600
	3426793601
	3426793602
	3426793603
	3426793604
	3426793605
	3426793606
	3426793607
	3426793608
	3426793609
	3426793610
	3426793611
	3426793612
	3426793613
	3426793614
	3426793615
	3426793616
	3426793617
	3426793618
	3426793619
	3426793620
	3426793621
	3426793622
	3426793623
	3426793624
	3426793625
	3426793626
	3426793627
	3426793628
	3426793629
	3426793630
	3426793631
	3426793632
	3426793633
	3426793634
	3426793635
	3426793636
	3426793637
	3426793638
	3426793639
	3426793640
	3426793641
	3426793642
	3426793643
	3426793644
	3426793645
	3426793646
	3426793647
	3426793648
	3426793649
	3426793650
	3426793651
	3426793652
	3426793653
	3426793654
	3426793655
	3426793656
	3426793657
	3426793658
	3426793659
	3426793660
	3426793661
	3426793662
	3426793663
	3426793664
	3426793665
	3426793666
	3426793667
	3426793668
	3426793669
	3426793670
	3426793671
	3426793672
	3426793673
	3426793674
	3426793675
	3426793676
	3426793677
	3426793678
	3426793679
	3426793680
	3426793681
	3426793682
	3426793683
	3426793684
	3426793685
	3426793686
	3426793687
	3426793688
	3426793689
	3426793690
	3426793691
	3426793692
	3426793693
	3426793694
	3426793695
	3426793696
	3426793697
	3426793698
	3426793699
	3426793700
	3426793701
	3426793702
	3426793703
	3426793704
	3426793705
	3426793706
	3426793707
	3426793708
	3426793709
	3426793710
	3426793711
	3426793712
	3426793713
	3426793714
	3426793715
	3426793716
	3426793717
	3426793718
	3426793719
	3426793720
	3426793721
	3426793722
	3426793723
	3426793724
	3426793725
	3426793726
	3426793727
	3426793728
	3426793729
	3426793730
	3426793731
	3426793732
	3426793733
	3426793734
	3426793735
	3426793736
	3426793737
	3426793738
	3426793739
	3426793740
	3426793741
	3426793742
	3426793743
	3426793744
	3426793745
	3426793746
	3426793747
	3426793748
	3426793749
	3426793750
	3426793751
	3426793752
	3426793753
	3426793754
	3426793755
	3426793756
	3426793757
	3426793758
	3426793759
	3426793760
	3426793761
	3426793762
	3426793763
	3426793764
	3426793765
	3426793766
	3426793767
	3426793768
	3426793769
	3426793770
	3426793771
	3426793772
	3426793773
	3426793774
	3426793775
	3426793776
	3426793777
	3426793778
	3426793779
	3426793780
	3426793781
	3426793782
	3426793783
	3426793784
	3426793785
	3426793786
	3426793787
	3426793788
	3426793789
	3426793790
	3426793791
	3426793792
	3426793793
	3426793794
	3426793795
	3426793796
	3426793797
	3426793798
	3426793799
	3426793800
	3426793801
	3426793802
	3426793803
	3426793804
	3426793805
	3426793806
	3426793807
	3426793808
	3426793809
	3426793810
	3426793811
	3426793812
	3426793813
	3426793814
	3426793815
	3426793816
	3426793817
	3426793818
	3426793819
	3426793820
	3426793821
	3426793822
	3426793823
	3426793824
	3426793825
	3426793826
	3426793827
	3426793828
	3426793829
	3426793830
	3426793831
	3426793832
	3426793833
	3426793834
	3426793835
	3426793836
	3426793837
	3426793838
	3426793839
	3426793840
	3426793841
	3426793842
	3426793843
	3426793844
	3426793845
	3426793846
	3426793847
	3426793848
	3426793849
	3426793850
	3426793851
	3426793852
	3426793853
	3426793854
	3426793855
	3426793856
	3426793857
	3426793858
	3426793859
	3426793860
	3426793861
	3426793862
	3426793863
	3426793864
	3426793865
	3426793866
	3426793867
	3426793868
	3426793869
	3426793870
	3426793871
	3426793872
	3426793873
	3426793874
	3426793875
	3426793876
	3426793877
	3426793878
	3426793879
	3426793880
	3426793881
	3426793882
	3426793883
	3426793884
	3426793885
	3426793886
	3426793887
	3426793888
	3426793889
	3426793890
	3426793891
	3426793892
	3426793893
	3426793894
	3426793895
	3426793896
	3426793897
	3426793898
	3426793899
	3426793900
	3426793901
	3426793902
	3426793903
	3426793904
	3426793905
	3426793906
	3426793907
	3426793908
	3426793909
	3426793910
	3426793911
	3426793912
	3426793913
	3426793914
	3426793915
	3426793916
	3426793917
	3426793918
	3426793919
	3426793920
	3426793921
	3426793922
	3426793923
	3426793924
	3426793925
	3426793926
	3426793927
	3426793928
	3426793929
	3426793930
	3426793931
	3426793932
	3426793933
	3426793934
	3426793935
	3426793936
	3426793937
	3426793938
	3426793939
	3426793940
	3426793941
	3426793942
	3426793943
	3426793944
	3426793945
	3426793946
	3426793947
	3426793948
	3426793949
	3426793950
	3426793951
	3426793952
	3426793953
	3426793954
	3426793955
	3426793956
	3426793957
	3426793958
	3426793959
	3426793960
	3426793961
	3426793962
	3426793963
	3426793964
	3426793965
	3426793966
	3426793967
	3426793968
	3426793969
	3426793970
	3426793971
	3426793972
	3426793973
	3426793974
	3426793975
	3426793976
	3426793977
	3426793978
	3426793979
	3426793980
	3426793981
	3426793982
	3426793983
	3426793984
	3426793985
	3426793986
	3426793987
	3426793988
	3426793989
	3426793990
	3426793991
	3426793992
	3426793993
	3426793994
	3426793995
	3426793996
	3426793997
	3426793998
	3426793999
	3426794000
	3426794001
	3426794002
	3426794003
	3426794004
	3426794005
	3426794006
	3426794007
	3426794008
	3426794009
	3426794010
	3426794011
	3426794012
	3426794013
	3426794014
	3426794015
	3426794016
	3426794017
	3426794018
	3426794019
	3426794020
	3426794021
	3426794022
	3426794023
	3426794024
	3426794025
	3426794026
	3426794027
	3426794028
	3426794029
	3426794030
	3426794031
	3426794032
	3426794033
	3426794034
	3426794035
	3426794036
	3426794037
