	3426743638
	3426743639
	3426743640
	3426743641
	3426743642
	3426743643
	3426743644
	3426743645
	3426743646
	3426743647
	3426743648
	3426743649
	3426743650
	3426743651
	3426743652
	3426743653
	3426743654
	3426743655
	3426743656
	3426743657
	3426743658
	3426743659
	3426743660
	3426743661
	3426743662
	3426743663
	3426743664
	3426743665
	3426743666
	3426743667
	3426743668
	3426743669
	3426743670
	3426743671
	3426743672
	3426743673
	3426743674
	3426743675
	3426743676
	3426743677
	3426743678
	3426743679
	3426743680
	3426743681
	3426743682
	3426743683
	3426743684
	3426743685
	3426743686
	3426743687
	3426743688
	3426743689
	3426743690
	3426743691
	3426743692
	3426743693
	3426743694
	3426743695
	3426743696
	3426743697
	3426743698
	3426743699
	3426743700
	3426743701
	3426743702
	3426743703
	3426743704
	3426743705
	3426743706
	3426743707
	3426743708
	3426743709
	3426743710
	3426743711
	3426743712
	3426743713
	3426743714
	3426743715
	3426743716
	3426743717
	3426743718
	3426743719
	3426743720
	3426743721
	3426743722
	3426743723
	3426743724
	3426743725
	3426743726
	3426743727
	3426743728
	3426743729
	3426743730
	3426743731
	3426743732
	3426743733
	3426743734
	3426743735
	3426743736
	3426743737
	3426743738
	3426743739
	3426743740
	3426743741
	3426743742
	3426743743
	3426743744
	3426743745
	3426743746
	3426743747
	3426743748
	3426743749
	3426743750
	3426743751
	3426743752
	3426743753
	3426743754
	3426743755
	3426743756
	3426743757
	3426743758
	3426743759
	3426743760
	3426743761
	3426743762
	3426743763
	3426743764
	3426743765
	3426743766
	3426743767
	3426743768
	3426743769
	3426743770
	3426743771
	3426743772
	3426743773
	3426743774
	3426743775
	3426743776
	3426743777
	3426743778
	3426743779
	3426743780
	3426743781
	3426743782
	3426743783
	3426743784
	3426743785
	3426743786
	3426743787
	3426743788
	3426743789
	3426743790
	3426743791
	3426743792
	3426743793
	3426743794
	3426743795
	3426743796
	3426743797
	3426743798
	3426743799
	3426743800
	3426743801
	3426743802
	3426743803
	3426743804
	3426743805
	3426743806
	3426743807
	3426743808
	3426743809
	3426743810
	3426743811
	3426743812
	3426743813
	3426743814
	3426743815
	3426743816
	3426743817
	3426743818
	3426743819
	3426743820
	3426743821
	3426743822
	3426743823
	3426743824
	3426743825
	3426743826
	3426743827
	3426743828
	3426743829
	3426743830
	3426743831
	3426743832
	3426743833
	3426743834
	3426743835
	3426743836
	3426743837
	3426743838
	3426743839
	3426743840
	3426743841
	3426743842
	3426743843
	3426743844
	3426743845
	3426743846
	3426743847
	3426743848
	3426743849
	3426743850
	3426743851
	3426743852
	3426743853
	3426743854
	3426743855
	3426743856
	3426743857
	3426743858
	3426743859
	3426743860
	3426743861
	3426743862
	3426743863
	3426743864
	3426743865
	3426743866
	3426743867
	3426743868
	3426743869
	3426743870
	3426743871
	3426743872
	3426743873
	3426743874
	3426743875
	3426743876
	3426743877
	3426743878
	3426743879
	3426743880
	3426743881
	3426743882
	3426743883
	3426743884
	3426743885
	3426743886
	3426743887
	3426743888
	3426743889
	3426743890
	3426743891
	3426743892
	3426743893
	3426743894
	3426743895
	3426743896
	3426743897
	3426743898
	3426743899
	3426743900
	3426743901
	3426743902
	3426743903
	3426743904
	3426743905
	3426743906
	3426743907
	3426743908
	3426743909
	3426743910
	3426743911
	3426743912
	3426743913
	3426743914
	3426743915
	3426743916
	3426743917
	3426743918
	3426743919
	3426743920
	3426743921
	3426743922
	3426743923
	3426743924
	3426743925
	3426743926
	3426743927
	3426743928
	3426743929
	3426743930
	3426743931
	3426743932
	3426743933
	3426743934
	3426743935
	3426743936
	3426743937
	3426743938
	3426743939
	3426743940
	3426743941
	3426743942
	3426743943
	3426743944
	3426743945
	3426743946
	3426743947
	3426743948
	3426743949
	3426743950
	3426743951
	3426743952
	3426743953
	3426743954
	3426743955
	3426743956
	3426743957
	3426743958
	3426743959
	3426743960
	3426743961
	3426743962
	3426743963
	3426743964
	3426743965
	3426743966
	3426743967
	3426743968
	3426743969
	3426743970
	3426743971
	3426743972
	3426743973
	3426743974
	3426743975
	3426743976
	3426743977
	3426743978
	3426743979
	3426743980
	3426743981
	3426743982
	3426743983
	3426743984
	3426743985
	3426743986
	3426743987
	3426743988
	3426743989
	3426743990
	3426743991
	3426743992
	3426743993
	3426743994
	3426743995
	3426743996
	3426743997
	3426743998
	3426743999
	3426744000
	3426744001
	3426744002
	3426744003
	3426744004
	3426744005
	3426744006
	3426744007
	3426744008
	3426744009
	3426744010
	3426744011
	3426744012
	3426744013
	3426744014
	3426744015
	3426744016
	3426744017
	3426744018
	3426744019
	3426744020
	3426744021
	3426744022
	3426744023
	3426744024
	3426744025
	3426744026
	3426744027
	3426744028
	3426744029
	3426744030
	3426744031
	3426744032
	3426744033
	3426744034
	3426744035
	3426744036
	3426744037
	3426744038
	3426744039
	3426744040
	3426744041
	3426744042
	3426744043
	3426744044
	3426744045
	3426744046
	3426744047
	3426744048
	3426744049
	3426744050
	3426744051
	3426744052
	3426744053
	3426744054
	3426744055
	3426744056
	3426744057
	3426744058
	3426744059
	3426744060
	3426744061
	3426744062
	3426744063
	3426744064
	3426744065
	3426744066
	3426744067
	3426744068
	3426744069
	3426744070
	3426744071
	3426744072
	3426744073
	3426744074
	3426744075
	3426744076
	3426744077
	3426744078
	3426744079
	3426744080
	3426744081
	3426744082
	3426744083
	3426744084
	3426744085
	3426744086
	3426744087
	3426744088
	3426744089
	3426744090
	3426744091
	3426744092
	3426744093
	3426744094
	3426744095
	3426744096
	3426744097
	3426744098
	3426744099
	3426744100
	3426744101
	3426744102
	3426744103
	3426744104
	3426744105
	3426744106
	3426744107
	3426744108
	3426744109
	3426744110
	3426744111
	3426744112
	3426744113
	3426744114
	3426744115
	3426744116
	3426744117
	3426744118
	3426744119
	3426744120
	3426744121
	3426744122
	3426744123
	3426744124
	3426744125
	3426744126
	3426744127
	3426744128
	3426744129
	3426744130
	3426744131
	3426744132
	3426744133
	3426744134
	3426744135
	3426744136
	3426744137
	3426744138
	3426744139
	3426744140
	3426744141
	3426744142
	3426744143
	3426744144
	3426744145
	3426744146
	3426744147
	3426744148
	3426744149
	3426744150
	3426744151
	3426744152
	3426744153
	3426744154
	3426744155
	3426744156
	3426744157
	3426744158
	3426744159
	3426744160
	3426744161
	3426744162
	3426744163
	3426744164
	3426744165
	3426744166
	3426744167
	3426744168
	3426744169
	3426744170
	3426744171
	3426744172
	3426744173
	3426744174
	3426744175
	3426744176
	3426744177
	3426744178
	3426744179
	3426744180
	3426744181
	3426744182
	3426744183
	3426744184
	3426744185
	3426744186
	3426744187
	3426744188
	3426744189
	3426744190
	3426744191
	3426744192
	3426744193
	3426744194
	3426744195
	3426744196
	3426744197
	3426744198
	3426744199
	3426744200
	3426744201
	3426744202
	3426744203
	3426744204
	3426744205
	3426744206
	3426744207
	3426744208
	3426744209
	3426744210
	3426744211
	3426744212
	3426744213
	3426744214
	3426744215
	3426744216
	3426744217
	3426744218
	3426744219
	3426744220
	3426744221
	3426744222
	3426744223
	3426744224
	3426744225
	3426744226
	3426744227
	3426744228
	3426744229
	3426744230
	3426744231
	3426744232
	3426744233
	3426744234
	3426744235
	3426744236
	3426744237
	3426744238
	3426744239
	3426744240
	3426744241
	3426744242
	3426744243
	3426744244
	3426744245
	3426744246
	3426744247
	3426744248
	3426744249
	3426744250
	3426744251
	3426744252
	3426744253
	3426744254
	3426744255
	3426744256
	3426744257
	3426744258
	3426744259
	3426744260
	3426744261
	3426744262
	3426744263
	3426744264
	3426744265
	3426744266
	3426744267
	3426744268
	3426744269
	3426744270
	3426744271
	3426744272
	3426744273
	3426744274
	3426744275
	3426744276
	3426744277
	3426744278
	3426744279
	3426744280
	3426744281
	3426744282
	3426744283
	3426744284
	3426744285
	3426744286
	3426744287
	3426744288
	3426744289
	3426744290
	3426744291
	3426744292
	3426744293
	3426744294
	3426744295
	3426744296
	3426744297
	3426744298
	3426744299
	3426744300
	3426744301
	3426744302
	3426744303
	3426744304
	3426744305
	3426744306
	3426744307
	3426744308
	3426744309
	3426744310
	3426744311
	3426744312
	3426744313
	3426744314
	3426744315
	3426744316
	3426744317
	3426744318
	3426744319
	3426744320
	3426744321
	3426744322
	3426744323
	3426744324
	3426744325
	3426744326
	3426744327
	3426744328
	3426744329
	3426744330
	3426744331
	3426744332
	3426744333
	3426744334
	3426744335
	3426744336
	3426744337
	3426744338
	3426744339
	3426744340
	3426744341
	3426744342
	3426744343
	3426744344
	3426744345
	3426744346
	3426744347
	3426744348
	3426744349
	3426744350
	3426744351
	3426744352
	3426744353
	3426744354
	3426744355
	3426744356
	3426744357
	3426744358
	3426744359
	3426744360
	3426744361
	3426744362
	3426744363
	3426744364
	3426744365
	3426744366
	3426744367
	3426744368
	3426744369
	3426744370
	3426744371
	3426744372
	3426744373
	3426744374
	3426744375
	3426744376
	3426744377
	3426744378
	3426744379
	3426744380
	3426744381
	3426744382
	3426744383
	3426744384
	3426744385
	3426744386
	3426744387
	3426744388
	3426744389
	3426744390
	3426744391
	3426744392
	3426744393
	3426744394
	3426744395
	3426744396
	3426744397
	3426744398
	3426744399
	3426744400
	3426744401
	3426744402
	3426744403
	3426744404
	3426744405
	3426744406
	3426744407
	3426744408
	3426744409
	3426744410
	3426744411
	3426744412
	3426744413
	3426744414
	3426744415
	3426744416
	3426744417
	3426744418
	3426744419
	3426744420
	3426744421
	3426744422
	3426744423
	3426744424
	3426744425
	3426744426
	3426744427
	3426744428
	3426744429
	3426744430
	3426744431
	3426744432
	3426744433
	3426744434
	3426744435
	3426744436
	3426744437
	3426744438
	3426744439
	3426744440
	3426744441
	3426744442
	3426744443
	3426744444
	3426744445
	3426744446
	3426744447
	3426744448
	3426744449
	3426744450
	3426744451
	3426744452
	3426744453
	3426744454
	3426744455
	3426744456
	3426744457
	3426744458
	3426744459
	3426744460
	3426744461
	3426744462
	3426744463
	3426744464
	3426744465
	3426744466
	3426744467
	3426744468
	3426744469
	3426744470
	3426744471
	3426744472
	3426744473
	3426744474
	3426744475
	3426744476
	3426744477
	3426744478
	3426744479
	3426744480
	3426744481
	3426744482
	3426744483
	3426744484
	3426744485
	3426744486
	3426744487
	3426744488
	3426744489
	3426744490
	3426744491
	3426744492
	3426744493
	3426744494
	3426744495
	3426744496
	3426744497
	3426744498
	3426744499
	3426744500
	3426744501
	3426744502
	3426744503
	3426744504
	3426744505
	3426744506
	3426744507
	3426744508
	3426744509
	3426744510
	3426744511
	3426744512
	3426744513
	3426744514
	3426744515
	3426744516
	3426744517
	3426744518
	3426744519
	3426744520
	3426744521
	3426744522
	3426744523
	3426744524
	3426744525
	3426744526
	3426744527
	3426744528
	3426744529
	3426744530
	3426744531
	3426744532
	3426744533
	3426744534
	3426744535
	3426744536
	3426744537
	3426744538
	3426744539
	3426744540
	3426744541
	3426744542
	3426744543
	3426744544
	3426744545
	3426744546
	3426744547
	3426744548
	3426744549
	3426744550
	3426744551
	3426744552
	3426744553
	3426744554
	3426744555
	3426744556
	3426744557
	3426744558
	3426744559
	3426744560
	3426744561
	3426744562
	3426744563
	3426744564
	3426744565
	3426744566
	3426744567
	3426744568
	3426744569
	3426744570
	3426744571
	3426744572
	3426744573
	3426744574
	3426744575
	3426744576
	3426744577
	3426744578
	3426744579
	3426744580
	3426744581
	3426744582
	3426744583
	3426744584
	3426744585
	3426744586
	3426744587
	3426744588
	3426744589
	3426744590
	3426744591
	3426744592
	3426744593
	3426744594
	3426744595
	3426744596
	3426744597
	3426744598
	3426744599
	3426744600
	3426744601
	3426744602
	3426744603
	3426744604
	3426744605
	3426744606
	3426744607
	3426744608
	3426744609
	3426744610
	3426744611
	3426744612
	3426744613
	3426744614
	3426744615
	3426744616
	3426744617
	3426744618
	3426744619
	3426744620
	3426744621
	3426744622
	3426744623
	3426744624
	3426744625
	3426744626
	3426744627
	3426744628
	3426744629
	3426744630
	3426744631
	3426744632
	3426744633
	3426744634
	3426744635
	3426744636
	3426744637
	3426744638
	3426744639
	3426744640
	3426744641
	3426744642
	3426744643
	3426744644
	3426744645
	3426744646
	3426744647
	3426744648
	3426744649
	3426744650
	3426744651
	3426744652
	3426744653
	3426744654
	3426744655
	3426744656
	3426744657
	3426744658
	3426744659
	3426744660
	3426744661
	3426744662
	3426744663
	3426744664
	3426744665
	3426744666
	3426744667
	3426744668
	3426744669
	3426744670
	3426744671
	3426744672
	3426744673
	3426744674
	3426744675
	3426744676
	3426744677
	3426744678
	3426744679
	3426744680
	3426744681
	3426744682
	3426744683
	3426744684
	3426744685
	3426744686
	3426744687
	3426744688
	3426744689
	3426744690
	3426744691
	3426744692
	3426744693
	3426744694
	3426744695
	3426744696
	3426744697
	3426744698
	3426744699
	3426744700
	3426744701
	3426744702
	3426744703
	3426744704
	3426744705
	3426744706
	3426744707
	3426744708
	3426744709
	3426744710
	3426744711
	3426744712
	3426744713
	3426744714
	3426744715
	3426744716
	3426744717
	3426744718
	3426744719
	3426744720
	3426744721
	3426744722
	3426744723
	3426744724
	3426744725
	3426744726
	3426744727
	3426744728
	3426744729
	3426744730
	3426744731
	3426744732
	3426744733
	3426744734
	3426744735
	3426744736
	3426744737
	3426744738
	3426744739
	3426744740
	3426744741
	3426744742
	3426744743
	3426744744
	3426744745
	3426744746
	3426744747
	3426744748
	3426744749
	3426744750
	3426744751
	3426744752
	3426744753
	3426744754
	3426744755
	3426744756
	3426744757
	3426744758
	3426744759
	3426744760
	3426744761
	3426744762
	3426744763
	3426744764
	3426744765
	3426744766
	3426744767
	3426744768
	3426744769
	3426744770
	3426744771
	3426744772
	3426744773
	3426744774
	3426744775
	3426744776
	3426744777
	3426744778
	3426744779
	3426744780
	3426744781
	3426744782
	3426744783
	3426744784
	3426744785
	3426744786
	3426744787
	3426744788
	3426744789
	3426744790
	3426744791
	3426744792
	3426744793
	3426744794
	3426744795
	3426744796
	3426744797
	3426744798
	3426744799
	3426744800
	3426744801
	3426744802
	3426744803
	3426744804
	3426744805
	3426744806
	3426744807
	3426744808
	3426744809
	3426744810
	3426744811
	3426744812
	3426744813
	3426744814
	3426744815
	3426744816
	3426744817
	3426744818
	3426744819
	3426744820
	3426744821
	3426744822
	3426744823
	3426744824
	3426744825
	3426744826
	3426744827
	3426744828
	3426744829
	3426744830
	3426744831
	3426744832
	3426744833
	3426744834
	3426744835
	3426744836
	3426744837
	3426744838
	3426744839
	3426744840
	3426744841
	3426744842
	3426744843
	3426744844
	3426744845
	3426744846
	3426744847
	3426744848
	3426744849
	3426744850
	3426744851
	3426744852
	3426744853
	3426744854
	3426744855
	3426744856
	3426744857
	3426744858
	3426744859
	3426744860
	3426744861
	3426744862
	3426744863
	3426744864
	3426744865
	3426744866
	3426744867
	3426744868
	3426744869
	3426744870
	3426744871
	3426744872
	3426744873
	3426744874
	3426744875
	3426744876
	3426744877
	3426744878
	3426744879
	3426744880
	3426744881
	3426744882
	3426744883
	3426744884
	3426744885
	3426744886
	3426744887
	3426744888
	3426744889
	3426744890
	3426744891
	3426744892
	3426744893
	3426744894
	3426744895
	3426744896
	3426744897
	3426744898
	3426744899
	3426744900
	3426744901
	3426744902
	3426744903
	3426744904
	3426744905
	3426744906
	3426744907
	3426744908
	3426744909
	3426744910
	3426744911
	3426744912
	3426744913
	3426744914
	3426744915
	3426744916
	3426744917
	3426744918
	3426744919
	3426744920
	3426744921
	3426744922
	3426744923
	3426744924
	3426744925
	3426744926
	3426744927
	3426744928
	3426744929
	3426744930
	3426744931
	3426744932
	3426744933
	3426744934
	3426744935
	3426744936
	3426744937
	3426744938
	3426744939
	3426744940
	3426744941
	3426744942
	3426744943
	3426744944
	3426744945
	3426744946
	3426744947
	3426744948
	3426744949
	3426744950
	3426744951
	3426744952
	3426744953
	3426744954
	3426744955
	3426744956
	3426744957
	3426744958
	3426744959
	3426744960
	3426744961
	3426744962
	3426744963
	3426744964
	3426744965
	3426744966
	3426744967
	3426744968
	3426744969
	3426744970
	3426744971
	3426744972
	3426744973
	3426744974
	3426744975
	3426744976
	3426744977
	3426744978
	3426744979
	3426744980
	3426744981
	3426744982
	3426744983
	3426744984
	3426744985
	3426744986
	3426744987
	3426744988
	3426744989
	3426744990
	3426744991
	3426744992
	3426744993
	3426744994
	3426744995
	3426744996
	3426744997
	3426744998
	3426744999
	3426745000
	3426745001
	3426745002
	3426745003
	3426745004
	3426745005
	3426745006
	3426745007
	3426745008
	3426745009
	3426745010
	3426745011
	3426745012
	3426745013
	3426745014
	3426745015
	3426745016
	3426745017
	3426745018
	3426745019
	3426745020
	3426745021
	3426745022
	3426745023
	3426745024
	3426745025
	3426745026
	3426745027
	3426745028
	3426745029
	3426745030
	3426745031
	3426745032
	3426745033
	3426745034
	3426745035
	3426745036
	3426745037
	3426745038
	3426745039
	3426745040
	3426745041
	3426745042
	3426745043
	3426745044
	3426745045
	3426745046
	3426745047
	3426745048
	3426745049
	3426745050
	3426745051
	3426745052
	3426745053
	3426745054
	3426745055
	3426745056
	3426745057
	3426745058
	3426745059
	3426745060
	3426745061
	3426745062
	3426745063
	3426745064
	3426745065
	3426745066
	3426745067
	3426745068
	3426745069
	3426745070
	3426745071
	3426745072
	3426745073
	3426745074
	3426745075
	3426745076
	3426745077
	3426745078
	3426745079
	3426745080
	3426745081
	3426745082
	3426745083
	3426745084
	3426745085
	3426745086
	3426745087
	3426745088
	3426745089
	3426745090
	3426745091
	3426745092
	3426745093
	3426745094
	3426745095
	3426745096
	3426745097
	3426745098
	3426745099
	3426745100
	3426745101
	3426745102
	3426745103
	3426745104
	3426745105
	3426745106
	3426745107
	3426745108
	3426745109
	3426745110
	3426745111
	3426745112
	3426745113
	3426745114
	3426745115
	3426745116
	3426745117
	3426745118
	3426745119
	3426745120
	3426745121
	3426745122
	3426745123
	3426745124
	3426745125
	3426745126
	3426745127
	3426745128
	3426745129
	3426745130
	3426745131
	3426745132
	3426745133
	3426745134
	3426745135
	3426745136
	3426745137
	3426745138
	3426745139
	3426745140
	3426745141
	3426745142
	3426745143
	3426745144
	3426745145
	3426745146
	3426745147
	3426745148
	3426745149
	3426745150
	3426745151
	3426745152
	3426745153
	3426745154
	3426745155
	3426745156
	3426745157
	3426745158
	3426745159
	3426745160
	3426745161
	3426745162
	3426745163
	3426745164
	3426745165
	3426745166
	3426745167
	3426745168
	3426745169
	3426745170
	3426745171
	3426745172
	3426745173
	3426745174
	3426745175
	3426745176
	3426745177
	3426745178
	3426745179
	3426745180
	3426745181
	3426745182
	3426745183
	3426745184
	3426745185
	3426745186
	3426745187
	3426745188
	3426745189
	3426745190
	3426745191
	3426745192
	3426745193
	3426745194
	3426745195
	3426745196
	3426745197
	3426745198
	3426745199
	3426745200
	3426745201
	3426745202
	3426745203
	3426745204
	3426745205
	3426745206
	3426745207
	3426745208
	3426745209
	3426745210
	3426745211
	3426745212
	3426745213
	3426745214
	3426745215
	3426745216
	3426745217
	3426745218
	3426745219
	3426745220
	3426745221
	3426745222
	3426745223
	3426745224
	3426745225
	3426745226
	3426745227
	3426745228
	3426745229
	3426745230
	3426745231
	3426745232
	3426745233
	3426745234
	3426745235
	3426745236
	3426745237
	3426745238
	3426745239
	3426745240
	3426745241
	3426745242
	3426745243
	3426745244
	3426745245
	3426745246
	3426745247
	3426745248
	3426745249
	3426745250
	3426745251
	3426745252
	3426745253
	3426745254
	3426745255
	3426745256
	3426745257
	3426745258
	3426745259
	3426745260
	3426745261
	3426745262
	3426745263
	3426745264
	3426745265
	3426745266
	3426745267
	3426745268
	3426745269
	3426745270
	3426745271
	3426745272
	3426745273
	3426745274
	3426745275
	3426745276
	3426745277
	3426745278
	3426745279
	3426745280
	3426745281
	3426745282
	3426745283
	3426745284
	3426745285
	3426745286
	3426745287
	3426745288
	3426745289
	3426745290
	3426745291
	3426745292
	3426745293
	3426745294
	3426745295
	3426745296
	3426745297
	3426745298
	3426745299
	3426745300
	3426745301
	3426745302
	3426745303
	3426745304
	3426745305
	3426745306
	3426745307
	3426745308
	3426745309
	3426745310
	3426745311
	3426745312
	3426745313
	3426745314
	3426745315
	3426745316
	3426745317
	3426745318
	3426745319
	3426745320
	3426745321
	3426745322
	3426745323
	3426745324
	3426745325
	3426745326
	3426745327
	3426745328
	3426745329
	3426745330
	3426745331
	3426745332
	3426745333
	3426745334
	3426745335
	3426745336
	3426745337
	3426745338
	3426745339
	3426745340
	3426745341
	3426745342
	3426745343
	3426745344
	3426745345
	3426745346
	3426745347
	3426745348
	3426745349
	3426745350
	3426745351
	3426745352
	3426745353
	3426745354
	3426745355
	3426745356
	3426745357
	3426745358
	3426745359
	3426745360
	3426745361
	3426745362
	3426745363
	3426745364
	3426745365
	3426745366
	3426745367
	3426745368
	3426745369
	3426745370
	3426745371
	3426745372
	3426745373
	3426745374
	3426745375
	3426745376
	3426745377
	3426745378
	3426745379
	3426745380
	3426745381
	3426745382
	3426745383
	3426745384
	3426745385
	3426745386
	3426745387
	3426745388
	3426745389
	3426745390
	3426745391
	3426745392
	3426745393
	3426745394
	3426745395
	3426745396
	3426745397
	3426745398
	3426745399
	3426745400
	3426745401
	3426745402
	3426745403
	3426745404
	3426745405
	3426745406
	3426745407
	3426745408
	3426745409
	3426745410
	3426745411
	3426745412
	3426745413
	3426745414
	3426745415
	3426745416
	3426745417
	3426745418
	3426745419
	3426745420
	3426745421
	3426745422
	3426745423
	3426745424
	3426745425
	3426745426
	3426745427
	3426745428
	3426745429
	3426745430
	3426745431
	3426745432
	3426745433
	3426745434
	3426745435
	3426745436
	3426745437
	3426745438
	3426745439
	3426745440
	3426745441
	3426745442
	3426745443
	3426745444
	3426745445
	3426745446
	3426745447
	3426745448
	3426745449
	3426745450
	3426745451
	3426745452
	3426745453
	3426745454
	3426745455
	3426745456
	3426745457
	3426745458
	3426745459
	3426745460
	3426745461
	3426745462
	3426745463
	3426745464
	3426745465
	3426745466
	3426745467
	3426745468
	3426745469
	3426745470
	3426745471
	3426745472
	3426745473
	3426745474
	3426745475
	3426745476
	3426745477
	3426745478
	3426745479
	3426745480
	3426745481
	3426745482
	3426745483
	3426745484
	3426745485
	3426745486
	3426745487
	3426745488
	3426745489
	3426745490
	3426745491
	3426745492
	3426745493
	3426745494
	3426745495
	3426745496
	3426745497
	3426745498
	3426745499
	3426745500
	3426745501
	3426745502
	3426745503
	3426745504
	3426745505
	3426745506
	3426745507
	3426745508
	3426745509
	3426745510
	3426745511
	3426745512
	3426745513
	3426745514
	3426745515
	3426745516
	3426745517
	3426745518
	3426745519
	3426745520
	3426745521
	3426745522
	3426745523
	3426745524
	3426745525
	3426745526
	3426745527
	3426745528
	3426745529
	3426745530
	3426745531
	3426745532
	3426745533
	3426745534
	3426745535
	3426745536
	3426745537
	3426745538
	3426745539
	3426745540
	3426745541
	3426745542
	3426745543
	3426745544
	3426745545
	3426745546
	3426745547
	3426745548
	3426745549
	3426745550
	3426745551
	3426745552
	3426745553
	3426745554
	3426745555
	3426745556
	3426745557
	3426745558
	3426745559
	3426745560
	3426745561
	3426745562
	3426745563
	3426745564
	3426745565
	3426745566
	3426745567
	3426745568
	3426745569
	3426745570
	3426745571
	3426745572
	3426745573
	3426745574
	3426745575
	3426745576
	3426745577
	3426745578
	3426745579
	3426745580
	3426745581
	3426745582
	3426745583
	3426745584
	3426745585
	3426745586
	3426745587
	3426745588
	3426745589
	3426745590
	3426745591
	3426745592
	3426745593
	3426745594
	3426745595
	3426745596
	3426745597
	3426745598
	3426745599
	3426745600
	3426745601
	3426745602
	3426745603
	3426745604
	3426745605
	3426745606
	3426745607
	3426745608
	3426745609
	3426745610
	3426745611
	3426745612
	3426745613
	3426745614
	3426745615
	3426745616
	3426745617
	3426745618
	3426745619
	3426745620
	3426745621
	3426745622
	3426745623
	3426745624
	3426745625
	3426745626
	3426745627
	3426745628
	3426745629
	3426745630
	3426745631
	3426745632
	3426745633
	3426745634
	3426745635
	3426745636
	3426745637
	3426745638
	3426745639
	3426745640
	3426745641
	3426745642
	3426745643
	3426745644
	3426745645
	3426745646
	3426745647
	3426745648
	3426745649
	3426745650
	3426745651
	3426745652
	3426745653
	3426745654
	3426745655
	3426745656
	3426745657
	3426745658
	3426745659
	3426745660
	3426745661
	3426745662
	3426745663
	3426745664
	3426745665
	3426745666
	3426745667
	3426745668
	3426745669
	3426745670
	3426745671
	3426745672
	3426745673
	3426745674
	3426745675
	3426745676
	3426745677
	3426745678
	3426745679
	3426745680
	3426745681
	3426745682
	3426745683
	3426745684
	3426745685
	3426745686
	3426745687
	3426745688
	3426745689
	3426745690
	3426745691
	3426745692
	3426745693
	3426745694
	3426745695
	3426745696
	3426745697
	3426745698
	3426745699
	3426745700
	3426745701
	3426745702
	3426745703
	3426745704
	3426745705
	3426745706
	3426745707
	3426745708
	3426745709
	3426745710
	3426745711
	3426745712
	3426745713
	3426745714
	3426745715
	3426745716
	3426745717
	3426745718
	3426745719
	3426745720
	3426745721
	3426745722
	3426745723
	3426745724
	3426745725
	3426745726
	3426745727
	3426745728
	3426745729
	3426745730
	3426745731
	3426745732
	3426745733
	3426745734
	3426745735
	3426745736
	3426745737
	3426745738
	3426745739
	3426745740
	3426745741
	3426745742
	3426745743
	3426745744
	3426745745
	3426745746
	3426745747
	3426745748
	3426745749
	3426745750
	3426745751
	3426745752
	3426745753
	3426745754
	3426745755
	3426745756
	3426745757
	3426745758
	3426745759
	3426745760
	3426745761
	3426745762
	3426745763
	3426745764
	3426745765
	3426745766
	3426745767
	3426745768
	3426745769
	3426745770
	3426745771
	3426745772
	3426745773
	3426745774
	3426745775
	3426745776
	3426745777
	3426745778
	3426745779
	3426745780
	3426745781
	3426745782
	3426745783
	3426745784
	3426745785
	3426745786
	3426745787
	3426745788
	3426745789
	3426745790
	3426745791
	3426745792
	3426745793
	3426745794
	3426745795
	3426745796
	3426745797
	3426745798
	3426745799
	3426745800
	3426745801
	3426745802
	3426745803
	3426745804
	3426745805
	3426745806
	3426745807
	3426745808
	3426745809
	3426745810
	3426745811
	3426745812
	3426745813
	3426745814
	3426745815
	3426745816
	3426745817
	3426745818
	3426745819
	3426745820
	3426745821
	3426745822
	3426745823
	3426745824
	3426745825
	3426745826
	3426745827
	3426745828
	3426745829
	3426745830
	3426745831
	3426745832
	3426745833
	3426745834
	3426745835
	3426745836
	3426745837
	3426745838
	3426745839
	3426745840
	3426745841
	3426745842
	3426745843
	3426745844
	3426745845
	3426745846
	3426745847
	3426745848
	3426745849
	3426745850
	3426745851
	3426745852
	3426745853
	3426745854
	3426745855
	3426745856
	3426745857
	3426745858
	3426745859
	3426745860
	3426745861
	3426745862
	3426745863
	3426745864
	3426745865
	3426745866
	3426745867
	3426745868
	3426745869
	3426745870
	3426745871
	3426745872
	3426745873
	3426745874
	3426745875
	3426745876
	3426745877
	3426745878
	3426745879
	3426745880
	3426745881
	3426745882
	3426745883
	3426745884
	3426745885
	3426745886
	3426745887
	3426745888
	3426745889
	3426745890
	3426745891
	3426745892
	3426745893
	3426745894
	3426745895
	3426745896
	3426745897
	3426745898
	3426745899
	3426745900
	3426745901
	3426745902
	3426745903
	3426745904
	3426745905
	3426745906
	3426745907
	3426745908
	3426745909
	3426745910
	3426745911
	3426745912
	3426745913
	3426745914
	3426745915
	3426745916
	3426745917
	3426745918
	3426745919
	3426745920
	3426745921
	3426745922
	3426745923
	3426745924
	3426745925
	3426745926
	3426745927
	3426745928
	3426745929
	3426745930
	3426745931
	3426745932
	3426745933
	3426745934
	3426745935
	3426745936
	3426745937
	3426745938
	3426745939
	3426745940
	3426745941
	3426745942
	3426745943
	3426745944
	3426745945
	3426745946
	3426745947
	3426745948
	3426745949
	3426745950
	3426745951
	3426745952
	3426745953
	3426745954
	3426745955
	3426745956
	3426745957
	3426745958
	3426745959
	3426745960
	3426745961
	3426745962
	3426745963
	3426745964
	3426745965
	3426745966
	3426745967
	3426745968
	3426745969
	3426745970
	3426745971
	3426745972
	3426745973
	3426745974
	3426745975
	3426745976
	3426745977
	3426745978
	3426745979
	3426745980
	3426745981
	3426745982
	3426745983
	3426745984
	3426745985
	3426745986
	3426745987
	3426745988
	3426745989
	3426745990
	3426745991
	3426745992
	3426745993
	3426745994
	3426745995
	3426745996
	3426745997
	3426745998
	3426745999
	3426746000
	3426746001
	3426746002
	3426746003
	3426746004
	3426746005
	3426746006
	3426746007
	3426746008
	3426746009
	3426746010
	3426746011
	3426746012
	3426746013
	3426746014
	3426746015
	3426746016
	3426746017
	3426746018
	3426746019
	3426746020
	3426746021
	3426746022
	3426746023
	3426746024
	3426746025
	3426746026
	3426746027
	3426746028
	3426746029
	3426746030
	3426746031
	3426746032
	3426746033
	3426746034
	3426746035
	3426746036
	3426746037
	3426746038
	3426746039
	3426746040
	3426746041
	3426746042
	3426746043
	3426746044
	3426746045
	3426746046
	3426746047
	3426746048
	3426746049
	3426746050
	3426746051
	3426746052
	3426746053
	3426746054
	3426746055
	3426746056
	3426746057
	3426746058
	3426746059
	3426746060
	3426746061
	3426746062
	3426746063
	3426746064
	3426746065
	3426746066
	3426746067
	3426746068
	3426746069
	3426746070
	3426746071
	3426746072
	3426746073
	3426746074
	3426746075
	3426746076
	3426746077
	3426746078
	3426746079
	3426746080
	3426746081
	3426746082
	3426746083
	3426746084
	3426746085
	3426746086
	3426746087
	3426746088
	3426746089
	3426746090
	3426746091
	3426746092
	3426746093
	3426746094
	3426746095
	3426746096
	3426746097
	3426746098
	3426746099
	3426746100
	3426746101
	3426746102
	3426746103
	3426746104
	3426746105
	3426746106
	3426746107
	3426746108
	3426746109
	3426746110
	3426746111
	3426746112
	3426746113
	3426746114
	3426746115
	3426746116
	3426746117
	3426746118
	3426746119
	3426746120
	3426746121
	3426746122
	3426746123
	3426746124
	3426746125
	3426746126
	3426746127
	3426746128
	3426746129
	3426746130
	3426746131
	3426746132
	3426746133
	3426746134
	3426746135
	3426746136
	3426746137
	3426746138
	3426746139
	3426746140
	3426746141
	3426746142
	3426746143
	3426746144
	3426746145
	3426746146
	3426746147
	3426746148
	3426746149
	3426746150
	3426746151
	3426746152
	3426746153
	3426746154
	3426746155
	3426746156
	3426746157
	3426746158
	3426746159
	3426746160
	3426746161
	3426746162
	3426746163
	3426746164
	3426746165
	3426746166
	3426746167
	3426746168
	3426746169
	3426746170
	3426746171
	3426746172
	3426746173
	3426746174
	3426746175
	3426746176
	3426746177
	3426746178
	3426746179
	3426746180
	3426746181
	3426746182
	3426746183
	3426746184
	3426746185
	3426746186
	3426746187
	3426746188
	3426746189
	3426746190
	3426746191
	3426746192
	3426746193
	3426746194
	3426746195
	3426746196
	3426746197
	3426746198
	3426746199
	3426746200
	3426746201
	3426746202
	3426746203
	3426746204
	3426746205
	3426746206
	3426746207
	3426746208
	3426746209
	3426746210
	3426746211
	3426746212
	3426746213
	3426746214
	3426746215
	3426746216
	3426746217
	3426746218
	3426746219
	3426746220
	3426746221
	3426746222
	3426746223
	3426746224
	3426746225
	3426746226
	3426746227
	3426746228
	3426746229
	3426746230
	3426746231
	3426746232
	3426746233
	3426746234
	3426746235
	3426746236
	3426746237
	3426746238
	3426746239
	3426746240
	3426746241
	3426746242
	3426746243
	3426746244
	3426746245
	3426746246
	3426746247
	3426746248
	3426746249
	3426746250
	3426746251
	3426746252
	3426746253
	3426746254
	3426746255
	3426746256
	3426746257
	3426746258
	3426746259
	3426746260
	3426746261
	3426746262
	3426746263
	3426746264
	3426746265
	3426746266
	3426746267
	3426746268
	3426746269
	3426746270
	3426746271
	3426746272
	3426746273
	3426746274
	3426746275
	3426746276
	3426746277
	3426746278
	3426746279
	3426746280
	3426746281
	3426746282
	3426746283
	3426746284
	3426746285
	3426746286
	3426746287
	3426746288
	3426746289
	3426746290
	3426746291
	3426746292
	3426746293
	3426746294
	3426746295
	3426746296
	3426746297
	3426746298
	3426746299
	3426746300
	3426746301
	3426746302
	3426746303
	3426746304
	3426746305
	3426746306
	3426746307
	3426746308
	3426746309
	3426746310
	3426746311
	3426746312
	3426746313
	3426746314
	3426746315
	3426746316
	3426746317
	3426746318
	3426746319
	3426746320
	3426746321
	3426746322
	3426746323
	3426746324
	3426746325
	3426746326
	3426746327
	3426746328
	3426746329
	3426746330
	3426746331
	3426746332
	3426746333
	3426746334
	3426746335
	3426746336
	3426746337
	3426746338
	3426746339
	3426746340
	3426746341
	3426746342
	3426746343
	3426746344
	3426746345
	3426746346
	3426746347
	3426746348
	3426746349
	3426746350
	3426746351
	3426746352
	3426746353
	3426746354
	3426746355
	3426746356
	3426746357
	3426746358
	3426746359
	3426746360
	3426746361
	3426746362
	3426746363
	3426746364
	3426746365
	3426746366
	3426746367
	3426746368
	3426746369
	3426746370
	3426746371
	3426746372
	3426746373
	3426746374
	3426746375
	3426746376
	3426746377
	3426746378
	3426746379
	3426746380
	3426746381
	3426746382
	3426746383
	3426746384
	3426746385
	3426746386
	3426746387
	3426746388
	3426746389
	3426746390
	3426746391
	3426746392
	3426746393
	3426746394
	3426746395
	3426746396
	3426746397
	3426746398
	3426746399
	3426746400
	3426746401
	3426746402
	3426746403
	3426746404
	3426746405
	3426746406
	3426746407
	3426746408
	3426746409
	3426746410
	3426746411
	3426746412
	3426746413
	3426746414
	3426746415
	3426746416
	3426746417
	3426746418
	3426746419
	3426746420
	3426746421
	3426746422
	3426746423
	3426746424
	3426746425
	3426746426
	3426746427
	3426746428
	3426746429
	3426746430
	3426746431
	3426746432
	3426746433
	3426746434
	3426746435
	3426746436
	3426746437
	3426746438
	3426746439
	3426746440
	3426746441
	3426746442
	3426746443
	3426746444
	3426746445
	3426746446
	3426746447
	3426746448
	3426746449
	3426746450
	3426746451
	3426746452
	3426746453
	3426746454
	3426746455
	3426746456
	3426746457
	3426746458
	3426746459
	3426746460
	3426746461
	3426746462
	3426746463
	3426746464
	3426746465
	3426746466
	3426746467
	3426746468
	3426746469
	3426746470
	3426746471
	3426746472
	3426746473
	3426746474
	3426746475
	3426746476
	3426746477
	3426746478
	3426746479
	3426746480
	3426746481
	3426746482
	3426746483
	3426746484
	3426746485
	3426746486
	3426746487
	3426746488
	3426746489
	3426746490
	3426746491
	3426746492
	3426746493
	3426746494
	3426746495
	3426746496
	3426746497
	3426746498
	3426746499
	3426746500
	3426746501
	3426746502
	3426746503
	3426746504
	3426746505
	3426746506
	3426746507
	3426746508
	3426746509
	3426746510
	3426746511
	3426746512
	3426746513
	3426746514
	3426746515
	3426746516
	3426746517
	3426746518
	3426746519
	3426746520
	3426746521
	3426746522
	3426746523
	3426746524
	3426746525
	3426746526
	3426746527
	3426746528
	3426746529
	3426746530
	3426746531
	3426746532
	3426746533
	3426746534
	3426746535
	3426746536
	3426746537
	3426746538
	3426746539
	3426746540
	3426746541
	3426746542
	3426746543
	3426746544
	3426746545
	3426746546
	3426746547
	3426746548
	3426746549
	3426746550
	3426746551
	3426746552
	3426746553
	3426746554
	3426746555
	3426746556
	3426746557
	3426746558
	3426746559
	3426746560
	3426746561
	3426746562
	3426746563
	3426746564
	3426746565
	3426746566
	3426746567
	3426746568
	3426746569
	3426746570
	3426746571
	3426746572
	3426746573
	3426746574
	3426746575
	3426746576
	3426746577
	3426746578
	3426746579
	3426746580
	3426746581
	3426746582
	3426746583
	3426746584
	3426746585
	3426746586
	3426746587
	3426746588
	3426746589
	3426746590
	3426746591
	3426746592
	3426746593
	3426746594
	3426746595
	3426746596
	3426746597
	3426746598
	3426746599
	3426746600
	3426746601
	3426746602
	3426746603
	3426746604
	3426746605
	3426746606
	3426746607
	3426746608
	3426746609
	3426746610
	3426746611
	3426746612
	3426746613
	3426746614
	3426746615
	3426746616
	3426746617
	3426746618
	3426746619
	3426746620
	3426746621
	3426746622
	3426746623
	3426746624
	3426746625
	3426746626
	3426746627
	3426746628
	3426746629
	3426746630
	3426746631
	3426746632
	3426746633
	3426746634
	3426746635
	3426746636
	3426746637
	3426746638
	3426746639
	3426746640
	3426746641
	3426746642
	3426746643
	3426746644
	3426746645
	3426746646
	3426746647
	3426746648
	3426746649
	3426746650
	3426746651
	3426746652
	3426746653
	3426746654
	3426746655
	3426746656
	3426746657
	3426746658
	3426746659
	3426746660
	3426746661
	3426746662
	3426746663
	3426746664
	3426746665
	3426746666
	3426746667
	3426746668
	3426746669
	3426746670
	3426746671
	3426746672
	3426746673
	3426746674
	3426746675
	3426746676
	3426746677
	3426746678
	3426746679
	3426746680
	3426746681
	3426746682
	3426746683
	3426746684
	3426746685
	3426746686
	3426746687
	3426746688
	3426746689
	3426746690
	3426746691
	3426746692
	3426746693
	3426746694
	3426746695
	3426746696
	3426746697
	3426746698
	3426746699
	3426746700
	3426746701
	3426746702
	3426746703
	3426746704
	3426746705
	3426746706
	3426746707
	3426746708
	3426746709
	3426746710
	3426746711
	3426746712
	3426746713
	3426746714
	3426746715
	3426746716
	3426746717
	3426746718
	3426746719
	3426746720
	3426746721
	3426746722
	3426746723
	3426746724
	3426746725
	3426746726
	3426746727
	3426746728
	3426746729
	3426746730
	3426746731
	3426746732
	3426746733
	3426746734
	3426746735
	3426746736
	3426746737
	3426746738
	3426746739
	3426746740
	3426746741
	3426746742
	3426746743
	3426746744
	3426746745
	3426746746
	3426746747
	3426746748
	3426746749
	3426746750
	3426746751
	3426746752
	3426746753
	3426746754
	3426746755
	3426746756
	3426746757
	3426746758
	3426746759
	3426746760
	3426746761
	3426746762
	3426746763
	3426746764
	3426746765
	3426746766
	3426746767
	3426746768
	3426746769
	3426746770
	3426746771
	3426746772
	3426746773
	3426746774
	3426746775
	3426746776
	3426746777
	3426746778
	3426746779
	3426746780
	3426746781
	3426746782
	3426746783
	3426746784
	3426746785
	3426746786
	3426746787
	3426746788
	3426746789
	3426746790
	3426746791
	3426746792
	3426746793
	3426746794
	3426746795
	3426746796
	3426746797
	3426746798
	3426746799
	3426746800
	3426746801
	3426746802
	3426746803
	3426746804
	3426746805
	3426746806
	3426746807
	3426746808
	3426746809
	3426746810
	3426746811
	3426746812
	3426746813
	3426746814
	3426746815
	3426746816
	3426746817
	3426746818
	3426746819
	3426746820
	3426746821
	3426746822
	3426746823
	3426746824
	3426746825
	3426746826
	3426746827
	3426746828
	3426746829
	3426746830
	3426746831
	3426746832
	3426746833
	3426746834
	3426746835
	3426746836
	3426746837
	3426746838
	3426746839
	3426746840
	3426746841
	3426746842
	3426746843
	3426746844
	3426746845
	3426746846
	3426746847
	3426746848
	3426746849
	3426746850
	3426746851
	3426746852
	3426746853
	3426746854
	3426746855
	3426746856
	3426746857
	3426746858
	3426746859
	3426746860
	3426746861
	3426746862
	3426746863
	3426746864
	3426746865
	3426746866
	3426746867
	3426746868
	3426746869
	3426746870
	3426746871
	3426746872
	3426746873
	3426746874
	3426746875
	3426746876
	3426746877
	3426746878
	3426746879
	3426746880
	3426746881
	3426746882
	3426746883
	3426746884
	3426746885
	3426746886
	3426746887
	3426746888
	3426746889
	3426746890
	3426746891
	3426746892
	3426746893
	3426746894
	3426746895
	3426746896
	3426746897
	3426746898
	3426746899
	3426746900
	3426746901
	3426746902
	3426746903
	3426746904
	3426746905
	3426746906
	3426746907
	3426746908
	3426746909
	3426746910
	3426746911
	3426746912
	3426746913
	3426746914
	3426746915
	3426746916
	3426746917
	3426746918
	3426746919
	3426746920
	3426746921
	3426746922
	3426746923
	3426746924
	3426746925
	3426746926
	3426746927
	3426746928
	3426746929
	3426746930
	3426746931
	3426746932
	3426746933
	3426746934
	3426746935
	3426746936
	3426746937
	3426746938
	3426746939
	3426746940
	3426746941
	3426746942
	3426746943
	3426746944
	3426746945
	3426746946
	3426746947
	3426746948
	3426746949
	3426746950
	3426746951
	3426746952
	3426746953
	3426746954
	3426746955
	3426746956
	3426746957
	3426746958
	3426746959
	3426746960
	3426746961
	3426746962
	3426746963
	3426746964
	3426746965
	3426746966
	3426746967
	3426746968
	3426746969
	3426746970
	3426746971
	3426746972
	3426746973
	3426746974
	3426746975
	3426746976
	3426746977
	3426746978
	3426746979
	3426746980
	3426746981
	3426746982
	3426746983
	3426746984
	3426746985
	3426746986
	3426746987
	3426746988
	3426746989
	3426746990
	3426746991
	3426746992
	3426746993
	3426746994
	3426746995
	3426746996
	3426746997
	3426746998
	3426746999
	3426747000
	3426747001
	3426747002
	3426747003
	3426747004
	3426747005
	3426747006
	3426747007
	3426747008
	3426747009
	3426747010
	3426747011
	3426747012
	3426747013
	3426747014
	3426747015
	3426747016
	3426747017
	3426747018
	3426747019
	3426747020
	3426747021
	3426747022
	3426747023
	3426747024
	3426747025
	3426747026
	3426747027
	3426747028
	3426747029
	3426747030
	3426747031
	3426747032
	3426747033
	3426747034
	3426747035
	3426747036
	3426747037
	3426747038
	3426747039
	3426747040
	3426747041
	3426747042
	3426747043
	3426747044
	3426747045
	3426747046
	3426747047
	3426747048
	3426747049
	3426747050
	3426747051
	3426747052
	3426747053
	3426747054
	3426747055
	3426747056
	3426747057
	3426747058
	3426747059
	3426747060
	3426747061
	3426747062
	3426747063
	3426747064
	3426747065
	3426747066
	3426747067
	3426747068
	3426747069
	3426747070
	3426747071
	3426747072
	3426747073
	3426747074
	3426747075
	3426747076
	3426747077
	3426747078
	3426747079
	3426747080
	3426747081
	3426747082
	3426747083
	3426747084
	3426747085
	3426747086
	3426747087
	3426747088
	3426747089
	3426747090
	3426747091
	3426747092
	3426747093
	3426747094
	3426747095
	3426747096
	3426747097
	3426747098
	3426747099
	3426747100
	3426747101
	3426747102
	3426747103
	3426747104
	3426747105
	3426747106
	3426747107
	3426747108
	3426747109
	3426747110
	3426747111
	3426747112
	3426747113
	3426747114
	3426747115
	3426747116
	3426747117
	3426747118
	3426747119
	3426747120
	3426747121
	3426747122
	3426747123
	3426747124
	3426747125
	3426747126
	3426747127
	3426747128
	3426747129
	3426747130
	3426747131
	3426747132
	3426747133
	3426747134
	3426747135
	3426747136
	3426747137
	3426747138
	3426747139
	3426747140
	3426747141
	3426747142
	3426747143
	3426747144
	3426747145
	3426747146
	3426747147
	3426747148
	3426747149
	3426747150
	3426747151
	3426747152
	3426747153
	3426747154
	3426747155
	3426747156
	3426747157
	3426747158
	3426747159
	3426747160
	3426747161
	3426747162
	3426747163
	3426747164
	3426747165
	3426747166
	3426747167
	3426747168
	3426747169
	3426747170
	3426747171
	3426747172
	3426747173
	3426747174
	3426747175
	3426747176
	3426747177
	3426747178
	3426747179
	3426747180
	3426747181
	3426747182
	3426747183
	3426747184
	3426747185
	3426747186
	3426747187
	3426747188
	3426747189
	3426747190
	3426747191
	3426747192
	3426747193
	3426747194
	3426747195
	3426747196
	3426747197
	3426747198
	3426747199
	3426747200
	3426747201
	3426747202
	3426747203
	3426747204
	3426747205
	3426747206
	3426747207
	3426747208
	3426747209
	3426747210
	3426747211
	3426747212
	3426747213
	3426747214
	3426747215
	3426747216
	3426747217
	3426747218
	3426747219
	3426747220
	3426747221
	3426747222
	3426747223
	3426747224
	3426747225
	3426747226
	3426747227
	3426747228
	3426747229
	3426747230
	3426747231
	3426747232
	3426747233
	3426747234
	3426747235
	3426747236
	3426747237
