	3426608719
	3426608720
	3426608721
	3426608722
	3426608723
	3426608724
	3426608725
	3426608726
	3426608727
	3426608728
	3426608729
	3426608730
	3426608731
	3426608732
	3426608733
	3426608734
	3426608735
	3426608736
	3426608737
	3426608738
	3426608739
	3426608740
	3426608741
	3426608742
	3426608743
	3426608744
	3426608745
	3426608746
	3426608747
	3426608748
	3426608749
	3426608750
	3426608751
	3426608752
	3426608753
	3426608754
	3426608755
	3426608756
	3426608757
	3426608758
	3426608759
	3426608760
	3426608761
	3426608762
	3426608763
	3426608764
	3426608765
	3426608766
	3426608767
	3426608768
	3426608769
	3426608770
	3426608771
	3426608772
	3426608773
	3426608774
	3426608775
	3426608776
	3426608777
	3426608778
	3426608779
	3426608780
	3426608781
	3426608782
	3426608783
	3426608784
	3426608785
	3426608786
	3426608787
	3426608788
	3426608789
	3426608790
	3426608791
	3426608792
	3426608793
	3426608794
	3426608795
	3426608796
	3426608797
	3426608798
	3426608799
	3426608800
	3426608801
	3426608802
	3426608803
	3426608804
	3426608805
	3426608806
	3426608807
	3426608808
	3426608809
	3426608810
	3426608811
	3426608812
	3426608813
	3426608814
	3426608815
	3426608816
	3426608817
	3426608818
	3426608819
	3426608820
	3426608821
	3426608822
	3426608823
	3426608824
	3426608825
	3426608826
	3426608827
	3426608828
	3426608829
	3426608830
	3426608831
	3426608832
	3426608833
	3426608834
	3426608835
	3426608836
	3426608837
	3426608838
	3426608839
	3426608840
	3426608841
	3426608842
	3426608843
	3426608844
	3426608845
	3426608846
	3426608847
	3426608848
	3426608849
	3426608850
	3426608851
	3426608852
	3426608853
	3426608854
	3426608855
	3426608856
	3426608857
	3426608858
	3426608859
	3426608860
	3426608861
	3426608862
	3426608863
	3426608864
	3426608865
	3426608866
	3426608867
	3426608868
	3426608869
	3426608870
	3426608871
	3426608872
	3426608873
	3426608874
	3426608875
	3426608876
	3426608877
	3426608878
	3426608879
	3426608880
	3426608881
	3426608882
	3426608883
	3426608884
	3426608885
	3426608886
	3426608887
	3426608888
	3426608889
	3426608890
	3426608891
	3426608892
	3426608893
	3426608894
	3426608895
	3426608896
	3426608897
	3426608898
	3426608899
	3426608900
	3426608901
	3426608902
	3426608903
	3426608904
	3426608905
	3426608906
	3426608907
	3426608908
	3426608909
	3426608910
	3426608911
	3426608912
	3426608913
	3426608914
	3426608915
	3426608916
	3426608917
	3426608918
	3426608919
	3426608920
	3426608921
	3426608922
	3426608923
	3426608924
	3426608925
	3426608926
	3426608927
	3426608928
	3426608929
	3426608930
	3426608931
	3426608932
	3426608933
	3426608934
	3426608935
	3426608936
	3426608937
	3426608938
	3426608939
	3426608940
	3426608941
	3426608942
	3426608943
	3426608944
	3426608945
	3426608946
	3426608947
	3426608948
	3426608949
	3426608950
	3426608951
	3426608952
	3426608953
	3426608954
	3426608955
	3426608956
	3426608957
	3426608958
	3426608959
	3426608960
	3426608961
	3426608962
	3426608963
	3426608964
	3426608965
	3426608966
	3426608967
	3426608968
	3426608969
	3426608970
	3426608971
	3426608972
	3426608973
	3426608974
	3426608975
	3426608976
	3426608977
	3426608978
	3426608979
	3426608980
	3426608981
	3426608982
	3426608983
	3426608984
	3426608985
	3426608986
	3426608987
	3426608988
	3426608989
	3426608990
	3426608991
	3426608992
	3426608993
	3426608994
	3426608995
	3426608996
	3426608997
	3426608998
	3426608999
	3426609000
	3426609001
	3426609002
	3426609003
	3426609004
	3426609005
	3426609006
	3426609007
	3426609008
	3426609009
	3426609010
	3426609011
	3426609012
	3426609013
	3426609014
	3426609015
	3426609016
	3426609017
	3426609018
	3426609019
	3426609020
	3426609021
	3426609022
	3426609023
	3426609024
	3426609025
	3426609026
	3426609027
	3426609028
	3426609029
	3426609030
	3426609031
	3426609032
	3426609033
	3426609034
	3426609035
	3426609036
	3426609037
	3426609038
	3426609039
	3426609040
	3426609041
	3426609042
	3426609043
	3426609044
	3426609045
	3426609046
	3426609047
	3426609048
	3426609049
	3426609050
	3426609051
	3426609052
	3426609053
	3426609054
	3426609055
	3426609056
	3426609057
	3426609058
	3426609059
	3426609060
	3426609061
	3426609062
	3426609063
	3426609064
	3426609065
	3426609066
	3426609067
	3426609068
	3426609069
	3426609070
	3426609071
	3426609072
	3426609073
	3426609074
	3426609075
	3426609076
	3426609077
	3426609078
	3426609079
	3426609080
	3426609081
	3426609082
	3426609083
	3426609084
	3426609085
	3426609086
	3426609087
	3426609088
	3426609089
	3426609090
	3426609091
	3426609092
	3426609093
	3426609094
	3426609095
	3426609096
	3426609097
	3426609098
	3426609099
	3426609100
	3426609101
	3426609102
	3426609103
	3426609104
	3426609105
	3426609106
	3426609107
	3426609108
	3426609109
	3426609110
	3426609111
	3426609112
	3426609113
	3426609114
	3426609115
	3426609116
	3426609117
	3426609118
	3426609119
	3426609120
	3426609121
	3426609122
	3426609123
	3426609124
	3426609125
	3426609126
	3426609127
	3426609128
	3426609129
	3426609130
	3426609131
	3426609132
	3426609133
	3426609134
	3426609135
	3426609136
	3426609137
	3426609138
	3426609139
	3426609140
	3426609141
	3426609142
	3426609143
	3426609144
	3426609145
	3426609146
	3426609147
	3426609148
	3426609149
	3426609150
	3426609151
	3426609152
	3426609153
	3426609154
	3426609155
	3426609156
	3426609157
	3426609158
	3426609159
	3426609160
	3426609161
	3426609162
	3426609163
	3426609164
	3426609165
	3426609166
	3426609167
	3426609168
	3426609169
	3426609170
	3426609171
	3426609172
	3426609173
	3426609174
	3426609175
	3426609176
	3426609177
	3426609178
	3426609179
	3426609180
	3426609181
	3426609182
	3426609183
	3426609184
	3426609185
	3426609186
	3426609187
	3426609188
	3426609189
	3426609190
	3426609191
	3426609192
	3426609193
	3426609194
	3426609195
	3426609196
	3426609197
	3426609198
	3426609199
	3426609200
	3426609201
	3426609202
	3426609203
	3426609204
	3426609205
	3426609206
	3426609207
	3426609208
	3426609209
	3426609210
	3426609211
	3426609212
	3426609213
	3426609214
	3426609215
	3426609216
	3426609217
	3426609218
	3426609219
	3426609220
	3426609221
	3426609222
	3426609223
	3426609224
	3426609225
	3426609226
	3426609227
	3426609228
	3426609229
	3426609230
	3426609231
	3426609232
	3426609233
	3426609234
	3426609235
	3426609236
	3426609237
	3426609238
	3426609239
	3426609240
	3426609241
	3426609242
	3426609243
	3426609244
	3426609245
	3426609246
	3426609247
	3426609248
	3426609249
	3426609250
	3426609251
	3426609252
	3426609253
	3426609254
	3426609255
	3426609256
	3426609257
	3426609258
	3426609259
	3426609260
	3426609261
	3426609262
	3426609263
	3426609264
	3426609265
	3426609266
	3426609267
	3426609268
	3426609269
	3426609270
	3426609271
	3426609272
	3426609273
	3426609274
	3426609275
	3426609276
	3426609277
	3426609278
	3426609279
	3426609280
	3426609281
	3426609282
	3426609283
	3426609284
	3426609285
	3426609286
	3426609287
	3426609288
	3426609289
	3426609290
	3426609291
	3426609292
	3426609293
	3426609294
	3426609295
	3426609296
	3426609297
	3426609298
	3426609299
	3426609300
	3426609301
	3426609302
	3426609303
	3426609304
	3426609305
	3426609306
	3426609307
	3426609308
	3426609309
	3426609310
	3426609311
	3426609312
	3426609313
	3426609314
	3426609315
	3426609316
	3426609317
	3426609318
	3426609319
	3426609320
	3426609321
	3426609322
	3426609323
	3426609324
	3426609325
	3426609326
	3426609327
	3426609328
	3426609329
	3426609330
	3426609331
	3426609332
	3426609333
	3426609334
	3426609335
	3426609336
	3426609337
	3426609338
	3426609339
	3426609340
	3426609341
	3426609342
	3426609343
	3426609344
	3426609345
	3426609346
	3426609347
	3426609348
	3426609349
	3426609350
	3426609351
	3426609352
	3426609353
	3426609354
	3426609355
	3426609356
	3426609357
	3426609358
	3426609359
	3426609360
	3426609361
	3426609362
	3426609363
	3426609364
	3426609365
	3426609366
	3426609367
	3426609368
	3426609369
	3426609370
	3426609371
	3426609372
	3426609373
	3426609374
	3426609375
	3426609376
	3426609377
	3426609378
	3426609379
	3426609380
	3426609381
	3426609382
	3426609383
	3426609384
	3426609385
	3426609386
	3426609387
	3426609388
	3426609389
	3426609390
	3426609391
	3426609392
	3426609393
	3426609394
	3426609395
	3426609396
	3426609397
	3426609398
	3426609399
	3426609400
	3426609401
	3426609402
	3426609403
	3426609404
	3426609405
	3426609406
	3426609407
	3426609408
	3426609409
	3426609410
	3426609411
	3426609412
	3426609413
	3426609414
	3426609415
	3426609416
	3426609417
	3426609418
	3426609419
	3426609420
	3426609421
	3426609422
	3426609423
	3426609424
	3426609425
	3426609426
	3426609427
	3426609428
	3426609429
	3426609430
	3426609431
	3426609432
	3426609433
	3426609434
	3426609435
	3426609436
	3426609437
	3426609438
	3426609439
	3426609440
	3426609441
	3426609442
	3426609443
	3426609444
	3426609445
	3426609446
	3426609447
	3426609448
	3426609449
	3426609450
	3426609451
	3426609452
	3426609453
	3426609454
	3426609455
	3426609456
	3426609457
	3426609458
	3426609459
	3426609460
	3426609461
	3426609462
	3426609463
	3426609464
	3426609465
	3426609466
	3426609467
	3426609468
	3426609469
	3426609470
	3426609471
	3426609472
	3426609473
	3426609474
	3426609475
	3426609476
	3426609477
	3426609478
	3426609479
	3426609480
	3426609481
	3426609482
	3426609483
	3426609484
	3426609485
	3426609486
	3426609487
	3426609488
	3426609489
	3426609490
	3426609491
	3426609492
	3426609493
	3426609494
	3426609495
	3426609496
	3426609497
	3426609498
	3426609499
	3426609500
	3426609501
	3426609502
	3426609503
	3426609504
	3426609505
	3426609506
	3426609507
	3426609508
	3426609509
	3426609510
	3426609511
	3426609512
	3426609513
	3426609514
	3426609515
	3426609516
	3426609517
	3426609518
	3426609519
	3426609520
	3426609521
	3426609522
	3426609523
	3426609524
	3426609525
	3426609526
	3426609527
	3426609528
	3426609529
	3426609530
	3426609531
	3426609532
	3426609533
	3426609534
	3426609535
	3426609536
	3426609537
	3426609538
	3426609539
	3426609540
	3426609541
	3426609542
	3426609543
	3426609544
	3426609545
	3426609546
	3426609547
	3426609548
	3426609549
	3426609550
	3426609551
	3426609552
	3426609553
	3426609554
	3426609555
	3426609556
	3426609557
	3426609558
	3426609559
	3426609560
	3426609561
	3426609562
	3426609563
	3426609564
	3426609565
	3426609566
	3426609567
	3426609568
	3426609569
	3426609570
	3426609571
	3426609572
	3426609573
	3426609574
	3426609575
	3426609576
	3426609577
	3426609578
	3426609579
	3426609580
	3426609581
	3426609582
	3426609583
	3426609584
	3426609585
	3426609586
	3426609587
	3426609588
	3426609589
	3426609590
	3426609591
	3426609592
	3426609593
	3426609594
	3426609595
	3426609596
	3426609597
	3426609598
	3426609599
	3426609600
	3426609601
	3426609602
	3426609603
	3426609604
	3426609605
	3426609606
	3426609607
	3426609608
	3426609609
	3426609610
	3426609611
	3426609612
	3426609613
	3426609614
	3426609615
	3426609616
	3426609617
	3426609618
	3426609619
	3426609620
	3426609621
	3426609622
	3426609623
	3426609624
	3426609625
	3426609626
	3426609627
	3426609628
	3426609629
	3426609630
	3426609631
	3426609632
	3426609633
	3426609634
	3426609635
	3426609636
	3426609637
	3426609638
	3426609639
	3426609640
	3426609641
	3426609642
	3426609643
	3426609644
	3426609645
	3426609646
	3426609647
	3426609648
	3426609649
	3426609650
	3426609651
	3426609652
	3426609653
	3426609654
	3426609655
	3426609656
	3426609657
	3426609658
	3426609659
	3426609660
	3426609661
	3426609662
	3426609663
	3426609664
	3426609665
	3426609666
	3426609667
	3426609668
	3426609669
	3426609670
	3426609671
	3426609672
	3426609673
	3426609674
	3426609675
	3426609676
	3426609677
	3426609678
	3426609679
	3426609680
	3426609681
	3426609682
	3426609683
	3426609684
	3426609685
	3426609686
	3426609687
	3426609688
	3426609689
	3426609690
	3426609691
	3426609692
	3426609693
	3426609694
	3426609695
	3426609696
	3426609697
	3426609698
	3426609699
	3426609700
	3426609701
	3426609702
	3426609703
	3426609704
	3426609705
	3426609706
	3426609707
	3426609708
	3426609709
	3426609710
	3426609711
	3426609712
	3426609713
	3426609714
	3426609715
	3426609716
	3426609717
	3426609718
	3426609719
	3426609720
	3426609721
	3426609722
	3426609723
	3426609724
	3426609725
	3426609726
	3426609727
	3426609728
	3426609729
	3426609730
	3426609731
	3426609732
	3426609733
	3426609734
	3426609735
	3426609736
	3426609737
	3426609738
	3426609739
	3426609740
	3426609741
	3426609742
	3426609743
	3426609744
	3426609745
	3426609746
	3426609747
	3426609748
	3426609749
	3426609750
	3426609751
	3426609752
	3426609753
	3426609754
	3426609755
	3426609756
	3426609757
	3426609758
	3426609759
	3426609760
	3426609761
	3426609762
	3426609763
	3426609764
	3426609765
	3426609766
	3426609767
	3426609768
	3426609769
	3426609770
	3426609771
	3426609772
	3426609773
	3426609774
	3426609775
	3426609776
	3426609777
	3426609778
	3426609779
	3426609780
	3426609781
	3426609782
	3426609783
	3426609784
	3426609785
	3426609786
	3426609787
	3426609788
	3426609789
	3426609790
	3426609791
	3426609792
	3426609793
	3426609794
	3426609795
	3426609796
	3426609797
	3426609798
	3426609799
	3426609800
	3426609801
	3426609802
	3426609803
	3426609804
	3426609805
	3426609806
	3426609807
	3426609808
	3426609809
	3426609810
	3426609811
	3426609812
	3426609813
	3426609814
	3426609815
	3426609816
	3426609817
	3426609818
	3426609819
	3426609820
	3426609821
	3426609822
	3426609823
	3426609824
	3426609825
	3426609826
	3426609827
	3426609828
	3426609829
	3426609830
	3426609831
	3426609832
	3426609833
	3426609834
	3426609835
	3426609836
	3426609837
	3426609838
	3426609839
	3426609840
	3426609841
	3426609842
	3426609843
	3426609844
	3426609845
	3426609846
	3426609847
	3426609848
	3426609849
	3426609850
	3426609851
	3426609852
	3426609853
	3426609854
	3426609855
	3426609856
	3426609857
	3426609858
	3426609859
	3426609860
	3426609861
	3426609862
	3426609863
	3426609864
	3426609865
	3426609866
	3426609867
	3426609868
	3426609869
	3426609870
	3426609871
	3426609872
	3426609873
	3426609874
	3426609875
	3426609876
	3426609877
	3426609878
	3426609879
	3426609880
	3426609881
	3426609882
	3426609883
	3426609884
	3426609885
	3426609886
	3426609887
	3426609888
	3426609889
	3426609890
	3426609891
	3426609892
	3426609893
	3426609894
	3426609895
	3426609896
	3426609897
	3426609898
	3426609899
	3426609900
	3426609901
	3426609902
	3426609903
	3426609904
	3426609905
	3426609906
	3426609907
	3426609908
	3426609909
	3426609910
	3426609911
	3426609912
	3426609913
	3426609914
	3426609915
	3426609916
	3426609917
	3426609918
	3426609919
	3426609920
	3426609921
	3426609922
	3426609923
	3426609924
	3426609925
	3426609926
	3426609927
	3426609928
	3426609929
	3426609930
	3426609931
	3426609932
	3426609933
	3426609934
	3426609935
	3426609936
	3426609937
	3426609938
	3426609939
	3426609940
	3426609941
	3426609942
	3426609943
	3426609944
	3426609945
	3426609946
	3426609947
	3426609948
	3426609949
	3426609950
	3426609951
	3426609952
	3426609953
	3426609954
	3426609955
	3426609956
	3426609957
	3426609958
	3426609959
	3426609960
	3426609961
	3426609962
	3426609963
	3426609964
	3426609965
	3426609966
	3426609967
	3426609968
	3426609969
	3426609970
	3426609971
	3426609972
	3426609973
	3426609974
	3426609975
	3426609976
	3426609977
	3426609978
	3426609979
	3426609980
	3426609981
	3426609982
	3426609983
	3426609984
	3426609985
	3426609986
	3426609987
	3426609988
	3426609989
	3426609990
	3426609991
	3426609992
	3426609993
	3426609994
	3426609995
	3426609996
	3426609997
	3426609998
	3426609999
	3426610000
	3426610001
	3426610002
	3426610003
	3426610004
	3426610005
	3426610006
	3426610007
	3426610008
	3426610009
	3426610010
	3426610011
	3426610012
	3426610013
	3426610014
	3426610015
	3426610016
	3426610017
	3426610018
	3426610019
	3426610020
	3426610021
	3426610022
	3426610023
	3426610024
	3426610025
	3426610026
	3426610027
	3426610028
	3426610029
	3426610030
	3426610031
	3426610032
	3426610033
	3426610034
	3426610035
	3426610036
	3426610037
	3426610038
	3426610039
	3426610040
	3426610041
	3426610042
	3426610043
	3426610044
	3426610045
	3426610046
	3426610047
	3426610048
	3426610049
	3426610050
	3426610051
	3426610052
	3426610053
	3426610054
	3426610055
	3426610056
	3426610057
	3426610058
	3426610059
	3426610060
	3426610061
	3426610062
	3426610063
	3426610064
	3426610065
	3426610066
	3426610067
	3426610068
	3426610069
	3426610070
	3426610071
	3426610072
	3426610073
	3426610074
	3426610075
	3426610076
	3426610077
	3426610078
	3426610079
	3426610080
	3426610081
	3426610082
	3426610083
	3426610084
	3426610085
	3426610086
	3426610087
	3426610088
	3426610089
	3426610090
	3426610091
	3426610092
	3426610093
	3426610094
	3426610095
	3426610096
	3426610097
	3426610098
	3426610099
	3426610100
	3426610101
	3426610102
	3426610103
	3426610104
	3426610105
	3426610106
	3426610107
	3426610108
	3426610109
	3426610110
	3426610111
	3426610112
	3426610113
	3426610114
	3426610115
	3426610116
	3426610117
	3426610118
	3426610119
	3426610120
	3426610121
	3426610122
	3426610123
	3426610124
	3426610125
	3426610126
	3426610127
	3426610128
	3426610129
	3426610130
	3426610131
	3426610132
	3426610133
	3426610134
	3426610135
	3426610136
	3426610137
	3426610138
	3426610139
	3426610140
	3426610141
	3426610142
	3426610143
	3426610144
	3426610145
	3426610146
	3426610147
	3426610148
	3426610149
	3426610150
	3426610151
	3426610152
	3426610153
	3426610154
	3426610155
	3426610156
	3426610157
	3426610158
	3426610159
	3426610160
	3426610161
	3426610162
	3426610163
	3426610164
	3426610165
	3426610166
	3426610167
	3426610168
	3426610169
	3426610170
	3426610171
	3426610172
	3426610173
	3426610174
	3426610175
	3426610176
	3426610177
	3426610178
	3426610179
	3426610180
	3426610181
	3426610182
	3426610183
	3426610184
	3426610185
	3426610186
	3426610187
	3426610188
	3426610189
	3426610190
	3426610191
	3426610192
	3426610193
	3426610194
	3426610195
	3426610196
	3426610197
	3426610198
	3426610199
	3426610200
	3426610201
	3426610202
	3426610203
	3426610204
	3426610205
	3426610206
	3426610207
	3426610208
	3426610209
	3426610210
	3426610211
	3426610212
	3426610213
	3426610214
	3426610215
	3426610216
	3426610217
	3426610218
	3426610219
	3426610220
	3426610221
	3426610222
	3426610223
	3426610224
	3426610225
	3426610226
	3426610227
	3426610228
	3426610229
	3426610230
	3426610231
	3426610232
	3426610233
	3426610234
	3426610235
	3426610236
	3426610237
	3426610238
	3426610239
	3426610240
	3426610241
	3426610242
	3426610243
	3426610244
	3426610245
	3426610246
	3426610247
	3426610248
	3426610249
	3426610250
	3426610251
	3426610252
	3426610253
	3426610254
	3426610255
	3426610256
	3426610257
	3426610258
	3426610259
	3426610260
	3426610261
	3426610262
	3426610263
	3426610264
	3426610265
	3426610266
	3426610267
	3426610268
	3426610269
	3426610270
	3426610271
	3426610272
	3426610273
	3426610274
	3426610275
	3426610276
	3426610277
	3426610278
	3426610279
	3426610280
	3426610281
	3426610282
	3426610283
	3426610284
	3426610285
	3426610286
	3426610287
	3426610288
	3426610289
	3426610290
	3426610291
	3426610292
	3426610293
	3426610294
	3426610295
	3426610296
	3426610297
	3426610298
	3426610299
	3426610300
	3426610301
	3426610302
	3426610303
	3426610304
	3426610305
	3426610306
	3426610307
	3426610308
	3426610309
	3426610310
	3426610311
	3426610312
	3426610313
	3426610314
	3426610315
	3426610316
	3426610317
	3426610318
	3426610319
	3426610320
	3426610321
	3426610322
	3426610323
	3426610324
	3426610325
	3426610326
	3426610327
	3426610328
	3426610329
	3426610330
	3426610331
	3426610332
	3426610333
	3426610334
	3426610335
	3426610336
	3426610337
	3426610338
	3426610339
	3426610340
	3426610341
	3426610342
	3426610343
	3426610344
	3426610345
	3426610346
	3426610347
	3426610348
	3426610349
	3426610350
	3426610351
	3426610352
	3426610353
	3426610354
	3426610355
	3426610356
	3426610357
	3426610358
	3426610359
	3426610360
	3426610361
	3426610362
	3426610363
	3426610364
	3426610365
	3426610366
	3426610367
	3426610368
	3426610369
	3426610370
	3426610371
	3426610372
	3426610373
	3426610374
	3426610375
	3426610376
	3426610377
	3426610378
	3426610379
	3426610380
	3426610381
	3426610382
	3426610383
	3426610384
	3426610385
	3426610386
	3426610387
	3426610388
	3426610389
	3426610390
	3426610391
	3426610392
	3426610393
	3426610394
	3426610395
	3426610396
	3426610397
	3426610398
	3426610399
	3426610400
	3426610401
	3426610402
	3426610403
	3426610404
	3426610405
	3426610406
	3426610407
	3426610408
	3426610409
	3426610410
	3426610411
	3426610412
	3426610413
	3426610414
	3426610415
	3426610416
	3426610417
	3426610418
	3426610419
	3426610420
	3426610421
	3426610422
	3426610423
	3426610424
	3426610425
	3426610426
	3426610427
	3426610428
	3426610429
	3426610430
	3426610431
	3426610432
	3426610433
	3426610434
	3426610435
	3426610436
	3426610437
	3426610438
	3426610439
	3426610440
	3426610441
	3426610442
	3426610443
	3426610444
	3426610445
	3426610446
	3426610447
	3426610448
	3426610449
	3426610450
	3426610451
	3426610452
	3426610453
	3426610454
	3426610455
	3426610456
	3426610457
	3426610458
	3426610459
	3426610460
	3426610461
	3426610462
	3426610463
	3426610464
	3426610465
	3426610466
	3426610467
	3426610468
	3426610469
	3426610470
	3426610471
	3426610472
	3426610473
	3426610474
	3426610475
	3426610476
	3426610477
	3426610478
	3426610479
	3426610480
	3426610481
	3426610482
	3426610483
	3426610484
	3426610485
	3426610486
	3426610487
	3426610488
	3426610489
	3426610490
	3426610491
	3426610492
	3426610493
	3426610494
	3426610495
	3426610496
	3426610497
	3426610498
	3426610499
	3426610500
	3426610501
	3426610502
	3426610503
	3426610504
	3426610505
	3426610506
	3426610507
	3426610508
	3426610509
	3426610510
	3426610511
	3426610512
	3426610513
	3426610514
	3426610515
	3426610516
	3426610517
	3426610518
	3426610519
	3426610520
	3426610521
	3426610522
	3426610523
	3426610524
	3426610525
	3426610526
	3426610527
	3426610528
	3426610529
	3426610530
	3426610531
	3426610532
	3426610533
	3426610534
	3426610535
	3426610536
	3426610537
	3426610538
	3426610539
	3426610540
	3426610541
	3426610542
	3426610543
	3426610544
	3426610545
	3426610546
	3426610547
	3426610548
	3426610549
	3426610550
	3426610551
	3426610552
	3426610553
	3426610554
	3426610555
	3426610556
	3426610557
	3426610558
	3426610559
	3426610560
	3426610561
	3426610562
	3426610563
	3426610564
	3426610565
	3426610566
	3426610567
	3426610568
	3426610569
	3426610570
	3426610571
	3426610572
	3426610573
	3426610574
	3426610575
	3426610576
	3426610577
	3426610578
	3426610579
	3426610580
	3426610581
	3426610582
	3426610583
	3426610584
	3426610585
	3426610586
	3426610587
	3426610588
	3426610589
	3426610590
	3426610591
	3426610592
	3426610593
	3426610594
	3426610595
	3426610596
	3426610597
	3426610598
	3426610599
	3426610600
	3426610601
	3426610602
	3426610603
	3426610604
	3426610605
	3426610606
	3426610607
	3426610608
	3426610609
	3426610610
	3426610611
	3426610612
	3426610613
	3426610614
	3426610615
	3426610616
	3426610617
	3426610618
	3426610619
	3426610620
	3426610621
	3426610622
	3426610623
	3426610624
	3426610625
	3426610626
	3426610627
	3426610628
	3426610629
	3426610630
	3426610631
	3426610632
	3426610633
	3426610634
	3426610635
	3426610636
	3426610637
	3426610638
	3426610639
	3426610640
	3426610641
	3426610642
	3426610643
	3426610644
	3426610645
	3426610646
	3426610647
	3426610648
	3426610649
	3426610650
	3426610651
	3426610652
	3426610653
	3426610654
	3426610655
	3426610656
	3426610657
	3426610658
	3426610659
	3426610660
	3426610661
	3426610662
	3426610663
	3426610664
	3426610665
	3426610666
	3426610667
	3426610668
	3426610669
	3426610670
	3426610671
	3426610672
	3426610673
	3426610674
	3426610675
	3426610676
	3426610677
	3426610678
	3426610679
	3426610680
	3426610681
	3426610682
	3426610683
	3426610684
	3426610685
	3426610686
	3426610687
	3426610688
	3426610689
	3426610690
	3426610691
	3426610692
	3426610693
	3426610694
	3426610695
	3426610696
	3426610697
	3426610698
	3426610699
	3426610700
	3426610701
	3426610702
	3426610703
	3426610704
	3426610705
	3426610706
	3426610707
	3426610708
	3426610709
	3426610710
	3426610711
	3426610712
	3426610713
	3426610714
	3426610715
	3426610716
	3426610717
	3426610718
	3426610719
	3426610720
	3426610721
	3426610722
	3426610723
	3426610724
	3426610725
	3426610726
	3426610727
	3426610728
	3426610729
	3426610730
	3426610731
	3426610732
	3426610733
	3426610734
	3426610735
	3426610736
	3426610737
	3426610738
	3426610739
	3426610740
	3426610741
	3426610742
	3426610743
	3426610744
	3426610745
	3426610746
	3426610747
	3426610748
	3426610749
	3426610750
	3426610751
	3426610752
	3426610753
	3426610754
	3426610755
	3426610756
	3426610757
	3426610758
	3426610759
	3426610760
	3426610761
	3426610762
	3426610763
	3426610764
	3426610765
	3426610766
	3426610767
	3426610768
	3426610769
	3426610770
	3426610771
	3426610772
	3426610773
	3426610774
	3426610775
	3426610776
	3426610777
	3426610778
	3426610779
	3426610780
	3426610781
	3426610782
	3426610783
	3426610784
	3426610785
	3426610786
	3426610787
	3426610788
	3426610789
	3426610790
	3426610791
	3426610792
	3426610793
	3426610794
	3426610795
	3426610796
	3426610797
	3426610798
	3426610799
	3426610800
	3426610801
	3426610802
	3426610803
	3426610804
	3426610805
	3426610806
	3426610807
	3426610808
	3426610809
	3426610810
	3426610811
	3426610812
	3426610813
	3426610814
	3426610815
	3426610816
	3426610817
	3426610818
	3426610819
	3426610820
	3426610821
	3426610822
	3426610823
	3426610824
	3426610825
	3426610826
	3426610827
	3426610828
	3426610829
	3426610830
	3426610831
	3426610832
	3426610833
	3426610834
	3426610835
	3426610836
	3426610837
	3426610838
	3426610839
	3426610840
	3426610841
	3426610842
	3426610843
	3426610844
	3426610845
	3426610846
	3426610847
	3426610848
	3426610849
	3426610850
	3426610851
	3426610852
	3426610853
	3426610854
	3426610855
	3426610856
	3426610857
	3426610858
	3426610859
	3426610860
	3426610861
	3426610862
	3426610863
	3426610864
	3426610865
	3426610866
	3426610867
	3426610868
	3426610869
	3426610870
	3426610871
	3426610872
	3426610873
	3426610874
	3426610875
	3426610876
	3426610877
	3426610878
	3426610879
	3426610880
	3426610881
	3426610882
	3426610883
	3426610884
	3426610885
	3426610886
	3426610887
	3426610888
	3426610889
	3426610890
	3426610891
	3426610892
	3426610893
	3426610894
	3426610895
	3426610896
	3426610897
	3426610898
	3426610899
	3426610900
	3426610901
	3426610902
	3426610903
	3426610904
	3426610905
	3426610906
	3426610907
	3426610908
	3426610909
	3426610910
	3426610911
	3426610912
	3426610913
	3426610914
	3426610915
	3426610916
	3426610917
	3426610918
	3426610919
	3426610920
	3426610921
	3426610922
	3426610923
	3426610924
	3426610925
	3426610926
	3426610927
	3426610928
	3426610929
	3426610930
	3426610931
	3426610932
	3426610933
	3426610934
	3426610935
	3426610936
	3426610937
	3426610938
	3426610939
	3426610940
	3426610941
	3426610942
	3426610943
	3426610944
	3426610945
	3426610946
	3426610947
	3426610948
	3426610949
	3426610950
	3426610951
	3426610952
	3426610953
	3426610954
	3426610955
	3426610956
	3426610957
	3426610958
	3426610959
	3426610960
	3426610961
	3426610962
	3426610963
	3426610964
	3426610965
	3426610966
	3426610967
	3426610968
	3426610969
	3426610970
	3426610971
	3426610972
	3426610973
	3426610974
	3426610975
	3426610976
	3426610977
	3426610978
	3426610979
	3426610980
	3426610981
	3426610982
	3426610983
	3426610984
	3426610985
	3426610986
	3426610987
	3426610988
	3426610989
	3426610990
	3426610991
	3426610992
	3426610993
	3426610994
	3426610995
	3426610996
	3426610997
	3426610998
	3426610999
	3426611000
	3426611001
	3426611002
	3426611003
	3426611004
	3426611005
	3426611006
	3426611007
	3426611008
	3426611009
	3426611010
	3426611011
	3426611012
	3426611013
	3426611014
	3426611015
	3426611016
	3426611017
	3426611018
	3426611019
	3426611020
	3426611021
	3426611022
	3426611023
	3426611024
	3426611025
	3426611026
	3426611027
	3426611028
	3426611029
	3426611030
	3426611031
	3426611032
	3426611033
	3426611034
	3426611035
	3426611036
	3426611037
	3426611038
	3426611039
	3426611040
	3426611041
	3426611042
	3426611043
	3426611044
	3426611045
	3426611046
	3426611047
	3426611048
	3426611049
	3426611050
	3426611051
	3426611052
	3426611053
	3426611054
	3426611055
	3426611056
	3426611057
	3426611058
	3426611059
	3426611060
	3426611061
	3426611062
	3426611063
	3426611064
	3426611065
	3426611066
	3426611067
	3426611068
	3426611069
	3426611070
	3426611071
	3426611072
	3426611073
	3426611074
	3426611075
	3426611076
	3426611077
	3426611078
	3426611079
	3426611080
	3426611081
	3426611082
	3426611083
	3426611084
	3426611085
	3426611086
	3426611087
	3426611088
	3426611089
	3426611090
	3426611091
	3426611092
	3426611093
	3426611094
	3426611095
	3426611096
	3426611097
	3426611098
	3426611099
	3426611100
	3426611101
	3426611102
	3426611103
	3426611104
	3426611105
	3426611106
	3426611107
	3426611108
	3426611109
	3426611110
	3426611111
	3426611112
	3426611113
	3426611114
	3426611115
	3426611116
	3426611117
	3426611118
	3426611119
	3426611120
	3426611121
	3426611122
	3426611123
	3426611124
	3426611125
	3426611126
	3426611127
	3426611128
	3426611129
	3426611130
	3426611131
	3426611132
	3426611133
	3426611134
	3426611135
	3426611136
	3426611137
	3426611138
	3426611139
	3426611140
	3426611141
	3426611142
	3426611143
	3426611144
	3426611145
	3426611146
	3426611147
	3426611148
	3426611149
	3426611150
	3426611151
	3426611152
	3426611153
	3426611154
	3426611155
	3426611156
	3426611157
	3426611158
	3426611159
	3426611160
	3426611161
	3426611162
	3426611163
	3426611164
	3426611165
	3426611166
	3426611167
	3426611168
	3426611169
	3426611170
	3426611171
	3426611172
	3426611173
	3426611174
	3426611175
	3426611176
	3426611177
	3426611178
	3426611179
	3426611180
	3426611181
	3426611182
	3426611183
	3426611184
	3426611185
	3426611186
	3426611187
	3426611188
	3426611189
	3426611190
	3426611191
	3426611192
	3426611193
	3426611194
	3426611195
	3426611196
	3426611197
	3426611198
	3426611199
	3426611200
	3426611201
	3426611202
	3426611203
	3426611204
	3426611205
	3426611206
	3426611207
	3426611208
	3426611209
	3426611210
	3426611211
	3426611212
	3426611213
	3426611214
	3426611215
	3426611216
	3426611217
	3426611218
	3426611219
	3426611220
	3426611221
	3426611222
	3426611223
	3426611224
	3426611225
	3426611226
	3426611227
	3426611228
	3426611229
	3426611230
	3426611231
	3426611232
	3426611233
	3426611234
	3426611235
	3426611236
	3426611237
	3426611238
	3426611239
	3426611240
	3426611241
	3426611242
	3426611243
	3426611244
	3426611245
	3426611246
	3426611247
	3426611248
	3426611249
	3426611250
	3426611251
	3426611252
	3426611253
	3426611254
	3426611255
	3426611256
	3426611257
	3426611258
	3426611259
	3426611260
	3426611261
	3426611262
	3426611263
	3426611264
	3426611265
	3426611266
	3426611267
	3426611268
	3426611269
	3426611270
	3426611271
	3426611272
	3426611273
	3426611274
	3426611275
	3426611276
	3426611277
	3426611278
	3426611279
	3426611280
	3426611281
	3426611282
	3426611283
	3426611284
	3426611285
	3426611286
	3426611287
	3426611288
	3426611289
	3426611290
	3426611291
	3426611292
	3426611293
	3426611294
	3426611295
	3426611296
	3426611297
	3426611298
	3426611299
	3426611300
	3426611301
	3426611302
	3426611303
	3426611304
	3426611305
	3426611306
	3426611307
	3426611308
	3426611309
	3426611310
	3426611311
	3426611312
	3426611313
	3426611314
	3426611315
	3426611316
	3426611317
	3426611318
	3426611319
	3426611320
	3426611321
	3426611322
	3426611323
	3426611324
	3426611325
	3426611326
	3426611327
	3426611328
	3426611329
	3426611330
	3426611331
	3426611332
	3426611333
	3426611334
	3426611335
	3426611336
	3426611337
	3426611338
	3426611339
	3426611340
	3426611341
	3426611342
	3426611343
	3426611344
	3426611345
	3426611346
	3426611347
	3426611348
	3426611349
	3426611350
	3426611351
	3426611352
	3426611353
	3426611354
	3426611355
	3426611356
	3426611357
	3426611358
	3426611359
	3426611360
	3426611361
	3426611362
	3426611363
	3426611364
	3426611365
	3426611366
	3426611367
	3426611368
	3426611369
	3426611370
	3426611371
	3426611372
	3426611373
	3426611374
	3426611375
	3426611376
	3426611377
	3426611378
	3426611379
	3426611380
	3426611381
	3426611382
	3426611383
	3426611384
	3426611385
	3426611386
	3426611387
	3426611388
	3426611389
	3426611390
	3426611391
	3426611392
	3426611393
	3426611394
	3426611395
	3426611396
	3426611397
	3426611398
	3426611399
	3426611400
	3426611401
	3426611402
	3426611403
	3426611404
	3426611405
	3426611406
	3426611407
	3426611408
	3426611409
	3426611410
	3426611411
	3426611412
	3426611413
	3426611414
	3426611415
	3426611416
	3426611417
	3426611418
	3426611419
	3426611420
	3426611421
	3426611422
	3426611423
	3426611424
	3426611425
	3426611426
	3426611427
	3426611428
	3426611429
	3426611430
	3426611431
	3426611432
	3426611433
	3426611434
	3426611435
	3426611436
	3426611437
	3426611438
	3426611439
	3426611440
	3426611441
	3426611442
	3426611443
	3426611444
	3426611445
	3426611446
	3426611447
	3426611448
	3426611449
	3426611450
	3426611451
	3426611452
	3426611453
	3426611454
	3426611455
	3426611456
	3426611457
	3426611458
	3426611459
	3426611460
	3426611461
	3426611462
	3426611463
	3426611464
	3426611465
	3426611466
	3426611467
	3426611468
	3426611469
	3426611470
	3426611471
	3426611472
	3426611473
	3426611474
	3426611475
	3426611476
	3426611477
	3426611478
	3426611479
	3426611480
	3426611481
	3426611482
	3426611483
	3426611484
	3426611485
	3426611486
	3426611487
	3426611488
	3426611489
	3426611490
	3426611491
	3426611492
	3426611493
	3426611494
	3426611495
	3426611496
	3426611497
	3426611498
	3426611499
	3426611500
	3426611501
	3426611502
	3426611503
	3426611504
	3426611505
	3426611506
	3426611507
	3426611508
	3426611509
	3426611510
	3426611511
	3426611512
	3426611513
	3426611514
	3426611515
	3426611516
	3426611517
	3426611518
	3426611519
	3426611520
	3426611521
	3426611522
	3426611523
	3426611524
	3426611525
	3426611526
	3426611527
	3426611528
	3426611529
	3426611530
	3426611531
	3426611532
	3426611533
	3426611534
	3426611535
	3426611536
	3426611537
	3426611538
	3426611539
	3426611540
	3426611541
	3426611542
	3426611543
	3426611544
	3426611545
	3426611546
	3426611547
	3426611548
	3426611549
	3426611550
	3426611551
	3426611552
	3426611553
	3426611554
	3426611555
	3426611556
	3426611557
	3426611558
	3426611559
	3426611560
	3426611561
	3426611562
	3426611563
	3426611564
	3426611565
	3426611566
	3426611567
	3426611568
	3426611569
	3426611570
	3426611571
	3426611572
	3426611573
	3426611574
	3426611575
	3426611576
	3426611577
	3426611578
	3426611579
	3426611580
	3426611581
	3426611582
	3426611583
	3426611584
	3426611585
	3426611586
	3426611587
	3426611588
	3426611589
	3426611590
	3426611591
	3426611592
	3426611593
	3426611594
	3426611595
	3426611596
	3426611597
	3426611598
	3426611599
	3426611600
	3426611601
	3426611602
	3426611603
	3426611604
	3426611605
	3426611606
	3426611607
	3426611608
	3426611609
	3426611610
	3426611611
	3426611612
	3426611613
	3426611614
	3426611615
	3426611616
	3426611617
	3426611618
	3426611619
	3426611620
	3426611621
	3426611622
	3426611623
	3426611624
	3426611625
	3426611626
	3426611627
	3426611628
	3426611629
	3426611630
	3426611631
	3426611632
	3426611633
	3426611634
	3426611635
	3426611636
	3426611637
	3426611638
	3426611639
	3426611640
	3426611641
	3426611642
	3426611643
	3426611644
	3426611645
	3426611646
	3426611647
	3426611648
	3426611649
	3426611650
	3426611651
	3426611652
	3426611653
	3426611654
	3426611655
	3426611656
	3426611657
	3426611658
	3426611659
	3426611660
	3426611661
	3426611662
	3426611663
	3426611664
	3426611665
	3426611666
	3426611667
	3426611668
	3426611669
	3426611670
	3426611671
	3426611672
	3426611673
	3426611674
	3426611675
	3426611676
	3426611677
	3426611678
	3426611679
	3426611680
	3426611681
	3426611682
	3426611683
	3426611684
	3426611685
	3426611686
	3426611687
	3426611688
	3426611689
	3426611690
	3426611691
	3426611692
	3426611693
	3426611694
	3426611695
	3426611696
	3426611697
	3426611698
	3426611699
	3426611700
	3426611701
	3426611702
	3426611703
	3426611704
	3426611705
	3426611706
	3426611707
	3426611708
	3426611709
	3426611710
	3426611711
	3426611712
	3426611713
	3426611714
	3426611715
	3426611716
	3426611717
	3426611718
	3426611719
	3426611720
	3426611721
	3426611722
	3426611723
	3426611724
	3426611725
	3426611726
	3426611727
	3426611728
	3426611729
	3426611730
	3426611731
	3426611732
	3426611733
	3426611734
	3426611735
	3426611736
	3426611737
	3426611738
	3426611739
	3426611740
	3426611741
	3426611742
	3426611743
	3426611744
	3426611745
	3426611746
	3426611747
	3426611748
	3426611749
	3426611750
	3426611751
	3426611752
	3426611753
	3426611754
	3426611755
	3426611756
	3426611757
	3426611758
	3426611759
	3426611760
	3426611761
	3426611762
	3426611763
	3426611764
	3426611765
	3426611766
	3426611767
	3426611768
	3426611769
	3426611770
	3426611771
	3426611772
	3426611773
	3426611774
	3426611775
	3426611776
	3426611777
	3426611778
	3426611779
	3426611780
	3426611781
	3426611782
	3426611783
	3426611784
	3426611785
	3426611786
	3426611787
	3426611788
	3426611789
	3426611790
	3426611791
	3426611792
	3426611793
	3426611794
	3426611795
	3426611796
	3426611797
	3426611798
	3426611799
	3426611800
	3426611801
	3426611802
	3426611803
	3426611804
	3426611805
	3426611806
	3426611807
	3426611808
	3426611809
	3426611810
	3426611811
	3426611812
	3426611813
	3426611814
	3426611815
	3426611816
	3426611817
	3426611818
	3426611819
	3426611820
	3426611821
	3426611822
	3426611823
	3426611824
	3426611825
	3426611826
	3426611827
	3426611828
	3426611829
	3426611830
	3426611831
	3426611832
	3426611833
	3426611834
	3426611835
	3426611836
	3426611837
	3426611838
	3426611839
	3426611840
	3426611841
	3426611842
	3426611843
	3426611844
	3426611845
	3426611846
	3426611847
	3426611848
	3426611849
	3426611850
	3426611851
	3426611852
	3426611853
	3426611854
	3426611855
	3426611856
	3426611857
	3426611858
	3426611859
	3426611860
	3426611861
	3426611862
	3426611863
	3426611864
	3426611865
	3426611866
	3426611867
	3426611868
	3426611869
	3426611870
	3426611871
	3426611872
	3426611873
	3426611874
	3426611875
	3426611876
	3426611877
	3426611878
	3426611879
	3426611880
	3426611881
	3426611882
	3426611883
	3426611884
	3426611885
	3426611886
	3426611887
	3426611888
	3426611889
	3426611890
	3426611891
	3426611892
	3426611893
	3426611894
	3426611895
	3426611896
	3426611897
	3426611898
	3426611899
	3426611900
	3426611901
	3426611902
	3426611903
	3426611904
	3426611905
	3426611906
	3426611907
	3426611908
	3426611909
	3426611910
	3426611911
	3426611912
	3426611913
	3426611914
	3426611915
	3426611916
	3426611917
	3426611918
	3426611919
	3426611920
	3426611921
	3426611922
	3426611923
	3426611924
	3426611925
	3426611926
	3426611927
	3426611928
	3426611929
	3426611930
	3426611931
	3426611932
	3426611933
	3426611934
	3426611935
	3426611936
	3426611937
	3426611938
	3426611939
	3426611940
	3426611941
	3426611942
	3426611943
	3426611944
	3426611945
	3426611946
	3426611947
	3426611948
	3426611949
	3426611950
	3426611951
	3426611952
	3426611953
	3426611954
	3426611955
	3426611956
	3426611957
	3426611958
	3426611959
	3426611960
	3426611961
	3426611962
	3426611963
	3426611964
	3426611965
	3426611966
	3426611967
	3426611968
	3426611969
	3426611970
	3426611971
	3426611972
	3426611973
	3426611974
	3426611975
	3426611976
	3426611977
	3426611978
	3426611979
	3426611980
	3426611981
	3426611982
	3426611983
	3426611984
	3426611985
	3426611986
	3426611987
	3426611988
	3426611989
	3426611990
	3426611991
	3426611992
	3426611993
	3426611994
	3426611995
	3426611996
	3426611997
	3426611998
	3426611999
	3426612000
	3426612001
	3426612002
	3426612003
	3426612004
	3426612005
	3426612006
	3426612007
	3426612008
	3426612009
	3426612010
	3426612011
	3426612012
	3426612013
	3426612014
	3426612015
	3426612016
	3426612017
	3426612018
	3426612019
	3426612020
	3426612021
	3426612022
	3426612023
	3426612024
	3426612025
	3426612026
	3426612027
	3426612028
	3426612029
	3426612030
	3426612031
	3426612032
	3426612033
	3426612034
	3426612035
	3426612036
	3426612037
	3426612038
	3426612039
	3426612040
	3426612041
	3426612042
	3426612043
	3426612044
	3426612045
	3426612046
	3426612047
	3426612048
	3426612049
	3426612050
	3426612051
	3426612052
	3426612053
	3426612054
	3426612055
	3426612056
	3426612057
	3426612058
	3426612059
	3426612060
	3426612061
	3426612062
	3426612063
	3426612064
	3426612065
	3426612066
	3426612067
	3426612068
	3426612069
	3426612070
	3426612071
	3426612072
	3426612073
	3426612074
	3426612075
	3426612076
	3426612077
	3426612078
	3426612079
	3426612080
	3426612081
	3426612082
	3426612083
	3426612084
	3426612085
	3426612086
	3426612087
	3426612088
	3426612089
	3426612090
	3426612091
	3426612092
	3426612093
	3426612094
	3426612095
	3426612096
	3426612097
	3426612098
	3426612099
	3426612100
	3426612101
	3426612102
	3426612103
	3426612104
	3426612105
	3426612106
	3426612107
	3426612108
	3426612109
	3426612110
	3426612111
	3426612112
	3426612113
	3426612114
	3426612115
	3426612116
	3426612117
	3426612118
	3426612119
	3426612120
	3426612121
	3426612122
	3426612123
	3426612124
	3426612125
	3426612126
	3426612127
	3426612128
	3426612129
	3426612130
	3426612131
	3426612132
	3426612133
	3426612134
	3426612135
	3426612136
	3426612137
	3426612138
	3426612139
	3426612140
	3426612141
	3426612142
	3426612143
	3426612144
	3426612145
	3426612146
	3426612147
	3426612148
	3426612149
	3426612150
	3426612151
	3426612152
	3426612153
	3426612154
	3426612155
	3426612156
	3426612157
	3426612158
	3426612159
	3426612160
	3426612161
	3426612162
	3426612163
	3426612164
	3426612165
	3426612166
	3426612167
	3426612168
	3426612169
	3426612170
	3426612171
	3426612172
	3426612173
	3426612174
	3426612175
	3426612176
	3426612177
	3426612178
	3426612179
	3426612180
	3426612181
	3426612182
	3426612183
	3426612184
	3426612185
	3426612186
	3426612187
	3426612188
	3426612189
	3426612190
	3426612191
	3426612192
	3426612193
	3426612194
	3426612195
	3426612196
	3426612197
	3426612198
	3426612199
	3426612200
	3426612201
	3426612202
	3426612203
	3426612204
	3426612205
	3426612206
	3426612207
	3426612208
	3426612209
	3426612210
	3426612211
	3426612212
	3426612213
	3426612214
	3426612215
	3426612216
	3426612217
	3426612218
	3426612219
	3426612220
	3426612221
	3426612222
	3426612223
	3426612224
	3426612225
	3426612226
	3426612227
	3426612228
	3426612229
	3426612230
	3426612231
	3426612232
	3426612233
	3426612234
	3426612235
	3426612236
	3426612237
	3426612238
	3426612239
	3426612240
	3426612241
	3426612242
	3426612243
	3426612244
	3426612245
	3426612246
	3426612247
	3426612248
	3426612249
	3426612250
	3426612251
	3426612252
	3426612253
	3426612254
	3426612255
	3426612256
	3426612257
	3426612258
	3426612259
	3426612260
	3426612261
	3426612262
	3426612263
	3426612264
	3426612265
	3426612266
	3426612267
	3426612268
	3426612269
	3426612270
	3426612271
	3426612272
	3426612273
	3426612274
	3426612275
	3426612276
	3426612277
	3426612278
	3426612279
	3426612280
	3426612281
	3426612282
	3426612283
	3426612284
	3426612285
	3426612286
	3426612287
	3426612288
	3426612289
	3426612290
	3426612291
	3426612292
	3426612293
	3426612294
	3426612295
	3426612296
	3426612297
	3426612298
	3426612299
	3426612300
	3426612301
	3426612302
	3426612303
	3426612304
	3426612305
	3426612306
	3426612307
	3426612308
	3426612309
	3426612310
	3426612311
	3426612312
	3426612313
	3426612314
	3426612315
	3426612316
	3426612317
	3426612318
