	3426856091
	3426856092
	3426856093
	3426856094
	3426856095
	3426856096
	3426856097
	3426856098
	3426856099
	3426856100
	3426856101
	3426856102
	3426856103
	3426856104
	3426856105
	3426856106
	3426856107
	3426856108
	3426856109
	3426856110
	3426856111
	3426856112
	3426856113
	3426856114
	3426856115
	3426856116
	3426856117
	3426856118
	3426856119
	3426856120
	3426856121
	3426856122
	3426856123
	3426856124
	3426856125
	3426856126
	3426856127
	3426856128
	3426856129
	3426856130
	3426856131
	3426856132
	3426856133
	3426856134
	3426856135
	3426856136
	3426856137
	3426856138
	3426856139
	3426856140
	3426856141
	3426856142
	3426856143
	3426856144
	3426856145
	3426856146
	3426856147
	3426856148
	3426856149
	3426856150
	3426856151
	3426856152
	3426856153
	3426856154
	3426856155
	3426856156
	3426856157
	3426856158
	3426856159
	3426856160
	3426856161
	3426856162
	3426856163
	3426856164
	3426856165
	3426856166
	3426856167
	3426856168
	3426856169
	3426856170
	3426856171
	3426856172
	3426856173
	3426856174
	3426856175
	3426856176
	3426856177
	3426856178
	3426856179
	3426856180
	3426856181
	3426856182
	3426856183
	3426856184
	3426856185
	3426856186
	3426856187
	3426856188
	3426856189
	3426856190
	3426856191
	3426856192
	3426856193
	3426856194
	3426856195
	3426856196
	3426856197
	3426856198
	3426856199
	3426856200
	3426856201
	3426856202
	3426856203
	3426856204
	3426856205
	3426856206
	3426856207
	3426856208
	3426856209
	3426856210
	3426856211
	3426856212
	3426856213
	3426856214
	3426856215
	3426856216
	3426856217
	3426856218
	3426856219
	3426856220
	3426856221
	3426856222
	3426856223
	3426856224
	3426856225
	3426856226
	3426856227
	3426856228
	3426856229
	3426856230
	3426856231
	3426856232
	3426856233
	3426856234
	3426856235
	3426856236
	3426856237
	3426856238
	3426856239
	3426856240
	3426856241
	3426856242
	3426856243
	3426856244
	3426856245
	3426856246
	3426856247
	3426856248
	3426856249
	3426856250
	3426856251
	3426856252
	3426856253
	3426856254
	3426856255
	3426856256
	3426856257
	3426856258
	3426856259
	3426856260
	3426856261
	3426856262
	3426856263
	3426856264
	3426856265
	3426856266
	3426856267
	3426856268
	3426856269
	3426856270
	3426856271
	3426856272
	3426856273
	3426856274
	3426856275
	3426856276
	3426856277
	3426856278
	3426856279
	3426856280
	3426856281
	3426856282
	3426856283
	3426856284
	3426856285
	3426856286
	3426856287
	3426856288
	3426856289
	3426856290
	3426856291
	3426856292
	3426856293
	3426856294
	3426856295
	3426856296
	3426856297
	3426856298
	3426856299
	3426856300
	3426856301
	3426856302
	3426856303
	3426856304
	3426856305
	3426856306
	3426856307
	3426856308
	3426856309
	3426856310
	3426856311
	3426856312
	3426856313
	3426856314
	3426856315
	3426856316
	3426856317
	3426856318
	3426856319
	3426856320
	3426856321
	3426856322
	3426856323
	3426856324
	3426856325
	3426856326
	3426856327
	3426856328
	3426856329
	3426856330
	3426856331
	3426856332
	3426856333
	3426856334
	3426856335
	3426856336
	3426856337
	3426856338
	3426856339
	3426856340
	3426856341
	3426856342
	3426856343
	3426856344
	3426856345
	3426856346
	3426856347
	3426856348
	3426856349
	3426856350
	3426856351
	3426856352
	3426856353
	3426856354
	3426856355
	3426856356
	3426856357
	3426856358
	3426856359
	3426856360
	3426856361
	3426856362
	3426856363
	3426856364
	3426856365
	3426856366
	3426856367
	3426856368
	3426856369
	3426856370
	3426856371
	3426856372
	3426856373
	3426856374
	3426856375
	3426856376
	3426856377
	3426856378
	3426856379
	3426856380
	3426856381
	3426856382
	3426856383
	3426856384
	3426856385
	3426856386
	3426856387
	3426856388
	3426856389
	3426856390
	3426856391
	3426856392
	3426856393
	3426856394
	3426856395
	3426856396
	3426856397
	3426856398
	3426856399
	3426856400
	3426856401
	3426856402
	3426856403
	3426856404
	3426856405
	3426856406
	3426856407
	3426856408
	3426856409
	3426856410
	3426856411
	3426856412
	3426856413
	3426856414
	3426856415
	3426856416
	3426856417
	3426856418
	3426856419
	3426856420
	3426856421
	3426856422
	3426856423
	3426856424
	3426856425
	3426856426
	3426856427
	3426856428
	3426856429
	3426856430
	3426856431
	3426856432
	3426856433
	3426856434
	3426856435
	3426856436
	3426856437
	3426856438
	3426856439
	3426856440
	3426856441
	3426856442
	3426856443
	3426856444
	3426856445
	3426856446
	3426856447
	3426856448
	3426856449
	3426856450
	3426856451
	3426856452
	3426856453
	3426856454
	3426856455
	3426856456
	3426856457
	3426856458
	3426856459
	3426856460
	3426856461
	3426856462
	3426856463
	3426856464
	3426856465
	3426856466
	3426856467
	3426856468
	3426856469
	3426856470
	3426856471
	3426856472
	3426856473
	3426856474
	3426856475
	3426856476
	3426856477
	3426856478
	3426856479
	3426856480
	3426856481
	3426856482
	3426856483
	3426856484
	3426856485
	3426856486
	3426856487
	3426856488
	3426856489
	3426856490
	3426856491
	3426856492
	3426856493
	3426856494
	3426856495
	3426856496
	3426856497
	3426856498
	3426856499
	3426856500
	3426856501
	3426856502
	3426856503
	3426856504
	3426856505
	3426856506
	3426856507
	3426856508
	3426856509
	3426856510
	3426856511
	3426856512
	3426856513
	3426856514
	3426856515
	3426856516
	3426856517
	3426856518
	3426856519
	3426856520
	3426856521
	3426856522
	3426856523
	3426856524
	3426856525
	3426856526
	3426856527
	3426856528
	3426856529
	3426856530
	3426856531
	3426856532
	3426856533
	3426856534
	3426856535
	3426856536
	3426856537
	3426856538
	3426856539
	3426856540
	3426856541
	3426856542
	3426856543
	3426856544
	3426856545
	3426856546
	3426856547
	3426856548
	3426856549
	3426856550
	3426856551
	3426856552
	3426856553
	3426856554
	3426856555
	3426856556
	3426856557
	3426856558
	3426856559
	3426856560
	3426856561
	3426856562
	3426856563
	3426856564
	3426856565
	3426856566
	3426856567
	3426856568
	3426856569
	3426856570
	3426856571
	3426856572
	3426856573
	3426856574
	3426856575
	3426856576
	3426856577
	3426856578
	3426856579
	3426856580
	3426856581
	3426856582
	3426856583
	3426856584
	3426856585
	3426856586
	3426856587
	3426856588
	3426856589
	3426856590
	3426856591
	3426856592
	3426856593
	3426856594
	3426856595
	3426856596
	3426856597
	3426856598
	3426856599
	3426856600
	3426856601
	3426856602
	3426856603
	3426856604
	3426856605
	3426856606
	3426856607
	3426856608
	3426856609
	3426856610
	3426856611
	3426856612
	3426856613
	3426856614
	3426856615
	3426856616
	3426856617
	3426856618
	3426856619
	3426856620
	3426856621
	3426856622
	3426856623
	3426856624
	3426856625
	3426856626
	3426856627
	3426856628
	3426856629
	3426856630
	3426856631
	3426856632
	3426856633
	3426856634
	3426856635
	3426856636
	3426856637
	3426856638
	3426856639
	3426856640
	3426856641
	3426856642
	3426856643
	3426856644
	3426856645
	3426856646
	3426856647
	3426856648
	3426856649
	3426856650
	3426856651
	3426856652
	3426856653
	3426856654
	3426856655
	3426856656
	3426856657
	3426856658
	3426856659
	3426856660
	3426856661
	3426856662
	3426856663
	3426856664
	3426856665
	3426856666
	3426856667
	3426856668
	3426856669
	3426856670
	3426856671
	3426856672
	3426856673
	3426856674
	3426856675
	3426856676
	3426856677
	3426856678
	3426856679
	3426856680
	3426856681
	3426856682
	3426856683
	3426856684
	3426856685
	3426856686
	3426856687
	3426856688
	3426856689
	3426856690
	3426856691
	3426856692
	3426856693
	3426856694
	3426856695
	3426856696
	3426856697
	3426856698
	3426856699
	3426856700
	3426856701
	3426856702
	3426856703
	3426856704
	3426856705
	3426856706
	3426856707
	3426856708
	3426856709
	3426856710
	3426856711
	3426856712
	3426856713
	3426856714
	3426856715
	3426856716
	3426856717
	3426856718
	3426856719
	3426856720
	3426856721
	3426856722
	3426856723
	3426856724
	3426856725
	3426856726
	3426856727
	3426856728
	3426856729
	3426856730
	3426856731
	3426856732
	3426856733
	3426856734
	3426856735
	3426856736
	3426856737
	3426856738
	3426856739
	3426856740
	3426856741
	3426856742
	3426856743
	3426856744
	3426856745
	3426856746
	3426856747
	3426856748
	3426856749
	3426856750
	3426856751
	3426856752
	3426856753
	3426856754
	3426856755
	3426856756
	3426856757
	3426856758
	3426856759
	3426856760
	3426856761
	3426856762
	3426856763
	3426856764
	3426856765
	3426856766
	3426856767
	3426856768
	3426856769
	3426856770
	3426856771
	3426856772
	3426856773
	3426856774
	3426856775
	3426856776
	3426856777
	3426856778
	3426856779
	3426856780
	3426856781
	3426856782
	3426856783
	3426856784
	3426856785
	3426856786
	3426856787
	3426856788
	3426856789
	3426856790
	3426856791
	3426856792
	3426856793
	3426856794
	3426856795
	3426856796
	3426856797
	3426856798
	3426856799
	3426856800
	3426856801
	3426856802
	3426856803
	3426856804
	3426856805
	3426856806
	3426856807
	3426856808
	3426856809
	3426856810
	3426856811
	3426856812
	3426856813
	3426856814
	3426856815
	3426856816
	3426856817
	3426856818
	3426856819
	3426856820
	3426856821
	3426856822
	3426856823
	3426856824
	3426856825
	3426856826
	3426856827
	3426856828
	3426856829
	3426856830
	3426856831
	3426856832
	3426856833
	3426856834
	3426856835
	3426856836
	3426856837
	3426856838
	3426856839
	3426856840
	3426856841
	3426856842
	3426856843
	3426856844
	3426856845
	3426856846
	3426856847
	3426856848
	3426856849
	3426856850
	3426856851
	3426856852
	3426856853
	3426856854
	3426856855
	3426856856
	3426856857
	3426856858
	3426856859
	3426856860
	3426856861
	3426856862
	3426856863
	3426856864
	3426856865
	3426856866
	3426856867
	3426856868
	3426856869
	3426856870
	3426856871
	3426856872
	3426856873
	3426856874
	3426856875
	3426856876
	3426856877
	3426856878
	3426856879
	3426856880
	3426856881
	3426856882
	3426856883
	3426856884
	3426856885
	3426856886
	3426856887
	3426856888
	3426856889
	3426856890
	3426856891
	3426856892
	3426856893
	3426856894
	3426856895
	3426856896
	3426856897
	3426856898
	3426856899
	3426856900
	3426856901
	3426856902
	3426856903
	3426856904
	3426856905
	3426856906
	3426856907
	3426856908
	3426856909
	3426856910
	3426856911
	3426856912
	3426856913
	3426856914
	3426856915
	3426856916
	3426856917
	3426856918
	3426856919
	3426856920
	3426856921
	3426856922
	3426856923
	3426856924
	3426856925
	3426856926
	3426856927
	3426856928
	3426856929
	3426856930
	3426856931
	3426856932
	3426856933
	3426856934
	3426856935
	3426856936
	3426856937
	3426856938
	3426856939
	3426856940
	3426856941
	3426856942
	3426856943
	3426856944
	3426856945
	3426856946
	3426856947
	3426856948
	3426856949
	3426856950
	3426856951
	3426856952
	3426856953
	3426856954
	3426856955
	3426856956
	3426856957
	3426856958
	3426856959
	3426856960
	3426856961
	3426856962
	3426856963
	3426856964
	3426856965
	3426856966
	3426856967
	3426856968
	3426856969
	3426856970
	3426856971
	3426856972
	3426856973
	3426856974
	3426856975
	3426856976
	3426856977
	3426856978
	3426856979
	3426856980
	3426856981
	3426856982
	3426856983
	3426856984
	3426856985
	3426856986
	3426856987
	3426856988
	3426856989
	3426856990
	3426856991
	3426856992
	3426856993
	3426856994
	3426856995
	3426856996
	3426856997
	3426856998
	3426856999
	3426857000
	3426857001
	3426857002
	3426857003
	3426857004
	3426857005
	3426857006
	3426857007
	3426857008
	3426857009
	3426857010
	3426857011
	3426857012
	3426857013
	3426857014
	3426857015
	3426857016
	3426857017
	3426857018
	3426857019
	3426857020
	3426857021
	3426857022
	3426857023
	3426857024
	3426857025
	3426857026
	3426857027
	3426857028
	3426857029
	3426857030
	3426857031
	3426857032
	3426857033
	3426857034
	3426857035
	3426857036
	3426857037
	3426857038
	3426857039
	3426857040
	3426857041
	3426857042
	3426857043
	3426857044
	3426857045
	3426857046
	3426857047
	3426857048
	3426857049
	3426857050
	3426857051
	3426857052
	3426857053
	3426857054
	3426857055
	3426857056
	3426857057
	3426857058
	3426857059
	3426857060
	3426857061
	3426857062
	3426857063
	3426857064
	3426857065
	3426857066
	3426857067
	3426857068
	3426857069
	3426857070
	3426857071
	3426857072
	3426857073
	3426857074
	3426857075
	3426857076
	3426857077
	3426857078
	3426857079
	3426857080
	3426857081
	3426857082
	3426857083
	3426857084
	3426857085
	3426857086
	3426857087
	3426857088
	3426857089
	3426857090
	3426857091
	3426857092
	3426857093
	3426857094
	3426857095
	3426857096
	3426857097
	3426857098
	3426857099
	3426857100
	3426857101
	3426857102
	3426857103
	3426857104
	3426857105
	3426857106
	3426857107
	3426857108
	3426857109
	3426857110
	3426857111
	3426857112
	3426857113
	3426857114
	3426857115
	3426857116
	3426857117
	3426857118
	3426857119
	3426857120
	3426857121
	3426857122
	3426857123
	3426857124
	3426857125
	3426857126
	3426857127
	3426857128
	3426857129
	3426857130
	3426857131
	3426857132
	3426857133
	3426857134
	3426857135
	3426857136
	3426857137
	3426857138
	3426857139
	3426857140
	3426857141
	3426857142
	3426857143
	3426857144
	3426857145
	3426857146
	3426857147
	3426857148
	3426857149
	3426857150
	3426857151
	3426857152
	3426857153
	3426857154
	3426857155
	3426857156
	3426857157
	3426857158
	3426857159
	3426857160
	3426857161
	3426857162
	3426857163
	3426857164
	3426857165
	3426857166
	3426857167
	3426857168
	3426857169
	3426857170
	3426857171
	3426857172
	3426857173
	3426857174
	3426857175
	3426857176
	3426857177
	3426857178
	3426857179
	3426857180
	3426857181
	3426857182
	3426857183
	3426857184
	3426857185
	3426857186
	3426857187
	3426857188
	3426857189
	3426857190
	3426857191
	3426857192
	3426857193
	3426857194
	3426857195
	3426857196
	3426857197
	3426857198
	3426857199
	3426857200
	3426857201
	3426857202
	3426857203
	3426857204
	3426857205
	3426857206
	3426857207
	3426857208
	3426857209
	3426857210
	3426857211
	3426857212
	3426857213
	3426857214
	3426857215
	3426857216
	3426857217
	3426857218
	3426857219
	3426857220
	3426857221
	3426857222
	3426857223
	3426857224
	3426857225
	3426857226
	3426857227
	3426857228
	3426857229
	3426857230
	3426857231
	3426857232
	3426857233
	3426857234
	3426857235
	3426857236
	3426857237
	3426857238
	3426857239
	3426857240
	3426857241
	3426857242
	3426857243
	3426857244
	3426857245
	3426857246
	3426857247
	3426857248
	3426857249
	3426857250
	3426857251
	3426857252
	3426857253
	3426857254
	3426857255
	3426857256
	3426857257
	3426857258
	3426857259
	3426857260
	3426857261
	3426857262
	3426857263
	3426857264
	3426857265
	3426857266
	3426857267
	3426857268
	3426857269
	3426857270
	3426857271
	3426857272
	3426857273
	3426857274
	3426857275
	3426857276
	3426857277
	3426857278
	3426857279
	3426857280
	3426857281
	3426857282
	3426857283
	3426857284
	3426857285
	3426857286
	3426857287
	3426857288
	3426857289
	3426857290
	3426857291
	3426857292
	3426857293
	3426857294
	3426857295
	3426857296
	3426857297
	3426857298
	3426857299
	3426857300
	3426857301
	3426857302
	3426857303
	3426857304
	3426857305
	3426857306
	3426857307
	3426857308
	3426857309
	3426857310
	3426857311
	3426857312
	3426857313
	3426857314
	3426857315
	3426857316
	3426857317
	3426857318
	3426857319
	3426857320
	3426857321
	3426857322
	3426857323
	3426857324
	3426857325
	3426857326
	3426857327
	3426857328
	3426857329
	3426857330
	3426857331
	3426857332
	3426857333
	3426857334
	3426857335
	3426857336
	3426857337
	3426857338
	3426857339
	3426857340
	3426857341
	3426857342
	3426857343
	3426857344
	3426857345
	3426857346
	3426857347
	3426857348
	3426857349
	3426857350
	3426857351
	3426857352
	3426857353
	3426857354
	3426857355
	3426857356
	3426857357
	3426857358
	3426857359
	3426857360
	3426857361
	3426857362
	3426857363
	3426857364
	3426857365
	3426857366
	3426857367
	3426857368
	3426857369
	3426857370
	3426857371
	3426857372
	3426857373
	3426857374
	3426857375
	3426857376
	3426857377
	3426857378
	3426857379
	3426857380
	3426857381
	3426857382
	3426857383
	3426857384
	3426857385
	3426857386
	3426857387
	3426857388
	3426857389
	3426857390
	3426857391
	3426857392
	3426857393
	3426857394
	3426857395
	3426857396
	3426857397
	3426857398
	3426857399
	3426857400
	3426857401
	3426857402
	3426857403
	3426857404
	3426857405
	3426857406
	3426857407
	3426857408
	3426857409
	3426857410
	3426857411
	3426857412
	3426857413
	3426857414
	3426857415
	3426857416
	3426857417
	3426857418
	3426857419
	3426857420
	3426857421
	3426857422
	3426857423
	3426857424
	3426857425
	3426857426
	3426857427
	3426857428
	3426857429
	3426857430
	3426857431
	3426857432
	3426857433
	3426857434
	3426857435
	3426857436
	3426857437
	3426857438
	3426857439
	3426857440
	3426857441
	3426857442
	3426857443
	3426857444
	3426857445
	3426857446
	3426857447
	3426857448
	3426857449
	3426857450
	3426857451
	3426857452
	3426857453
	3426857454
	3426857455
	3426857456
	3426857457
	3426857458
	3426857459
	3426857460
	3426857461
	3426857462
	3426857463
	3426857464
	3426857465
	3426857466
	3426857467
	3426857468
	3426857469
	3426857470
	3426857471
	3426857472
	3426857473
	3426857474
	3426857475
	3426857476
	3426857477
	3426857478
	3426857479
	3426857480
	3426857481
	3426857482
	3426857483
	3426857484
	3426857485
	3426857486
	3426857487
	3426857488
	3426857489
	3426857490
	3426857491
	3426857492
	3426857493
	3426857494
	3426857495
	3426857496
	3426857497
	3426857498
	3426857499
	3426857500
	3426857501
	3426857502
	3426857503
	3426857504
	3426857505
	3426857506
	3426857507
	3426857508
	3426857509
	3426857510
	3426857511
	3426857512
	3426857513
	3426857514
	3426857515
	3426857516
	3426857517
	3426857518
	3426857519
	3426857520
	3426857521
	3426857522
	3426857523
	3426857524
	3426857525
	3426857526
	3426857527
	3426857528
	3426857529
	3426857530
	3426857531
	3426857532
	3426857533
	3426857534
	3426857535
	3426857536
	3426857537
	3426857538
	3426857539
	3426857540
	3426857541
	3426857542
	3426857543
	3426857544
	3426857545
	3426857546
	3426857547
	3426857548
	3426857549
	3426857550
	3426857551
	3426857552
	3426857553
	3426857554
	3426857555
	3426857556
	3426857557
	3426857558
	3426857559
	3426857560
	3426857561
	3426857562
	3426857563
	3426857564
	3426857565
	3426857566
	3426857567
	3426857568
	3426857569
	3426857570
	3426857571
	3426857572
	3426857573
	3426857574
	3426857575
	3426857576
	3426857577
	3426857578
	3426857579
	3426857580
	3426857581
	3426857582
	3426857583
	3426857584
	3426857585
	3426857586
	3426857587
	3426857588
	3426857589
	3426857590
	3426857591
	3426857592
	3426857593
	3426857594
	3426857595
	3426857596
	3426857597
	3426857598
	3426857599
	3426857600
	3426857601
	3426857602
	3426857603
	3426857604
	3426857605
	3426857606
	3426857607
	3426857608
	3426857609
	3426857610
	3426857611
	3426857612
	3426857613
	3426857614
	3426857615
	3426857616
	3426857617
	3426857618
	3426857619
	3426857620
	3426857621
	3426857622
	3426857623
	3426857624
	3426857625
	3426857626
	3426857627
	3426857628
	3426857629
	3426857630
	3426857631
	3426857632
	3426857633
	3426857634
	3426857635
	3426857636
	3426857637
	3426857638
	3426857639
	3426857640
	3426857641
	3426857642
	3426857643
	3426857644
	3426857645
	3426857646
	3426857647
	3426857648
	3426857649
	3426857650
	3426857651
	3426857652
	3426857653
	3426857654
	3426857655
	3426857656
	3426857657
	3426857658
	3426857659
	3426857660
	3426857661
	3426857662
	3426857663
	3426857664
	3426857665
	3426857666
	3426857667
	3426857668
	3426857669
	3426857670
	3426857671
	3426857672
	3426857673
	3426857674
	3426857675
	3426857676
	3426857677
	3426857678
	3426857679
	3426857680
	3426857681
	3426857682
	3426857683
	3426857684
	3426857685
	3426857686
	3426857687
	3426857688
	3426857689
	3426857690
	3426857691
	3426857692
	3426857693
	3426857694
	3426857695
	3426857696
	3426857697
	3426857698
	3426857699
	3426857700
	3426857701
	3426857702
	3426857703
	3426857704
	3426857705
	3426857706
	3426857707
	3426857708
	3426857709
	3426857710
	3426857711
	3426857712
	3426857713
	3426857714
	3426857715
	3426857716
	3426857717
	3426857718
	3426857719
	3426857720
	3426857721
	3426857722
	3426857723
	3426857724
	3426857725
	3426857726
	3426857727
	3426857728
	3426857729
	3426857730
	3426857731
	3426857732
	3426857733
	3426857734
	3426857735
	3426857736
	3426857737
	3426857738
	3426857739
	3426857740
	3426857741
	3426857742
	3426857743
	3426857744
	3426857745
	3426857746
	3426857747
	3426857748
	3426857749
	3426857750
	3426857751
	3426857752
	3426857753
	3426857754
	3426857755
	3426857756
	3426857757
	3426857758
	3426857759
	3426857760
	3426857761
	3426857762
	3426857763
	3426857764
	3426857765
	3426857766
	3426857767
	3426857768
	3426857769
	3426857770
	3426857771
	3426857772
	3426857773
	3426857774
	3426857775
	3426857776
	3426857777
	3426857778
	3426857779
	3426857780
	3426857781
	3426857782
	3426857783
	3426857784
	3426857785
	3426857786
	3426857787
	3426857788
	3426857789
	3426857790
	3426857791
	3426857792
	3426857793
	3426857794
	3426857795
	3426857796
	3426857797
	3426857798
	3426857799
	3426857800
	3426857801
	3426857802
	3426857803
	3426857804
	3426857805
	3426857806
	3426857807
	3426857808
	3426857809
	3426857810
	3426857811
	3426857812
	3426857813
	3426857814
	3426857815
	3426857816
	3426857817
	3426857818
	3426857819
	3426857820
	3426857821
	3426857822
	3426857823
	3426857824
	3426857825
	3426857826
	3426857827
	3426857828
	3426857829
	3426857830
	3426857831
	3426857832
	3426857833
	3426857834
	3426857835
	3426857836
	3426857837
	3426857838
	3426857839
	3426857840
	3426857841
	3426857842
	3426857843
	3426857844
	3426857845
	3426857846
	3426857847
	3426857848
	3426857849
	3426857850
	3426857851
	3426857852
	3426857853
	3426857854
	3426857855
	3426857856
	3426857857
	3426857858
	3426857859
	3426857860
	3426857861
	3426857862
	3426857863
	3426857864
	3426857865
	3426857866
	3426857867
	3426857868
	3426857869
	3426857870
	3426857871
	3426857872
	3426857873
	3426857874
	3426857875
	3426857876
	3426857877
	3426857878
	3426857879
	3426857880
	3426857881
	3426857882
	3426857883
	3426857884
	3426857885
	3426857886
	3426857887
	3426857888
	3426857889
	3426857890
	3426857891
	3426857892
	3426857893
	3426857894
	3426857895
	3426857896
	3426857897
	3426857898
	3426857899
	3426857900
	3426857901
	3426857902
	3426857903
	3426857904
	3426857905
	3426857906
	3426857907
	3426857908
	3426857909
	3426857910
	3426857911
	3426857912
	3426857913
	3426857914
	3426857915
	3426857916
	3426857917
	3426857918
	3426857919
	3426857920
	3426857921
	3426857922
	3426857923
	3426857924
	3426857925
	3426857926
	3426857927
	3426857928
	3426857929
	3426857930
	3426857931
	3426857932
	3426857933
	3426857934
	3426857935
	3426857936
	3426857937
	3426857938
	3426857939
	3426857940
	3426857941
	3426857942
	3426857943
	3426857944
	3426857945
	3426857946
	3426857947
	3426857948
	3426857949
	3426857950
	3426857951
	3426857952
	3426857953
	3426857954
	3426857955
	3426857956
	3426857957
	3426857958
	3426857959
	3426857960
	3426857961
	3426857962
	3426857963
	3426857964
	3426857965
	3426857966
	3426857967
	3426857968
	3426857969
	3426857970
	3426857971
	3426857972
	3426857973
	3426857974
	3426857975
	3426857976
	3426857977
	3426857978
	3426857979
	3426857980
	3426857981
	3426857982
	3426857983
	3426857984
	3426857985
	3426857986
	3426857987
	3426857988
	3426857989
	3426857990
	3426857991
	3426857992
	3426857993
	3426857994
	3426857995
	3426857996
	3426857997
	3426857998
	3426857999
	3426858000
	3426858001
	3426858002
	3426858003
	3426858004
	3426858005
	3426858006
	3426858007
	3426858008
	3426858009
	3426858010
	3426858011
	3426858012
	3426858013
	3426858014
	3426858015
	3426858016
	3426858017
	3426858018
	3426858019
	3426858020
	3426858021
	3426858022
	3426858023
	3426858024
	3426858025
	3426858026
	3426858027
	3426858028
	3426858029
	3426858030
	3426858031
	3426858032
	3426858033
	3426858034
	3426858035
	3426858036
	3426858037
	3426858038
	3426858039
	3426858040
	3426858041
	3426858042
	3426858043
	3426858044
	3426858045
	3426858046
	3426858047
	3426858048
	3426858049
	3426858050
	3426858051
	3426858052
	3426858053
	3426858054
	3426858055
	3426858056
	3426858057
	3426858058
	3426858059
	3426858060
	3426858061
	3426858062
	3426858063
	3426858064
	3426858065
	3426858066
	3426858067
	3426858068
	3426858069
	3426858070
	3426858071
	3426858072
	3426858073
	3426858074
	3426858075
	3426858076
	3426858077
	3426858078
	3426858079
	3426858080
	3426858081
	3426858082
	3426858083
	3426858084
	3426858085
	3426858086
	3426858087
	3426858088
	3426858089
	3426858090
	3426858091
	3426858092
	3426858093
	3426858094
	3426858095
	3426858096
	3426858097
	3426858098
	3426858099
	3426858100
	3426858101
	3426858102
	3426858103
	3426858104
	3426858105
	3426858106
	3426858107
	3426858108
	3426858109
	3426858110
	3426858111
	3426858112
	3426858113
	3426858114
	3426858115
	3426858116
	3426858117
	3426858118
	3426858119
	3426858120
	3426858121
	3426858122
	3426858123
	3426858124
	3426858125
	3426858126
	3426858127
	3426858128
	3426858129
	3426858130
	3426858131
	3426858132
	3426858133
	3426858134
	3426858135
	3426858136
	3426858137
	3426858138
	3426858139
	3426858140
	3426858141
	3426858142
	3426858143
	3426858144
	3426858145
	3426858146
	3426858147
	3426858148
	3426858149
	3426858150
	3426858151
	3426858152
	3426858153
	3426858154
	3426858155
	3426858156
	3426858157
	3426858158
	3426858159
	3426858160
	3426858161
	3426858162
	3426858163
	3426858164
	3426858165
	3426858166
	3426858167
	3426858168
	3426858169
	3426858170
	3426858171
	3426858172
	3426858173
	3426858174
	3426858175
	3426858176
	3426858177
	3426858178
	3426858179
	3426858180
	3426858181
	3426858182
	3426858183
	3426858184
	3426858185
	3426858186
	3426858187
	3426858188
	3426858189
	3426858190
	3426858191
	3426858192
	3426858193
	3426858194
	3426858195
	3426858196
	3426858197
	3426858198
	3426858199
	3426858200
	3426858201
	3426858202
	3426858203
	3426858204
	3426858205
	3426858206
	3426858207
	3426858208
	3426858209
	3426858210
	3426858211
	3426858212
	3426858213
	3426858214
	3426858215
	3426858216
	3426858217
	3426858218
	3426858219
	3426858220
	3426858221
	3426858222
	3426858223
	3426858224
	3426858225
	3426858226
	3426858227
	3426858228
	3426858229
	3426858230
	3426858231
	3426858232
	3426858233
	3426858234
	3426858235
	3426858236
	3426858237
	3426858238
	3426858239
	3426858240
	3426858241
	3426858242
	3426858243
	3426858244
	3426858245
	3426858246
	3426858247
	3426858248
	3426858249
	3426858250
	3426858251
	3426858252
	3426858253
	3426858254
	3426858255
	3426858256
	3426858257
	3426858258
	3426858259
	3426858260
	3426858261
	3426858262
	3426858263
	3426858264
	3426858265
	3426858266
	3426858267
	3426858268
	3426858269
	3426858270
	3426858271
	3426858272
	3426858273
	3426858274
	3426858275
	3426858276
	3426858277
	3426858278
	3426858279
	3426858280
	3426858281
	3426858282
	3426858283
	3426858284
	3426858285
	3426858286
	3426858287
	3426858288
	3426858289
	3426858290
	3426858291
	3426858292
	3426858293
	3426858294
	3426858295
	3426858296
	3426858297
	3426858298
	3426858299
	3426858300
	3426858301
	3426858302
	3426858303
	3426858304
	3426858305
	3426858306
	3426858307
	3426858308
	3426858309
	3426858310
	3426858311
	3426858312
	3426858313
	3426858314
	3426858315
	3426858316
	3426858317
	3426858318
	3426858319
	3426858320
	3426858321
	3426858322
	3426858323
	3426858324
	3426858325
	3426858326
	3426858327
	3426858328
	3426858329
	3426858330
	3426858331
	3426858332
	3426858333
	3426858334
	3426858335
	3426858336
	3426858337
	3426858338
	3426858339
	3426858340
	3426858341
	3426858342
	3426858343
	3426858344
	3426858345
	3426858346
	3426858347
	3426858348
	3426858349
	3426858350
	3426858351
	3426858352
	3426858353
	3426858354
	3426858355
	3426858356
	3426858357
	3426858358
	3426858359
	3426858360
	3426858361
	3426858362
	3426858363
	3426858364
	3426858365
	3426858366
	3426858367
	3426858368
	3426858369
	3426858370
	3426858371
	3426858372
	3426858373
	3426858374
	3426858375
	3426858376
	3426858377
	3426858378
	3426858379
	3426858380
	3426858381
	3426858382
	3426858383
	3426858384
	3426858385
	3426858386
	3426858387
	3426858388
	3426858389
	3426858390
	3426858391
	3426858392
	3426858393
	3426858394
	3426858395
	3426858396
	3426858397
	3426858398
	3426858399
	3426858400
	3426858401
	3426858402
	3426858403
	3426858404
	3426858405
	3426858406
	3426858407
	3426858408
	3426858409
	3426858410
	3426858411
	3426858412
	3426858413
	3426858414
	3426858415
	3426858416
	3426858417
	3426858418
	3426858419
	3426858420
	3426858421
	3426858422
	3426858423
	3426858424
	3426858425
	3426858426
	3426858427
	3426858428
	3426858429
	3426858430
	3426858431
	3426858432
	3426858433
	3426858434
	3426858435
	3426858436
	3426858437
	3426858438
	3426858439
	3426858440
	3426858441
	3426858442
	3426858443
	3426858444
	3426858445
	3426858446
	3426858447
	3426858448
	3426858449
	3426858450
	3426858451
	3426858452
	3426858453
	3426858454
	3426858455
	3426858456
	3426858457
	3426858458
	3426858459
	3426858460
	3426858461
	3426858462
	3426858463
	3426858464
	3426858465
	3426858466
	3426858467
	3426858468
	3426858469
	3426858470
	3426858471
	3426858472
	3426858473
	3426858474
	3426858475
	3426858476
	3426858477
	3426858478
	3426858479
	3426858480
	3426858481
	3426858482
	3426858483
	3426858484
	3426858485
	3426858486
	3426858487
	3426858488
	3426858489
	3426858490
	3426858491
	3426858492
	3426858493
	3426858494
	3426858495
	3426858496
	3426858497
	3426858498
	3426858499
	3426858500
	3426858501
	3426858502
	3426858503
	3426858504
	3426858505
	3426858506
	3426858507
	3426858508
	3426858509
	3426858510
	3426858511
	3426858512
	3426858513
	3426858514
	3426858515
	3426858516
	3426858517
	3426858518
	3426858519
	3426858520
	3426858521
	3426858522
	3426858523
	3426858524
	3426858525
	3426858526
	3426858527
	3426858528
	3426858529
	3426858530
	3426858531
	3426858532
	3426858533
	3426858534
	3426858535
	3426858536
	3426858537
	3426858538
	3426858539
	3426858540
	3426858541
	3426858542
	3426858543
	3426858544
	3426858545
	3426858546
	3426858547
	3426858548
	3426858549
	3426858550
	3426858551
	3426858552
	3426858553
	3426858554
	3426858555
	3426858556
	3426858557
	3426858558
	3426858559
	3426858560
	3426858561
	3426858562
	3426858563
	3426858564
	3426858565
	3426858566
	3426858567
	3426858568
	3426858569
	3426858570
	3426858571
	3426858572
	3426858573
	3426858574
	3426858575
	3426858576
	3426858577
	3426858578
	3426858579
	3426858580
	3426858581
	3426858582
	3426858583
	3426858584
	3426858585
	3426858586
	3426858587
	3426858588
	3426858589
	3426858590
	3426858591
	3426858592
	3426858593
	3426858594
	3426858595
	3426858596
	3426858597
	3426858598
	3426858599
	3426858600
	3426858601
	3426858602
	3426858603
	3426858604
	3426858605
	3426858606
	3426858607
	3426858608
	3426858609
	3426858610
	3426858611
	3426858612
	3426858613
	3426858614
	3426858615
	3426858616
	3426858617
	3426858618
	3426858619
	3426858620
	3426858621
	3426858622
	3426858623
	3426858624
	3426858625
	3426858626
	3426858627
	3426858628
	3426858629
	3426858630
	3426858631
	3426858632
	3426858633
	3426858634
	3426858635
	3426858636
	3426858637
	3426858638
	3426858639
	3426858640
	3426858641
	3426858642
	3426858643
	3426858644
	3426858645
	3426858646
	3426858647
	3426858648
	3426858649
	3426858650
	3426858651
	3426858652
	3426858653
	3426858654
	3426858655
	3426858656
	3426858657
	3426858658
	3426858659
	3426858660
	3426858661
	3426858662
	3426858663
	3426858664
	3426858665
	3426858666
	3426858667
	3426858668
	3426858669
	3426858670
	3426858671
	3426858672
	3426858673
	3426858674
	3426858675
	3426858676
	3426858677
	3426858678
	3426858679
	3426858680
	3426858681
	3426858682
	3426858683
	3426858684
	3426858685
	3426858686
	3426858687
	3426858688
	3426858689
	3426858690
	3426858691
	3426858692
	3426858693
	3426858694
	3426858695
	3426858696
	3426858697
	3426858698
	3426858699
	3426858700
	3426858701
	3426858702
	3426858703
	3426858704
	3426858705
	3426858706
	3426858707
	3426858708
	3426858709
	3426858710
	3426858711
	3426858712
	3426858713
	3426858714
	3426858715
	3426858716
	3426858717
	3426858718
	3426858719
	3426858720
	3426858721
	3426858722
	3426858723
	3426858724
	3426858725
	3426858726
	3426858727
	3426858728
	3426858729
	3426858730
	3426858731
	3426858732
	3426858733
	3426858734
	3426858735
	3426858736
	3426858737
	3426858738
	3426858739
	3426858740
	3426858741
	3426858742
	3426858743
	3426858744
	3426858745
	3426858746
	3426858747
	3426858748
	3426858749
	3426858750
	3426858751
	3426858752
	3426858753
	3426858754
	3426858755
	3426858756
	3426858757
	3426858758
	3426858759
	3426858760
	3426858761
	3426858762
	3426858763
	3426858764
	3426858765
	3426858766
	3426858767
	3426858768
	3426858769
	3426858770
	3426858771
	3426858772
	3426858773
	3426858774
	3426858775
	3426858776
	3426858777
	3426858778
	3426858779
	3426858780
	3426858781
	3426858782
	3426858783
	3426858784
	3426858785
	3426858786
	3426858787
	3426858788
	3426858789
	3426858790
	3426858791
	3426858792
	3426858793
	3426858794
	3426858795
	3426858796
	3426858797
	3426858798
	3426858799
	3426858800
	3426858801
	3426858802
	3426858803
	3426858804
	3426858805
	3426858806
	3426858807
	3426858808
	3426858809
	3426858810
	3426858811
	3426858812
	3426858813
	3426858814
	3426858815
	3426858816
	3426858817
	3426858818
	3426858819
	3426858820
	3426858821
	3426858822
	3426858823
	3426858824
	3426858825
	3426858826
	3426858827
	3426858828
	3426858829
	3426858830
	3426858831
	3426858832
	3426858833
	3426858834
	3426858835
	3426858836
	3426858837
	3426858838
	3426858839
	3426858840
	3426858841
	3426858842
	3426858843
	3426858844
	3426858845
	3426858846
	3426858847
	3426858848
	3426858849
	3426858850
	3426858851
	3426858852
	3426858853
	3426858854
	3426858855
	3426858856
	3426858857
	3426858858
	3426858859
	3426858860
	3426858861
	3426858862
	3426858863
	3426858864
	3426858865
	3426858866
	3426858867
	3426858868
	3426858869
	3426858870
	3426858871
	3426858872
	3426858873
	3426858874
	3426858875
	3426858876
	3426858877
	3426858878
	3426858879
	3426858880
	3426858881
	3426858882
	3426858883
	3426858884
	3426858885
	3426858886
	3426858887
	3426858888
	3426858889
	3426858890
	3426858891
	3426858892
	3426858893
	3426858894
	3426858895
	3426858896
	3426858897
	3426858898
	3426858899
	3426858900
	3426858901
	3426858902
	3426858903
	3426858904
	3426858905
	3426858906
	3426858907
	3426858908
	3426858909
	3426858910
	3426858911
	3426858912
	3426858913
	3426858914
	3426858915
	3426858916
	3426858917
	3426858918
	3426858919
	3426858920
	3426858921
	3426858922
	3426858923
	3426858924
	3426858925
	3426858926
	3426858927
	3426858928
	3426858929
	3426858930
	3426858931
	3426858932
	3426858933
	3426858934
	3426858935
	3426858936
	3426858937
	3426858938
	3426858939
	3426858940
	3426858941
	3426858942
	3426858943
	3426858944
	3426858945
	3426858946
	3426858947
	3426858948
	3426858949
	3426858950
	3426858951
	3426858952
	3426858953
	3426858954
	3426858955
	3426858956
	3426858957
	3426858958
	3426858959
	3426858960
	3426858961
	3426858962
	3426858963
	3426858964
	3426858965
	3426858966
	3426858967
	3426858968
	3426858969
	3426858970
	3426858971
	3426858972
	3426858973
	3426858974
	3426858975
	3426858976
	3426858977
	3426858978
	3426858979
	3426858980
	3426858981
	3426858982
	3426858983
	3426858984
	3426858985
	3426858986
	3426858987
	3426858988
	3426858989
	3426858990
	3426858991
	3426858992
	3426858993
	3426858994
	3426858995
	3426858996
	3426858997
	3426858998
	3426858999
	3426859000
	3426859001
	3426859002
	3426859003
	3426859004
	3426859005
	3426859006
	3426859007
	3426859008
	3426859009
	3426859010
	3426859011
	3426859012
	3426859013
	3426859014
	3426859015
	3426859016
	3426859017
	3426859018
	3426859019
	3426859020
	3426859021
	3426859022
	3426859023
	3426859024
	3426859025
	3426859026
	3426859027
	3426859028
	3426859029
	3426859030
	3426859031
	3426859032
	3426859033
	3426859034
	3426859035
	3426859036
	3426859037
	3426859038
	3426859039
	3426859040
	3426859041
	3426859042
	3426859043
	3426859044
	3426859045
	3426859046
	3426859047
	3426859048
	3426859049
	3426859050
	3426859051
	3426859052
	3426859053
	3426859054
	3426859055
	3426859056
	3426859057
	3426859058
	3426859059
	3426859060
	3426859061
	3426859062
	3426859063
	3426859064
	3426859065
	3426859066
	3426859067
	3426859068
	3426859069
	3426859070
	3426859071
	3426859072
	3426859073
	3426859074
	3426859075
	3426859076
	3426859077
	3426859078
	3426859079
	3426859080
	3426859081
	3426859082
	3426859083
	3426859084
	3426859085
	3426859086
	3426859087
	3426859088
	3426859089
	3426859090
	3426859091
	3426859092
	3426859093
	3426859094
	3426859095
	3426859096
	3426859097
	3426859098
	3426859099
	3426859100
	3426859101
	3426859102
	3426859103
	3426859104
	3426859105
	3426859106
	3426859107
	3426859108
	3426859109
	3426859110
	3426859111
	3426859112
	3426859113
	3426859114
	3426859115
	3426859116
	3426859117
	3426859118
	3426859119
	3426859120
	3426859121
	3426859122
	3426859123
	3426859124
	3426859125
	3426859126
	3426859127
	3426859128
	3426859129
	3426859130
	3426859131
	3426859132
	3426859133
	3426859134
	3426859135
	3426859136
	3426859137
	3426859138
	3426859139
	3426859140
	3426859141
	3426859142
	3426859143
	3426859144
	3426859145
	3426859146
	3426859147
	3426859148
	3426859149
	3426859150
	3426859151
	3426859152
	3426859153
	3426859154
	3426859155
	3426859156
	3426859157
	3426859158
	3426859159
	3426859160
	3426859161
	3426859162
	3426859163
	3426859164
	3426859165
	3426859166
	3426859167
	3426859168
	3426859169
	3426859170
	3426859171
	3426859172
	3426859173
	3426859174
	3426859175
	3426859176
	3426859177
	3426859178
	3426859179
	3426859180
	3426859181
	3426859182
	3426859183
	3426859184
	3426859185
	3426859186
	3426859187
	3426859188
	3426859189
	3426859190
	3426859191
	3426859192
	3426859193
	3426859194
	3426859195
	3426859196
	3426859197
	3426859198
	3426859199
	3426859200
	3426859201
	3426859202
	3426859203
	3426859204
	3426859205
	3426859206
	3426859207
	3426859208
	3426859209
	3426859210
	3426859211
	3426859212
	3426859213
	3426859214
	3426859215
	3426859216
	3426859217
	3426859218
	3426859219
	3426859220
	3426859221
	3426859222
	3426859223
	3426859224
	3426859225
	3426859226
	3426859227
	3426859228
	3426859229
	3426859230
	3426859231
	3426859232
	3426859233
	3426859234
	3426859235
	3426859236
	3426859237
	3426859238
	3426859239
	3426859240
	3426859241
	3426859242
	3426859243
	3426859244
	3426859245
	3426859246
	3426859247
	3426859248
	3426859249
	3426859250
	3426859251
	3426859252
	3426859253
	3426859254
	3426859255
	3426859256
	3426859257
	3426859258
	3426859259
	3426859260
	3426859261
	3426859262
	3426859263
	3426859264
	3426859265
	3426859266
	3426859267
	3426859268
	3426859269
	3426859270
	3426859271
	3426859272
	3426859273
	3426859274
	3426859275
	3426859276
	3426859277
	3426859278
	3426859279
	3426859280
	3426859281
	3426859282
	3426859283
	3426859284
	3426859285
	3426859286
	3426859287
	3426859288
	3426859289
	3426859290
	3426859291
	3426859292
	3426859293
	3426859294
	3426859295
	3426859296
	3426859297
	3426859298
	3426859299
	3426859300
	3426859301
	3426859302
	3426859303
	3426859304
	3426859305
	3426859306
	3426859307
	3426859308
	3426859309
	3426859310
	3426859311
	3426859312
	3426859313
	3426859314
	3426859315
	3426859316
	3426859317
	3426859318
	3426859319
	3426859320
	3426859321
	3426859322
	3426859323
	3426859324
	3426859325
	3426859326
	3426859327
	3426859328
	3426859329
	3426859330
	3426859331
	3426859332
	3426859333
	3426859334
	3426859335
	3426859336
	3426859337
	3426859338
	3426859339
	3426859340
	3426859341
	3426859342
	3426859343
	3426859344
	3426859345
	3426859346
	3426859347
	3426859348
	3426859349
	3426859350
	3426859351
	3426859352
	3426859353
	3426859354
	3426859355
	3426859356
	3426859357
	3426859358
	3426859359
	3426859360
	3426859361
	3426859362
	3426859363
	3426859364
	3426859365
	3426859366
	3426859367
	3426859368
	3426859369
	3426859370
	3426859371
	3426859372
	3426859373
	3426859374
	3426859375
	3426859376
	3426859377
	3426859378
	3426859379
	3426859380
	3426859381
	3426859382
	3426859383
	3426859384
	3426859385
	3426859386
	3426859387
	3426859388
	3426859389
	3426859390
	3426859391
	3426859392
	3426859393
	3426859394
	3426859395
	3426859396
	3426859397
	3426859398
	3426859399
	3426859400
	3426859401
	3426859402
	3426859403
	3426859404
	3426859405
	3426859406
	3426859407
	3426859408
	3426859409
	3426859410
	3426859411
	3426859412
	3426859413
	3426859414
	3426859415
	3426859416
	3426859417
	3426859418
	3426859419
	3426859420
	3426859421
	3426859422
	3426859423
	3426859424
	3426859425
	3426859426
	3426859427
	3426859428
	3426859429
	3426859430
	3426859431
	3426859432
	3426859433
	3426859434
	3426859435
	3426859436
	3426859437
	3426859438
	3426859439
	3426859440
	3426859441
	3426859442
	3426859443
	3426859444
	3426859445
	3426859446
	3426859447
	3426859448
	3426859449
	3426859450
	3426859451
	3426859452
	3426859453
	3426859454
	3426859455
	3426859456
	3426859457
	3426859458
	3426859459
	3426859460
	3426859461
	3426859462
	3426859463
	3426859464
	3426859465
	3426859466
	3426859467
	3426859468
	3426859469
	3426859470
	3426859471
	3426859472
	3426859473
	3426859474
	3426859475
	3426859476
	3426859477
	3426859478
	3426859479
	3426859480
	3426859481
	3426859482
	3426859483
	3426859484
	3426859485
	3426859486
	3426859487
	3426859488
	3426859489
	3426859490
	3426859491
	3426859492
	3426859493
	3426859494
	3426859495
	3426859496
	3426859497
	3426859498
	3426859499
	3426859500
	3426859501
	3426859502
	3426859503
	3426859504
	3426859505
	3426859506
	3426859507
	3426859508
	3426859509
	3426859510
	3426859511
	3426859512
	3426859513
	3426859514
	3426859515
	3426859516
	3426859517
	3426859518
	3426859519
	3426859520
	3426859521
	3426859522
	3426859523
	3426859524
	3426859525
	3426859526
	3426859527
	3426859528
	3426859529
	3426859530
	3426859531
	3426859532
	3426859533
	3426859534
	3426859535
	3426859536
	3426859537
	3426859538
	3426859539
	3426859540
	3426859541
	3426859542
	3426859543
	3426859544
	3426859545
	3426859546
	3426859547
	3426859548
	3426859549
	3426859550
	3426859551
	3426859552
	3426859553
	3426859554
	3426859555
	3426859556
	3426859557
	3426859558
	3426859559
	3426859560
	3426859561
	3426859562
	3426859563
	3426859564
	3426859565
	3426859566
	3426859567
	3426859568
	3426859569
	3426859570
	3426859571
	3426859572
	3426859573
	3426859574
	3426859575
	3426859576
	3426859577
	3426859578
	3426859579
	3426859580
	3426859581
	3426859582
	3426859583
	3426859584
	3426859585
	3426859586
	3426859587
	3426859588
	3426859589
	3426859590
	3426859591
	3426859592
	3426859593
	3426859594
	3426859595
	3426859596
	3426859597
	3426859598
	3426859599
	3426859600
	3426859601
	3426859602
	3426859603
	3426859604
	3426859605
	3426859606
	3426859607
	3426859608
	3426859609
	3426859610
	3426859611
	3426859612
	3426859613
	3426859614
	3426859615
	3426859616
	3426859617
	3426859618
	3426859619
	3426859620
	3426859621
	3426859622
	3426859623
	3426859624
	3426859625
	3426859626
	3426859627
	3426859628
	3426859629
	3426859630
	3426859631
	3426859632
	3426859633
	3426859634
	3426859635
	3426859636
	3426859637
	3426859638
	3426859639
	3426859640
	3426859641
	3426859642
	3426859643
	3426859644
	3426859645
	3426859646
	3426859647
	3426859648
	3426859649
	3426859650
	3426859651
	3426859652
	3426859653
	3426859654
	3426859655
	3426859656
	3426859657
	3426859658
	3426859659
	3426859660
	3426859661
	3426859662
	3426859663
	3426859664
	3426859665
	3426859666
	3426859667
	3426859668
	3426859669
	3426859670
	3426859671
	3426859672
	3426859673
	3426859674
	3426859675
	3426859676
	3426859677
	3426859678
	3426859679
	3426859680
	3426859681
	3426859682
	3426859683
	3426859684
	3426859685
	3426859686
	3426859687
	3426859688
	3426859689
	3426859690
