	3426902891
	3426902892
	3426902893
	3426902894
	3426902895
	3426902896
	3426902897
	3426902898
	3426902899
	3426902900
	3426902901
	3426902902
	3426902903
	3426902904
	3426902905
	3426902906
	3426902907
	3426902908
	3426902909
	3426902910
	3426902911
	3426902912
	3426902913
	3426902914
	3426902915
	3426902916
	3426902917
	3426902918
	3426902919
	3426902920
	3426902921
	3426902922
	3426902923
	3426902924
	3426902925
	3426902926
	3426902927
	3426902928
	3426902929
	3426902930
	3426902931
	3426902932
	3426902933
	3426902934
	3426902935
	3426902936
	3426902937
	3426902938
	3426902939
	3426902940
	3426902941
	3426902942
	3426902943
	3426902944
	3426902945
	3426902946
	3426902947
	3426902948
	3426902949
	3426902950
	3426902951
	3426902952
	3426902953
	3426902954
	3426902955
	3426902956
	3426902957
	3426902958
	3426902959
	3426902960
	3426902961
	3426902962
	3426902963
	3426902964
	3426902965
	3426902966
	3426902967
	3426902968
	3426902969
	3426902970
	3426902971
	3426902972
	3426902973
	3426902974
	3426902975
	3426902976
	3426902977
	3426902978
	3426902979
	3426902980
	3426902981
	3426902982
	3426902983
	3426902984
	3426902985
	3426902986
	3426902987
	3426902988
	3426902989
	3426902990
	3426902991
	3426902992
	3426902993
	3426902994
	3426902995
	3426902996
	3426902997
	3426902998
	3426902999
	3426903000
	3426903001
	3426903002
	3426903003
	3426903004
	3426903005
	3426903006
	3426903007
	3426903008
	3426903009
	3426903010
	3426903011
	3426903012
	3426903013
	3426903014
	3426903015
	3426903016
	3426903017
	3426903018
	3426903019
	3426903020
	3426903021
	3426903022
	3426903023
	3426903024
	3426903025
	3426903026
	3426903027
	3426903028
	3426903029
	3426903030
	3426903031
	3426903032
	3426903033
	3426903034
	3426903035
	3426903036
	3426903037
	3426903038
	3426903039
	3426903040
	3426903041
	3426903042
	3426903043
	3426903044
	3426903045
	3426903046
	3426903047
	3426903048
	3426903049
	3426903050
	3426903051
	3426903052
	3426903053
	3426903054
	3426903055
	3426903056
	3426903057
	3426903058
	3426903059
	3426903060
	3426903061
	3426903062
	3426903063
	3426903064
	3426903065
	3426903066
	3426903067
	3426903068
	3426903069
	3426903070
	3426903071
	3426903072
	3426903073
	3426903074
	3426903075
	3426903076
	3426903077
	3426903078
	3426903079
	3426903080
	3426903081
	3426903082
	3426903083
	3426903084
	3426903085
	3426903086
	3426903087
	3426903088
	3426903089
	3426903090
	3426903091
	3426903092
	3426903093
	3426903094
	3426903095
	3426903096
	3426903097
	3426903098
	3426903099
	3426903100
	3426903101
	3426903102
	3426903103
	3426903104
	3426903105
	3426903106
	3426903107
	3426903108
	3426903109
	3426903110
	3426903111
	3426903112
	3426903113
	3426903114
	3426903115
	3426903116
	3426903117
	3426903118
	3426903119
	3426903120
	3426903121
	3426903122
	3426903123
	3426903124
	3426903125
	3426903126
	3426903127
	3426903128
	3426903129
	3426903130
	3426903131
	3426903132
	3426903133
	3426903134
	3426903135
	3426903136
	3426903137
	3426903138
	3426903139
	3426903140
	3426903141
	3426903142
	3426903143
	3426903144
	3426903145
	3426903146
	3426903147
	3426903148
	3426903149
	3426903150
	3426903151
	3426903152
	3426903153
	3426903154
	3426903155
	3426903156
	3426903157
	3426903158
	3426903159
	3426903160
	3426903161
	3426903162
	3426903163
	3426903164
	3426903165
	3426903166
	3426903167
	3426903168
	3426903169
	3426903170
	3426903171
	3426903172
	3426903173
	3426903174
	3426903175
	3426903176
	3426903177
	3426903178
	3426903179
	3426903180
	3426903181
	3426903182
	3426903183
	3426903184
	3426903185
	3426903186
	3426903187
	3426903188
	3426903189
	3426903190
	3426903191
	3426903192
	3426903193
	3426903194
	3426903195
	3426903196
	3426903197
	3426903198
	3426903199
	3426903200
	3426903201
	3426903202
	3426903203
	3426903204
	3426903205
	3426903206
	3426903207
	3426903208
	3426903209
	3426903210
	3426903211
	3426903212
	3426903213
	3426903214
	3426903215
	3426903216
	3426903217
	3426903218
	3426903219
	3426903220
	3426903221
	3426903222
	3426903223
	3426903224
	3426903225
	3426903226
	3426903227
	3426903228
	3426903229
	3426903230
	3426903231
	3426903232
	3426903233
	3426903234
	3426903235
	3426903236
	3426903237
	3426903238
	3426903239
	3426903240
	3426903241
	3426903242
	3426903243
	3426903244
	3426903245
	3426903246
	3426903247
	3426903248
	3426903249
	3426903250
	3426903251
	3426903252
	3426903253
	3426903254
	3426903255
	3426903256
	3426903257
	3426903258
	3426903259
	3426903260
	3426903261
	3426903262
	3426903263
	3426903264
	3426903265
	3426903266
	3426903267
	3426903268
	3426903269
	3426903270
	3426903271
	3426903272
	3426903273
	3426903274
	3426903275
	3426903276
	3426903277
	3426903278
	3426903279
	3426903280
	3426903281
	3426903282
	3426903283
	3426903284
	3426903285
	3426903286
	3426903287
	3426903288
	3426903289
	3426903290
	3426903291
	3426903292
	3426903293
	3426903294
	3426903295
	3426903296
	3426903297
	3426903298
	3426903299
	3426903300
	3426903301
	3426903302
	3426903303
	3426903304
	3426903305
	3426903306
	3426903307
	3426903308
	3426903309
	3426903310
	3426903311
	3426903312
	3426903313
	3426903314
	3426903315
	3426903316
	3426903317
	3426903318
	3426903319
	3426903320
	3426903321
	3426903322
	3426903323
	3426903324
	3426903325
	3426903326
	3426903327
	3426903328
	3426903329
	3426903330
	3426903331
	3426903332
	3426903333
	3426903334
	3426903335
	3426903336
	3426903337
	3426903338
	3426903339
	3426903340
	3426903341
	3426903342
	3426903343
	3426903344
	3426903345
	3426903346
	3426903347
	3426903348
	3426903349
	3426903350
	3426903351
	3426903352
	3426903353
	3426903354
	3426903355
	3426903356
	3426903357
	3426903358
	3426903359
	3426903360
	3426903361
	3426903362
	3426903363
	3426903364
	3426903365
	3426903366
	3426903367
	3426903368
	3426903369
	3426903370
	3426903371
	3426903372
	3426903373
	3426903374
	3426903375
	3426903376
	3426903377
	3426903378
	3426903379
	3426903380
	3426903381
	3426903382
	3426903383
	3426903384
	3426903385
	3426903386
	3426903387
	3426903388
	3426903389
	3426903390
	3426903391
	3426903392
	3426903393
	3426903394
	3426903395
	3426903396
	3426903397
	3426903398
	3426903399
	3426903400
	3426903401
	3426903402
	3426903403
	3426903404
	3426903405
	3426903406
	3426903407
	3426903408
	3426903409
	3426903410
	3426903411
	3426903412
	3426903413
	3426903414
	3426903415
	3426903416
	3426903417
	3426903418
	3426903419
	3426903420
	3426903421
	3426903422
	3426903423
	3426903424
	3426903425
	3426903426
	3426903427
	3426903428
	3426903429
	3426903430
	3426903431
	3426903432
	3426903433
	3426903434
	3426903435
	3426903436
	3426903437
	3426903438
	3426903439
	3426903440
	3426903441
	3426903442
	3426903443
	3426903444
	3426903445
	3426903446
	3426903447
	3426903448
	3426903449
	3426903450
	3426903451
	3426903452
	3426903453
	3426903454
	3426903455
	3426903456
	3426903457
	3426903458
	3426903459
	3426903460
	3426903461
	3426903462
	3426903463
	3426903464
	3426903465
	3426903466
	3426903467
	3426903468
	3426903469
	3426903470
	3426903471
	3426903472
	3426903473
	3426903474
	3426903475
	3426903476
	3426903477
	3426903478
	3426903479
	3426903480
	3426903481
	3426903482
	3426903483
	3426903484
	3426903485
	3426903486
	3426903487
	3426903488
	3426903489
	3426903490
	3426903491
	3426903492
	3426903493
	3426903494
	3426903495
	3426903496
	3426903497
	3426903498
	3426903499
	3426903500
	3426903501
	3426903502
	3426903503
	3426903504
	3426903505
	3426903506
	3426903507
	3426903508
	3426903509
	3426903510
	3426903511
	3426903512
	3426903513
	3426903514
	3426903515
	3426903516
	3426903517
	3426903518
	3426903519
	3426903520
	3426903521
	3426903522
	3426903523
	3426903524
	3426903525
	3426903526
	3426903527
	3426903528
	3426903529
	3426903530
	3426903531
	3426903532
	3426903533
	3426903534
	3426903535
	3426903536
	3426903537
	3426903538
	3426903539
	3426903540
	3426903541
	3426903542
	3426903543
	3426903544
	3426903545
	3426903546
	3426903547
	3426903548
	3426903549
	3426903550
	3426903551
	3426903552
	3426903553
	3426903554
	3426903555
	3426903556
	3426903557
	3426903558
	3426903559
	3426903560
	3426903561
	3426903562
	3426903563
	3426903564
	3426903565
	3426903566
	3426903567
	3426903568
	3426903569
	3426903570
	3426903571
	3426903572
	3426903573
	3426903574
	3426903575
	3426903576
	3426903577
	3426903578
	3426903579
	3426903580
	3426903581
	3426903582
	3426903583
	3426903584
	3426903585
	3426903586
	3426903587
	3426903588
	3426903589
	3426903590
	3426903591
	3426903592
	3426903593
	3426903594
	3426903595
	3426903596
	3426903597
	3426903598
	3426903599
	3426903600
	3426903601
	3426903602
	3426903603
	3426903604
	3426903605
	3426903606
	3426903607
	3426903608
	3426903609
	3426903610
	3426903611
	3426903612
	3426903613
	3426903614
	3426903615
	3426903616
	3426903617
	3426903618
	3426903619
	3426903620
	3426903621
	3426903622
	3426903623
	3426903624
	3426903625
	3426903626
	3426903627
	3426903628
	3426903629
	3426903630
	3426903631
	3426903632
	3426903633
	3426903634
	3426903635
	3426903636
	3426903637
	3426903638
	3426903639
	3426903640
	3426903641
	3426903642
	3426903643
	3426903644
	3426903645
	3426903646
	3426903647
	3426903648
	3426903649
	3426903650
	3426903651
	3426903652
	3426903653
	3426903654
	3426903655
	3426903656
	3426903657
	3426903658
	3426903659
	3426903660
	3426903661
	3426903662
	3426903663
	3426903664
	3426903665
	3426903666
	3426903667
	3426903668
	3426903669
	3426903670
	3426903671
	3426903672
	3426903673
	3426903674
	3426903675
	3426903676
	3426903677
	3426903678
	3426903679
	3426903680
	3426903681
	3426903682
	3426903683
	3426903684
	3426903685
	3426903686
	3426903687
	3426903688
	3426903689
	3426903690
	3426903691
	3426903692
	3426903693
	3426903694
	3426903695
	3426903696
	3426903697
	3426903698
	3426903699
	3426903700
	3426903701
	3426903702
	3426903703
	3426903704
	3426903705
	3426903706
	3426903707
	3426903708
	3426903709
	3426903710
	3426903711
	3426903712
	3426903713
	3426903714
	3426903715
	3426903716
	3426903717
	3426903718
	3426903719
	3426903720
	3426903721
	3426903722
	3426903723
	3426903724
	3426903725
	3426903726
	3426903727
	3426903728
	3426903729
	3426903730
	3426903731
	3426903732
	3426903733
	3426903734
	3426903735
	3426903736
	3426903737
	3426903738
	3426903739
	3426903740
	3426903741
	3426903742
	3426903743
	3426903744
	3426903745
	3426903746
	3426903747
	3426903748
	3426903749
	3426903750
	3426903751
	3426903752
	3426903753
	3426903754
	3426903755
	3426903756
	3426903757
	3426903758
	3426903759
	3426903760
	3426903761
	3426903762
	3426903763
	3426903764
	3426903765
	3426903766
	3426903767
	3426903768
	3426903769
	3426903770
	3426903771
	3426903772
	3426903773
	3426903774
	3426903775
	3426903776
	3426903777
	3426903778
	3426903779
	3426903780
	3426903781
	3426903782
	3426903783
	3426903784
	3426903785
	3426903786
	3426903787
	3426903788
	3426903789
	3426903790
	3426903791
	3426903792
	3426903793
	3426903794
	3426903795
	3426903796
	3426903797
	3426903798
	3426903799
	3426903800
	3426903801
	3426903802
	3426903803
	3426903804
	3426903805
	3426903806
	3426903807
	3426903808
	3426903809
	3426903810
	3426903811
	3426903812
	3426903813
	3426903814
	3426903815
	3426903816
	3426903817
	3426903818
	3426903819
	3426903820
	3426903821
	3426903822
	3426903823
	3426903824
	3426903825
	3426903826
	3426903827
	3426903828
	3426903829
	3426903830
	3426903831
	3426903832
	3426903833
	3426903834
	3426903835
	3426903836
	3426903837
	3426903838
	3426903839
	3426903840
	3426903841
	3426903842
	3426903843
	3426903844
	3426903845
	3426903846
	3426903847
	3426903848
	3426903849
	3426903850
	3426903851
	3426903852
	3426903853
	3426903854
	3426903855
	3426903856
	3426903857
	3426903858
	3426903859
	3426903860
	3426903861
	3426903862
	3426903863
	3426903864
	3426903865
	3426903866
	3426903867
	3426903868
	3426903869
	3426903870
	3426903871
	3426903872
	3426903873
	3426903874
	3426903875
	3426903876
	3426903877
	3426903878
	3426903879
	3426903880
	3426903881
	3426903882
	3426903883
	3426903884
	3426903885
	3426903886
	3426903887
	3426903888
	3426903889
	3426903890
	3426903891
	3426903892
	3426903893
	3426903894
	3426903895
	3426903896
	3426903897
	3426903898
	3426903899
	3426903900
	3426903901
	3426903902
	3426903903
	3426903904
	3426903905
	3426903906
	3426903907
	3426903908
	3426903909
	3426903910
	3426903911
	3426903912
	3426903913
	3426903914
	3426903915
	3426903916
	3426903917
	3426903918
	3426903919
	3426903920
	3426903921
	3426903922
	3426903923
	3426903924
	3426903925
	3426903926
	3426903927
	3426903928
	3426903929
	3426903930
	3426903931
	3426903932
	3426903933
	3426903934
	3426903935
	3426903936
	3426903937
	3426903938
	3426903939
	3426903940
	3426903941
	3426903942
	3426903943
	3426903944
	3426903945
	3426903946
	3426903947
	3426903948
	3426903949
	3426903950
	3426903951
	3426903952
	3426903953
	3426903954
	3426903955
	3426903956
	3426903957
	3426903958
	3426903959
	3426903960
	3426903961
	3426903962
	3426903963
	3426903964
	3426903965
	3426903966
	3426903967
	3426903968
	3426903969
	3426903970
	3426903971
	3426903972
	3426903973
	3426903974
	3426903975
	3426903976
	3426903977
	3426903978
	3426903979
	3426903980
	3426903981
	3426903982
	3426903983
	3426903984
	3426903985
	3426903986
	3426903987
	3426903988
	3426903989
	3426903990
	3426903991
	3426903992
	3426903993
	3426903994
	3426903995
	3426903996
	3426903997
	3426903998
	3426903999
	3426904000
	3426904001
	3426904002
	3426904003
	3426904004
	3426904005
	3426904006
	3426904007
	3426904008
	3426904009
	3426904010
	3426904011
	3426904012
	3426904013
	3426904014
	3426904015
	3426904016
	3426904017
	3426904018
	3426904019
	3426904020
	3426904021
	3426904022
	3426904023
	3426904024
	3426904025
	3426904026
	3426904027
	3426904028
	3426904029
	3426904030
	3426904031
	3426904032
	3426904033
	3426904034
	3426904035
	3426904036
	3426904037
	3426904038
	3426904039
	3426904040
	3426904041
	3426904042
	3426904043
	3426904044
	3426904045
	3426904046
	3426904047
	3426904048
	3426904049
	3426904050
	3426904051
	3426904052
	3426904053
	3426904054
	3426904055
	3426904056
	3426904057
	3426904058
	3426904059
	3426904060
	3426904061
	3426904062
	3426904063
	3426904064
	3426904065
	3426904066
	3426904067
	3426904068
	3426904069
	3426904070
	3426904071
	3426904072
	3426904073
	3426904074
	3426904075
	3426904076
	3426904077
	3426904078
	3426904079
	3426904080
	3426904081
	3426904082
	3426904083
	3426904084
	3426904085
	3426904086
	3426904087
	3426904088
	3426904089
	3426904090
	3426904091
	3426904092
	3426904093
	3426904094
	3426904095
	3426904096
	3426904097
	3426904098
	3426904099
	3426904100
	3426904101
	3426904102
	3426904103
	3426904104
	3426904105
	3426904106
	3426904107
	3426904108
	3426904109
	3426904110
	3426904111
	3426904112
	3426904113
	3426904114
	3426904115
	3426904116
	3426904117
	3426904118
	3426904119
	3426904120
	3426904121
	3426904122
	3426904123
	3426904124
	3426904125
	3426904126
	3426904127
	3426904128
	3426904129
	3426904130
	3426904131
	3426904132
	3426904133
	3426904134
	3426904135
	3426904136
	3426904137
	3426904138
	3426904139
	3426904140
	3426904141
	3426904142
	3426904143
	3426904144
	3426904145
	3426904146
	3426904147
	3426904148
	3426904149
	3426904150
	3426904151
	3426904152
	3426904153
	3426904154
	3426904155
	3426904156
	3426904157
	3426904158
	3426904159
	3426904160
	3426904161
	3426904162
	3426904163
	3426904164
	3426904165
	3426904166
	3426904167
	3426904168
	3426904169
	3426904170
	3426904171
	3426904172
	3426904173
	3426904174
	3426904175
	3426904176
	3426904177
	3426904178
	3426904179
	3426904180
	3426904181
	3426904182
	3426904183
	3426904184
	3426904185
	3426904186
	3426904187
	3426904188
	3426904189
	3426904190
	3426904191
	3426904192
	3426904193
	3426904194
	3426904195
	3426904196
	3426904197
	3426904198
	3426904199
	3426904200
	3426904201
	3426904202
	3426904203
	3426904204
	3426904205
	3426904206
	3426904207
	3426904208
	3426904209
	3426904210
	3426904211
	3426904212
	3426904213
	3426904214
	3426904215
	3426904216
	3426904217
	3426904218
	3426904219
	3426904220
	3426904221
	3426904222
	3426904223
	3426904224
	3426904225
	3426904226
	3426904227
	3426904228
	3426904229
	3426904230
	3426904231
	3426904232
	3426904233
	3426904234
	3426904235
	3426904236
	3426904237
	3426904238
	3426904239
	3426904240
	3426904241
	3426904242
	3426904243
	3426904244
	3426904245
	3426904246
	3426904247
	3426904248
	3426904249
	3426904250
	3426904251
	3426904252
	3426904253
	3426904254
	3426904255
	3426904256
	3426904257
	3426904258
	3426904259
	3426904260
	3426904261
	3426904262
	3426904263
	3426904264
	3426904265
	3426904266
	3426904267
	3426904268
	3426904269
	3426904270
	3426904271
	3426904272
	3426904273
	3426904274
	3426904275
	3426904276
	3426904277
	3426904278
	3426904279
	3426904280
	3426904281
	3426904282
	3426904283
	3426904284
	3426904285
	3426904286
	3426904287
	3426904288
	3426904289
	3426904290
	3426904291
	3426904292
	3426904293
	3426904294
	3426904295
	3426904296
	3426904297
	3426904298
	3426904299
	3426904300
	3426904301
	3426904302
	3426904303
	3426904304
	3426904305
	3426904306
	3426904307
	3426904308
	3426904309
	3426904310
	3426904311
	3426904312
	3426904313
	3426904314
	3426904315
	3426904316
	3426904317
	3426904318
	3426904319
	3426904320
	3426904321
	3426904322
	3426904323
	3426904324
	3426904325
	3426904326
	3426904327
	3426904328
	3426904329
	3426904330
	3426904331
	3426904332
	3426904333
	3426904334
	3426904335
	3426904336
	3426904337
	3426904338
	3426904339
	3426904340
	3426904341
	3426904342
	3426904343
	3426904344
	3426904345
	3426904346
	3426904347
	3426904348
	3426904349
	3426904350
	3426904351
	3426904352
	3426904353
	3426904354
	3426904355
	3426904356
	3426904357
	3426904358
	3426904359
	3426904360
	3426904361
	3426904362
	3426904363
	3426904364
	3426904365
	3426904366
	3426904367
	3426904368
	3426904369
	3426904370
	3426904371
	3426904372
	3426904373
	3426904374
	3426904375
	3426904376
	3426904377
	3426904378
	3426904379
	3426904380
	3426904381
	3426904382
	3426904383
	3426904384
	3426904385
	3426904386
	3426904387
	3426904388
	3426904389
	3426904390
	3426904391
	3426904392
	3426904393
	3426904394
	3426904395
	3426904396
	3426904397
	3426904398
	3426904399
	3426904400
	3426904401
	3426904402
	3426904403
	3426904404
	3426904405
	3426904406
	3426904407
	3426904408
	3426904409
	3426904410
	3426904411
	3426904412
	3426904413
	3426904414
	3426904415
	3426904416
	3426904417
	3426904418
	3426904419
	3426904420
	3426904421
	3426904422
	3426904423
	3426904424
	3426904425
	3426904426
	3426904427
	3426904428
	3426904429
	3426904430
	3426904431
	3426904432
	3426904433
	3426904434
	3426904435
	3426904436
	3426904437
	3426904438
	3426904439
	3426904440
	3426904441
	3426904442
	3426904443
	3426904444
	3426904445
	3426904446
	3426904447
	3426904448
	3426904449
	3426904450
	3426904451
	3426904452
	3426904453
	3426904454
	3426904455
	3426904456
	3426904457
	3426904458
	3426904459
	3426904460
	3426904461
	3426904462
	3426904463
	3426904464
	3426904465
	3426904466
	3426904467
	3426904468
	3426904469
	3426904470
	3426904471
	3426904472
	3426904473
	3426904474
	3426904475
	3426904476
	3426904477
	3426904478
	3426904479
	3426904480
	3426904481
	3426904482
	3426904483
	3426904484
	3426904485
	3426904486
	3426904487
	3426904488
	3426904489
	3426904490
	3426904491
	3426904492
	3426904493
	3426904494
	3426904495
	3426904496
	3426904497
	3426904498
	3426904499
	3426904500
	3426904501
	3426904502
	3426904503
	3426904504
	3426904505
	3426904506
	3426904507
	3426904508
	3426904509
	3426904510
	3426904511
	3426904512
	3426904513
	3426904514
	3426904515
	3426904516
	3426904517
	3426904518
	3426904519
	3426904520
	3426904521
	3426904522
	3426904523
	3426904524
	3426904525
	3426904526
	3426904527
	3426904528
	3426904529
	3426904530
	3426904531
	3426904532
	3426904533
	3426904534
	3426904535
	3426904536
	3426904537
	3426904538
	3426904539
	3426904540
	3426904541
	3426904542
	3426904543
	3426904544
	3426904545
	3426904546
	3426904547
	3426904548
	3426904549
	3426904550
	3426904551
	3426904552
	3426904553
	3426904554
	3426904555
	3426904556
	3426904557
	3426904558
	3426904559
	3426904560
	3426904561
	3426904562
	3426904563
	3426904564
	3426904565
	3426904566
	3426904567
	3426904568
	3426904569
	3426904570
	3426904571
	3426904572
	3426904573
	3426904574
	3426904575
	3426904576
	3426904577
	3426904578
	3426904579
	3426904580
	3426904581
	3426904582
	3426904583
	3426904584
	3426904585
	3426904586
	3426904587
	3426904588
	3426904589
	3426904590
	3426904591
	3426904592
	3426904593
	3426904594
	3426904595
	3426904596
	3426904597
	3426904598
	3426904599
	3426904600
	3426904601
	3426904602
	3426904603
	3426904604
	3426904605
	3426904606
	3426904607
	3426904608
	3426904609
	3426904610
	3426904611
	3426904612
	3426904613
	3426904614
	3426904615
	3426904616
	3426904617
	3426904618
	3426904619
	3426904620
	3426904621
	3426904622
	3426904623
	3426904624
	3426904625
	3426904626
	3426904627
	3426904628
	3426904629
	3426904630
	3426904631
	3426904632
	3426904633
	3426904634
	3426904635
	3426904636
	3426904637
	3426904638
	3426904639
	3426904640
	3426904641
	3426904642
	3426904643
	3426904644
	3426904645
	3426904646
	3426904647
	3426904648
	3426904649
	3426904650
	3426904651
	3426904652
	3426904653
	3426904654
	3426904655
	3426904656
	3426904657
	3426904658
	3426904659
	3426904660
	3426904661
	3426904662
	3426904663
	3426904664
	3426904665
	3426904666
	3426904667
	3426904668
	3426904669
	3426904670
	3426904671
	3426904672
	3426904673
	3426904674
	3426904675
	3426904676
	3426904677
	3426904678
	3426904679
	3426904680
	3426904681
	3426904682
	3426904683
	3426904684
	3426904685
	3426904686
	3426904687
	3426904688
	3426904689
	3426904690
	3426904691
	3426904692
	3426904693
	3426904694
	3426904695
	3426904696
	3426904697
	3426904698
	3426904699
	3426904700
	3426904701
	3426904702
	3426904703
	3426904704
	3426904705
	3426904706
	3426904707
	3426904708
	3426904709
	3426904710
	3426904711
	3426904712
	3426904713
	3426904714
	3426904715
	3426904716
	3426904717
	3426904718
	3426904719
	3426904720
	3426904721
	3426904722
	3426904723
	3426904724
	3426904725
	3426904726
	3426904727
	3426904728
	3426904729
	3426904730
	3426904731
	3426904732
	3426904733
	3426904734
	3426904735
	3426904736
	3426904737
	3426904738
	3426904739
	3426904740
	3426904741
	3426904742
	3426904743
	3426904744
	3426904745
	3426904746
	3426904747
	3426904748
	3426904749
	3426904750
	3426904751
	3426904752
	3426904753
	3426904754
	3426904755
	3426904756
	3426904757
	3426904758
	3426904759
	3426904760
	3426904761
	3426904762
	3426904763
	3426904764
	3426904765
	3426904766
	3426904767
	3426904768
	3426904769
	3426904770
	3426904771
	3426904772
	3426904773
	3426904774
	3426904775
	3426904776
	3426904777
	3426904778
	3426904779
	3426904780
	3426904781
	3426904782
	3426904783
	3426904784
	3426904785
	3426904786
	3426904787
	3426904788
	3426904789
	3426904790
	3426904791
	3426904792
	3426904793
	3426904794
	3426904795
	3426904796
	3426904797
	3426904798
	3426904799
	3426904800
	3426904801
	3426904802
	3426904803
	3426904804
	3426904805
	3426904806
	3426904807
	3426904808
	3426904809
	3426904810
	3426904811
	3426904812
	3426904813
	3426904814
	3426904815
	3426904816
	3426904817
	3426904818
	3426904819
	3426904820
	3426904821
	3426904822
	3426904823
	3426904824
	3426904825
	3426904826
	3426904827
	3426904828
	3426904829
	3426904830
	3426904831
	3426904832
	3426904833
	3426904834
	3426904835
	3426904836
	3426904837
	3426904838
	3426904839
	3426904840
	3426904841
	3426904842
	3426904843
	3426904844
	3426904845
	3426904846
	3426904847
	3426904848
	3426904849
	3426904850
	3426904851
	3426904852
	3426904853
	3426904854
	3426904855
	3426904856
	3426904857
	3426904858
	3426904859
	3426904860
	3426904861
	3426904862
	3426904863
	3426904864
	3426904865
	3426904866
	3426904867
	3426904868
	3426904869
	3426904870
	3426904871
	3426904872
	3426904873
	3426904874
	3426904875
	3426904876
	3426904877
	3426904878
	3426904879
	3426904880
	3426904881
	3426904882
	3426904883
	3426904884
	3426904885
	3426904886
	3426904887
	3426904888
	3426904889
	3426904890
	3426904891
	3426904892
	3426904893
	3426904894
	3426904895
	3426904896
	3426904897
	3426904898
	3426904899
	3426904900
	3426904901
	3426904902
	3426904903
	3426904904
	3426904905
	3426904906
	3426904907
	3426904908
	3426904909
	3426904910
	3426904911
	3426904912
	3426904913
	3426904914
	3426904915
	3426904916
	3426904917
	3426904918
	3426904919
	3426904920
	3426904921
	3426904922
	3426904923
	3426904924
	3426904925
	3426904926
	3426904927
	3426904928
	3426904929
	3426904930
	3426904931
	3426904932
	3426904933
	3426904934
	3426904935
	3426904936
	3426904937
	3426904938
	3426904939
	3426904940
	3426904941
	3426904942
	3426904943
	3426904944
	3426904945
	3426904946
	3426904947
	3426904948
	3426904949
	3426904950
	3426904951
	3426904952
	3426904953
	3426904954
	3426904955
	3426904956
	3426904957
	3426904958
	3426904959
	3426904960
	3426904961
	3426904962
	3426904963
	3426904964
	3426904965
	3426904966
	3426904967
	3426904968
	3426904969
	3426904970
	3426904971
	3426904972
	3426904973
	3426904974
	3426904975
	3426904976
	3426904977
	3426904978
	3426904979
	3426904980
	3426904981
	3426904982
	3426904983
	3426904984
	3426904985
	3426904986
	3426904987
	3426904988
	3426904989
	3426904990
	3426904991
	3426904992
	3426904993
	3426904994
	3426904995
	3426904996
	3426904997
	3426904998
	3426904999
	3426905000
	3426905001
	3426905002
	3426905003
	3426905004
	3426905005
	3426905006
	3426905007
	3426905008
	3426905009
	3426905010
	3426905011
	3426905012
	3426905013
	3426905014
	3426905015
	3426905016
	3426905017
	3426905018
	3426905019
	3426905020
	3426905021
	3426905022
	3426905023
	3426905024
	3426905025
	3426905026
	3426905027
	3426905028
	3426905029
	3426905030
	3426905031
	3426905032
	3426905033
	3426905034
	3426905035
	3426905036
	3426905037
	3426905038
	3426905039
	3426905040
	3426905041
	3426905042
	3426905043
	3426905044
	3426905045
	3426905046
	3426905047
	3426905048
	3426905049
	3426905050
	3426905051
	3426905052
	3426905053
	3426905054
	3426905055
	3426905056
	3426905057
	3426905058
	3426905059
	3426905060
	3426905061
	3426905062
	3426905063
	3426905064
	3426905065
	3426905066
	3426905067
	3426905068
	3426905069
	3426905070
	3426905071
	3426905072
	3426905073
	3426905074
	3426905075
	3426905076
	3426905077
	3426905078
	3426905079
	3426905080
	3426905081
	3426905082
	3426905083
	3426905084
	3426905085
	3426905086
	3426905087
	3426905088
	3426905089
	3426905090
	3426905091
	3426905092
	3426905093
	3426905094
	3426905095
	3426905096
	3426905097
	3426905098
	3426905099
	3426905100
	3426905101
	3426905102
	3426905103
	3426905104
	3426905105
	3426905106
	3426905107
	3426905108
	3426905109
	3426905110
	3426905111
	3426905112
	3426905113
	3426905114
	3426905115
	3426905116
	3426905117
	3426905118
	3426905119
	3426905120
	3426905121
	3426905122
	3426905123
	3426905124
	3426905125
	3426905126
	3426905127
	3426905128
	3426905129
	3426905130
	3426905131
	3426905132
	3426905133
	3426905134
	3426905135
	3426905136
	3426905137
	3426905138
	3426905139
	3426905140
	3426905141
	3426905142
	3426905143
	3426905144
	3426905145
	3426905146
	3426905147
	3426905148
	3426905149
	3426905150
	3426905151
	3426905152
	3426905153
	3426905154
	3426905155
	3426905156
	3426905157
	3426905158
	3426905159
	3426905160
	3426905161
	3426905162
	3426905163
	3426905164
	3426905165
	3426905166
	3426905167
	3426905168
	3426905169
	3426905170
	3426905171
	3426905172
	3426905173
	3426905174
	3426905175
	3426905176
	3426905177
	3426905178
	3426905179
	3426905180
	3426905181
	3426905182
	3426905183
	3426905184
	3426905185
	3426905186
	3426905187
	3426905188
	3426905189
	3426905190
	3426905191
	3426905192
	3426905193
	3426905194
	3426905195
	3426905196
	3426905197
	3426905198
	3426905199
	3426905200
	3426905201
	3426905202
	3426905203
	3426905204
	3426905205
	3426905206
	3426905207
	3426905208
	3426905209
	3426905210
	3426905211
	3426905212
	3426905213
	3426905214
	3426905215
	3426905216
	3426905217
	3426905218
	3426905219
	3426905220
	3426905221
	3426905222
	3426905223
	3426905224
	3426905225
	3426905226
	3426905227
	3426905228
	3426905229
	3426905230
	3426905231
	3426905232
	3426905233
	3426905234
	3426905235
	3426905236
	3426905237
	3426905238
	3426905239
	3426905240
	3426905241
	3426905242
	3426905243
	3426905244
	3426905245
	3426905246
	3426905247
	3426905248
	3426905249
	3426905250
	3426905251
	3426905252
	3426905253
	3426905254
	3426905255
	3426905256
	3426905257
	3426905258
	3426905259
	3426905260
	3426905261
	3426905262
	3426905263
	3426905264
	3426905265
	3426905266
	3426905267
	3426905268
	3426905269
	3426905270
	3426905271
	3426905272
	3426905273
	3426905274
	3426905275
	3426905276
	3426905277
	3426905278
	3426905279
	3426905280
	3426905281
	3426905282
	3426905283
	3426905284
	3426905285
	3426905286
	3426905287
	3426905288
	3426905289
	3426905290
	3426905291
	3426905292
	3426905293
	3426905294
	3426905295
	3426905296
	3426905297
	3426905298
	3426905299
	3426905300
	3426905301
	3426905302
	3426905303
	3426905304
	3426905305
	3426905306
	3426905307
	3426905308
	3426905309
	3426905310
	3426905311
	3426905312
	3426905313
	3426905314
	3426905315
	3426905316
	3426905317
	3426905318
	3426905319
	3426905320
	3426905321
	3426905322
	3426905323
	3426905324
	3426905325
	3426905326
	3426905327
	3426905328
	3426905329
	3426905330
	3426905331
	3426905332
	3426905333
	3426905334
	3426905335
	3426905336
	3426905337
	3426905338
	3426905339
	3426905340
	3426905341
	3426905342
	3426905343
	3426905344
	3426905345
	3426905346
	3426905347
	3426905348
	3426905349
	3426905350
	3426905351
	3426905352
	3426905353
	3426905354
	3426905355
	3426905356
	3426905357
	3426905358
	3426905359
	3426905360
	3426905361
	3426905362
	3426905363
	3426905364
	3426905365
	3426905366
	3426905367
	3426905368
	3426905369
	3426905370
	3426905371
	3426905372
	3426905373
	3426905374
	3426905375
	3426905376
	3426905377
	3426905378
	3426905379
	3426905380
	3426905381
	3426905382
	3426905383
	3426905384
	3426905385
	3426905386
	3426905387
	3426905388
	3426905389
	3426905390
	3426905391
	3426905392
	3426905393
	3426905394
	3426905395
	3426905396
	3426905397
	3426905398
	3426905399
	3426905400
	3426905401
	3426905402
	3426905403
	3426905404
	3426905405
	3426905406
	3426905407
	3426905408
	3426905409
	3426905410
	3426905411
	3426905412
	3426905413
	3426905414
	3426905415
	3426905416
	3426905417
	3426905418
	3426905419
	3426905420
	3426905421
	3426905422
	3426905423
	3426905424
	3426905425
	3426905426
	3426905427
	3426905428
	3426905429
	3426905430
	3426905431
	3426905432
	3426905433
	3426905434
	3426905435
	3426905436
	3426905437
	3426905438
	3426905439
	3426905440
	3426905441
	3426905442
	3426905443
	3426905444
	3426905445
	3426905446
	3426905447
	3426905448
	3426905449
	3426905450
	3426905451
	3426905452
	3426905453
	3426905454
	3426905455
	3426905456
	3426905457
	3426905458
	3426905459
	3426905460
	3426905461
	3426905462
	3426905463
	3426905464
	3426905465
	3426905466
	3426905467
	3426905468
	3426905469
	3426905470
	3426905471
	3426905472
	3426905473
	3426905474
	3426905475
	3426905476
	3426905477
	3426905478
	3426905479
	3426905480
	3426905481
	3426905482
	3426905483
	3426905484
	3426905485
	3426905486
	3426905487
	3426905488
	3426905489
	3426905490
	3426905491
	3426905492
	3426905493
	3426905494
	3426905495
	3426905496
	3426905497
	3426905498
	3426905499
	3426905500
	3426905501
	3426905502
	3426905503
	3426905504
	3426905505
	3426905506
	3426905507
	3426905508
	3426905509
	3426905510
	3426905511
	3426905512
	3426905513
	3426905514
	3426905515
	3426905516
	3426905517
	3426905518
	3426905519
	3426905520
	3426905521
	3426905522
	3426905523
	3426905524
	3426905525
	3426905526
	3426905527
	3426905528
	3426905529
	3426905530
	3426905531
	3426905532
	3426905533
	3426905534
	3426905535
	3426905536
	3426905537
	3426905538
	3426905539
	3426905540
	3426905541
	3426905542
	3426905543
	3426905544
	3426905545
	3426905546
	3426905547
	3426905548
	3426905549
	3426905550
	3426905551
	3426905552
	3426905553
	3426905554
	3426905555
	3426905556
	3426905557
	3426905558
	3426905559
	3426905560
	3426905561
	3426905562
	3426905563
	3426905564
	3426905565
	3426905566
	3426905567
	3426905568
	3426905569
	3426905570
	3426905571
	3426905572
	3426905573
	3426905574
	3426905575
	3426905576
	3426905577
	3426905578
	3426905579
	3426905580
	3426905581
	3426905582
	3426905583
	3426905584
	3426905585
	3426905586
	3426905587
	3426905588
	3426905589
	3426905590
	3426905591
	3426905592
	3426905593
	3426905594
	3426905595
	3426905596
	3426905597
	3426905598
	3426905599
	3426905600
	3426905601
	3426905602
	3426905603
	3426905604
	3426905605
	3426905606
	3426905607
	3426905608
	3426905609
	3426905610
	3426905611
	3426905612
	3426905613
	3426905614
	3426905615
	3426905616
	3426905617
	3426905618
	3426905619
	3426905620
	3426905621
	3426905622
	3426905623
	3426905624
	3426905625
	3426905626
	3426905627
	3426905628
	3426905629
	3426905630
	3426905631
	3426905632
	3426905633
	3426905634
	3426905635
	3426905636
	3426905637
	3426905638
	3426905639
	3426905640
	3426905641
	3426905642
	3426905643
	3426905644
	3426905645
	3426905646
	3426905647
	3426905648
	3426905649
	3426905650
	3426905651
	3426905652
	3426905653
	3426905654
	3426905655
	3426905656
	3426905657
	3426905658
	3426905659
	3426905660
	3426905661
	3426905662
	3426905663
	3426905664
	3426905665
	3426905666
	3426905667
	3426905668
	3426905669
	3426905670
	3426905671
	3426905672
	3426905673
	3426905674
	3426905675
	3426905676
	3426905677
	3426905678
	3426905679
	3426905680
	3426905681
	3426905682
	3426905683
	3426905684
	3426905685
	3426905686
	3426905687
	3426905688
	3426905689
	3426905690
	3426905691
	3426905692
	3426905693
	3426905694
	3426905695
	3426905696
	3426905697
	3426905698
	3426905699
	3426905700
	3426905701
	3426905702
	3426905703
	3426905704
	3426905705
	3426905706
	3426905707
	3426905708
	3426905709
	3426905710
	3426905711
	3426905712
	3426905713
	3426905714
	3426905715
	3426905716
	3426905717
	3426905718
	3426905719
	3426905720
	3426905721
	3426905722
	3426905723
	3426905724
	3426905725
	3426905726
	3426905727
	3426905728
	3426905729
	3426905730
	3426905731
	3426905732
	3426905733
	3426905734
	3426905735
	3426905736
	3426905737
	3426905738
	3426905739
	3426905740
	3426905741
	3426905742
	3426905743
	3426905744
	3426905745
	3426905746
	3426905747
	3426905748
	3426905749
	3426905750
	3426905751
	3426905752
	3426905753
	3426905754
	3426905755
	3426905756
	3426905757
	3426905758
	3426905759
	3426905760
	3426905761
	3426905762
	3426905763
	3426905764
	3426905765
	3426905766
	3426905767
	3426905768
	3426905769
	3426905770
	3426905771
	3426905772
	3426905773
	3426905774
	3426905775
	3426905776
	3426905777
	3426905778
	3426905779
	3426905780
	3426905781
	3426905782
	3426905783
	3426905784
	3426905785
	3426905786
	3426905787
	3426905788
	3426905789
	3426905790
	3426905791
	3426905792
	3426905793
	3426905794
	3426905795
	3426905796
	3426905797
	3426905798
	3426905799
	3426905800
	3426905801
	3426905802
	3426905803
	3426905804
	3426905805
	3426905806
	3426905807
	3426905808
	3426905809
	3426905810
	3426905811
	3426905812
	3426905813
	3426905814
	3426905815
	3426905816
	3426905817
	3426905818
	3426905819
	3426905820
	3426905821
	3426905822
	3426905823
	3426905824
	3426905825
	3426905826
	3426905827
	3426905828
	3426905829
	3426905830
	3426905831
	3426905832
	3426905833
	3426905834
	3426905835
	3426905836
	3426905837
	3426905838
	3426905839
	3426905840
	3426905841
	3426905842
	3426905843
	3426905844
	3426905845
	3426905846
	3426905847
	3426905848
	3426905849
	3426905850
	3426905851
	3426905852
	3426905853
	3426905854
	3426905855
	3426905856
	3426905857
	3426905858
	3426905859
	3426905860
	3426905861
	3426905862
	3426905863
	3426905864
	3426905865
	3426905866
	3426905867
	3426905868
	3426905869
	3426905870
	3426905871
	3426905872
	3426905873
	3426905874
	3426905875
	3426905876
	3426905877
	3426905878
	3426905879
	3426905880
	3426905881
	3426905882
	3426905883
	3426905884
	3426905885
	3426905886
	3426905887
	3426905888
	3426905889
	3426905890
	3426905891
	3426905892
	3426905893
	3426905894
	3426905895
	3426905896
	3426905897
	3426905898
	3426905899
	3426905900
	3426905901
	3426905902
	3426905903
	3426905904
	3426905905
	3426905906
	3426905907
	3426905908
	3426905909
	3426905910
	3426905911
	3426905912
	3426905913
	3426905914
	3426905915
	3426905916
	3426905917
	3426905918
	3426905919
	3426905920
	3426905921
	3426905922
	3426905923
	3426905924
	3426905925
	3426905926
	3426905927
	3426905928
	3426905929
	3426905930
	3426905931
	3426905932
	3426905933
	3426905934
	3426905935
	3426905936
	3426905937
	3426905938
	3426905939
	3426905940
	3426905941
	3426905942
	3426905943
	3426905944
	3426905945
	3426905946
	3426905947
	3426905948
	3426905949
	3426905950
	3426905951
	3426905952
	3426905953
	3426905954
	3426905955
	3426905956
	3426905957
	3426905958
	3426905959
	3426905960
	3426905961
	3426905962
	3426905963
	3426905964
	3426905965
	3426905966
	3426905967
	3426905968
	3426905969
	3426905970
	3426905971
	3426905972
	3426905973
	3426905974
	3426905975
	3426905976
	3426905977
	3426905978
	3426905979
	3426905980
	3426905981
	3426905982
	3426905983
	3426905984
	3426905985
	3426905986
	3426905987
	3426905988
	3426905989
	3426905990
	3426905991
	3426905992
	3426905993
	3426905994
	3426905995
	3426905996
	3426905997
	3426905998
	3426905999
	3426906000
	3426906001
	3426906002
	3426906003
	3426906004
	3426906005
	3426906006
	3426906007
	3426906008
	3426906009
	3426906010
	3426906011
	3426906012
	3426906013
	3426906014
	3426906015
	3426906016
	3426906017
	3426906018
	3426906019
	3426906020
	3426906021
	3426906022
	3426906023
	3426906024
	3426906025
	3426906026
	3426906027
	3426906028
	3426906029
	3426906030
	3426906031
	3426906032
	3426906033
	3426906034
	3426906035
	3426906036
	3426906037
	3426906038
	3426906039
	3426906040
	3426906041
	3426906042
	3426906043
	3426906044
	3426906045
	3426906046
	3426906047
	3426906048
	3426906049
	3426906050
	3426906051
	3426906052
	3426906053
	3426906054
	3426906055
	3426906056
	3426906057
	3426906058
	3426906059
	3426906060
	3426906061
	3426906062
	3426906063
	3426906064
	3426906065
	3426906066
	3426906067
	3426906068
	3426906069
	3426906070
	3426906071
	3426906072
	3426906073
	3426906074
	3426906075
	3426906076
	3426906077
	3426906078
	3426906079
	3426906080
	3426906081
	3426906082
	3426906083
	3426906084
	3426906085
	3426906086
	3426906087
	3426906088
	3426906089
	3426906090
	3426906091
	3426906092
	3426906093
	3426906094
	3426906095
	3426906096
	3426906097
	3426906098
	3426906099
	3426906100
	3426906101
	3426906102
	3426906103
	3426906104
	3426906105
	3426906106
	3426906107
	3426906108
	3426906109
	3426906110
	3426906111
	3426906112
	3426906113
	3426906114
	3426906115
	3426906116
	3426906117
	3426906118
	3426906119
	3426906120
	3426906121
	3426906122
	3426906123
	3426906124
	3426906125
	3426906126
	3426906127
	3426906128
	3426906129
	3426906130
	3426906131
	3426906132
	3426906133
	3426906134
	3426906135
	3426906136
	3426906137
	3426906138
	3426906139
	3426906140
	3426906141
	3426906142
	3426906143
	3426906144
	3426906145
	3426906146
	3426906147
	3426906148
	3426906149
	3426906150
	3426906151
	3426906152
	3426906153
	3426906154
	3426906155
	3426906156
	3426906157
	3426906158
	3426906159
	3426906160
	3426906161
	3426906162
	3426906163
	3426906164
	3426906165
	3426906166
	3426906167
	3426906168
	3426906169
	3426906170
	3426906171
	3426906172
	3426906173
	3426906174
	3426906175
	3426906176
	3426906177
	3426906178
	3426906179
	3426906180
	3426906181
	3426906182
	3426906183
	3426906184
	3426906185
	3426906186
	3426906187
	3426906188
	3426906189
	3426906190
	3426906191
	3426906192
	3426906193
	3426906194
	3426906195
	3426906196
	3426906197
	3426906198
	3426906199
	3426906200
	3426906201
	3426906202
	3426906203
	3426906204
	3426906205
	3426906206
	3426906207
	3426906208
	3426906209
	3426906210
	3426906211
	3426906212
	3426906213
	3426906214
	3426906215
	3426906216
	3426906217
	3426906218
	3426906219
	3426906220
	3426906221
	3426906222
	3426906223
	3426906224
	3426906225
	3426906226
	3426906227
	3426906228
	3426906229
	3426906230
	3426906231
	3426906232
	3426906233
	3426906234
	3426906235
	3426906236
	3426906237
	3426906238
	3426906239
	3426906240
	3426906241
	3426906242
	3426906243
	3426906244
	3426906245
	3426906246
	3426906247
	3426906248
	3426906249
	3426906250
	3426906251
	3426906252
	3426906253
	3426906254
	3426906255
	3426906256
	3426906257
	3426906258
	3426906259
	3426906260
	3426906261
	3426906262
	3426906263
	3426906264
	3426906265
	3426906266
	3426906267
	3426906268
	3426906269
	3426906270
	3426906271
	3426906272
	3426906273
	3426906274
	3426906275
	3426906276
	3426906277
	3426906278
	3426906279
	3426906280
	3426906281
	3426906282
	3426906283
	3426906284
	3426906285
	3426906286
	3426906287
	3426906288
	3426906289
	3426906290
	3426906291
	3426906292
	3426906293
	3426906294
	3426906295
	3426906296
	3426906297
	3426906298
	3426906299
	3426906300
	3426906301
	3426906302
	3426906303
	3426906304
	3426906305
	3426906306
	3426906307
	3426906308
	3426906309
	3426906310
	3426906311
	3426906312
	3426906313
	3426906314
	3426906315
	3426906316
	3426906317
	3426906318
	3426906319
	3426906320
	3426906321
	3426906322
	3426906323
	3426906324
	3426906325
	3426906326
	3426906327
	3426906328
	3426906329
	3426906330
	3426906331
	3426906332
	3426906333
	3426906334
	3426906335
	3426906336
	3426906337
	3426906338
	3426906339
	3426906340
	3426906341
	3426906342
	3426906343
	3426906344
	3426906345
	3426906346
	3426906347
	3426906348
	3426906349
	3426906350
	3426906351
	3426906352
	3426906353
	3426906354
	3426906355
	3426906356
	3426906357
	3426906358
	3426906359
	3426906360
	3426906361
	3426906362
	3426906363
	3426906364
	3426906365
	3426906366
	3426906367
	3426906368
	3426906369
	3426906370
	3426906371
	3426906372
	3426906373
	3426906374
	3426906375
	3426906376
	3426906377
	3426906378
	3426906379
	3426906380
	3426906381
	3426906382
	3426906383
	3426906384
	3426906385
	3426906386
	3426906387
	3426906388
	3426906389
	3426906390
	3426906391
	3426906392
	3426906393
	3426906394
	3426906395
	3426906396
	3426906397
	3426906398
	3426906399
	3426906400
	3426906401
	3426906402
	3426906403
	3426906404
	3426906405
	3426906406
	3426906407
	3426906408
	3426906409
	3426906410
	3426906411
	3426906412
	3426906413
	3426906414
	3426906415
	3426906416
	3426906417
	3426906418
	3426906419
	3426906420
	3426906421
	3426906422
	3426906423
	3426906424
	3426906425
	3426906426
	3426906427
	3426906428
	3426906429
	3426906430
	3426906431
	3426906432
	3426906433
	3426906434
	3426906435
	3426906436
	3426906437
	3426906438
	3426906439
	3426906440
	3426906441
	3426906442
	3426906443
	3426906444
	3426906445
	3426906446
	3426906447
	3426906448
	3426906449
	3426906450
	3426906451
	3426906452
	3426906453
	3426906454
	3426906455
	3426906456
	3426906457
	3426906458
	3426906459
	3426906460
	3426906461
	3426906462
	3426906463
	3426906464
	3426906465
	3426906466
	3426906467
	3426906468
	3426906469
	3426906470
	3426906471
	3426906472
	3426906473
	3426906474
	3426906475
	3426906476
	3426906477
	3426906478
	3426906479
	3426906480
	3426906481
	3426906482
	3426906483
	3426906484
	3426906485
	3426906486
	3426906487
	3426906488
	3426906489
	3426906490
