	3426747238
	3426747239
	3426747240
	3426747241
	3426747242
	3426747243
	3426747244
	3426747245
	3426747246
	3426747247
	3426747248
	3426747249
	3426747250
	3426747251
	3426747252
	3426747253
	3426747254
	3426747255
	3426747256
	3426747257
	3426747258
	3426747259
	3426747260
	3426747261
	3426747262
	3426747263
	3426747264
	3426747265
	3426747266
	3426747267
	3426747268
	3426747269
	3426747270
	3426747271
	3426747272
	3426747273
	3426747274
	3426747275
	3426747276
	3426747277
	3426747278
	3426747279
	3426747280
	3426747281
	3426747282
	3426747283
	3426747284
	3426747285
	3426747286
	3426747287
	3426747288
	3426747289
	3426747290
	3426747291
	3426747292
	3426747293
	3426747294
	3426747295
	3426747296
	3426747297
	3426747298
	3426747299
	3426747300
	3426747301
	3426747302
	3426747303
	3426747304
	3426747305
	3426747306
	3426747307
	3426747308
	3426747309
	3426747310
	3426747311
	3426747312
	3426747313
	3426747314
	3426747315
	3426747316
	3426747317
	3426747318
	3426747319
	3426747320
	3426747321
	3426747322
	3426747323
	3426747324
	3426747325
	3426747326
	3426747327
	3426747328
	3426747329
	3426747330
	3426747331
	3426747332
	3426747333
	3426747334
	3426747335
	3426747336
	3426747337
	3426747338
	3426747339
	3426747340
	3426747341
	3426747342
	3426747343
	3426747344
	3426747345
	3426747346
	3426747347
	3426747348
	3426747349
	3426747350
	3426747351
	3426747352
	3426747353
	3426747354
	3426747355
	3426747356
	3426747357
	3426747358
	3426747359
	3426747360
	3426747361
	3426747362
	3426747363
	3426747364
	3426747365
	3426747366
	3426747367
	3426747368
	3426747369
	3426747370
	3426747371
	3426747372
	3426747373
	3426747374
	3426747375
	3426747376
	3426747377
	3426747378
	3426747379
	3426747380
	3426747381
	3426747382
	3426747383
	3426747384
	3426747385
	3426747386
	3426747387
	3426747388
	3426747389
	3426747390
	3426747391
	3426747392
	3426747393
	3426747394
	3426747395
	3426747396
	3426747397
	3426747398
	3426747399
	3426747400
	3426747401
	3426747402
	3426747403
	3426747404
	3426747405
	3426747406
	3426747407
	3426747408
	3426747409
	3426747410
	3426747411
	3426747412
	3426747413
	3426747414
	3426747415
	3426747416
	3426747417
	3426747418
	3426747419
	3426747420
	3426747421
	3426747422
	3426747423
	3426747424
	3426747425
	3426747426
	3426747427
	3426747428
	3426747429
	3426747430
	3426747431
	3426747432
	3426747433
	3426747434
	3426747435
	3426747436
	3426747437
	3426747438
	3426747439
	3426747440
	3426747441
	3426747442
	3426747443
	3426747444
	3426747445
	3426747446
	3426747447
	3426747448
	3426747449
	3426747450
	3426747451
	3426747452
	3426747453
	3426747454
	3426747455
	3426747456
	3426747457
	3426747458
	3426747459
	3426747460
	3426747461
	3426747462
	3426747463
	3426747464
	3426747465
	3426747466
	3426747467
	3426747468
	3426747469
	3426747470
	3426747471
	3426747472
	3426747473
	3426747474
	3426747475
	3426747476
	3426747477
	3426747478
	3426747479
	3426747480
	3426747481
	3426747482
	3426747483
	3426747484
	3426747485
	3426747486
	3426747487
	3426747488
	3426747489
	3426747490
	3426747491
	3426747492
	3426747493
	3426747494
	3426747495
	3426747496
	3426747497
	3426747498
	3426747499
	3426747500
	3426747501
	3426747502
	3426747503
	3426747504
	3426747505
	3426747506
	3426747507
	3426747508
	3426747509
	3426747510
	3426747511
	3426747512
	3426747513
	3426747514
	3426747515
	3426747516
	3426747517
	3426747518
	3426747519
	3426747520
	3426747521
	3426747522
	3426747523
	3426747524
	3426747525
	3426747526
	3426747527
	3426747528
	3426747529
	3426747530
	3426747531
	3426747532
	3426747533
	3426747534
	3426747535
	3426747536
	3426747537
	3426747538
	3426747539
	3426747540
	3426747541
	3426747542
	3426747543
	3426747544
	3426747545
	3426747546
	3426747547
	3426747548
	3426747549
	3426747550
	3426747551
	3426747552
	3426747553
	3426747554
	3426747555
	3426747556
	3426747557
	3426747558
	3426747559
	3426747560
	3426747561
	3426747562
	3426747563
	3426747564
	3426747565
	3426747566
	3426747567
	3426747568
	3426747569
	3426747570
	3426747571
	3426747572
	3426747573
	3426747574
	3426747575
	3426747576
	3426747577
	3426747578
	3426747579
	3426747580
	3426747581
	3426747582
	3426747583
	3426747584
	3426747585
	3426747586
	3426747587
	3426747588
	3426747589
	3426747590
	3426747591
	3426747592
	3426747593
	3426747594
	3426747595
	3426747596
	3426747597
	3426747598
	3426747599
	3426747600
	3426747601
	3426747602
	3426747603
	3426747604
	3426747605
	3426747606
	3426747607
	3426747608
	3426747609
	3426747610
	3426747611
	3426747612
	3426747613
	3426747614
	3426747615
	3426747616
	3426747617
	3426747618
	3426747619
	3426747620
	3426747621
	3426747622
	3426747623
	3426747624
	3426747625
	3426747626
	3426747627
	3426747628
	3426747629
	3426747630
	3426747631
	3426747632
	3426747633
	3426747634
	3426747635
	3426747636
	3426747637
	3426747638
	3426747639
	3426747640
	3426747641
	3426747642
	3426747643
	3426747644
	3426747645
	3426747646
	3426747647
	3426747648
	3426747649
	3426747650
	3426747651
	3426747652
	3426747653
	3426747654
	3426747655
	3426747656
	3426747657
	3426747658
	3426747659
	3426747660
	3426747661
	3426747662
	3426747663
	3426747664
	3426747665
	3426747666
	3426747667
	3426747668
	3426747669
	3426747670
	3426747671
	3426747672
	3426747673
	3426747674
	3426747675
	3426747676
	3426747677
	3426747678
	3426747679
	3426747680
	3426747681
	3426747682
	3426747683
	3426747684
	3426747685
	3426747686
	3426747687
	3426747688
	3426747689
	3426747690
	3426747691
	3426747692
	3426747693
	3426747694
	3426747695
	3426747696
	3426747697
	3426747698
	3426747699
	3426747700
	3426747701
	3426747702
	3426747703
	3426747704
	3426747705
	3426747706
	3426747707
	3426747708
	3426747709
	3426747710
	3426747711
	3426747712
	3426747713
	3426747714
	3426747715
	3426747716
	3426747717
	3426747718
	3426747719
	3426747720
	3426747721
	3426747722
	3426747723
	3426747724
	3426747725
	3426747726
	3426747727
	3426747728
	3426747729
	3426747730
	3426747731
	3426747732
	3426747733
	3426747734
	3426747735
	3426747736
	3426747737
	3426747738
	3426747739
	3426747740
	3426747741
	3426747742
	3426747743
	3426747744
	3426747745
	3426747746
	3426747747
	3426747748
	3426747749
	3426747750
	3426747751
	3426747752
	3426747753
	3426747754
	3426747755
	3426747756
	3426747757
	3426747758
	3426747759
	3426747760
	3426747761
	3426747762
	3426747763
	3426747764
	3426747765
	3426747766
	3426747767
	3426747768
	3426747769
	3426747770
	3426747771
	3426747772
	3426747773
	3426747774
	3426747775
	3426747776
	3426747777
	3426747778
	3426747779
	3426747780
	3426747781
	3426747782
	3426747783
	3426747784
	3426747785
	3426747786
	3426747787
	3426747788
	3426747789
	3426747790
	3426747791
	3426747792
	3426747793
	3426747794
	3426747795
	3426747796
	3426747797
	3426747798
	3426747799
	3426747800
	3426747801
	3426747802
	3426747803
	3426747804
	3426747805
	3426747806
	3426747807
	3426747808
	3426747809
	3426747810
	3426747811
	3426747812
	3426747813
	3426747814
	3426747815
	3426747816
	3426747817
	3426747818
	3426747819
	3426747820
	3426747821
	3426747822
	3426747823
	3426747824
	3426747825
	3426747826
	3426747827
	3426747828
	3426747829
	3426747830
	3426747831
	3426747832
	3426747833
	3426747834
	3426747835
	3426747836
	3426747837
	3426747838
	3426747839
	3426747840
	3426747841
	3426747842
	3426747843
	3426747844
	3426747845
	3426747846
	3426747847
	3426747848
	3426747849
	3426747850
	3426747851
	3426747852
	3426747853
	3426747854
	3426747855
	3426747856
	3426747857
	3426747858
	3426747859
	3426747860
	3426747861
	3426747862
	3426747863
	3426747864
	3426747865
	3426747866
	3426747867
	3426747868
	3426747869
	3426747870
	3426747871
	3426747872
	3426747873
	3426747874
	3426747875
	3426747876
	3426747877
	3426747878
	3426747879
	3426747880
	3426747881
	3426747882
	3426747883
	3426747884
	3426747885
	3426747886
	3426747887
	3426747888
	3426747889
	3426747890
	3426747891
	3426747892
	3426747893
	3426747894
	3426747895
	3426747896
	3426747897
	3426747898
	3426747899
	3426747900
	3426747901
	3426747902
	3426747903
	3426747904
	3426747905
	3426747906
	3426747907
	3426747908
	3426747909
	3426747910
	3426747911
	3426747912
	3426747913
	3426747914
	3426747915
	3426747916
	3426747917
	3426747918
	3426747919
	3426747920
	3426747921
	3426747922
	3426747923
	3426747924
	3426747925
	3426747926
	3426747927
	3426747928
	3426747929
	3426747930
	3426747931
	3426747932
	3426747933
	3426747934
	3426747935
	3426747936
	3426747937
	3426747938
	3426747939
	3426747940
	3426747941
	3426747942
	3426747943
	3426747944
	3426747945
	3426747946
	3426747947
	3426747948
	3426747949
	3426747950
	3426747951
	3426747952
	3426747953
	3426747954
	3426747955
	3426747956
	3426747957
	3426747958
	3426747959
	3426747960
	3426747961
	3426747962
	3426747963
	3426747964
	3426747965
	3426747966
	3426747967
	3426747968
	3426747969
	3426747970
	3426747971
	3426747972
	3426747973
	3426747974
	3426747975
	3426747976
	3426747977
	3426747978
	3426747979
	3426747980
	3426747981
	3426747982
	3426747983
	3426747984
	3426747985
	3426747986
	3426747987
	3426747988
	3426747989
	3426747990
	3426747991
	3426747992
	3426747993
	3426747994
	3426747995
	3426747996
	3426747997
	3426747998
	3426747999
	3426748000
	3426748001
	3426748002
	3426748003
	3426748004
	3426748005
	3426748006
	3426748007
	3426748008
	3426748009
	3426748010
	3426748011
	3426748012
	3426748013
	3426748014
	3426748015
	3426748016
	3426748017
	3426748018
	3426748019
	3426748020
	3426748021
	3426748022
	3426748023
	3426748024
	3426748025
	3426748026
	3426748027
	3426748028
	3426748029
	3426748030
	3426748031
	3426748032
	3426748033
	3426748034
	3426748035
	3426748036
	3426748037
	3426748038
	3426748039
	3426748040
	3426748041
	3426748042
	3426748043
	3426748044
	3426748045
	3426748046
	3426748047
	3426748048
	3426748049
	3426748050
	3426748051
	3426748052
	3426748053
	3426748054
	3426748055
	3426748056
	3426748057
	3426748058
	3426748059
	3426748060
	3426748061
	3426748062
	3426748063
	3426748064
	3426748065
	3426748066
	3426748067
	3426748068
	3426748069
	3426748070
	3426748071
	3426748072
	3426748073
	3426748074
	3426748075
	3426748076
	3426748077
	3426748078
	3426748079
	3426748080
	3426748081
	3426748082
	3426748083
	3426748084
	3426748085
	3426748086
	3426748087
	3426748088
	3426748089
	3426748090
	3426748091
	3426748092
	3426748093
	3426748094
	3426748095
	3426748096
	3426748097
	3426748098
	3426748099
	3426748100
	3426748101
	3426748102
	3426748103
	3426748104
	3426748105
	3426748106
	3426748107
	3426748108
	3426748109
	3426748110
	3426748111
	3426748112
	3426748113
	3426748114
	3426748115
	3426748116
	3426748117
	3426748118
	3426748119
	3426748120
	3426748121
	3426748122
	3426748123
	3426748124
	3426748125
	3426748126
	3426748127
	3426748128
	3426748129
	3426748130
	3426748131
	3426748132
	3426748133
	3426748134
	3426748135
	3426748136
	3426748137
	3426748138
	3426748139
	3426748140
	3426748141
	3426748142
	3426748143
	3426748144
	3426748145
	3426748146
	3426748147
	3426748148
	3426748149
	3426748150
	3426748151
	3426748152
	3426748153
	3426748154
	3426748155
	3426748156
	3426748157
	3426748158
	3426748159
	3426748160
	3426748161
	3426748162
	3426748163
	3426748164
	3426748165
	3426748166
	3426748167
	3426748168
	3426748169
	3426748170
	3426748171
	3426748172
	3426748173
	3426748174
	3426748175
	3426748176
	3426748177
	3426748178
	3426748179
	3426748180
	3426748181
	3426748182
	3426748183
	3426748184
	3426748185
	3426748186
	3426748187
	3426748188
	3426748189
	3426748190
	3426748191
	3426748192
	3426748193
	3426748194
	3426748195
	3426748196
	3426748197
	3426748198
	3426748199
	3426748200
	3426748201
	3426748202
	3426748203
	3426748204
	3426748205
	3426748206
	3426748207
	3426748208
	3426748209
	3426748210
	3426748211
	3426748212
	3426748213
	3426748214
	3426748215
	3426748216
	3426748217
	3426748218
	3426748219
	3426748220
	3426748221
	3426748222
	3426748223
	3426748224
	3426748225
	3426748226
	3426748227
	3426748228
	3426748229
	3426748230
	3426748231
	3426748232
	3426748233
	3426748234
	3426748235
	3426748236
	3426748237
	3426748238
	3426748239
	3426748240
	3426748241
	3426748242
	3426748243
	3426748244
	3426748245
	3426748246
	3426748247
	3426748248
	3426748249
	3426748250
	3426748251
	3426748252
	3426748253
	3426748254
	3426748255
	3426748256
	3426748257
	3426748258
	3426748259
	3426748260
	3426748261
	3426748262
	3426748263
	3426748264
	3426748265
	3426748266
	3426748267
	3426748268
	3426748269
	3426748270
	3426748271
	3426748272
	3426748273
	3426748274
	3426748275
	3426748276
	3426748277
	3426748278
	3426748279
	3426748280
	3426748281
	3426748282
	3426748283
	3426748284
	3426748285
	3426748286
	3426748287
	3426748288
	3426748289
	3426748290
	3426748291
	3426748292
	3426748293
	3426748294
	3426748295
	3426748296
	3426748297
	3426748298
	3426748299
	3426748300
	3426748301
	3426748302
	3426748303
	3426748304
	3426748305
	3426748306
	3426748307
	3426748308
	3426748309
	3426748310
	3426748311
	3426748312
	3426748313
	3426748314
	3426748315
	3426748316
	3426748317
	3426748318
	3426748319
	3426748320
	3426748321
	3426748322
	3426748323
	3426748324
	3426748325
	3426748326
	3426748327
	3426748328
	3426748329
	3426748330
	3426748331
	3426748332
	3426748333
	3426748334
	3426748335
	3426748336
	3426748337
	3426748338
	3426748339
	3426748340
	3426748341
	3426748342
	3426748343
	3426748344
	3426748345
	3426748346
	3426748347
	3426748348
	3426748349
	3426748350
	3426748351
	3426748352
	3426748353
	3426748354
	3426748355
	3426748356
	3426748357
	3426748358
	3426748359
	3426748360
	3426748361
	3426748362
	3426748363
	3426748364
	3426748365
	3426748366
	3426748367
	3426748368
	3426748369
	3426748370
	3426748371
	3426748372
	3426748373
	3426748374
	3426748375
	3426748376
	3426748377
	3426748378
	3426748379
	3426748380
	3426748381
	3426748382
	3426748383
	3426748384
	3426748385
	3426748386
	3426748387
	3426748388
	3426748389
	3426748390
	3426748391
	3426748392
	3426748393
	3426748394
	3426748395
	3426748396
	3426748397
	3426748398
	3426748399
	3426748400
	3426748401
	3426748402
	3426748403
	3426748404
	3426748405
	3426748406
	3426748407
	3426748408
	3426748409
	3426748410
	3426748411
	3426748412
	3426748413
	3426748414
	3426748415
	3426748416
	3426748417
	3426748418
	3426748419
	3426748420
	3426748421
	3426748422
	3426748423
	3426748424
	3426748425
	3426748426
	3426748427
	3426748428
	3426748429
	3426748430
	3426748431
	3426748432
	3426748433
	3426748434
	3426748435
	3426748436
	3426748437
	3426748438
	3426748439
	3426748440
	3426748441
	3426748442
	3426748443
	3426748444
	3426748445
	3426748446
	3426748447
	3426748448
	3426748449
	3426748450
	3426748451
	3426748452
	3426748453
	3426748454
	3426748455
	3426748456
	3426748457
	3426748458
	3426748459
	3426748460
	3426748461
	3426748462
	3426748463
	3426748464
	3426748465
	3426748466
	3426748467
	3426748468
	3426748469
	3426748470
	3426748471
	3426748472
	3426748473
	3426748474
	3426748475
	3426748476
	3426748477
	3426748478
	3426748479
	3426748480
	3426748481
	3426748482
	3426748483
	3426748484
	3426748485
	3426748486
	3426748487
	3426748488
	3426748489
	3426748490
	3426748491
	3426748492
	3426748493
	3426748494
	3426748495
	3426748496
	3426748497
	3426748498
	3426748499
	3426748500
	3426748501
	3426748502
	3426748503
	3426748504
	3426748505
	3426748506
	3426748507
	3426748508
	3426748509
	3426748510
	3426748511
	3426748512
	3426748513
	3426748514
	3426748515
	3426748516
	3426748517
	3426748518
	3426748519
	3426748520
	3426748521
	3426748522
	3426748523
	3426748524
	3426748525
	3426748526
	3426748527
	3426748528
	3426748529
	3426748530
	3426748531
	3426748532
	3426748533
	3426748534
	3426748535
	3426748536
	3426748537
	3426748538
	3426748539
	3426748540
	3426748541
	3426748542
	3426748543
	3426748544
	3426748545
	3426748546
	3426748547
	3426748548
	3426748549
	3426748550
	3426748551
	3426748552
	3426748553
	3426748554
	3426748555
	3426748556
	3426748557
	3426748558
	3426748559
	3426748560
	3426748561
	3426748562
	3426748563
	3426748564
	3426748565
	3426748566
	3426748567
	3426748568
	3426748569
	3426748570
	3426748571
	3426748572
	3426748573
	3426748574
	3426748575
	3426748576
	3426748577
	3426748578
	3426748579
	3426748580
	3426748581
	3426748582
	3426748583
	3426748584
	3426748585
	3426748586
	3426748587
	3426748588
	3426748589
	3426748590
	3426748591
	3426748592
	3426748593
	3426748594
	3426748595
	3426748596
	3426748597
	3426748598
	3426748599
	3426748600
	3426748601
	3426748602
	3426748603
	3426748604
	3426748605
	3426748606
	3426748607
	3426748608
	3426748609
	3426748610
	3426748611
	3426748612
	3426748613
	3426748614
	3426748615
	3426748616
	3426748617
	3426748618
	3426748619
	3426748620
	3426748621
	3426748622
	3426748623
	3426748624
	3426748625
	3426748626
	3426748627
	3426748628
	3426748629
	3426748630
	3426748631
	3426748632
	3426748633
	3426748634
	3426748635
	3426748636
	3426748637
	3426748638
	3426748639
	3426748640
	3426748641
	3426748642
	3426748643
	3426748644
	3426748645
	3426748646
	3426748647
	3426748648
	3426748649
	3426748650
	3426748651
	3426748652
	3426748653
	3426748654
	3426748655
	3426748656
	3426748657
	3426748658
	3426748659
	3426748660
	3426748661
	3426748662
	3426748663
	3426748664
	3426748665
	3426748666
	3426748667
	3426748668
	3426748669
	3426748670
	3426748671
	3426748672
	3426748673
	3426748674
	3426748675
	3426748676
	3426748677
	3426748678
	3426748679
	3426748680
	3426748681
	3426748682
	3426748683
	3426748684
	3426748685
	3426748686
	3426748687
	3426748688
	3426748689
	3426748690
	3426748691
	3426748692
	3426748693
	3426748694
	3426748695
	3426748696
	3426748697
	3426748698
	3426748699
	3426748700
	3426748701
	3426748702
	3426748703
	3426748704
	3426748705
	3426748706
	3426748707
	3426748708
	3426748709
	3426748710
	3426748711
	3426748712
	3426748713
	3426748714
	3426748715
	3426748716
	3426748717
	3426748718
	3426748719
	3426748720
	3426748721
	3426748722
	3426748723
	3426748724
	3426748725
	3426748726
	3426748727
	3426748728
	3426748729
	3426748730
	3426748731
	3426748732
	3426748733
	3426748734
	3426748735
	3426748736
	3426748737
	3426748738
	3426748739
	3426748740
	3426748741
	3426748742
	3426748743
	3426748744
	3426748745
	3426748746
	3426748747
	3426748748
	3426748749
	3426748750
	3426748751
	3426748752
	3426748753
	3426748754
	3426748755
	3426748756
	3426748757
	3426748758
	3426748759
	3426748760
	3426748761
	3426748762
	3426748763
	3426748764
	3426748765
	3426748766
	3426748767
	3426748768
	3426748769
	3426748770
	3426748771
	3426748772
	3426748773
	3426748774
	3426748775
	3426748776
	3426748777
	3426748778
	3426748779
	3426748780
	3426748781
	3426748782
	3426748783
	3426748784
	3426748785
	3426748786
	3426748787
	3426748788
	3426748789
	3426748790
	3426748791
	3426748792
	3426748793
	3426748794
	3426748795
	3426748796
	3426748797
	3426748798
	3426748799
	3426748800
	3426748801
	3426748802
	3426748803
	3426748804
	3426748805
	3426748806
	3426748807
	3426748808
	3426748809
	3426748810
	3426748811
	3426748812
	3426748813
	3426748814
	3426748815
	3426748816
	3426748817
	3426748818
	3426748819
	3426748820
	3426748821
	3426748822
	3426748823
	3426748824
	3426748825
	3426748826
	3426748827
	3426748828
	3426748829
	3426748830
	3426748831
	3426748832
	3426748833
	3426748834
	3426748835
	3426748836
	3426748837
	3426748838
	3426748839
	3426748840
	3426748841
	3426748842
	3426748843
	3426748844
	3426748845
	3426748846
	3426748847
	3426748848
	3426748849
	3426748850
	3426748851
	3426748852
	3426748853
	3426748854
	3426748855
	3426748856
	3426748857
	3426748858
	3426748859
	3426748860
	3426748861
	3426748862
	3426748863
	3426748864
	3426748865
	3426748866
	3426748867
	3426748868
	3426748869
	3426748870
	3426748871
	3426748872
	3426748873
	3426748874
	3426748875
	3426748876
	3426748877
	3426748878
	3426748879
	3426748880
	3426748881
	3426748882
	3426748883
	3426748884
	3426748885
	3426748886
	3426748887
	3426748888
	3426748889
	3426748890
	3426748891
	3426748892
	3426748893
	3426748894
	3426748895
	3426748896
	3426748897
	3426748898
	3426748899
	3426748900
	3426748901
	3426748902
	3426748903
	3426748904
	3426748905
	3426748906
	3426748907
	3426748908
	3426748909
	3426748910
	3426748911
	3426748912
	3426748913
	3426748914
	3426748915
	3426748916
	3426748917
	3426748918
	3426748919
	3426748920
	3426748921
	3426748922
	3426748923
	3426748924
	3426748925
	3426748926
	3426748927
	3426748928
	3426748929
	3426748930
	3426748931
	3426748932
	3426748933
	3426748934
	3426748935
	3426748936
	3426748937
	3426748938
	3426748939
	3426748940
	3426748941
	3426748942
	3426748943
	3426748944
	3426748945
	3426748946
	3426748947
	3426748948
	3426748949
	3426748950
	3426748951
	3426748952
	3426748953
	3426748954
	3426748955
	3426748956
	3426748957
	3426748958
	3426748959
	3426748960
	3426748961
	3426748962
	3426748963
	3426748964
	3426748965
	3426748966
	3426748967
	3426748968
	3426748969
	3426748970
	3426748971
	3426748972
	3426748973
	3426748974
	3426748975
	3426748976
	3426748977
	3426748978
	3426748979
	3426748980
	3426748981
	3426748982
	3426748983
	3426748984
	3426748985
	3426748986
	3426748987
	3426748988
	3426748989
	3426748990
	3426748991
	3426748992
	3426748993
	3426748994
	3426748995
	3426748996
	3426748997
	3426748998
	3426748999
	3426749000
	3426749001
	3426749002
	3426749003
	3426749004
	3426749005
	3426749006
	3426749007
	3426749008
	3426749009
	3426749010
	3426749011
	3426749012
	3426749013
	3426749014
	3426749015
	3426749016
	3426749017
	3426749018
	3426749019
	3426749020
	3426749021
	3426749022
	3426749023
	3426749024
	3426749025
	3426749026
	3426749027
	3426749028
	3426749029
	3426749030
	3426749031
	3426749032
	3426749033
	3426749034
	3426749035
	3426749036
	3426749037
	3426749038
	3426749039
	3426749040
	3426749041
	3426749042
	3426749043
	3426749044
	3426749045
	3426749046
	3426749047
	3426749048
	3426749049
	3426749050
	3426749051
	3426749052
	3426749053
	3426749054
	3426749055
	3426749056
	3426749057
	3426749058
	3426749059
	3426749060
	3426749061
	3426749062
	3426749063
	3426749064
	3426749065
	3426749066
	3426749067
	3426749068
	3426749069
	3426749070
	3426749071
	3426749072
	3426749073
	3426749074
	3426749075
	3426749076
	3426749077
	3426749078
	3426749079
	3426749080
	3426749081
	3426749082
	3426749083
	3426749084
	3426749085
	3426749086
	3426749087
	3426749088
	3426749089
	3426749090
	3426749091
	3426749092
	3426749093
	3426749094
	3426749095
	3426749096
	3426749097
	3426749098
	3426749099
	3426749100
	3426749101
	3426749102
	3426749103
	3426749104
	3426749105
	3426749106
	3426749107
	3426749108
	3426749109
	3426749110
	3426749111
	3426749112
	3426749113
	3426749114
	3426749115
	3426749116
	3426749117
	3426749118
	3426749119
	3426749120
	3426749121
	3426749122
	3426749123
	3426749124
	3426749125
	3426749126
	3426749127
	3426749128
	3426749129
	3426749130
	3426749131
	3426749132
	3426749133
	3426749134
	3426749135
	3426749136
	3426749137
	3426749138
	3426749139
	3426749140
	3426749141
	3426749142
	3426749143
	3426749144
	3426749145
	3426749146
	3426749147
	3426749148
	3426749149
	3426749150
	3426749151
	3426749152
	3426749153
	3426749154
	3426749155
	3426749156
	3426749157
	3426749158
	3426749159
	3426749160
	3426749161
	3426749162
	3426749163
	3426749164
	3426749165
	3426749166
	3426749167
	3426749168
	3426749169
	3426749170
	3426749171
	3426749172
	3426749173
	3426749174
	3426749175
	3426749176
	3426749177
	3426749178
	3426749179
	3426749180
	3426749181
	3426749182
	3426749183
	3426749184
	3426749185
	3426749186
	3426749187
	3426749188
	3426749189
	3426749190
	3426749191
	3426749192
	3426749193
	3426749194
	3426749195
	3426749196
	3426749197
	3426749198
	3426749199
	3426749200
	3426749201
	3426749202
	3426749203
	3426749204
	3426749205
	3426749206
	3426749207
	3426749208
	3426749209
	3426749210
	3426749211
	3426749212
	3426749213
	3426749214
	3426749215
	3426749216
	3426749217
	3426749218
	3426749219
	3426749220
	3426749221
	3426749222
	3426749223
	3426749224
	3426749225
	3426749226
	3426749227
	3426749228
	3426749229
	3426749230
	3426749231
	3426749232
	3426749233
	3426749234
	3426749235
	3426749236
	3426749237
	3426749238
	3426749239
	3426749240
	3426749241
	3426749242
	3426749243
	3426749244
	3426749245
	3426749246
	3426749247
	3426749248
	3426749249
	3426749250
	3426749251
	3426749252
	3426749253
	3426749254
	3426749255
	3426749256
	3426749257
	3426749258
	3426749259
	3426749260
	3426749261
	3426749262
	3426749263
	3426749264
	3426749265
	3426749266
	3426749267
	3426749268
	3426749269
	3426749270
	3426749271
	3426749272
	3426749273
	3426749274
	3426749275
	3426749276
	3426749277
	3426749278
	3426749279
	3426749280
	3426749281
	3426749282
	3426749283
	3426749284
	3426749285
	3426749286
	3426749287
	3426749288
	3426749289
	3426749290
	3426749291
	3426749292
	3426749293
	3426749294
	3426749295
	3426749296
	3426749297
	3426749298
	3426749299
	3426749300
	3426749301
	3426749302
	3426749303
	3426749304
	3426749305
	3426749306
	3426749307
	3426749308
	3426749309
	3426749310
	3426749311
	3426749312
	3426749313
	3426749314
	3426749315
	3426749316
	3426749317
	3426749318
	3426749319
	3426749320
	3426749321
	3426749322
	3426749323
	3426749324
	3426749325
	3426749326
	3426749327
	3426749328
	3426749329
	3426749330
	3426749331
	3426749332
	3426749333
	3426749334
	3426749335
	3426749336
	3426749337
	3426749338
	3426749339
	3426749340
	3426749341
	3426749342
	3426749343
	3426749344
	3426749345
	3426749346
	3426749347
	3426749348
	3426749349
	3426749350
	3426749351
	3426749352
	3426749353
	3426749354
	3426749355
	3426749356
	3426749357
	3426749358
	3426749359
	3426749360
	3426749361
	3426749362
	3426749363
	3426749364
	3426749365
	3426749366
	3426749367
	3426749368
	3426749369
	3426749370
	3426749371
	3426749372
	3426749373
	3426749374
	3426749375
	3426749376
	3426749377
	3426749378
	3426749379
	3426749380
	3426749381
	3426749382
	3426749383
	3426749384
	3426749385
	3426749386
	3426749387
	3426749388
	3426749389
	3426749390
	3426749391
	3426749392
	3426749393
	3426749394
	3426749395
	3426749396
	3426749397
	3426749398
	3426749399
	3426749400
	3426749401
	3426749402
	3426749403
	3426749404
	3426749405
	3426749406
	3426749407
	3426749408
	3426749409
	3426749410
	3426749411
	3426749412
	3426749413
	3426749414
	3426749415
	3426749416
	3426749417
	3426749418
	3426749419
	3426749420
	3426749421
	3426749422
	3426749423
	3426749424
	3426749425
	3426749426
	3426749427
	3426749428
	3426749429
	3426749430
	3426749431
	3426749432
	3426749433
	3426749434
	3426749435
	3426749436
	3426749437
	3426749438
	3426749439
	3426749440
	3426749441
	3426749442
	3426749443
	3426749444
	3426749445
	3426749446
	3426749447
	3426749448
	3426749449
	3426749450
	3426749451
	3426749452
	3426749453
	3426749454
	3426749455
	3426749456
	3426749457
	3426749458
	3426749459
	3426749460
	3426749461
	3426749462
	3426749463
	3426749464
	3426749465
	3426749466
	3426749467
	3426749468
	3426749469
	3426749470
	3426749471
	3426749472
	3426749473
	3426749474
	3426749475
	3426749476
	3426749477
	3426749478
	3426749479
	3426749480
	3426749481
	3426749482
	3426749483
	3426749484
	3426749485
	3426749486
	3426749487
	3426749488
	3426749489
	3426749490
	3426749491
	3426749492
	3426749493
	3426749494
	3426749495
	3426749496
	3426749497
	3426749498
	3426749499
	3426749500
	3426749501
	3426749502
	3426749503
	3426749504
	3426749505
	3426749506
	3426749507
	3426749508
	3426749509
	3426749510
	3426749511
	3426749512
	3426749513
	3426749514
	3426749515
	3426749516
	3426749517
	3426749518
	3426749519
	3426749520
	3426749521
	3426749522
	3426749523
	3426749524
	3426749525
	3426749526
	3426749527
	3426749528
	3426749529
	3426749530
	3426749531
	3426749532
	3426749533
	3426749534
	3426749535
	3426749536
	3426749537
	3426749538
	3426749539
	3426749540
	3426749541
	3426749542
	3426749543
	3426749544
	3426749545
	3426749546
	3426749547
	3426749548
	3426749549
	3426749550
	3426749551
	3426749552
	3426749553
	3426749554
	3426749555
	3426749556
	3426749557
	3426749558
	3426749559
	3426749560
	3426749561
	3426749562
	3426749563
	3426749564
	3426749565
	3426749566
	3426749567
	3426749568
	3426749569
	3426749570
	3426749571
	3426749572
	3426749573
	3426749574
	3426749575
	3426749576
	3426749577
	3426749578
	3426749579
	3426749580
	3426749581
	3426749582
	3426749583
	3426749584
	3426749585
	3426749586
	3426749587
	3426749588
	3426749589
	3426749590
	3426749591
	3426749592
	3426749593
	3426749594
	3426749595
	3426749596
	3426749597
	3426749598
	3426749599
	3426749600
	3426749601
	3426749602
	3426749603
	3426749604
	3426749605
	3426749606
	3426749607
	3426749608
	3426749609
	3426749610
	3426749611
	3426749612
	3426749613
	3426749614
	3426749615
	3426749616
	3426749617
	3426749618
	3426749619
	3426749620
	3426749621
	3426749622
	3426749623
	3426749624
	3426749625
	3426749626
	3426749627
	3426749628
	3426749629
	3426749630
	3426749631
	3426749632
	3426749633
	3426749634
	3426749635
	3426749636
	3426749637
	3426749638
	3426749639
	3426749640
	3426749641
	3426749642
	3426749643
	3426749644
	3426749645
	3426749646
	3426749647
	3426749648
	3426749649
	3426749650
	3426749651
	3426749652
	3426749653
	3426749654
	3426749655
	3426749656
	3426749657
	3426749658
	3426749659
	3426749660
	3426749661
	3426749662
	3426749663
	3426749664
	3426749665
	3426749666
	3426749667
	3426749668
	3426749669
	3426749670
	3426749671
	3426749672
	3426749673
	3426749674
	3426749675
	3426749676
	3426749677
	3426749678
	3426749679
	3426749680
	3426749681
	3426749682
	3426749683
	3426749684
	3426749685
	3426749686
	3426749687
	3426749688
	3426749689
	3426749690
	3426749691
	3426749692
	3426749693
	3426749694
	3426749695
	3426749696
	3426749697
	3426749698
	3426749699
	3426749700
	3426749701
	3426749702
	3426749703
	3426749704
	3426749705
	3426749706
	3426749707
	3426749708
	3426749709
	3426749710
	3426749711
	3426749712
	3426749713
	3426749714
	3426749715
	3426749716
	3426749717
	3426749718
	3426749719
	3426749720
	3426749721
	3426749722
	3426749723
	3426749724
	3426749725
	3426749726
	3426749727
	3426749728
	3426749729
	3426749730
	3426749731
	3426749732
	3426749733
	3426749734
	3426749735
	3426749736
	3426749737
	3426749738
	3426749739
	3426749740
	3426749741
	3426749742
	3426749743
	3426749744
	3426749745
	3426749746
	3426749747
	3426749748
	3426749749
	3426749750
	3426749751
	3426749752
	3426749753
	3426749754
	3426749755
	3426749756
	3426749757
	3426749758
	3426749759
	3426749760
	3426749761
	3426749762
	3426749763
	3426749764
	3426749765
	3426749766
	3426749767
	3426749768
	3426749769
	3426749770
	3426749771
	3426749772
	3426749773
	3426749774
	3426749775
	3426749776
	3426749777
	3426749778
	3426749779
	3426749780
	3426749781
	3426749782
	3426749783
	3426749784
	3426749785
	3426749786
	3426749787
	3426749788
	3426749789
	3426749790
	3426749791
	3426749792
	3426749793
	3426749794
	3426749795
	3426749796
	3426749797
	3426749798
	3426749799
	3426749800
	3426749801
	3426749802
	3426749803
	3426749804
	3426749805
	3426749806
	3426749807
	3426749808
	3426749809
	3426749810
	3426749811
	3426749812
	3426749813
	3426749814
	3426749815
	3426749816
	3426749817
	3426749818
	3426749819
	3426749820
	3426749821
	3426749822
	3426749823
	3426749824
	3426749825
	3426749826
	3426749827
	3426749828
	3426749829
	3426749830
	3426749831
	3426749832
	3426749833
	3426749834
	3426749835
	3426749836
	3426749837
	3426749838
	3426749839
	3426749840
	3426749841
	3426749842
	3426749843
	3426749844
	3426749845
	3426749846
	3426749847
	3426749848
	3426749849
	3426749850
	3426749851
	3426749852
	3426749853
	3426749854
	3426749855
	3426749856
	3426749857
	3426749858
	3426749859
	3426749860
	3426749861
	3426749862
	3426749863
	3426749864
	3426749865
	3426749866
	3426749867
	3426749868
	3426749869
	3426749870
	3426749871
	3426749872
	3426749873
	3426749874
	3426749875
	3426749876
	3426749877
	3426749878
	3426749879
	3426749880
	3426749881
	3426749882
	3426749883
	3426749884
	3426749885
	3426749886
	3426749887
	3426749888
	3426749889
	3426749890
	3426749891
	3426749892
	3426749893
	3426749894
	3426749895
	3426749896
	3426749897
	3426749898
	3426749899
	3426749900
	3426749901
	3426749902
	3426749903
	3426749904
	3426749905
	3426749906
	3426749907
	3426749908
	3426749909
	3426749910
	3426749911
	3426749912
	3426749913
	3426749914
	3426749915
	3426749916
	3426749917
	3426749918
	3426749919
	3426749920
	3426749921
	3426749922
	3426749923
	3426749924
	3426749925
	3426749926
	3426749927
	3426749928
	3426749929
	3426749930
	3426749931
	3426749932
	3426749933
	3426749934
	3426749935
	3426749936
	3426749937
	3426749938
	3426749939
	3426749940
	3426749941
	3426749942
	3426749943
	3426749944
	3426749945
	3426749946
	3426749947
	3426749948
	3426749949
	3426749950
	3426749951
	3426749952
	3426749953
	3426749954
	3426749955
	3426749956
	3426749957
	3426749958
	3426749959
	3426749960
	3426749961
	3426749962
	3426749963
	3426749964
	3426749965
	3426749966
	3426749967
	3426749968
	3426749969
	3426749970
	3426749971
	3426749972
	3426749973
	3426749974
	3426749975
	3426749976
	3426749977
	3426749978
	3426749979
	3426749980
	3426749981
	3426749982
	3426749983
	3426749984
	3426749985
	3426749986
	3426749987
	3426749988
	3426749989
	3426749990
	3426749991
	3426749992
	3426749993
	3426749994
	3426749995
	3426749996
	3426749997
	3426749998
	3426749999
	3426750000
	3426750001
	3426750002
	3426750003
	3426750004
	3426750005
	3426750006
	3426750007
	3426750008
	3426750009
	3426750010
	3426750011
	3426750012
	3426750013
	3426750014
	3426750015
	3426750016
	3426750017
	3426750018
	3426750019
	3426750020
	3426750021
	3426750022
	3426750023
	3426750024
	3426750025
	3426750026
	3426750027
	3426750028
	3426750029
	3426750030
	3426750031
	3426750032
	3426750033
	3426750034
	3426750035
	3426750036
	3426750037
	3426750038
	3426750039
	3426750040
	3426750041
	3426750042
	3426750043
	3426750044
	3426750045
	3426750046
	3426750047
	3426750048
	3426750049
	3426750050
	3426750051
	3426750052
	3426750053
	3426750054
	3426750055
	3426750056
	3426750057
	3426750058
	3426750059
	3426750060
	3426750061
	3426750062
	3426750063
	3426750064
	3426750065
	3426750066
	3426750067
	3426750068
	3426750069
	3426750070
	3426750071
	3426750072
	3426750073
	3426750074
	3426750075
	3426750076
	3426750077
	3426750078
	3426750079
	3426750080
	3426750081
	3426750082
	3426750083
	3426750084
	3426750085
	3426750086
	3426750087
	3426750088
	3426750089
	3426750090
	3426750091
	3426750092
	3426750093
	3426750094
	3426750095
	3426750096
	3426750097
	3426750098
	3426750099
	3426750100
	3426750101
	3426750102
	3426750103
	3426750104
	3426750105
	3426750106
	3426750107
	3426750108
	3426750109
	3426750110
	3426750111
	3426750112
	3426750113
	3426750114
	3426750115
	3426750116
	3426750117
	3426750118
	3426750119
	3426750120
	3426750121
	3426750122
	3426750123
	3426750124
	3426750125
	3426750126
	3426750127
	3426750128
	3426750129
	3426750130
	3426750131
	3426750132
	3426750133
	3426750134
	3426750135
	3426750136
	3426750137
	3426750138
	3426750139
	3426750140
	3426750141
	3426750142
	3426750143
	3426750144
	3426750145
	3426750146
	3426750147
	3426750148
	3426750149
	3426750150
	3426750151
	3426750152
	3426750153
	3426750154
	3426750155
	3426750156
	3426750157
	3426750158
	3426750159
	3426750160
	3426750161
	3426750162
	3426750163
	3426750164
	3426750165
	3426750166
	3426750167
	3426750168
	3426750169
	3426750170
	3426750171
	3426750172
	3426750173
	3426750174
	3426750175
	3426750176
	3426750177
	3426750178
	3426750179
	3426750180
	3426750181
	3426750182
	3426750183
	3426750184
	3426750185
	3426750186
	3426750187
	3426750188
	3426750189
	3426750190
	3426750191
	3426750192
	3426750193
	3426750194
	3426750195
	3426750196
	3426750197
	3426750198
	3426750199
	3426750200
	3426750201
	3426750202
	3426750203
	3426750204
	3426750205
	3426750206
	3426750207
	3426750208
	3426750209
	3426750210
	3426750211
	3426750212
	3426750213
	3426750214
	3426750215
	3426750216
	3426750217
	3426750218
	3426750219
	3426750220
	3426750221
	3426750222
	3426750223
	3426750224
	3426750225
	3426750226
	3426750227
	3426750228
	3426750229
	3426750230
	3426750231
	3426750232
	3426750233
	3426750234
	3426750235
	3426750236
	3426750237
	3426750238
	3426750239
	3426750240
	3426750241
	3426750242
	3426750243
	3426750244
	3426750245
	3426750246
	3426750247
	3426750248
	3426750249
	3426750250
	3426750251
	3426750252
	3426750253
	3426750254
	3426750255
	3426750256
	3426750257
	3426750258
	3426750259
	3426750260
	3426750261
	3426750262
	3426750263
	3426750264
	3426750265
	3426750266
	3426750267
	3426750268
	3426750269
	3426750270
	3426750271
	3426750272
	3426750273
	3426750274
	3426750275
	3426750276
	3426750277
	3426750278
	3426750279
	3426750280
	3426750281
	3426750282
	3426750283
	3426750284
	3426750285
	3426750286
	3426750287
	3426750288
	3426750289
	3426750290
	3426750291
	3426750292
	3426750293
	3426750294
	3426750295
	3426750296
	3426750297
	3426750298
	3426750299
	3426750300
	3426750301
	3426750302
	3426750303
	3426750304
	3426750305
	3426750306
	3426750307
	3426750308
	3426750309
	3426750310
	3426750311
	3426750312
	3426750313
	3426750314
	3426750315
	3426750316
	3426750317
	3426750318
	3426750319
	3426750320
	3426750321
	3426750322
	3426750323
	3426750324
	3426750325
	3426750326
	3426750327
	3426750328
	3426750329
	3426750330
	3426750331
	3426750332
	3426750333
	3426750334
	3426750335
	3426750336
	3426750337
	3426750338
	3426750339
	3426750340
	3426750341
	3426750342
	3426750343
	3426750344
	3426750345
	3426750346
	3426750347
	3426750348
	3426750349
	3426750350
	3426750351
	3426750352
	3426750353
	3426750354
	3426750355
	3426750356
	3426750357
	3426750358
	3426750359
	3426750360
	3426750361
	3426750362
	3426750363
	3426750364
	3426750365
	3426750366
	3426750367
	3426750368
	3426750369
	3426750370
	3426750371
	3426750372
	3426750373
	3426750374
	3426750375
	3426750376
	3426750377
	3426750378
	3426750379
	3426750380
	3426750381
	3426750382
	3426750383
	3426750384
	3426750385
	3426750386
	3426750387
	3426750388
	3426750389
	3426750390
	3426750391
	3426750392
	3426750393
	3426750394
	3426750395
	3426750396
	3426750397
	3426750398
	3426750399
	3426750400
	3426750401
	3426750402
	3426750403
	3426750404
	3426750405
	3426750406
	3426750407
	3426750408
	3426750409
	3426750410
	3426750411
	3426750412
	3426750413
	3426750414
	3426750415
	3426750416
	3426750417
	3426750418
	3426750419
	3426750420
	3426750421
	3426750422
	3426750423
	3426750424
	3426750425
	3426750426
	3426750427
	3426750428
	3426750429
	3426750430
	3426750431
	3426750432
	3426750433
	3426750434
	3426750435
	3426750436
	3426750437
	3426750438
	3426750439
	3426750440
	3426750441
	3426750442
	3426750443
	3426750444
	3426750445
	3426750446
	3426750447
	3426750448
	3426750449
	3426750450
	3426750451
	3426750452
	3426750453
	3426750454
	3426750455
	3426750456
	3426750457
	3426750458
	3426750459
	3426750460
	3426750461
	3426750462
	3426750463
	3426750464
	3426750465
	3426750466
	3426750467
	3426750468
	3426750469
	3426750470
	3426750471
	3426750472
	3426750473
	3426750474
	3426750475
	3426750476
	3426750477
	3426750478
	3426750479
	3426750480
	3426750481
	3426750482
	3426750483
	3426750484
	3426750485
	3426750486
	3426750487
	3426750488
	3426750489
	3426750490
	3426750491
	3426750492
	3426750493
	3426750494
	3426750495
	3426750496
	3426750497
	3426750498
	3426750499
	3426750500
	3426750501
	3426750502
	3426750503
	3426750504
	3426750505
	3426750506
	3426750507
	3426750508
	3426750509
	3426750510
	3426750511
	3426750512
	3426750513
	3426750514
	3426750515
	3426750516
	3426750517
	3426750518
	3426750519
	3426750520
	3426750521
	3426750522
	3426750523
	3426750524
	3426750525
	3426750526
	3426750527
	3426750528
	3426750529
	3426750530
	3426750531
	3426750532
	3426750533
	3426750534
	3426750535
	3426750536
	3426750537
	3426750538
	3426750539
	3426750540
	3426750541
	3426750542
	3426750543
	3426750544
	3426750545
	3426750546
	3426750547
	3426750548
	3426750549
	3426750550
	3426750551
	3426750552
	3426750553
	3426750554
	3426750555
	3426750556
	3426750557
	3426750558
	3426750559
	3426750560
	3426750561
	3426750562
	3426750563
	3426750564
	3426750565
	3426750566
	3426750567
	3426750568
	3426750569
	3426750570
	3426750571
	3426750572
	3426750573
	3426750574
	3426750575
	3426750576
	3426750577
	3426750578
	3426750579
	3426750580
	3426750581
	3426750582
	3426750583
	3426750584
	3426750585
	3426750586
	3426750587
	3426750588
	3426750589
	3426750590
	3426750591
	3426750592
	3426750593
	3426750594
	3426750595
	3426750596
	3426750597
	3426750598
	3426750599
	3426750600
	3426750601
	3426750602
	3426750603
	3426750604
	3426750605
	3426750606
	3426750607
	3426750608
	3426750609
	3426750610
	3426750611
	3426750612
	3426750613
	3426750614
	3426750615
	3426750616
	3426750617
	3426750618
	3426750619
	3426750620
	3426750621
	3426750622
	3426750623
	3426750624
	3426750625
	3426750626
	3426750627
	3426750628
	3426750629
	3426750630
	3426750631
	3426750632
	3426750633
	3426750634
	3426750635
	3426750636
	3426750637
	3426750638
	3426750639
	3426750640
	3426750641
	3426750642
	3426750643
	3426750644
	3426750645
	3426750646
	3426750647
	3426750648
	3426750649
	3426750650
	3426750651
	3426750652
	3426750653
	3426750654
	3426750655
	3426750656
	3426750657
	3426750658
	3426750659
	3426750660
	3426750661
	3426750662
	3426750663
	3426750664
	3426750665
	3426750666
	3426750667
	3426750668
	3426750669
	3426750670
	3426750671
	3426750672
	3426750673
	3426750674
	3426750675
	3426750676
	3426750677
	3426750678
	3426750679
	3426750680
	3426750681
	3426750682
	3426750683
	3426750684
	3426750685
	3426750686
	3426750687
	3426750688
	3426750689
	3426750690
	3426750691
	3426750692
	3426750693
	3426750694
	3426750695
	3426750696
	3426750697
	3426750698
	3426750699
	3426750700
	3426750701
	3426750702
	3426750703
	3426750704
	3426750705
	3426750706
	3426750707
	3426750708
	3426750709
	3426750710
	3426750711
	3426750712
	3426750713
	3426750714
	3426750715
	3426750716
	3426750717
	3426750718
	3426750719
	3426750720
	3426750721
	3426750722
	3426750723
	3426750724
	3426750725
	3426750726
	3426750727
	3426750728
	3426750729
	3426750730
	3426750731
	3426750732
	3426750733
	3426750734
	3426750735
	3426750736
	3426750737
	3426750738
	3426750739
	3426750740
	3426750741
	3426750742
	3426750743
	3426750744
	3426750745
	3426750746
	3426750747
	3426750748
	3426750749
	3426750750
	3426750751
	3426750752
	3426750753
	3426750754
	3426750755
	3426750756
	3426750757
	3426750758
	3426750759
	3426750760
	3426750761
	3426750762
	3426750763
	3426750764
	3426750765
	3426750766
	3426750767
	3426750768
	3426750769
	3426750770
	3426750771
	3426750772
	3426750773
	3426750774
	3426750775
	3426750776
	3426750777
	3426750778
	3426750779
	3426750780
	3426750781
	3426750782
	3426750783
	3426750784
	3426750785
	3426750786
	3426750787
	3426750788
	3426750789
	3426750790
	3426750791
	3426750792
	3426750793
	3426750794
	3426750795
	3426750796
	3426750797
	3426750798
	3426750799
	3426750800
	3426750801
	3426750802
	3426750803
	3426750804
	3426750805
	3426750806
	3426750807
	3426750808
	3426750809
	3426750810
	3426750811
	3426750812
	3426750813
	3426750814
	3426750815
	3426750816
	3426750817
	3426750818
	3426750819
	3426750820
	3426750821
	3426750822
	3426750823
	3426750824
	3426750825
	3426750826
	3426750827
	3426750828
	3426750829
	3426750830
	3426750831
	3426750832
	3426750833
	3426750834
	3426750835
	3426750836
	3426750837
