	3426750838
	3426750839
	3426750840
	3426750841
	3426750842
	3426750843
	3426750844
	3426750845
	3426750846
	3426750847
	3426750848
	3426750849
	3426750850
	3426750851
	3426750852
	3426750853
	3426750854
	3426750855
	3426750856
	3426750857
	3426750858
	3426750859
	3426750860
	3426750861
	3426750862
	3426750863
	3426750864
	3426750865
	3426750866
	3426750867
	3426750868
	3426750869
	3426750870
	3426750871
	3426750872
	3426750873
	3426750874
	3426750875
	3426750876
	3426750877
	3426750878
	3426750879
	3426750880
	3426750881
	3426750882
	3426750883
	3426750884
	3426750885
	3426750886
	3426750887
	3426750888
	3426750889
	3426750890
	3426750891
	3426750892
	3426750893
	3426750894
	3426750895
	3426750896
	3426750897
	3426750898
	3426750899
	3426750900
	3426750901
	3426750902
	3426750903
	3426750904
	3426750905
	3426750906
	3426750907
	3426750908
	3426750909
	3426750910
	3426750911
	3426750912
	3426750913
	3426750914
	3426750915
	3426750916
	3426750917
	3426750918
	3426750919
	3426750920
	3426750921
	3426750922
	3426750923
	3426750924
	3426750925
	3426750926
	3426750927
	3426750928
	3426750929
	3426750930
	3426750931
	3426750932
	3426750933
	3426750934
	3426750935
	3426750936
	3426750937
	3426750938
	3426750939
	3426750940
	3426750941
	3426750942
	3426750943
	3426750944
	3426750945
	3426750946
	3426750947
	3426750948
	3426750949
	3426750950
	3426750951
	3426750952
	3426750953
	3426750954
	3426750955
	3426750956
	3426750957
	3426750958
	3426750959
	3426750960
	3426750961
	3426750962
	3426750963
	3426750964
	3426750965
	3426750966
	3426750967
	3426750968
	3426750969
	3426750970
	3426750971
	3426750972
	3426750973
	3426750974
	3426750975
	3426750976
	3426750977
	3426750978
	3426750979
	3426750980
	3426750981
	3426750982
	3426750983
	3426750984
	3426750985
	3426750986
	3426750987
	3426750988
	3426750989
	3426750990
	3426750991
	3426750992
	3426750993
	3426750994
	3426750995
	3426750996
	3426750997
	3426750998
	3426750999
	3426751000
	3426751001
	3426751002
	3426751003
	3426751004
	3426751005
	3426751006
	3426751007
	3426751008
	3426751009
	3426751010
	3426751011
	3426751012
	3426751013
	3426751014
	3426751015
	3426751016
	3426751017
	3426751018
	3426751019
	3426751020
	3426751021
	3426751022
	3426751023
	3426751024
	3426751025
	3426751026
	3426751027
	3426751028
	3426751029
	3426751030
	3426751031
	3426751032
	3426751033
	3426751034
	3426751035
	3426751036
	3426751037
	3426751038
	3426751039
	3426751040
	3426751041
	3426751042
	3426751043
	3426751044
	3426751045
	3426751046
	3426751047
	3426751048
	3426751049
	3426751050
	3426751051
	3426751052
	3426751053
	3426751054
	3426751055
	3426751056
	3426751057
	3426751058
	3426751059
	3426751060
	3426751061
	3426751062
	3426751063
	3426751064
	3426751065
	3426751066
	3426751067
	3426751068
	3426751069
	3426751070
	3426751071
	3426751072
	3426751073
	3426751074
	3426751075
	3426751076
	3426751077
	3426751078
	3426751079
	3426751080
	3426751081
	3426751082
	3426751083
	3426751084
	3426751085
	3426751086
	3426751087
	3426751088
	3426751089
	3426751090
	3426751091
	3426751092
	3426751093
	3426751094
	3426751095
	3426751096
	3426751097
	3426751098
	3426751099
	3426751100
	3426751101
	3426751102
	3426751103
	3426751104
	3426751105
	3426751106
	3426751107
	3426751108
	3426751109
	3426751110
	3426751111
	3426751112
	3426751113
	3426751114
	3426751115
	3426751116
	3426751117
	3426751118
	3426751119
	3426751120
	3426751121
	3426751122
	3426751123
	3426751124
	3426751125
	3426751126
	3426751127
	3426751128
	3426751129
	3426751130
	3426751131
	3426751132
	3426751133
	3426751134
	3426751135
	3426751136
	3426751137
	3426751138
	3426751139
	3426751140
	3426751141
	3426751142
	3426751143
	3426751144
	3426751145
	3426751146
	3426751147
	3426751148
	3426751149
	3426751150
	3426751151
	3426751152
	3426751153
	3426751154
	3426751155
	3426751156
	3426751157
	3426751158
	3426751159
	3426751160
	3426751161
	3426751162
	3426751163
	3426751164
	3426751165
	3426751166
	3426751167
	3426751168
	3426751169
	3426751170
	3426751171
	3426751172
	3426751173
	3426751174
	3426751175
	3426751176
	3426751177
	3426751178
	3426751179
	3426751180
	3426751181
	3426751182
	3426751183
	3426751184
	3426751185
	3426751186
	3426751187
	3426751188
	3426751189
	3426751190
	3426751191
	3426751192
	3426751193
	3426751194
	3426751195
	3426751196
	3426751197
	3426751198
	3426751199
	3426751200
	3426751201
	3426751202
	3426751203
	3426751204
	3426751205
	3426751206
	3426751207
	3426751208
	3426751209
	3426751210
	3426751211
	3426751212
	3426751213
	3426751214
	3426751215
	3426751216
	3426751217
	3426751218
	3426751219
	3426751220
	3426751221
	3426751222
	3426751223
	3426751224
	3426751225
	3426751226
	3426751227
	3426751228
	3426751229
	3426751230
	3426751231
	3426751232
	3426751233
	3426751234
	3426751235
	3426751236
	3426751237
	3426751238
	3426751239
	3426751240
	3426751241
	3426751242
	3426751243
	3426751244
	3426751245
	3426751246
	3426751247
	3426751248
	3426751249
	3426751250
	3426751251
	3426751252
	3426751253
	3426751254
	3426751255
	3426751256
	3426751257
	3426751258
	3426751259
	3426751260
	3426751261
	3426751262
	3426751263
	3426751264
	3426751265
	3426751266
	3426751267
	3426751268
	3426751269
	3426751270
	3426751271
	3426751272
	3426751273
	3426751274
	3426751275
	3426751276
	3426751277
	3426751278
	3426751279
	3426751280
	3426751281
	3426751282
	3426751283
	3426751284
	3426751285
	3426751286
	3426751287
	3426751288
	3426751289
	3426751290
	3426751291
	3426751292
	3426751293
	3426751294
	3426751295
	3426751296
	3426751297
	3426751298
	3426751299
	3426751300
	3426751301
	3426751302
	3426751303
	3426751304
	3426751305
	3426751306
	3426751307
	3426751308
	3426751309
	3426751310
	3426751311
	3426751312
	3426751313
	3426751314
	3426751315
	3426751316
	3426751317
	3426751318
	3426751319
	3426751320
	3426751321
	3426751322
	3426751323
	3426751324
	3426751325
	3426751326
	3426751327
	3426751328
	3426751329
	3426751330
	3426751331
	3426751332
	3426751333
	3426751334
	3426751335
	3426751336
	3426751337
	3426751338
	3426751339
	3426751340
	3426751341
	3426751342
	3426751343
	3426751344
	3426751345
	3426751346
	3426751347
	3426751348
	3426751349
	3426751350
	3426751351
	3426751352
	3426751353
	3426751354
	3426751355
	3426751356
	3426751357
	3426751358
	3426751359
	3426751360
	3426751361
	3426751362
	3426751363
	3426751364
	3426751365
	3426751366
	3426751367
	3426751368
	3426751369
	3426751370
	3426751371
	3426751372
	3426751373
	3426751374
	3426751375
	3426751376
	3426751377
	3426751378
	3426751379
	3426751380
	3426751381
	3426751382
	3426751383
	3426751384
	3426751385
	3426751386
	3426751387
	3426751388
	3426751389
	3426751390
	3426751391
	3426751392
	3426751393
	3426751394
	3426751395
	3426751396
	3426751397
	3426751398
	3426751399
	3426751400
	3426751401
	3426751402
	3426751403
	3426751404
	3426751405
	3426751406
	3426751407
	3426751408
	3426751409
	3426751410
	3426751411
	3426751412
	3426751413
	3426751414
	3426751415
	3426751416
	3426751417
	3426751418
	3426751419
	3426751420
	3426751421
	3426751422
	3426751423
	3426751424
	3426751425
	3426751426
	3426751427
	3426751428
	3426751429
	3426751430
	3426751431
	3426751432
	3426751433
	3426751434
	3426751435
	3426751436
	3426751437
	3426751438
	3426751439
	3426751440
	3426751441
	3426751442
	3426751443
	3426751444
	3426751445
	3426751446
	3426751447
	3426751448
	3426751449
	3426751450
	3426751451
	3426751452
	3426751453
	3426751454
	3426751455
	3426751456
	3426751457
	3426751458
	3426751459
	3426751460
	3426751461
	3426751462
	3426751463
	3426751464
	3426751465
	3426751466
	3426751467
	3426751468
	3426751469
	3426751470
	3426751471
	3426751472
	3426751473
	3426751474
	3426751475
	3426751476
	3426751477
	3426751478
	3426751479
	3426751480
	3426751481
	3426751482
	3426751483
	3426751484
	3426751485
	3426751486
	3426751487
	3426751488
	3426751489
	3426751490
	3426751491
	3426751492
	3426751493
	3426751494
	3426751495
	3426751496
	3426751497
	3426751498
	3426751499
	3426751500
	3426751501
	3426751502
	3426751503
	3426751504
	3426751505
	3426751506
	3426751507
	3426751508
	3426751509
	3426751510
	3426751511
	3426751512
	3426751513
	3426751514
	3426751515
	3426751516
	3426751517
	3426751518
	3426751519
	3426751520
	3426751521
	3426751522
	3426751523
	3426751524
	3426751525
	3426751526
	3426751527
	3426751528
	3426751529
	3426751530
	3426751531
	3426751532
	3426751533
	3426751534
	3426751535
	3426751536
	3426751537
	3426751538
	3426751539
	3426751540
	3426751541
	3426751542
	3426751543
	3426751544
	3426751545
	3426751546
	3426751547
	3426751548
	3426751549
	3426751550
	3426751551
	3426751552
	3426751553
	3426751554
	3426751555
	3426751556
	3426751557
	3426751558
	3426751559
	3426751560
	3426751561
	3426751562
	3426751563
	3426751564
	3426751565
	3426751566
	3426751567
	3426751568
	3426751569
	3426751570
	3426751571
	3426751572
	3426751573
	3426751574
	3426751575
	3426751576
	3426751577
	3426751578
	3426751579
	3426751580
	3426751581
	3426751582
	3426751583
	3426751584
	3426751585
	3426751586
	3426751587
	3426751588
	3426751589
	3426751590
	3426751591
	3426751592
	3426751593
	3426751594
	3426751595
	3426751596
	3426751597
	3426751598
	3426751599
	3426751600
	3426751601
	3426751602
	3426751603
	3426751604
	3426751605
	3426751606
	3426751607
	3426751608
	3426751609
	3426751610
	3426751611
	3426751612
	3426751613
	3426751614
	3426751615
	3426751616
	3426751617
	3426751618
	3426751619
	3426751620
	3426751621
	3426751622
	3426751623
	3426751624
	3426751625
	3426751626
	3426751627
	3426751628
	3426751629
	3426751630
	3426751631
	3426751632
	3426751633
	3426751634
	3426751635
	3426751636
	3426751637
	3426751638
	3426751639
	3426751640
	3426751641
	3426751642
	3426751643
	3426751644
	3426751645
	3426751646
	3426751647
	3426751648
	3426751649
	3426751650
	3426751651
	3426751652
	3426751653
	3426751654
	3426751655
	3426751656
	3426751657
	3426751658
	3426751659
	3426751660
	3426751661
	3426751662
	3426751663
	3426751664
	3426751665
	3426751666
	3426751667
	3426751668
	3426751669
	3426751670
	3426751671
	3426751672
	3426751673
	3426751674
	3426751675
	3426751676
	3426751677
	3426751678
	3426751679
	3426751680
	3426751681
	3426751682
	3426751683
	3426751684
	3426751685
	3426751686
	3426751687
	3426751688
	3426751689
	3426751690
	3426751691
	3426751692
	3426751693
	3426751694
	3426751695
	3426751696
	3426751697
	3426751698
	3426751699
	3426751700
	3426751701
	3426751702
	3426751703
	3426751704
	3426751705
	3426751706
	3426751707
	3426751708
	3426751709
	3426751710
	3426751711
	3426751712
	3426751713
	3426751714
	3426751715
	3426751716
	3426751717
	3426751718
	3426751719
	3426751720
	3426751721
	3426751722
	3426751723
	3426751724
	3426751725
	3426751726
	3426751727
	3426751728
	3426751729
	3426751730
	3426751731
	3426751732
	3426751733
	3426751734
	3426751735
	3426751736
	3426751737
	3426751738
	3426751739
	3426751740
	3426751741
	3426751742
	3426751743
	3426751744
	3426751745
	3426751746
	3426751747
	3426751748
	3426751749
	3426751750
	3426751751
	3426751752
	3426751753
	3426751754
	3426751755
	3426751756
	3426751757
	3426751758
	3426751759
	3426751760
	3426751761
	3426751762
	3426751763
	3426751764
	3426751765
	3426751766
	3426751767
	3426751768
	3426751769
	3426751770
	3426751771
	3426751772
	3426751773
	3426751774
	3426751775
	3426751776
	3426751777
	3426751778
	3426751779
	3426751780
	3426751781
	3426751782
	3426751783
	3426751784
	3426751785
	3426751786
	3426751787
	3426751788
	3426751789
	3426751790
	3426751791
	3426751792
	3426751793
	3426751794
	3426751795
	3426751796
	3426751797
	3426751798
	3426751799
	3426751800
	3426751801
	3426751802
	3426751803
	3426751804
	3426751805
	3426751806
	3426751807
	3426751808
	3426751809
	3426751810
	3426751811
	3426751812
	3426751813
	3426751814
	3426751815
	3426751816
	3426751817
	3426751818
	3426751819
	3426751820
	3426751821
	3426751822
	3426751823
	3426751824
	3426751825
	3426751826
	3426751827
	3426751828
	3426751829
	3426751830
	3426751831
	3426751832
	3426751833
	3426751834
	3426751835
	3426751836
	3426751837
	3426751838
	3426751839
	3426751840
	3426751841
	3426751842
	3426751843
	3426751844
	3426751845
	3426751846
	3426751847
	3426751848
	3426751849
	3426751850
	3426751851
	3426751852
	3426751853
	3426751854
	3426751855
	3426751856
	3426751857
	3426751858
	3426751859
	3426751860
	3426751861
	3426751862
	3426751863
	3426751864
	3426751865
	3426751866
	3426751867
	3426751868
	3426751869
	3426751870
	3426751871
	3426751872
	3426751873
	3426751874
	3426751875
	3426751876
	3426751877
	3426751878
	3426751879
	3426751880
	3426751881
	3426751882
	3426751883
	3426751884
	3426751885
	3426751886
	3426751887
	3426751888
	3426751889
	3426751890
	3426751891
	3426751892
	3426751893
	3426751894
	3426751895
	3426751896
	3426751897
	3426751898
	3426751899
	3426751900
	3426751901
	3426751902
	3426751903
	3426751904
	3426751905
	3426751906
	3426751907
	3426751908
	3426751909
	3426751910
	3426751911
	3426751912
	3426751913
	3426751914
	3426751915
	3426751916
	3426751917
	3426751918
	3426751919
	3426751920
	3426751921
	3426751922
	3426751923
	3426751924
	3426751925
	3426751926
	3426751927
	3426751928
	3426751929
	3426751930
	3426751931
	3426751932
	3426751933
	3426751934
	3426751935
	3426751936
	3426751937
	3426751938
	3426751939
	3426751940
	3426751941
	3426751942
	3426751943
	3426751944
	3426751945
	3426751946
	3426751947
	3426751948
	3426751949
	3426751950
	3426751951
	3426751952
	3426751953
	3426751954
	3426751955
	3426751956
	3426751957
	3426751958
	3426751959
	3426751960
	3426751961
	3426751962
	3426751963
	3426751964
	3426751965
	3426751966
	3426751967
	3426751968
	3426751969
	3426751970
	3426751971
	3426751972
	3426751973
	3426751974
	3426751975
	3426751976
	3426751977
	3426751978
	3426751979
	3426751980
	3426751981
	3426751982
	3426751983
	3426751984
	3426751985
	3426751986
	3426751987
	3426751988
	3426751989
	3426751990
	3426751991
	3426751992
	3426751993
	3426751994
	3426751995
	3426751996
	3426751997
	3426751998
	3426751999
	3426752000
	3426752001
	3426752002
	3426752003
	3426752004
	3426752005
	3426752006
	3426752007
	3426752008
	3426752009
	3426752010
	3426752011
	3426752012
	3426752013
	3426752014
	3426752015
	3426752016
	3426752017
	3426752018
	3426752019
	3426752020
	3426752021
	3426752022
	3426752023
	3426752024
	3426752025
	3426752026
	3426752027
	3426752028
	3426752029
	3426752030
	3426752031
	3426752032
	3426752033
	3426752034
	3426752035
	3426752036
	3426752037
	3426752038
	3426752039
	3426752040
	3426752041
	3426752042
	3426752043
	3426752044
	3426752045
	3426752046
	3426752047
	3426752048
	3426752049
	3426752050
	3426752051
	3426752052
	3426752053
	3426752054
	3426752055
	3426752056
	3426752057
	3426752058
	3426752059
	3426752060
	3426752061
	3426752062
	3426752063
	3426752064
	3426752065
	3426752066
	3426752067
	3426752068
	3426752069
	3426752070
	3426752071
	3426752072
	3426752073
	3426752074
	3426752075
	3426752076
	3426752077
	3426752078
	3426752079
	3426752080
	3426752081
	3426752082
	3426752083
	3426752084
	3426752085
	3426752086
	3426752087
	3426752088
	3426752089
	3426752090
	3426752091
	3426752092
	3426752093
	3426752094
	3426752095
	3426752096
	3426752097
	3426752098
	3426752099
	3426752100
	3426752101
	3426752102
	3426752103
	3426752104
	3426752105
	3426752106
	3426752107
	3426752108
	3426752109
	3426752110
	3426752111
	3426752112
	3426752113
	3426752114
	3426752115
	3426752116
	3426752117
	3426752118
	3426752119
	3426752120
	3426752121
	3426752122
	3426752123
	3426752124
	3426752125
	3426752126
	3426752127
	3426752128
	3426752129
	3426752130
	3426752131
	3426752132
	3426752133
	3426752134
	3426752135
	3426752136
	3426752137
	3426752138
	3426752139
	3426752140
	3426752141
	3426752142
	3426752143
	3426752144
	3426752145
	3426752146
	3426752147
	3426752148
	3426752149
	3426752150
	3426752151
	3426752152
	3426752153
	3426752154
	3426752155
	3426752156
	3426752157
	3426752158
	3426752159
	3426752160
	3426752161
	3426752162
	3426752163
	3426752164
	3426752165
	3426752166
	3426752167
	3426752168
	3426752169
	3426752170
	3426752171
	3426752172
	3426752173
	3426752174
	3426752175
	3426752176
	3426752177
	3426752178
	3426752179
	3426752180
	3426752181
	3426752182
	3426752183
	3426752184
	3426752185
	3426752186
	3426752187
	3426752188
	3426752189
	3426752190
	3426752191
	3426752192
	3426752193
	3426752194
	3426752195
	3426752196
	3426752197
	3426752198
	3426752199
	3426752200
	3426752201
	3426752202
	3426752203
	3426752204
	3426752205
	3426752206
	3426752207
	3426752208
	3426752209
	3426752210
	3426752211
	3426752212
	3426752213
	3426752214
	3426752215
	3426752216
	3426752217
	3426752218
	3426752219
	3426752220
	3426752221
	3426752222
	3426752223
	3426752224
	3426752225
	3426752226
	3426752227
	3426752228
	3426752229
	3426752230
	3426752231
	3426752232
	3426752233
	3426752234
	3426752235
	3426752236
	3426752237
	3426752238
	3426752239
	3426752240
	3426752241
	3426752242
	3426752243
	3426752244
	3426752245
	3426752246
	3426752247
	3426752248
	3426752249
	3426752250
	3426752251
	3426752252
	3426752253
	3426752254
	3426752255
	3426752256
	3426752257
	3426752258
	3426752259
	3426752260
	3426752261
	3426752262
	3426752263
	3426752264
	3426752265
	3426752266
	3426752267
	3426752268
	3426752269
	3426752270
	3426752271
	3426752272
	3426752273
	3426752274
	3426752275
	3426752276
	3426752277
	3426752278
	3426752279
	3426752280
	3426752281
	3426752282
	3426752283
	3426752284
	3426752285
	3426752286
	3426752287
	3426752288
	3426752289
	3426752290
	3426752291
	3426752292
	3426752293
	3426752294
	3426752295
	3426752296
	3426752297
	3426752298
	3426752299
	3426752300
	3426752301
	3426752302
	3426752303
	3426752304
	3426752305
	3426752306
	3426752307
	3426752308
	3426752309
	3426752310
	3426752311
	3426752312
	3426752313
	3426752314
	3426752315
	3426752316
	3426752317
	3426752318
	3426752319
	3426752320
	3426752321
	3426752322
	3426752323
	3426752324
	3426752325
	3426752326
	3426752327
	3426752328
	3426752329
	3426752330
	3426752331
	3426752332
	3426752333
	3426752334
	3426752335
	3426752336
	3426752337
	3426752338
	3426752339
	3426752340
	3426752341
	3426752342
	3426752343
	3426752344
	3426752345
	3426752346
	3426752347
	3426752348
	3426752349
	3426752350
	3426752351
	3426752352
	3426752353
	3426752354
	3426752355
	3426752356
	3426752357
	3426752358
	3426752359
	3426752360
	3426752361
	3426752362
	3426752363
	3426752364
	3426752365
	3426752366
	3426752367
	3426752368
	3426752369
	3426752370
	3426752371
	3426752372
	3426752373
	3426752374
	3426752375
	3426752376
	3426752377
	3426752378
	3426752379
	3426752380
	3426752381
	3426752382
	3426752383
	3426752384
	3426752385
	3426752386
	3426752387
	3426752388
	3426752389
	3426752390
	3426752391
	3426752392
	3426752393
	3426752394
	3426752395
	3426752396
	3426752397
	3426752398
	3426752399
	3426752400
	3426752401
	3426752402
	3426752403
	3426752404
	3426752405
	3426752406
	3426752407
	3426752408
	3426752409
	3426752410
	3426752411
	3426752412
	3426752413
	3426752414
	3426752415
	3426752416
	3426752417
	3426752418
	3426752419
	3426752420
	3426752421
	3426752422
	3426752423
	3426752424
	3426752425
	3426752426
	3426752427
	3426752428
	3426752429
	3426752430
	3426752431
	3426752432
	3426752433
	3426752434
	3426752435
	3426752436
	3426752437
	3426752438
	3426752439
	3426752440
	3426752441
	3426752442
	3426752443
	3426752444
	3426752445
	3426752446
	3426752447
	3426752448
	3426752449
	3426752450
	3426752451
	3426752452
	3426752453
	3426752454
	3426752455
	3426752456
	3426752457
	3426752458
	3426752459
	3426752460
	3426752461
	3426752462
	3426752463
	3426752464
	3426752465
	3426752466
	3426752467
	3426752468
	3426752469
	3426752470
	3426752471
	3426752472
	3426752473
	3426752474
	3426752475
	3426752476
	3426752477
	3426752478
	3426752479
	3426752480
	3426752481
	3426752482
	3426752483
	3426752484
	3426752485
	3426752486
	3426752487
	3426752488
	3426752489
	3426752490
	3426752491
	3426752492
	3426752493
	3426752494
	3426752495
	3426752496
	3426752497
	3426752498
	3426752499
	3426752500
	3426752501
	3426752502
	3426752503
	3426752504
	3426752505
	3426752506
	3426752507
	3426752508
	3426752509
	3426752510
	3426752511
	3426752512
	3426752513
	3426752514
	3426752515
	3426752516
	3426752517
	3426752518
	3426752519
	3426752520
	3426752521
	3426752522
	3426752523
	3426752524
	3426752525
	3426752526
	3426752527
	3426752528
	3426752529
	3426752530
	3426752531
	3426752532
	3426752533
	3426752534
	3426752535
	3426752536
	3426752537
	3426752538
	3426752539
	3426752540
	3426752541
	3426752542
	3426752543
	3426752544
	3426752545
	3426752546
	3426752547
	3426752548
	3426752549
	3426752550
	3426752551
	3426752552
	3426752553
	3426752554
	3426752555
	3426752556
	3426752557
	3426752558
	3426752559
	3426752560
	3426752561
	3426752562
	3426752563
	3426752564
	3426752565
	3426752566
	3426752567
	3426752568
	3426752569
	3426752570
	3426752571
	3426752572
	3426752573
	3426752574
	3426752575
	3426752576
	3426752577
	3426752578
	3426752579
	3426752580
	3426752581
	3426752582
	3426752583
	3426752584
	3426752585
	3426752586
	3426752587
	3426752588
	3426752589
	3426752590
	3426752591
	3426752592
	3426752593
	3426752594
	3426752595
	3426752596
	3426752597
	3426752598
	3426752599
	3426752600
	3426752601
	3426752602
	3426752603
	3426752604
	3426752605
	3426752606
	3426752607
	3426752608
	3426752609
	3426752610
	3426752611
	3426752612
	3426752613
	3426752614
	3426752615
	3426752616
	3426752617
	3426752618
	3426752619
	3426752620
	3426752621
	3426752622
	3426752623
	3426752624
	3426752625
	3426752626
	3426752627
	3426752628
	3426752629
	3426752630
	3426752631
	3426752632
	3426752633
	3426752634
	3426752635
	3426752636
	3426752637
	3426752638
	3426752639
	3426752640
	3426752641
	3426752642
	3426752643
	3426752644
	3426752645
	3426752646
	3426752647
	3426752648
	3426752649
	3426752650
	3426752651
	3426752652
	3426752653
	3426752654
	3426752655
	3426752656
	3426752657
	3426752658
	3426752659
	3426752660
	3426752661
	3426752662
	3426752663
	3426752664
	3426752665
	3426752666
	3426752667
	3426752668
	3426752669
	3426752670
	3426752671
	3426752672
	3426752673
	3426752674
	3426752675
	3426752676
	3426752677
	3426752678
	3426752679
	3426752680
	3426752681
	3426752682
	3426752683
	3426752684
	3426752685
	3426752686
	3426752687
	3426752688
	3426752689
	3426752690
	3426752691
	3426752692
	3426752693
	3426752694
	3426752695
	3426752696
	3426752697
	3426752698
	3426752699
	3426752700
	3426752701
	3426752702
	3426752703
	3426752704
	3426752705
	3426752706
	3426752707
	3426752708
	3426752709
	3426752710
	3426752711
	3426752712
	3426752713
	3426752714
	3426752715
	3426752716
	3426752717
	3426752718
	3426752719
	3426752720
	3426752721
	3426752722
	3426752723
	3426752724
	3426752725
	3426752726
	3426752727
	3426752728
	3426752729
	3426752730
	3426752731
	3426752732
	3426752733
	3426752734
	3426752735
	3426752736
	3426752737
	3426752738
	3426752739
	3426752740
	3426752741
	3426752742
	3426752743
	3426752744
	3426752745
	3426752746
	3426752747
	3426752748
	3426752749
	3426752750
	3426752751
	3426752752
	3426752753
	3426752754
	3426752755
	3426752756
	3426752757
	3426752758
	3426752759
	3426752760
	3426752761
	3426752762
	3426752763
	3426752764
	3426752765
	3426752766
	3426752767
	3426752768
	3426752769
	3426752770
	3426752771
	3426752772
	3426752773
	3426752774
	3426752775
	3426752776
	3426752777
	3426752778
	3426752779
	3426752780
	3426752781
	3426752782
	3426752783
	3426752784
	3426752785
	3426752786
	3426752787
	3426752788
	3426752789
	3426752790
	3426752791
	3426752792
	3426752793
	3426752794
	3426752795
	3426752796
	3426752797
	3426752798
	3426752799
	3426752800
	3426752801
	3426752802
	3426752803
	3426752804
	3426752805
	3426752806
	3426752807
	3426752808
	3426752809
	3426752810
	3426752811
	3426752812
	3426752813
	3426752814
	3426752815
	3426752816
	3426752817
	3426752818
	3426752819
	3426752820
	3426752821
	3426752822
	3426752823
	3426752824
	3426752825
	3426752826
	3426752827
	3426752828
	3426752829
	3426752830
	3426752831
	3426752832
	3426752833
	3426752834
	3426752835
	3426752836
	3426752837
	3426752838
	3426752839
	3426752840
	3426752841
	3426752842
	3426752843
	3426752844
	3426752845
	3426752846
	3426752847
	3426752848
	3426752849
	3426752850
	3426752851
	3426752852
	3426752853
	3426752854
	3426752855
	3426752856
	3426752857
	3426752858
	3426752859
	3426752860
	3426752861
	3426752862
	3426752863
	3426752864
	3426752865
	3426752866
	3426752867
	3426752868
	3426752869
	3426752870
	3426752871
	3426752872
	3426752873
	3426752874
	3426752875
	3426752876
	3426752877
	3426752878
	3426752879
	3426752880
	3426752881
	3426752882
	3426752883
	3426752884
	3426752885
	3426752886
	3426752887
	3426752888
	3426752889
	3426752890
	3426752891
	3426752892
	3426752893
	3426752894
	3426752895
	3426752896
	3426752897
	3426752898
	3426752899
	3426752900
	3426752901
	3426752902
	3426752903
	3426752904
	3426752905
	3426752906
	3426752907
	3426752908
	3426752909
	3426752910
	3426752911
	3426752912
	3426752913
	3426752914
	3426752915
	3426752916
	3426752917
	3426752918
	3426752919
	3426752920
	3426752921
	3426752922
	3426752923
	3426752924
	3426752925
	3426752926
	3426752927
	3426752928
	3426752929
	3426752930
	3426752931
	3426752932
	3426752933
	3426752934
	3426752935
	3426752936
	3426752937
	3426752938
	3426752939
	3426752940
	3426752941
	3426752942
	3426752943
	3426752944
	3426752945
	3426752946
	3426752947
	3426752948
	3426752949
	3426752950
	3426752951
	3426752952
	3426752953
	3426752954
	3426752955
	3426752956
	3426752957
	3426752958
	3426752959
	3426752960
	3426752961
	3426752962
	3426752963
	3426752964
	3426752965
	3426752966
	3426752967
	3426752968
	3426752969
	3426752970
	3426752971
	3426752972
	3426752973
	3426752974
	3426752975
	3426752976
	3426752977
	3426752978
	3426752979
	3426752980
	3426752981
	3426752982
	3426752983
	3426752984
	3426752985
	3426752986
	3426752987
	3426752988
	3426752989
	3426752990
	3426752991
	3426752992
	3426752993
	3426752994
	3426752995
	3426752996
	3426752997
	3426752998
	3426752999
	3426753000
	3426753001
	3426753002
	3426753003
	3426753004
	3426753005
	3426753006
	3426753007
	3426753008
	3426753009
	3426753010
	3426753011
	3426753012
	3426753013
	3426753014
	3426753015
	3426753016
	3426753017
	3426753018
	3426753019
	3426753020
	3426753021
	3426753022
	3426753023
	3426753024
	3426753025
	3426753026
	3426753027
	3426753028
	3426753029
	3426753030
	3426753031
	3426753032
	3426753033
	3426753034
	3426753035
	3426753036
	3426753037
	3426753038
	3426753039
	3426753040
	3426753041
	3426753042
	3426753043
	3426753044
	3426753045
	3426753046
	3426753047
	3426753048
	3426753049
	3426753050
	3426753051
	3426753052
	3426753053
	3426753054
	3426753055
	3426753056
	3426753057
	3426753058
	3426753059
	3426753060
	3426753061
	3426753062
	3426753063
	3426753064
	3426753065
	3426753066
	3426753067
	3426753068
	3426753069
	3426753070
	3426753071
	3426753072
	3426753073
	3426753074
	3426753075
	3426753076
	3426753077
	3426753078
	3426753079
	3426753080
	3426753081
	3426753082
	3426753083
	3426753084
	3426753085
	3426753086
	3426753087
	3426753088
	3426753089
	3426753090
	3426753091
	3426753092
	3426753093
	3426753094
	3426753095
	3426753096
	3426753097
	3426753098
	3426753099
	3426753100
	3426753101
	3426753102
	3426753103
	3426753104
	3426753105
	3426753106
	3426753107
	3426753108
	3426753109
	3426753110
	3426753111
	3426753112
	3426753113
	3426753114
	3426753115
	3426753116
	3426753117
	3426753118
	3426753119
	3426753120
	3426753121
	3426753122
	3426753123
	3426753124
	3426753125
	3426753126
	3426753127
	3426753128
	3426753129
	3426753130
	3426753131
	3426753132
	3426753133
	3426753134
	3426753135
	3426753136
	3426753137
	3426753138
	3426753139
	3426753140
	3426753141
	3426753142
	3426753143
	3426753144
	3426753145
	3426753146
	3426753147
	3426753148
	3426753149
	3426753150
	3426753151
	3426753152
	3426753153
	3426753154
	3426753155
	3426753156
	3426753157
	3426753158
	3426753159
	3426753160
	3426753161
	3426753162
	3426753163
	3426753164
	3426753165
	3426753166
	3426753167
	3426753168
	3426753169
	3426753170
	3426753171
	3426753172
	3426753173
	3426753174
	3426753175
	3426753176
	3426753177
	3426753178
	3426753179
	3426753180
	3426753181
	3426753182
	3426753183
	3426753184
	3426753185
	3426753186
	3426753187
	3426753188
	3426753189
	3426753190
	3426753191
	3426753192
	3426753193
	3426753194
	3426753195
	3426753196
	3426753197
	3426753198
	3426753199
	3426753200
	3426753201
	3426753202
	3426753203
	3426753204
	3426753205
	3426753206
	3426753207
	3426753208
	3426753209
	3426753210
	3426753211
	3426753212
	3426753213
	3426753214
	3426753215
	3426753216
	3426753217
	3426753218
	3426753219
	3426753220
	3426753221
	3426753222
	3426753223
	3426753224
	3426753225
	3426753226
	3426753227
	3426753228
	3426753229
	3426753230
	3426753231
	3426753232
	3426753233
	3426753234
	3426753235
	3426753236
	3426753237
	3426753238
	3426753239
	3426753240
	3426753241
	3426753242
	3426753243
	3426753244
	3426753245
	3426753246
	3426753247
	3426753248
	3426753249
	3426753250
	3426753251
	3426753252
	3426753253
	3426753254
	3426753255
	3426753256
	3426753257
	3426753258
	3426753259
	3426753260
	3426753261
	3426753262
	3426753263
	3426753264
	3426753265
	3426753266
	3426753267
	3426753268
	3426753269
	3426753270
	3426753271
	3426753272
	3426753273
	3426753274
	3426753275
	3426753276
	3426753277
	3426753278
	3426753279
	3426753280
	3426753281
	3426753282
	3426753283
	3426753284
	3426753285
	3426753286
	3426753287
	3426753288
	3426753289
	3426753290
	3426753291
	3426753292
	3426753293
	3426753294
	3426753295
	3426753296
	3426753297
	3426753298
	3426753299
	3426753300
	3426753301
	3426753302
	3426753303
	3426753304
	3426753305
	3426753306
	3426753307
	3426753308
	3426753309
	3426753310
	3426753311
	3426753312
	3426753313
	3426753314
	3426753315
	3426753316
	3426753317
	3426753318
	3426753319
	3426753320
	3426753321
	3426753322
	3426753323
	3426753324
	3426753325
	3426753326
	3426753327
	3426753328
	3426753329
	3426753330
	3426753331
	3426753332
	3426753333
	3426753334
	3426753335
	3426753336
	3426753337
	3426753338
	3426753339
	3426753340
	3426753341
	3426753342
	3426753343
	3426753344
	3426753345
	3426753346
	3426753347
	3426753348
	3426753349
	3426753350
	3426753351
	3426753352
	3426753353
	3426753354
	3426753355
	3426753356
	3426753357
	3426753358
	3426753359
	3426753360
	3426753361
	3426753362
	3426753363
	3426753364
	3426753365
	3426753366
	3426753367
	3426753368
	3426753369
	3426753370
	3426753371
	3426753372
	3426753373
	3426753374
	3426753375
	3426753376
	3426753377
	3426753378
	3426753379
	3426753380
	3426753381
	3426753382
	3426753383
	3426753384
	3426753385
	3426753386
	3426753387
	3426753388
	3426753389
	3426753390
	3426753391
	3426753392
	3426753393
	3426753394
	3426753395
	3426753396
	3426753397
	3426753398
	3426753399
	3426753400
	3426753401
	3426753402
	3426753403
	3426753404
	3426753405
	3426753406
	3426753407
	3426753408
	3426753409
	3426753410
	3426753411
	3426753412
	3426753413
	3426753414
	3426753415
	3426753416
	3426753417
	3426753418
	3426753419
	3426753420
	3426753421
	3426753422
	3426753423
	3426753424
	3426753425
	3426753426
	3426753427
	3426753428
	3426753429
	3426753430
	3426753431
	3426753432
	3426753433
	3426753434
	3426753435
	3426753436
	3426753437
	3426753438
	3426753439
	3426753440
	3426753441
	3426753442
	3426753443
	3426753444
	3426753445
	3426753446
	3426753447
	3426753448
	3426753449
	3426753450
	3426753451
	3426753452
	3426753453
	3426753454
	3426753455
	3426753456
	3426753457
	3426753458
	3426753459
	3426753460
	3426753461
	3426753462
	3426753463
	3426753464
	3426753465
	3426753466
	3426753467
	3426753468
	3426753469
	3426753470
	3426753471
	3426753472
	3426753473
	3426753474
	3426753475
	3426753476
	3426753477
	3426753478
	3426753479
	3426753480
	3426753481
	3426753482
	3426753483
	3426753484
	3426753485
	3426753486
	3426753487
	3426753488
	3426753489
	3426753490
	3426753491
	3426753492
	3426753493
	3426753494
	3426753495
	3426753496
	3426753497
	3426753498
	3426753499
	3426753500
	3426753501
	3426753502
	3426753503
	3426753504
	3426753505
	3426753506
	3426753507
	3426753508
	3426753509
	3426753510
	3426753511
	3426753512
	3426753513
	3426753514
	3426753515
	3426753516
	3426753517
	3426753518
	3426753519
	3426753520
	3426753521
	3426753522
	3426753523
	3426753524
	3426753525
	3426753526
	3426753527
	3426753528
	3426753529
	3426753530
	3426753531
	3426753532
	3426753533
	3426753534
	3426753535
	3426753536
	3426753537
	3426753538
	3426753539
	3426753540
	3426753541
	3426753542
	3426753543
	3426753544
	3426753545
	3426753546
	3426753547
	3426753548
	3426753549
	3426753550
	3426753551
	3426753552
	3426753553
	3426753554
	3426753555
	3426753556
	3426753557
	3426753558
	3426753559
	3426753560
	3426753561
	3426753562
	3426753563
	3426753564
	3426753565
	3426753566
	3426753567
	3426753568
	3426753569
	3426753570
	3426753571
	3426753572
	3426753573
	3426753574
	3426753575
	3426753576
	3426753577
	3426753578
	3426753579
	3426753580
	3426753581
	3426753582
	3426753583
	3426753584
	3426753585
	3426753586
	3426753587
	3426753588
	3426753589
	3426753590
	3426753591
	3426753592
	3426753593
	3426753594
	3426753595
	3426753596
	3426753597
	3426753598
	3426753599
	3426753600
	3426753601
	3426753602
	3426753603
	3426753604
	3426753605
	3426753606
	3426753607
	3426753608
	3426753609
	3426753610
	3426753611
	3426753612
	3426753613
	3426753614
	3426753615
	3426753616
	3426753617
	3426753618
	3426753619
	3426753620
	3426753621
	3426753622
	3426753623
	3426753624
	3426753625
	3426753626
	3426753627
	3426753628
	3426753629
	3426753630
	3426753631
	3426753632
	3426753633
	3426753634
	3426753635
	3426753636
	3426753637
	3426753638
	3426753639
	3426753640
	3426753641
	3426753642
	3426753643
	3426753644
	3426753645
	3426753646
	3426753647
	3426753648
	3426753649
	3426753650
	3426753651
	3426753652
	3426753653
	3426753654
	3426753655
	3426753656
	3426753657
	3426753658
	3426753659
	3426753660
	3426753661
	3426753662
	3426753663
	3426753664
	3426753665
	3426753666
	3426753667
	3426753668
	3426753669
	3426753670
	3426753671
	3426753672
	3426753673
	3426753674
	3426753675
	3426753676
	3426753677
	3426753678
	3426753679
	3426753680
	3426753681
	3426753682
	3426753683
	3426753684
	3426753685
	3426753686
	3426753687
	3426753688
	3426753689
	3426753690
	3426753691
	3426753692
	3426753693
	3426753694
	3426753695
	3426753696
	3426753697
	3426753698
	3426753699
	3426753700
	3426753701
	3426753702
	3426753703
	3426753704
	3426753705
	3426753706
	3426753707
	3426753708
	3426753709
	3426753710
	3426753711
	3426753712
	3426753713
	3426753714
	3426753715
	3426753716
	3426753717
	3426753718
	3426753719
	3426753720
	3426753721
	3426753722
	3426753723
	3426753724
	3426753725
	3426753726
	3426753727
	3426753728
	3426753729
	3426753730
	3426753731
	3426753732
	3426753733
	3426753734
	3426753735
	3426753736
	3426753737
	3426753738
	3426753739
	3426753740
	3426753741
	3426753742
	3426753743
	3426753744
	3426753745
	3426753746
	3426753747
	3426753748
	3426753749
	3426753750
	3426753751
	3426753752
	3426753753
	3426753754
	3426753755
	3426753756
	3426753757
	3426753758
	3426753759
	3426753760
	3426753761
	3426753762
	3426753763
	3426753764
	3426753765
	3426753766
	3426753767
	3426753768
	3426753769
	3426753770
	3426753771
	3426753772
	3426753773
	3426753774
	3426753775
	3426753776
	3426753777
	3426753778
	3426753779
	3426753780
	3426753781
	3426753782
	3426753783
	3426753784
	3426753785
	3426753786
	3426753787
	3426753788
	3426753789
	3426753790
	3426753791
	3426753792
	3426753793
	3426753794
	3426753795
	3426753796
	3426753797
	3426753798
	3426753799
	3426753800
	3426753801
	3426753802
	3426753803
	3426753804
	3426753805
	3426753806
	3426753807
	3426753808
	3426753809
	3426753810
	3426753811
	3426753812
	3426753813
	3426753814
	3426753815
	3426753816
	3426753817
	3426753818
	3426753819
	3426753820
	3426753821
	3426753822
	3426753823
	3426753824
	3426753825
	3426753826
	3426753827
	3426753828
	3426753829
	3426753830
	3426753831
	3426753832
	3426753833
	3426753834
	3426753835
	3426753836
	3426753837
	3426753838
	3426753839
	3426753840
	3426753841
	3426753842
	3426753843
	3426753844
	3426753845
	3426753846
	3426753847
	3426753848
	3426753849
	3426753850
	3426753851
	3426753852
	3426753853
	3426753854
	3426753855
	3426753856
	3426753857
	3426753858
	3426753859
	3426753860
	3426753861
	3426753862
	3426753863
	3426753864
	3426753865
	3426753866
	3426753867
	3426753868
	3426753869
	3426753870
	3426753871
	3426753872
	3426753873
	3426753874
	3426753875
	3426753876
	3426753877
	3426753878
	3426753879
	3426753880
	3426753881
	3426753882
	3426753883
	3426753884
	3426753885
	3426753886
	3426753887
	3426753888
	3426753889
	3426753890
	3426753891
	3426753892
	3426753893
	3426753894
	3426753895
	3426753896
	3426753897
	3426753898
	3426753899
	3426753900
	3426753901
	3426753902
	3426753903
	3426753904
	3426753905
	3426753906
	3426753907
	3426753908
	3426753909
	3426753910
	3426753911
	3426753912
	3426753913
	3426753914
	3426753915
	3426753916
	3426753917
	3426753918
	3426753919
	3426753920
	3426753921
	3426753922
	3426753923
	3426753924
	3426753925
	3426753926
	3426753927
	3426753928
	3426753929
	3426753930
	3426753931
	3426753932
	3426753933
	3426753934
	3426753935
	3426753936
	3426753937
	3426753938
	3426753939
	3426753940
	3426753941
	3426753942
	3426753943
	3426753944
	3426753945
	3426753946
	3426753947
	3426753948
	3426753949
	3426753950
	3426753951
	3426753952
	3426753953
	3426753954
	3426753955
	3426753956
	3426753957
	3426753958
	3426753959
	3426753960
	3426753961
	3426753962
	3426753963
	3426753964
	3426753965
	3426753966
	3426753967
	3426753968
	3426753969
	3426753970
	3426753971
	3426753972
	3426753973
	3426753974
	3426753975
	3426753976
	3426753977
	3426753978
	3426753979
	3426753980
	3426753981
	3426753982
	3426753983
	3426753984
	3426753985
	3426753986
	3426753987
	3426753988
	3426753989
	3426753990
	3426753991
	3426753992
	3426753993
	3426753994
	3426753995
	3426753996
	3426753997
	3426753998
	3426753999
	3426754000
	3426754001
	3426754002
	3426754003
	3426754004
	3426754005
	3426754006
	3426754007
	3426754008
	3426754009
	3426754010
	3426754011
	3426754012
	3426754013
	3426754014
	3426754015
	3426754016
	3426754017
	3426754018
	3426754019
	3426754020
	3426754021
	3426754022
	3426754023
	3426754024
	3426754025
	3426754026
	3426754027
	3426754028
	3426754029
	3426754030
	3426754031
	3426754032
	3426754033
	3426754034
	3426754035
	3426754036
	3426754037
	3426754038
	3426754039
	3426754040
	3426754041
	3426754042
	3426754043
	3426754044
	3426754045
	3426754046
	3426754047
	3426754048
	3426754049
	3426754050
	3426754051
	3426754052
	3426754053
	3426754054
	3426754055
	3426754056
	3426754057
	3426754058
	3426754059
	3426754060
	3426754061
	3426754062
	3426754063
	3426754064
	3426754065
	3426754066
	3426754067
	3426754068
	3426754069
	3426754070
	3426754071
	3426754072
	3426754073
	3426754074
	3426754075
	3426754076
	3426754077
	3426754078
	3426754079
	3426754080
	3426754081
	3426754082
	3426754083
	3426754084
	3426754085
	3426754086
	3426754087
	3426754088
	3426754089
	3426754090
	3426754091
	3426754092
	3426754093
	3426754094
	3426754095
	3426754096
	3426754097
	3426754098
	3426754099
	3426754100
	3426754101
	3426754102
	3426754103
	3426754104
	3426754105
	3426754106
	3426754107
	3426754108
	3426754109
	3426754110
	3426754111
	3426754112
	3426754113
	3426754114
	3426754115
	3426754116
	3426754117
	3426754118
	3426754119
	3426754120
	3426754121
	3426754122
	3426754123
	3426754124
	3426754125
	3426754126
	3426754127
	3426754128
	3426754129
	3426754130
	3426754131
	3426754132
	3426754133
	3426754134
	3426754135
	3426754136
	3426754137
	3426754138
	3426754139
	3426754140
	3426754141
	3426754142
	3426754143
	3426754144
	3426754145
	3426754146
	3426754147
	3426754148
	3426754149
	3426754150
	3426754151
	3426754152
	3426754153
	3426754154
	3426754155
	3426754156
	3426754157
	3426754158
	3426754159
	3426754160
	3426754161
	3426754162
	3426754163
	3426754164
	3426754165
	3426754166
	3426754167
	3426754168
	3426754169
	3426754170
	3426754171
	3426754172
	3426754173
	3426754174
	3426754175
	3426754176
	3426754177
	3426754178
	3426754179
	3426754180
	3426754181
	3426754182
	3426754183
	3426754184
	3426754185
	3426754186
	3426754187
	3426754188
	3426754189
	3426754190
	3426754191
	3426754192
	3426754193
	3426754194
	3426754195
	3426754196
	3426754197
	3426754198
	3426754199
	3426754200
	3426754201
	3426754202
	3426754203
	3426754204
	3426754205
	3426754206
	3426754207
	3426754208
	3426754209
	3426754210
	3426754211
	3426754212
	3426754213
	3426754214
	3426754215
	3426754216
	3426754217
	3426754218
	3426754219
	3426754220
	3426754221
	3426754222
	3426754223
	3426754224
	3426754225
	3426754226
	3426754227
	3426754228
	3426754229
	3426754230
	3426754231
	3426754232
	3426754233
	3426754234
	3426754235
	3426754236
	3426754237
	3426754238
	3426754239
	3426754240
	3426754241
	3426754242
	3426754243
	3426754244
	3426754245
	3426754246
	3426754247
	3426754248
	3426754249
	3426754250
	3426754251
	3426754252
	3426754253
	3426754254
	3426754255
	3426754256
	3426754257
	3426754258
	3426754259
	3426754260
	3426754261
	3426754262
	3426754263
	3426754264
	3426754265
	3426754266
	3426754267
	3426754268
	3426754269
	3426754270
	3426754271
	3426754272
	3426754273
	3426754274
	3426754275
	3426754276
	3426754277
	3426754278
	3426754279
	3426754280
	3426754281
	3426754282
	3426754283
	3426754284
	3426754285
	3426754286
	3426754287
	3426754288
	3426754289
	3426754290
	3426754291
	3426754292
	3426754293
	3426754294
	3426754295
	3426754296
	3426754297
	3426754298
	3426754299
	3426754300
	3426754301
	3426754302
	3426754303
	3426754304
	3426754305
	3426754306
	3426754307
	3426754308
	3426754309
	3426754310
	3426754311
	3426754312
	3426754313
	3426754314
	3426754315
	3426754316
	3426754317
	3426754318
	3426754319
	3426754320
	3426754321
	3426754322
	3426754323
	3426754324
	3426754325
	3426754326
	3426754327
	3426754328
	3426754329
	3426754330
	3426754331
	3426754332
	3426754333
	3426754334
	3426754335
	3426754336
	3426754337
	3426754338
	3426754339
	3426754340
	3426754341
	3426754342
	3426754343
	3426754344
	3426754345
	3426754346
	3426754347
	3426754348
	3426754349
	3426754350
	3426754351
	3426754352
	3426754353
	3426754354
	3426754355
	3426754356
	3426754357
	3426754358
	3426754359
	3426754360
	3426754361
	3426754362
	3426754363
	3426754364
	3426754365
	3426754366
	3426754367
	3426754368
	3426754369
	3426754370
	3426754371
	3426754372
	3426754373
	3426754374
	3426754375
	3426754376
	3426754377
	3426754378
	3426754379
	3426754380
	3426754381
	3426754382
	3426754383
	3426754384
	3426754385
	3426754386
	3426754387
	3426754388
	3426754389
	3426754390
	3426754391
	3426754392
	3426754393
	3426754394
	3426754395
	3426754396
	3426754397
	3426754398
	3426754399
	3426754400
	3426754401
	3426754402
	3426754403
	3426754404
	3426754405
	3426754406
	3426754407
	3426754408
	3426754409
	3426754410
	3426754411
	3426754412
	3426754413
	3426754414
	3426754415
	3426754416
	3426754417
	3426754418
	3426754419
	3426754420
	3426754421
	3426754422
	3426754423
	3426754424
	3426754425
	3426754426
	3426754427
	3426754428
	3426754429
	3426754430
	3426754431
	3426754432
	3426754433
	3426754434
	3426754435
	3426754436
	3426754437
