	3426961349
	3426961350
	3426961351
	3426961352
	3426961353
	3426961354
	3426961355
	3426961356
	3426961357
	3426961358
	3426961359
	3426961360
	3426961361
	3426961362
	3426961363
	3426961364
	3426961365
	3426961366
	3426961367
	3426961368
	3426961369
	3426961370
	3426961371
	3426961372
	3426961373
	3426961374
	3426961375
	3426961376
	3426961377
	3426961378
	3426961379
	3426961380
	3426961381
	3426961382
	3426961383
	3426961384
	3426961385
	3426961386
	3426961387
	3426961388
	3426961389
	3426961390
	3426961391
	3426961392
	3426961393
	3426961394
	3426961395
	3426961396
	3426961397
	3426961398
	3426961399
	3426961400
	3426961401
	3426961402
	3426961403
	3426961404
	3426961405
	3426961406
	3426961407
	3426961408
	3426961409
	3426961410
	3426961411
	3426961412
	3426961413
	3426961414
	3426961415
	3426961416
	3426961417
	3426961418
	3426961419
	3426961420
	3426961421
	3426961422
	3426961423
	3426961424
	3426961425
	3426961426
	3426961427
	3426961428
	3426961429
	3426961430
	3426961431
	3426961432
	3426961433
	3426961434
	3426961435
	3426961436
	3426961437
	3426961438
	3426961439
	3426961440
	3426961441
	3426961442
	3426961443
	3426961444
	3426961445
	3426961446
	3426961447
	3426961448
	3426961449
	3426961450
	3426961451
	3426961452
	3426961453
	3426961454
	3426961455
	3426961456
	3426961457
	3426961458
	3426961459
	3426961460
	3426961461
	3426961462
	3426961463
	3426961464
	3426961465
	3426961466
	3426961467
	3426961468
	3426961469
	3426961470
	3426961471
	3426961472
	3426961473
	3426961474
	3426961475
	3426961476
	3426961477
	3426961478
	3426961479
	3426961480
	3426961481
	3426961482
	3426961483
	3426961484
	3426961485
	3426961486
	3426961487
	3426961488
	3426961489
	3426961490
	3426961491
	3426961492
	3426961493
	3426961494
	3426961495
	3426961496
	3426961497
	3426961498
	3426961499
	3426961500
	3426961501
	3426961502
	3426961503
	3426961504
	3426961505
	3426961506
	3426961507
	3426961508
	3426961509
	3426961510
	3426961511
	3426961512
	3426961513
	3426961514
	3426961515
	3426961516
	3426961517
	3426961518
	3426961519
	3426961520
	3426961521
	3426961522
	3426961523
	3426961524
	3426961525
	3426961526
	3426961527
	3426961528
	3426961529
	3426961530
	3426961531
	3426961532
	3426961533
	3426961534
	3426961535
	3426961536
	3426961537
	3426961538
	3426961539
	3426961540
	3426961541
	3426961542
	3426961543
	3426961544
	3426961545
	3426961546
	3426961547
	3426961548
	3426961549
	3426961550
	3426961551
	3426961552
	3426961553
	3426961554
	3426961555
	3426961556
	3426961557
	3426961558
	3426961559
	3426961560
	3426961561
	3426961562
	3426961563
	3426961564
	3426961565
	3426961566
	3426961567
	3426961568
	3426961569
	3426961570
	3426961571
	3426961572
	3426961573
	3426961574
	3426961575
	3426961576
	3426961577
	3426961578
	3426961579
	3426961580
	3426961581
	3426961582
	3426961583
	3426961584
	3426961585
	3426961586
	3426961587
	3426961588
	3426961589
	3426961590
	3426961591
	3426961592
	3426961593
	3426961594
	3426961595
	3426961596
	3426961597
	3426961598
	3426961599
	3426961600
	3426961601
	3426961602
	3426961603
	3426961604
	3426961605
	3426961606
	3426961607
	3426961608
	3426961609
	3426961610
	3426961611
	3426961612
	3426961613
	3426961614
	3426961615
	3426961616
	3426961617
	3426961618
	3426961619
	3426961620
	3426961621
	3426961622
	3426961623
	3426961624
	3426961625
	3426961626
	3426961627
	3426961628
	3426961629
	3426961630
	3426961631
	3426961632
	3426961633
	3426961634
	3426961635
	3426961636
	3426961637
	3426961638
	3426961639
	3426961640
	3426961641
	3426961642
	3426961643
	3426961644
	3426961645
	3426961646
	3426961647
	3426961648
	3426961649
	3426961650
	3426961651
	3426961652
	3426961653
	3426961654
	3426961655
	3426961656
	3426961657
	3426961658
	3426961659
	3426961660
	3426961661
	3426961662
	3426961663
	3426961664
	3426961665
	3426961666
	3426961667
	3426961668
	3426961669
	3426961670
	3426961671
	3426961672
	3426961673
	3426961674
	3426961675
	3426961676
	3426961677
	3426961678
	3426961679
	3426961680
	3426961681
	3426961682
	3426961683
	3426961684
	3426961685
	3426961686
	3426961687
	3426961688
	3426961689
	3426961690
	3426961691
	3426961692
	3426961693
	3426961694
	3426961695
	3426961696
	3426961697
	3426961698
	3426961699
	3426961700
	3426961701
	3426961702
	3426961703
	3426961704
	3426961705
	3426961706
	3426961707
	3426961708
	3426961709
	3426961710
	3426961711
	3426961712
	3426961713
	3426961714
	3426961715
	3426961716
	3426961717
	3426961718
	3426961719
	3426961720
	3426961721
	3426961722
	3426961723
	3426961724
	3426961725
	3426961726
	3426961727
	3426961728
	3426961729
	3426961730
	3426961731
	3426961732
	3426961733
	3426961734
	3426961735
	3426961736
	3426961737
	3426961738
	3426961739
	3426961740
	3426961741
	3426961742
	3426961743
	3426961744
	3426961745
	3426961746
	3426961747
	3426961748
	3426961749
	3426961750
	3426961751
	3426961752
	3426961753
	3426961754
	3426961755
	3426961756
	3426961757
	3426961758
	3426961759
	3426961760
	3426961761
	3426961762
	3426961763
	3426961764
	3426961765
	3426961766
	3426961767
	3426961768
	3426961769
	3426961770
	3426961771
	3426961772
	3426961773
	3426961774
	3426961775
	3426961776
	3426961777
	3426961778
	3426961779
	3426961780
	3426961781
	3426961782
	3426961783
	3426961784
	3426961785
	3426961786
	3426961787
	3426961788
	3426961789
	3426961790
	3426961791
	3426961792
	3426961793
	3426961794
	3426961795
	3426961796
	3426961797
	3426961798
	3426961799
	3426961800
	3426961801
	3426961802
	3426961803
	3426961804
	3426961805
	3426961806
	3426961807
	3426961808
	3426961809
	3426961810
	3426961811
	3426961812
	3426961813
	3426961814
	3426961815
	3426961816
	3426961817
	3426961818
	3426961819
	3426961820
	3426961821
	3426961822
	3426961823
	3426961824
	3426961825
	3426961826
	3426961827
	3426961828
	3426961829
	3426961830
	3426961831
	3426961832
	3426961833
	3426961834
	3426961835
	3426961836
	3426961837
	3426961838
	3426961839
	3426961840
	3426961841
	3426961842
	3426961843
	3426961844
	3426961845
	3426961846
	3426961847
	3426961848
	3426961849
	3426961850
	3426961851
	3426961852
	3426961853
	3426961854
	3426961855
	3426961856
	3426961857
	3426961858
	3426961859
	3426961860
	3426961861
	3426961862
	3426961863
	3426961864
	3426961865
	3426961866
	3426961867
	3426961868
	3426961869
	3426961870
	3426961871
	3426961872
	3426961873
	3426961874
	3426961875
	3426961876
	3426961877
	3426961878
	3426961879
	3426961880
	3426961881
	3426961882
	3426961883
	3426961884
	3426961885
	3426961886
	3426961887
	3426961888
	3426961889
	3426961890
	3426961891
	3426961892
	3426961893
	3426961894
	3426961895
	3426961896
	3426961897
	3426961898
	3426961899
	3426961900
	3426961901
	3426961902
	3426961903
	3426961904
	3426961905
	3426961906
	3426961907
	3426961908
	3426961909
	3426961910
	3426961911
	3426961912
	3426961913
	3426961914
	3426961915
	3426961916
	3426961917
	3426961918
	3426961919
	3426961920
	3426961921
	3426961922
	3426961923
	3426961924
	3426961925
	3426961926
	3426961927
	3426961928
	3426961929
	3426961930
	3426961931
	3426961932
	3426961933
	3426961934
	3426961935
	3426961936
	3426961937
	3426961938
	3426961939
	3426961940
	3426961941
	3426961942
	3426961943
	3426961944
	3426961945
	3426961946
	3426961947
	3426961948
	3426961949
	3426961950
	3426961951
	3426961952
	3426961953
	3426961954
	3426961955
	3426961956
	3426961957
	3426961958
	3426961959
	3426961960
	3426961961
	3426961962
	3426961963
	3426961964
	3426961965
	3426961966
	3426961967
	3426961968
	3426961969
	3426961970
	3426961971
	3426961972
	3426961973
	3426961974
	3426961975
	3426961976
	3426961977
	3426961978
	3426961979
	3426961980
	3426961981
	3426961982
	3426961983
	3426961984
	3426961985
	3426961986
	3426961987
	3426961988
	3426961989
	3426961990
	3426961991
	3426961992
	3426961993
	3426961994
	3426961995
	3426961996
	3426961997
	3426961998
	3426961999
	3426962000
	3426962001
	3426962002
	3426962003
	3426962004
	3426962005
	3426962006
	3426962007
	3426962008
	3426962009
	3426962010
	3426962011
	3426962012
	3426962013
	3426962014
	3426962015
	3426962016
	3426962017
	3426962018
	3426962019
	3426962020
	3426962021
	3426962022
	3426962023
	3426962024
	3426962025
	3426962026
	3426962027
	3426962028
	3426962029
	3426962030
	3426962031
	3426962032
	3426962033
	3426962034
	3426962035
	3426962036
	3426962037
	3426962038
	3426962039
	3426962040
	3426962041
	3426962042
	3426962043
	3426962044
	3426962045
	3426962046
	3426962047
	3426962048
	3426962049
	3426962050
	3426962051
	3426962052
	3426962053
	3426962054
	3426962055
	3426962056
	3426962057
	3426962058
	3426962059
	3426962060
	3426962061
	3426962062
	3426962063
	3426962064
	3426962065
	3426962066
	3426962067
	3426962068
	3426962069
	3426962070
	3426962071
	3426962072
	3426962073
	3426962074
	3426962075
	3426962076
	3426962077
	3426962078
	3426962079
	3426962080
	3426962081
	3426962082
	3426962083
	3426962084
	3426962085
	3426962086
	3426962087
	3426962088
	3426962089
	3426962090
	3426962091
	3426962092
	3426962093
	3426962094
	3426962095
	3426962096
	3426962097
	3426962098
	3426962099
	3426962100
	3426962101
	3426962102
	3426962103
	3426962104
	3426962105
	3426962106
	3426962107
	3426962108
	3426962109
	3426962110
	3426962111
	3426962112
	3426962113
	3426962114
	3426962115
	3426962116
	3426962117
	3426962118
	3426962119
	3426962120
	3426962121
	3426962122
	3426962123
	3426962124
	3426962125
	3426962126
	3426962127
	3426962128
	3426962129
	3426962130
	3426962131
	3426962132
	3426962133
	3426962134
	3426962135
	3426962136
	3426962137
	3426962138
	3426962139
	3426962140
	3426962141
	3426962142
	3426962143
	3426962144
	3426962145
	3426962146
	3426962147
	3426962148
	3426962149
	3426962150
	3426962151
	3426962152
	3426962153
	3426962154
	3426962155
	3426962156
	3426962157
	3426962158
	3426962159
	3426962160
	3426962161
	3426962162
	3426962163
	3426962164
	3426962165
	3426962166
	3426962167
	3426962168
	3426962169
	3426962170
	3426962171
	3426962172
	3426962173
	3426962174
	3426962175
	3426962176
	3426962177
	3426962178
	3426962179
	3426962180
	3426962181
	3426962182
	3426962183
	3426962184
	3426962185
	3426962186
	3426962187
	3426962188
	3426962189
	3426962190
	3426962191
	3426962192
	3426962193
	3426962194
	3426962195
	3426962196
	3426962197
	3426962198
	3426962199
	3426962200
	3426962201
	3426962202
	3426962203
	3426962204
	3426962205
	3426962206
	3426962207
	3426962208
	3426962209
	3426962210
	3426962211
	3426962212
	3426962213
	3426962214
	3426962215
	3426962216
	3426962217
	3426962218
	3426962219
	3426962220
	3426962221
	3426962222
	3426962223
	3426962224
	3426962225
	3426962226
	3426962227
	3426962228
	3426962229
	3426962230
	3426962231
	3426962232
	3426962233
	3426962234
	3426962235
	3426962236
	3426962237
	3426962238
	3426962239
	3426962240
	3426962241
	3426962242
	3426962243
	3426962244
	3426962245
	3426962246
	3426962247
	3426962248
	3426962249
	3426962250
	3426962251
	3426962252
	3426962253
	3426962254
	3426962255
	3426962256
	3426962257
	3426962258
	3426962259
	3426962260
	3426962261
	3426962262
	3426962263
	3426962264
	3426962265
	3426962266
	3426962267
	3426962268
	3426962269
	3426962270
	3426962271
	3426962272
	3426962273
	3426962274
	3426962275
	3426962276
	3426962277
	3426962278
	3426962279
	3426962280
	3426962281
	3426962282
	3426962283
	3426962284
	3426962285
	3426962286
	3426962287
	3426962288
	3426962289
	3426962290
	3426962291
	3426962292
	3426962293
	3426962294
	3426962295
	3426962296
	3426962297
	3426962298
	3426962299
	3426962300
	3426962301
	3426962302
	3426962303
	3426962304
	3426962305
	3426962306
	3426962307
	3426962308
	3426962309
	3426962310
	3426962311
	3426962312
	3426962313
	3426962314
	3426962315
	3426962316
	3426962317
	3426962318
	3426962319
	3426962320
	3426962321
	3426962322
	3426962323
	3426962324
	3426962325
	3426962326
	3426962327
	3426962328
	3426962329
	3426962330
	3426962331
	3426962332
	3426962333
	3426962334
	3426962335
	3426962336
	3426962337
	3426962338
	3426962339
	3426962340
	3426962341
	3426962342
	3426962343
	3426962344
	3426962345
	3426962346
	3426962347
	3426962348
	3426962349
	3426962350
	3426962351
	3426962352
	3426962353
	3426962354
	3426962355
	3426962356
	3426962357
	3426962358
	3426962359
	3426962360
	3426962361
	3426962362
	3426962363
	3426962364
	3426962365
	3426962366
	3426962367
	3426962368
	3426962369
	3426962370
	3426962371
	3426962372
	3426962373
	3426962374
	3426962375
	3426962376
	3426962377
	3426962378
	3426962379
	3426962380
	3426962381
	3426962382
	3426962383
	3426962384
	3426962385
	3426962386
	3426962387
	3426962388
	3426962389
	3426962390
	3426962391
	3426962392
	3426962393
	3426962394
	3426962395
	3426962396
	3426962397
	3426962398
	3426962399
	3426962400
	3426962401
	3426962402
	3426962403
	3426962404
	3426962405
	3426962406
	3426962407
	3426962408
	3426962409
	3426962410
	3426962411
	3426962412
	3426962413
	3426962414
	3426962415
	3426962416
	3426962417
	3426962418
	3426962419
	3426962420
	3426962421
	3426962422
	3426962423
	3426962424
	3426962425
	3426962426
	3426962427
	3426962428
	3426962429
	3426962430
	3426962431
	3426962432
	3426962433
	3426962434
	3426962435
	3426962436
	3426962437
	3426962438
	3426962439
	3426962440
	3426962441
	3426962442
	3426962443
	3426962444
	3426962445
	3426962446
	3426962447
	3426962448
	3426962449
	3426962450
	3426962451
	3426962452
	3426962453
	3426962454
	3426962455
	3426962456
	3426962457
	3426962458
	3426962459
	3426962460
	3426962461
	3426962462
	3426962463
	3426962464
	3426962465
	3426962466
	3426962467
	3426962468
	3426962469
	3426962470
	3426962471
	3426962472
	3426962473
	3426962474
	3426962475
	3426962476
	3426962477
	3426962478
	3426962479
	3426962480
	3426962481
	3426962482
	3426962483
	3426962484
	3426962485
	3426962486
	3426962487
	3426962488
	3426962489
	3426962490
	3426962491
	3426962492
	3426962493
	3426962494
	3426962495
	3426962496
	3426962497
	3426962498
	3426962499
	3426962500
	3426962501
	3426962502
	3426962503
	3426962504
	3426962505
	3426962506
	3426962507
	3426962508
	3426962509
	3426962510
	3426962511
	3426962512
	3426962513
	3426962514
	3426962515
	3426962516
	3426962517
	3426962518
	3426962519
	3426962520
	3426962521
	3426962522
	3426962523
	3426962524
	3426962525
	3426962526
	3426962527
	3426962528
	3426962529
	3426962530
	3426962531
	3426962532
	3426962533
	3426962534
	3426962535
	3426962536
	3426962537
	3426962538
	3426962539
	3426962540
	3426962541
	3426962542
	3426962543
	3426962544
	3426962545
	3426962546
	3426962547
	3426962548
	3426962549
	3426962550
	3426962551
	3426962552
	3426962553
	3426962554
	3426962555
	3426962556
	3426962557
	3426962558
	3426962559
	3426962560
	3426962561
	3426962562
	3426962563
	3426962564
	3426962565
	3426962566
	3426962567
	3426962568
	3426962569
	3426962570
	3426962571
	3426962572
	3426962573
	3426962574
	3426962575
	3426962576
	3426962577
	3426962578
	3426962579
	3426962580
	3426962581
	3426962582
	3426962583
	3426962584
	3426962585
	3426962586
	3426962587
	3426962588
	3426962589
	3426962590
	3426962591
	3426962592
	3426962593
	3426962594
	3426962595
	3426962596
	3426962597
	3426962598
	3426962599
	3426962600
	3426962601
	3426962602
	3426962603
	3426962604
	3426962605
	3426962606
	3426962607
	3426962608
	3426962609
	3426962610
	3426962611
	3426962612
	3426962613
	3426962614
	3426962615
	3426962616
	3426962617
	3426962618
	3426962619
	3426962620
	3426962621
	3426962622
	3426962623
	3426962624
	3426962625
	3426962626
	3426962627
	3426962628
	3426962629
	3426962630
	3426962631
	3426962632
	3426962633
	3426962634
	3426962635
	3426962636
	3426962637
	3426962638
	3426962639
	3426962640
	3426962641
	3426962642
	3426962643
	3426962644
	3426962645
	3426962646
	3426962647
	3426962648
	3426962649
	3426962650
	3426962651
	3426962652
	3426962653
	3426962654
	3426962655
	3426962656
	3426962657
	3426962658
	3426962659
	3426962660
	3426962661
	3426962662
	3426962663
	3426962664
	3426962665
	3426962666
	3426962667
	3426962668
	3426962669
	3426962670
	3426962671
	3426962672
	3426962673
	3426962674
	3426962675
	3426962676
	3426962677
	3426962678
	3426962679
	3426962680
	3426962681
	3426962682
	3426962683
	3426962684
	3426962685
	3426962686
	3426962687
	3426962688
	3426962689
	3426962690
	3426962691
	3426962692
	3426962693
	3426962694
	3426962695
	3426962696
	3426962697
	3426962698
	3426962699
	3426962700
	3426962701
	3426962702
	3426962703
	3426962704
	3426962705
	3426962706
	3426962707
	3426962708
	3426962709
	3426962710
	3426962711
	3426962712
	3426962713
	3426962714
	3426962715
	3426962716
	3426962717
	3426962718
	3426962719
	3426962720
	3426962721
	3426962722
	3426962723
	3426962724
	3426962725
	3426962726
	3426962727
	3426962728
	3426962729
	3426962730
	3426962731
	3426962732
	3426962733
	3426962734
	3426962735
	3426962736
	3426962737
	3426962738
	3426962739
	3426962740
	3426962741
	3426962742
	3426962743
	3426962744
	3426962745
	3426962746
	3426962747
	3426962748
	3426962749
	3426962750
	3426962751
	3426962752
	3426962753
	3426962754
	3426962755
	3426962756
	3426962757
	3426962758
	3426962759
	3426962760
	3426962761
	3426962762
	3426962763
	3426962764
	3426962765
	3426962766
	3426962767
	3426962768
	3426962769
	3426962770
	3426962771
	3426962772
	3426962773
	3426962774
	3426962775
	3426962776
	3426962777
	3426962778
	3426962779
	3426962780
	3426962781
	3426962782
	3426962783
	3426962784
	3426962785
	3426962786
	3426962787
	3426962788
	3426962789
	3426962790
	3426962791
	3426962792
	3426962793
	3426962794
	3426962795
	3426962796
	3426962797
	3426962798
	3426962799
	3426962800
	3426962801
	3426962802
	3426962803
	3426962804
	3426962805
	3426962806
	3426962807
	3426962808
	3426962809
	3426962810
	3426962811
	3426962812
	3426962813
	3426962814
	3426962815
	3426962816
	3426962817
	3426962818
	3426962819
	3426962820
	3426962821
	3426962822
	3426962823
	3426962824
	3426962825
	3426962826
	3426962827
	3426962828
	3426962829
	3426962830
	3426962831
	3426962832
	3426962833
	3426962834
	3426962835
	3426962836
	3426962837
	3426962838
	3426962839
	3426962840
	3426962841
	3426962842
	3426962843
	3426962844
	3426962845
	3426962846
	3426962847
	3426962848
	3426962849
	3426962850
	3426962851
	3426962852
	3426962853
	3426962854
	3426962855
	3426962856
	3426962857
	3426962858
	3426962859
	3426962860
	3426962861
	3426962862
	3426962863
	3426962864
	3426962865
	3426962866
	3426962867
	3426962868
	3426962869
	3426962870
	3426962871
	3426962872
	3426962873
	3426962874
	3426962875
	3426962876
	3426962877
	3426962878
	3426962879
	3426962880
	3426962881
	3426962882
	3426962883
	3426962884
	3426962885
	3426962886
	3426962887
	3426962888
	3426962889
	3426962890
	3426962891
	3426962892
	3426962893
	3426962894
	3426962895
	3426962896
	3426962897
	3426962898
	3426962899
	3426962900
	3426962901
	3426962902
	3426962903
	3426962904
	3426962905
	3426962906
	3426962907
	3426962908
	3426962909
	3426962910
	3426962911
	3426962912
	3426962913
	3426962914
	3426962915
	3426962916
	3426962917
	3426962918
	3426962919
	3426962920
	3426962921
	3426962922
	3426962923
	3426962924
	3426962925
	3426962926
	3426962927
	3426962928
	3426962929
	3426962930
	3426962931
	3426962932
	3426962933
	3426962934
	3426962935
	3426962936
	3426962937
	3426962938
	3426962939
	3426962940
	3426962941
	3426962942
	3426962943
	3426962944
	3426962945
	3426962946
	3426962947
	3426962948
	3426962949
	3426962950
	3426962951
	3426962952
	3426962953
	3426962954
	3426962955
	3426962956
	3426962957
	3426962958
	3426962959
	3426962960
	3426962961
	3426962962
	3426962963
	3426962964
	3426962965
	3426962966
	3426962967
	3426962968
	3426962969
	3426962970
	3426962971
	3426962972
	3426962973
	3426962974
	3426962975
	3426962976
	3426962977
	3426962978
	3426962979
	3426962980
	3426962981
	3426962982
	3426962983
	3426962984
	3426962985
	3426962986
	3426962987
	3426962988
	3426962989
	3426962990
	3426962991
	3426962992
	3426962993
	3426962994
	3426962995
	3426962996
	3426962997
	3426962998
	3426962999
	3426963000
	3426963001
	3426963002
	3426963003
	3426963004
	3426963005
	3426963006
	3426963007
	3426963008
	3426963009
	3426963010
	3426963011
	3426963012
	3426963013
	3426963014
	3426963015
	3426963016
	3426963017
	3426963018
	3426963019
	3426963020
	3426963021
	3426963022
	3426963023
	3426963024
	3426963025
	3426963026
	3426963027
	3426963028
	3426963029
	3426963030
	3426963031
	3426963032
	3426963033
	3426963034
	3426963035
	3426963036
	3426963037
	3426963038
	3426963039
	3426963040
	3426963041
	3426963042
	3426963043
	3426963044
	3426963045
	3426963046
	3426963047
	3426963048
	3426963049
	3426963050
	3426963051
	3426963052
	3426963053
	3426963054
	3426963055
	3426963056
	3426963057
	3426963058
	3426963059
	3426963060
	3426963061
	3426963062
	3426963063
	3426963064
	3426963065
	3426963066
	3426963067
	3426963068
	3426963069
	3426963070
	3426963071
	3426963072
	3426963073
	3426963074
	3426963075
	3426963076
	3426963077
	3426963078
	3426963079
	3426963080
	3426963081
	3426963082
	3426963083
	3426963084
	3426963085
	3426963086
	3426963087
	3426963088
	3426963089
	3426963090
	3426963091
	3426963092
	3426963093
	3426963094
	3426963095
	3426963096
	3426963097
	3426963098
	3426963099
	3426963100
	3426963101
	3426963102
	3426963103
	3426963104
	3426963105
	3426963106
	3426963107
	3426963108
	3426963109
	3426963110
	3426963111
	3426963112
	3426963113
	3426963114
	3426963115
	3426963116
	3426963117
	3426963118
	3426963119
	3426963120
	3426963121
	3426963122
	3426963123
	3426963124
	3426963125
	3426963126
	3426963127
	3426963128
	3426963129
	3426963130
	3426963131
	3426963132
	3426963133
	3426963134
	3426963135
	3426963136
	3426963137
	3426963138
	3426963139
	3426963140
	3426963141
	3426963142
	3426963143
	3426963144
	3426963145
	3426963146
	3426963147
	3426963148
	3426963149
	3426963150
	3426963151
	3426963152
	3426963153
	3426963154
	3426963155
	3426963156
	3426963157
	3426963158
	3426963159
	3426963160
	3426963161
	3426963162
	3426963163
	3426963164
	3426963165
	3426963166
	3426963167
	3426963168
	3426963169
	3426963170
	3426963171
	3426963172
	3426963173
	3426963174
	3426963175
	3426963176
	3426963177
	3426963178
	3426963179
	3426963180
	3426963181
	3426963182
	3426963183
	3426963184
	3426963185
	3426963186
	3426963187
	3426963188
	3426963189
	3426963190
	3426963191
	3426963192
	3426963193
	3426963194
	3426963195
	3426963196
	3426963197
	3426963198
	3426963199
	3426963200
	3426963201
	3426963202
	3426963203
	3426963204
	3426963205
	3426963206
	3426963207
	3426963208
	3426963209
	3426963210
	3426963211
	3426963212
	3426963213
	3426963214
	3426963215
	3426963216
	3426963217
	3426963218
	3426963219
	3426963220
	3426963221
	3426963222
	3426963223
	3426963224
	3426963225
	3426963226
	3426963227
	3426963228
	3426963229
	3426963230
	3426963231
	3426963232
	3426963233
	3426963234
	3426963235
	3426963236
	3426963237
	3426963238
	3426963239
	3426963240
	3426963241
	3426963242
	3426963243
	3426963244
	3426963245
	3426963246
	3426963247
	3426963248
	3426963249
	3426963250
	3426963251
	3426963252
	3426963253
	3426963254
	3426963255
	3426963256
	3426963257
	3426963258
	3426963259
	3426963260
	3426963261
	3426963262
	3426963263
	3426963264
	3426963265
	3426963266
	3426963267
	3426963268
	3426963269
	3426963270
	3426963271
	3426963272
	3426963273
	3426963274
	3426963275
	3426963276
	3426963277
	3426963278
	3426963279
	3426963280
	3426963281
	3426963282
	3426963283
	3426963284
	3426963285
	3426963286
	3426963287
	3426963288
	3426963289
	3426963290
	3426963291
	3426963292
	3426963293
	3426963294
	3426963295
	3426963296
	3426963297
	3426963298
	3426963299
	3426963300
	3426963301
	3426963302
	3426963303
	3426963304
	3426963305
	3426963306
	3426963307
	3426963308
	3426963309
	3426963310
	3426963311
	3426963312
	3426963313
	3426963314
	3426963315
	3426963316
	3426963317
	3426963318
	3426963319
	3426963320
	3426963321
	3426963322
	3426963323
	3426963324
	3426963325
	3426963326
	3426963327
	3426963328
	3426963329
	3426963330
	3426963331
	3426963332
	3426963333
	3426963334
	3426963335
	3426963336
	3426963337
	3426963338
	3426963339
	3426963340
	3426963341
	3426963342
	3426963343
	3426963344
	3426963345
	3426963346
	3426963347
	3426963348
	3426963349
	3426963350
	3426963351
	3426963352
	3426963353
	3426963354
	3426963355
	3426963356
	3426963357
	3426963358
	3426963359
	3426963360
	3426963361
	3426963362
	3426963363
	3426963364
	3426963365
	3426963366
	3426963367
	3426963368
	3426963369
	3426963370
	3426963371
	3426963372
	3426963373
	3426963374
	3426963375
	3426963376
	3426963377
	3426963378
	3426963379
	3426963380
	3426963381
	3426963382
	3426963383
	3426963384
	3426963385
	3426963386
	3426963387
	3426963388
	3426963389
	3426963390
	3426963391
	3426963392
	3426963393
	3426963394
	3426963395
	3426963396
	3426963397
	3426963398
	3426963399
	3426963400
	3426963401
	3426963402
	3426963403
	3426963404
	3426963405
	3426963406
	3426963407
	3426963408
	3426963409
	3426963410
	3426963411
	3426963412
	3426963413
	3426963414
	3426963415
	3426963416
	3426963417
	3426963418
	3426963419
	3426963420
	3426963421
	3426963422
	3426963423
	3426963424
	3426963425
	3426963426
	3426963427
	3426963428
	3426963429
	3426963430
	3426963431
	3426963432
	3426963433
	3426963434
	3426963435
	3426963436
	3426963437
	3426963438
	3426963439
	3426963440
	3426963441
	3426963442
	3426963443
	3426963444
	3426963445
	3426963446
	3426963447
	3426963448
	3426963449
	3426963450
	3426963451
	3426963452
	3426963453
	3426963454
	3426963455
	3426963456
	3426963457
	3426963458
	3426963459
	3426963460
	3426963461
	3426963462
	3426963463
	3426963464
	3426963465
	3426963466
	3426963467
	3426963468
	3426963469
	3426963470
	3426963471
	3426963472
	3426963473
	3426963474
	3426963475
	3426963476
	3426963477
	3426963478
	3426963479
	3426963480
	3426963481
	3426963482
	3426963483
	3426963484
	3426963485
	3426963486
	3426963487
	3426963488
	3426963489
	3426963490
	3426963491
	3426963492
	3426963493
	3426963494
	3426963495
	3426963496
	3426963497
	3426963498
	3426963499
	3426963500
	3426963501
	3426963502
	3426963503
	3426963504
	3426963505
	3426963506
	3426963507
	3426963508
	3426963509
	3426963510
	3426963511
	3426963512
	3426963513
	3426963514
	3426963515
	3426963516
	3426963517
	3426963518
	3426963519
	3426963520
	3426963521
	3426963522
	3426963523
	3426963524
	3426963525
	3426963526
	3426963527
	3426963528
	3426963529
	3426963530
	3426963531
	3426963532
	3426963533
	3426963534
	3426963535
	3426963536
	3426963537
	3426963538
	3426963539
	3426963540
	3426963541
	3426963542
	3426963543
	3426963544
	3426963545
	3426963546
	3426963547
	3426963548
	3426963549
	3426963550
	3426963551
	3426963552
	3426963553
	3426963554
	3426963555
	3426963556
	3426963557
	3426963558
	3426963559
	3426963560
	3426963561
	3426963562
	3426963563
	3426963564
	3426963565
	3426963566
	3426963567
	3426963568
	3426963569
	3426963570
	3426963571
	3426963572
	3426963573
	3426963574
	3426963575
	3426963576
	3426963577
	3426963578
	3426963579
	3426963580
	3426963581
	3426963582
	3426963583
	3426963584
	3426963585
	3426963586
	3426963587
	3426963588
	3426963589
	3426963590
	3426963591
	3426963592
	3426963593
	3426963594
	3426963595
	3426963596
	3426963597
	3426963598
	3426963599
	3426963600
	3426963601
	3426963602
	3426963603
	3426963604
	3426963605
	3426963606
	3426963607
	3426963608
	3426963609
	3426963610
	3426963611
	3426963612
	3426963613
	3426963614
	3426963615
	3426963616
	3426963617
	3426963618
	3426963619
	3426963620
	3426963621
	3426963622
	3426963623
	3426963624
	3426963625
	3426963626
	3426963627
	3426963628
	3426963629
	3426963630
	3426963631
	3426963632
	3426963633
	3426963634
	3426963635
	3426963636
	3426963637
	3426963638
	3426963639
	3426963640
	3426963641
	3426963642
	3426963643
	3426963644
	3426963645
	3426963646
	3426963647
	3426963648
	3426963649
	3426963650
	3426963651
	3426963652
	3426963653
	3426963654
	3426963655
	3426963656
	3426963657
	3426963658
	3426963659
	3426963660
	3426963661
	3426963662
	3426963663
	3426963664
	3426963665
	3426963666
	3426963667
	3426963668
	3426963669
	3426963670
	3426963671
	3426963672
	3426963673
	3426963674
	3426963675
	3426963676
	3426963677
	3426963678
	3426963679
	3426963680
	3426963681
	3426963682
	3426963683
	3426963684
	3426963685
	3426963686
	3426963687
	3426963688
	3426963689
	3426963690
	3426963691
	3426963692
	3426963693
	3426963694
	3426963695
	3426963696
	3426963697
	3426963698
	3426963699
	3426963700
	3426963701
	3426963702
	3426963703
	3426963704
	3426963705
	3426963706
	3426963707
	3426963708
	3426963709
	3426963710
	3426963711
	3426963712
	3426963713
	3426963714
	3426963715
	3426963716
	3426963717
	3426963718
	3426963719
	3426963720
	3426963721
	3426963722
	3426963723
	3426963724
	3426963725
	3426963726
	3426963727
	3426963728
	3426963729
	3426963730
	3426963731
	3426963732
	3426963733
	3426963734
	3426963735
	3426963736
	3426963737
	3426963738
	3426963739
	3426963740
	3426963741
	3426963742
	3426963743
	3426963744
	3426963745
	3426963746
	3426963747
	3426963748
	3426963749
	3426963750
	3426963751
	3426963752
	3426963753
	3426963754
	3426963755
	3426963756
	3426963757
	3426963758
	3426963759
	3426963760
	3426963761
	3426963762
	3426963763
	3426963764
	3426963765
	3426963766
	3426963767
	3426963768
	3426963769
	3426963770
	3426963771
	3426963772
	3426963773
	3426963774
	3426963775
	3426963776
	3426963777
	3426963778
	3426963779
	3426963780
	3426963781
	3426963782
	3426963783
	3426963784
	3426963785
	3426963786
	3426963787
	3426963788
	3426963789
	3426963790
	3426963791
	3426963792
	3426963793
	3426963794
	3426963795
	3426963796
	3426963797
	3426963798
	3426963799
	3426963800
	3426963801
	3426963802
	3426963803
	3426963804
	3426963805
	3426963806
	3426963807
	3426963808
	3426963809
	3426963810
	3426963811
	3426963812
	3426963813
	3426963814
	3426963815
	3426963816
	3426963817
	3426963818
	3426963819
	3426963820
	3426963821
	3426963822
	3426963823
	3426963824
	3426963825
	3426963826
	3426963827
	3426963828
	3426963829
	3426963830
	3426963831
	3426963832
	3426963833
	3426963834
	3426963835
	3426963836
	3426963837
	3426963838
	3426963839
	3426963840
	3426963841
	3426963842
	3426963843
	3426963844
	3426963845
	3426963846
	3426963847
	3426963848
	3426963849
	3426963850
	3426963851
	3426963852
	3426963853
	3426963854
	3426963855
	3426963856
	3426963857
	3426963858
	3426963859
	3426963860
	3426963861
	3426963862
	3426963863
	3426963864
	3426963865
	3426963866
	3426963867
	3426963868
	3426963869
	3426963870
	3426963871
	3426963872
	3426963873
	3426963874
	3426963875
	3426963876
	3426963877
	3426963878
	3426963879
	3426963880
	3426963881
	3426963882
	3426963883
	3426963884
	3426963885
	3426963886
	3426963887
	3426963888
	3426963889
	3426963890
	3426963891
	3426963892
	3426963893
	3426963894
	3426963895
	3426963896
	3426963897
	3426963898
	3426963899
	3426963900
	3426963901
	3426963902
	3426963903
	3426963904
	3426963905
	3426963906
	3426963907
	3426963908
	3426963909
	3426963910
	3426963911
	3426963912
	3426963913
	3426963914
	3426963915
	3426963916
	3426963917
	3426963918
	3426963919
	3426963920
	3426963921
	3426963922
	3426963923
	3426963924
	3426963925
	3426963926
	3426963927
	3426963928
	3426963929
	3426963930
	3426963931
	3426963932
	3426963933
	3426963934
	3426963935
	3426963936
	3426963937
	3426963938
	3426963939
	3426963940
	3426963941
	3426963942
	3426963943
	3426963944
	3426963945
	3426963946
	3426963947
	3426963948
	3426963949
	3426963950
	3426963951
	3426963952
	3426963953
	3426963954
	3426963955
	3426963956
	3426963957
	3426963958
	3426963959
	3426963960
	3426963961
	3426963962
	3426963963
	3426963964
	3426963965
	3426963966
	3426963967
	3426963968
	3426963969
	3426963970
	3426963971
	3426963972
	3426963973
	3426963974
	3426963975
	3426963976
	3426963977
	3426963978
	3426963979
	3426963980
	3426963981
	3426963982
	3426963983
	3426963984
	3426963985
	3426963986
	3426963987
	3426963988
	3426963989
	3426963990
	3426963991
	3426963992
	3426963993
	3426963994
	3426963995
	3426963996
	3426963997
	3426963998
	3426963999
	3426964000
	3426964001
	3426964002
	3426964003
	3426964004
	3426964005
	3426964006
	3426964007
	3426964008
	3426964009
	3426964010
	3426964011
	3426964012
	3426964013
	3426964014
	3426964015
	3426964016
	3426964017
	3426964018
	3426964019
	3426964020
	3426964021
	3426964022
	3426964023
	3426964024
	3426964025
	3426964026
	3426964027
	3426964028
	3426964029
	3426964030
	3426964031
	3426964032
	3426964033
	3426964034
	3426964035
	3426964036
	3426964037
	3426964038
	3426964039
	3426964040
	3426964041
	3426964042
	3426964043
	3426964044
	3426964045
	3426964046
	3426964047
	3426964048
	3426964049
	3426964050
	3426964051
	3426964052
	3426964053
	3426964054
	3426964055
	3426964056
	3426964057
	3426964058
	3426964059
	3426964060
	3426964061
	3426964062
	3426964063
	3426964064
	3426964065
	3426964066
	3426964067
	3426964068
	3426964069
	3426964070
	3426964071
	3426964072
	3426964073
	3426964074
	3426964075
	3426964076
	3426964077
	3426964078
	3426964079
	3426964080
	3426964081
	3426964082
	3426964083
	3426964084
	3426964085
	3426964086
	3426964087
	3426964088
	3426964089
	3426964090
	3426964091
	3426964092
	3426964093
	3426964094
	3426964095
	3426964096
	3426964097
	3426964098
	3426964099
	3426964100
	3426964101
	3426964102
	3426964103
	3426964104
	3426964105
	3426964106
	3426964107
	3426964108
	3426964109
	3426964110
	3426964111
	3426964112
	3426964113
	3426964114
	3426964115
	3426964116
	3426964117
	3426964118
	3426964119
	3426964120
	3426964121
	3426964122
	3426964123
	3426964124
	3426964125
	3426964126
	3426964127
	3426964128
	3426964129
	3426964130
	3426964131
	3426964132
	3426964133
	3426964134
	3426964135
	3426964136
	3426964137
	3426964138
	3426964139
	3426964140
	3426964141
	3426964142
	3426964143
	3426964144
	3426964145
	3426964146
	3426964147
	3426964148
	3426964149
	3426964150
	3426964151
	3426964152
	3426964153
	3426964154
	3426964155
	3426964156
	3426964157
	3426964158
	3426964159
	3426964160
	3426964161
	3426964162
	3426964163
	3426964164
	3426964165
	3426964166
	3426964167
	3426964168
	3426964169
	3426964170
	3426964171
	3426964172
	3426964173
	3426964174
	3426964175
	3426964176
	3426964177
	3426964178
	3426964179
	3426964180
	3426964181
	3426964182
	3426964183
	3426964184
	3426964185
	3426964186
	3426964187
	3426964188
	3426964189
	3426964190
	3426964191
	3426964192
	3426964193
	3426964194
	3426964195
	3426964196
	3426964197
	3426964198
	3426964199
	3426964200
	3426964201
	3426964202
	3426964203
	3426964204
	3426964205
	3426964206
	3426964207
	3426964208
	3426964209
	3426964210
	3426964211
	3426964212
	3426964213
	3426964214
	3426964215
	3426964216
	3426964217
	3426964218
	3426964219
	3426964220
	3426964221
	3426964222
	3426964223
	3426964224
	3426964225
	3426964226
	3426964227
	3426964228
	3426964229
	3426964230
	3426964231
	3426964232
	3426964233
	3426964234
	3426964235
	3426964236
	3426964237
	3426964238
	3426964239
	3426964240
	3426964241
	3426964242
	3426964243
	3426964244
	3426964245
	3426964246
	3426964247
	3426964248
	3426964249
	3426964250
	3426964251
	3426964252
	3426964253
	3426964254
	3426964255
	3426964256
	3426964257
	3426964258
	3426964259
	3426964260
	3426964261
	3426964262
	3426964263
	3426964264
	3426964265
	3426964266
	3426964267
	3426964268
	3426964269
	3426964270
	3426964271
	3426964272
	3426964273
	3426964274
	3426964275
	3426964276
	3426964277
	3426964278
	3426964279
	3426964280
	3426964281
	3426964282
	3426964283
	3426964284
	3426964285
	3426964286
	3426964287
	3426964288
	3426964289
	3426964290
	3426964291
	3426964292
	3426964293
	3426964294
	3426964295
	3426964296
	3426964297
	3426964298
	3426964299
	3426964300
	3426964301
	3426964302
	3426964303
	3426964304
	3426964305
	3426964306
	3426964307
	3426964308
	3426964309
	3426964310
	3426964311
	3426964312
	3426964313
	3426964314
	3426964315
	3426964316
	3426964317
	3426964318
	3426964319
	3426964320
	3426964321
	3426964322
	3426964323
	3426964324
	3426964325
	3426964326
	3426964327
	3426964328
	3426964329
	3426964330
	3426964331
	3426964332
	3426964333
	3426964334
	3426964335
	3426964336
	3426964337
	3426964338
	3426964339
	3426964340
	3426964341
	3426964342
	3426964343
	3426964344
	3426964345
	3426964346
	3426964347
	3426964348
	3426964349
	3426964350
	3426964351
	3426964352
	3426964353
	3426964354
	3426964355
	3426964356
	3426964357
	3426964358
	3426964359
	3426964360
	3426964361
	3426964362
	3426964363
	3426964364
	3426964365
	3426964366
	3426964367
	3426964368
	3426964369
	3426964370
	3426964371
	3426964372
	3426964373
	3426964374
	3426964375
	3426964376
	3426964377
	3426964378
	3426964379
	3426964380
	3426964381
	3426964382
	3426964383
	3426964384
	3426964385
	3426964386
	3426964387
	3426964388
	3426964389
	3426964390
	3426964391
	3426964392
	3426964393
	3426964394
	3426964395
	3426964396
	3426964397
	3426964398
	3426964399
	3426964400
	3426964401
	3426964402
	3426964403
	3426964404
	3426964405
	3426964406
	3426964407
	3426964408
	3426964409
	3426964410
	3426964411
	3426964412
	3426964413
	3426964414
	3426964415
	3426964416
	3426964417
	3426964418
	3426964419
	3426964420
	3426964421
	3426964422
	3426964423
	3426964424
	3426964425
	3426964426
	3426964427
	3426964428
	3426964429
	3426964430
	3426964431
	3426964432
	3426964433
	3426964434
	3426964435
	3426964436
	3426964437
	3426964438
	3426964439
	3426964440
	3426964441
	3426964442
	3426964443
	3426964444
	3426964445
	3426964446
	3426964447
	3426964448
	3426964449
	3426964450
	3426964451
	3426964452
	3426964453
	3426964454
	3426964455
	3426964456
	3426964457
	3426964458
	3426964459
	3426964460
	3426964461
	3426964462
	3426964463
	3426964464
	3426964465
	3426964466
	3426964467
	3426964468
	3426964469
	3426964470
	3426964471
	3426964472
	3426964473
	3426964474
	3426964475
	3426964476
	3426964477
	3426964478
	3426964479
	3426964480
	3426964481
	3426964482
	3426964483
	3426964484
	3426964485
	3426964486
	3426964487
	3426964488
	3426964489
	3426964490
	3426964491
	3426964492
	3426964493
	3426964494
	3426964495
	3426964496
	3426964497
	3426964498
	3426964499
	3426964500
	3426964501
	3426964502
	3426964503
	3426964504
	3426964505
	3426964506
	3426964507
	3426964508
	3426964509
	3426964510
	3426964511
	3426964512
	3426964513
	3426964514
	3426964515
	3426964516
	3426964517
	3426964518
	3426964519
	3426964520
	3426964521
	3426964522
	3426964523
	3426964524
	3426964525
	3426964526
	3426964527
	3426964528
	3426964529
	3426964530
	3426964531
	3426964532
	3426964533
	3426964534
	3426964535
	3426964536
	3426964537
	3426964538
	3426964539
	3426964540
	3426964541
	3426964542
	3426964543
	3426964544
	3426964545
	3426964546
	3426964547
	3426964548
	3426964549
	3426964550
	3426964551
	3426964552
	3426964553
	3426964554
	3426964555
	3426964556
	3426964557
	3426964558
	3426964559
	3426964560
	3426964561
	3426964562
	3426964563
	3426964564
	3426964565
	3426964566
	3426964567
	3426964568
	3426964569
	3426964570
	3426964571
	3426964572
	3426964573
	3426964574
	3426964575
	3426964576
	3426964577
	3426964578
	3426964579
	3426964580
	3426964581
	3426964582
	3426964583
	3426964584
	3426964585
	3426964586
	3426964587
	3426964588
	3426964589
	3426964590
	3426964591
	3426964592
	3426964593
	3426964594
	3426964595
	3426964596
	3426964597
	3426964598
	3426964599
	3426964600
	3426964601
	3426964602
	3426964603
	3426964604
	3426964605
	3426964606
	3426964607
	3426964608
	3426964609
	3426964610
	3426964611
	3426964612
	3426964613
	3426964614
	3426964615
	3426964616
	3426964617
	3426964618
	3426964619
	3426964620
	3426964621
	3426964622
	3426964623
	3426964624
	3426964625
	3426964626
	3426964627
	3426964628
	3426964629
	3426964630
	3426964631
	3426964632
	3426964633
	3426964634
	3426964635
	3426964636
	3426964637
	3426964638
	3426964639
	3426964640
	3426964641
	3426964642
	3426964643
	3426964644
	3426964645
	3426964646
	3426964647
	3426964648
	3426964649
	3426964650
	3426964651
	3426964652
	3426964653
	3426964654
	3426964655
	3426964656
	3426964657
	3426964658
	3426964659
	3426964660
	3426964661
	3426964662
	3426964663
	3426964664
	3426964665
	3426964666
	3426964667
	3426964668
	3426964669
	3426964670
	3426964671
	3426964672
	3426964673
	3426964674
	3426964675
	3426964676
	3426964677
	3426964678
	3426964679
	3426964680
	3426964681
	3426964682
	3426964683
	3426964684
	3426964685
	3426964686
	3426964687
	3426964688
	3426964689
	3426964690
	3426964691
	3426964692
	3426964693
	3426964694
	3426964695
	3426964696
	3426964697
	3426964698
	3426964699
	3426964700
	3426964701
	3426964702
	3426964703
	3426964704
	3426964705
	3426964706
	3426964707
	3426964708
	3426964709
	3426964710
	3426964711
	3426964712
	3426964713
	3426964714
	3426964715
	3426964716
	3426964717
	3426964718
	3426964719
	3426964720
	3426964721
	3426964722
	3426964723
	3426964724
	3426964725
	3426964726
	3426964727
	3426964728
	3426964729
	3426964730
	3426964731
	3426964732
	3426964733
	3426964734
	3426964735
	3426964736
	3426964737
	3426964738
	3426964739
	3426964740
	3426964741
	3426964742
	3426964743
	3426964744
	3426964745
	3426964746
	3426964747
	3426964748
	3426964749
	3426964750
	3426964751
	3426964752
	3426964753
	3426964754
	3426964755
	3426964756
	3426964757
	3426964758
	3426964759
	3426964760
	3426964761
	3426964762
	3426964763
	3426964764
	3426964765
	3426964766
	3426964767
	3426964768
	3426964769
	3426964770
	3426964771
	3426964772
	3426964773
	3426964774
	3426964775
	3426964776
	3426964777
	3426964778
	3426964779
	3426964780
	3426964781
	3426964782
	3426964783
	3426964784
	3426964785
	3426964786
	3426964787
	3426964788
	3426964789
	3426964790
	3426964791
	3426964792
	3426964793
	3426964794
	3426964795
	3426964796
	3426964797
	3426964798
	3426964799
	3426964800
	3426964801
	3426964802
	3426964803
	3426964804
	3426964805
	3426964806
	3426964807
	3426964808
	3426964809
	3426964810
	3426964811
	3426964812
	3426964813
	3426964814
	3426964815
	3426964816
	3426964817
	3426964818
	3426964819
	3426964820
	3426964821
	3426964822
	3426964823
	3426964824
	3426964825
	3426964826
	3426964827
	3426964828
	3426964829
	3426964830
	3426964831
	3426964832
	3426964833
	3426964834
	3426964835
	3426964836
	3426964837
	3426964838
	3426964839
	3426964840
	3426964841
	3426964842
	3426964843
	3426964844
	3426964845
	3426964846
	3426964847
	3426964848
	3426964849
	3426964850
	3426964851
	3426964852
	3426964853
	3426964854
	3426964855
	3426964856
	3426964857
	3426964858
	3426964859
	3426964860
	3426964861
	3426964862
	3426964863
	3426964864
	3426964865
	3426964866
	3426964867
	3426964868
	3426964869
	3426964870
	3426964871
	3426964872
	3426964873
	3426964874
	3426964875
	3426964876
	3426964877
	3426964878
	3426964879
	3426964880
	3426964881
	3426964882
	3426964883
	3426964884
	3426964885
	3426964886
	3426964887
	3426964888
	3426964889
	3426964890
	3426964891
	3426964892
	3426964893
	3426964894
	3426964895
	3426964896
	3426964897
	3426964898
	3426964899
	3426964900
	3426964901
	3426964902
	3426964903
	3426964904
	3426964905
	3426964906
	3426964907
	3426964908
	3426964909
	3426964910
	3426964911
	3426964912
	3426964913
	3426964914
	3426964915
	3426964916
	3426964917
	3426964918
	3426964919
	3426964920
	3426964921
	3426964922
	3426964923
	3426964924
	3426964925
	3426964926
	3426964927
	3426964928
	3426964929
	3426964930
	3426964931
	3426964932
	3426964933
	3426964934
	3426964935
	3426964936
	3426964937
	3426964938
	3426964939
	3426964940
	3426964941
	3426964942
	3426964943
	3426964944
	3426964945
	3426964946
	3426964947
	3426964948
