	3426626719
	3426626720
	3426626721
	3426626722
	3426626723
	3426626724
	3426626725
	3426626726
	3426626727
	3426626728
	3426626729
	3426626730
	3426626731
	3426626732
	3426626733
	3426626734
	3426626735
	3426626736
	3426626737
	3426626738
	3426626739
	3426626740
	3426626741
	3426626742
	3426626743
	3426626744
	3426626745
	3426626746
	3426626747
	3426626748
	3426626749
	3426626750
	3426626751
	3426626752
	3426626753
	3426626754
	3426626755
	3426626756
	3426626757
	3426626758
	3426626759
	3426626760
	3426626761
	3426626762
	3426626763
	3426626764
	3426626765
	3426626766
	3426626767
	3426626768
	3426626769
	3426626770
	3426626771
	3426626772
	3426626773
	3426626774
	3426626775
	3426626776
	3426626777
	3426626778
	3426626779
	3426626780
	3426626781
	3426626782
	3426626783
	3426626784
	3426626785
	3426626786
	3426626787
	3426626788
	3426626789
	3426626790
	3426626791
	3426626792
	3426626793
	3426626794
	3426626795
	3426626796
	3426626797
	3426626798
	3426626799
	3426626800
	3426626801
	3426626802
	3426626803
	3426626804
	3426626805
	3426626806
	3426626807
	3426626808
	3426626809
	3426626810
	3426626811
	3426626812
	3426626813
	3426626814
	3426626815
	3426626816
	3426626817
	3426626818
	3426626819
	3426626820
	3426626821
	3426626822
	3426626823
	3426626824
	3426626825
	3426626826
	3426626827
	3426626828
	3426626829
	3426626830
	3426626831
	3426626832
	3426626833
	3426626834
	3426626835
	3426626836
	3426626837
	3426626838
	3426626839
	3426626840
	3426626841
	3426626842
	3426626843
	3426626844
	3426626845
	3426626846
	3426626847
	3426626848
	3426626849
	3426626850
	3426626851
	3426626852
	3426626853
	3426626854
	3426626855
	3426626856
	3426626857
	3426626858
	3426626859
	3426626860
	3426626861
	3426626862
	3426626863
	3426626864
	3426626865
	3426626866
	3426626867
	3426626868
	3426626869
	3426626870
	3426626871
	3426626872
	3426626873
	3426626874
	3426626875
	3426626876
	3426626877
	3426626878
	3426626879
	3426626880
	3426626881
	3426626882
	3426626883
	3426626884
	3426626885
	3426626886
	3426626887
	3426626888
	3426626889
	3426626890
	3426626891
	3426626892
	3426626893
	3426626894
	3426626895
	3426626896
	3426626897
	3426626898
	3426626899
	3426626900
	3426626901
	3426626902
	3426626903
	3426626904
	3426626905
	3426626906
	3426626907
	3426626908
	3426626909
	3426626910
	3426626911
	3426626912
	3426626913
	3426626914
	3426626915
	3426626916
	3426626917
	3426626918
	3426626919
	3426626920
	3426626921
	3426626922
	3426626923
	3426626924
	3426626925
	3426626926
	3426626927
	3426626928
	3426626929
	3426626930
	3426626931
	3426626932
	3426626933
	3426626934
	3426626935
	3426626936
	3426626937
	3426626938
	3426626939
	3426626940
	3426626941
	3426626942
	3426626943
	3426626944
	3426626945
	3426626946
	3426626947
	3426626948
	3426626949
	3426626950
	3426626951
	3426626952
	3426626953
	3426626954
	3426626955
	3426626956
	3426626957
	3426626958
	3426626959
	3426626960
	3426626961
	3426626962
	3426626963
	3426626964
	3426626965
	3426626966
	3426626967
	3426626968
	3426626969
	3426626970
	3426626971
	3426626972
	3426626973
	3426626974
	3426626975
	3426626976
	3426626977
	3426626978
	3426626979
	3426626980
	3426626981
	3426626982
	3426626983
	3426626984
	3426626985
	3426626986
	3426626987
	3426626988
	3426626989
	3426626990
	3426626991
	3426626992
	3426626993
	3426626994
	3426626995
	3426626996
	3426626997
	3426626998
	3426626999
	3426627000
	3426627001
	3426627002
	3426627003
	3426627004
	3426627005
	3426627006
	3426627007
	3426627008
	3426627009
	3426627010
	3426627011
	3426627012
	3426627013
	3426627014
	3426627015
	3426627016
	3426627017
	3426627018
	3426627019
	3426627020
	3426627021
	3426627022
	3426627023
	3426627024
	3426627025
	3426627026
	3426627027
	3426627028
	3426627029
	3426627030
	3426627031
	3426627032
	3426627033
	3426627034
	3426627035
	3426627036
	3426627037
	3426627038
	3426627039
	3426627040
	3426627041
	3426627042
	3426627043
	3426627044
	3426627045
	3426627046
	3426627047
	3426627048
	3426627049
	3426627050
	3426627051
	3426627052
	3426627053
	3426627054
	3426627055
	3426627056
	3426627057
	3426627058
	3426627059
	3426627060
	3426627061
	3426627062
	3426627063
	3426627064
	3426627065
	3426627066
	3426627067
	3426627068
	3426627069
	3426627070
	3426627071
	3426627072
	3426627073
	3426627074
	3426627075
	3426627076
	3426627077
	3426627078
	3426627079
	3426627080
	3426627081
	3426627082
	3426627083
	3426627084
	3426627085
	3426627086
	3426627087
	3426627088
	3426627089
	3426627090
	3426627091
	3426627092
	3426627093
	3426627094
	3426627095
	3426627096
	3426627097
	3426627098
	3426627099
	3426627100
	3426627101
	3426627102
	3426627103
	3426627104
	3426627105
	3426627106
	3426627107
	3426627108
	3426627109
	3426627110
	3426627111
	3426627112
	3426627113
	3426627114
	3426627115
	3426627116
	3426627117
	3426627118
	3426627119
	3426627120
	3426627121
	3426627122
	3426627123
	3426627124
	3426627125
	3426627126
	3426627127
	3426627128
	3426627129
	3426627130
	3426627131
	3426627132
	3426627133
	3426627134
	3426627135
	3426627136
	3426627137
	3426627138
	3426627139
	3426627140
	3426627141
	3426627142
	3426627143
	3426627144
	3426627145
	3426627146
	3426627147
	3426627148
	3426627149
	3426627150
	3426627151
	3426627152
	3426627153
	3426627154
	3426627155
	3426627156
	3426627157
	3426627158
	3426627159
	3426627160
	3426627161
	3426627162
	3426627163
	3426627164
	3426627165
	3426627166
	3426627167
	3426627168
	3426627169
	3426627170
	3426627171
	3426627172
	3426627173
	3426627174
	3426627175
	3426627176
	3426627177
	3426627178
	3426627179
	3426627180
	3426627181
	3426627182
	3426627183
	3426627184
	3426627185
	3426627186
	3426627187
	3426627188
	3426627189
	3426627190
	3426627191
	3426627192
	3426627193
	3426627194
	3426627195
	3426627196
	3426627197
	3426627198
	3426627199
	3426627200
	3426627201
	3426627202
	3426627203
	3426627204
	3426627205
	3426627206
	3426627207
	3426627208
	3426627209
	3426627210
	3426627211
	3426627212
	3426627213
	3426627214
	3426627215
	3426627216
	3426627217
	3426627218
	3426627219
	3426627220
	3426627221
	3426627222
	3426627223
	3426627224
	3426627225
	3426627226
	3426627227
	3426627228
	3426627229
	3426627230
	3426627231
	3426627232
	3426627233
	3426627234
	3426627235
	3426627236
	3426627237
	3426627238
	3426627239
	3426627240
	3426627241
	3426627242
	3426627243
	3426627244
	3426627245
	3426627246
	3426627247
	3426627248
	3426627249
	3426627250
	3426627251
	3426627252
	3426627253
	3426627254
	3426627255
	3426627256
	3426627257
	3426627258
	3426627259
	3426627260
	3426627261
	3426627262
	3426627263
	3426627264
	3426627265
	3426627266
	3426627267
	3426627268
	3426627269
	3426627270
	3426627271
	3426627272
	3426627273
	3426627274
	3426627275
	3426627276
	3426627277
	3426627278
	3426627279
	3426627280
	3426627281
	3426627282
	3426627283
	3426627284
	3426627285
	3426627286
	3426627287
	3426627288
	3426627289
	3426627290
	3426627291
	3426627292
	3426627293
	3426627294
	3426627295
	3426627296
	3426627297
	3426627298
	3426627299
	3426627300
	3426627301
	3426627302
	3426627303
	3426627304
	3426627305
	3426627306
	3426627307
	3426627308
	3426627309
	3426627310
	3426627311
	3426627312
	3426627313
	3426627314
	3426627315
	3426627316
	3426627317
	3426627318
	3426627319
	3426627320
	3426627321
	3426627322
	3426627323
	3426627324
	3426627325
	3426627326
	3426627327
	3426627328
	3426627329
	3426627330
	3426627331
	3426627332
	3426627333
	3426627334
	3426627335
	3426627336
	3426627337
	3426627338
	3426627339
	3426627340
	3426627341
	3426627342
	3426627343
	3426627344
	3426627345
	3426627346
	3426627347
	3426627348
	3426627349
	3426627350
	3426627351
	3426627352
	3426627353
	3426627354
	3426627355
	3426627356
	3426627357
	3426627358
	3426627359
	3426627360
	3426627361
	3426627362
	3426627363
	3426627364
	3426627365
	3426627366
	3426627367
	3426627368
	3426627369
	3426627370
	3426627371
	3426627372
	3426627373
	3426627374
	3426627375
	3426627376
	3426627377
	3426627378
	3426627379
	3426627380
	3426627381
	3426627382
	3426627383
	3426627384
	3426627385
	3426627386
	3426627387
	3426627388
	3426627389
	3426627390
	3426627391
	3426627392
	3426627393
	3426627394
	3426627395
	3426627396
	3426627397
	3426627398
	3426627399
	3426627400
	3426627401
	3426627402
	3426627403
	3426627404
	3426627405
	3426627406
	3426627407
	3426627408
	3426627409
	3426627410
	3426627411
	3426627412
	3426627413
	3426627414
	3426627415
	3426627416
	3426627417
	3426627418
	3426627419
	3426627420
	3426627421
	3426627422
	3426627423
	3426627424
	3426627425
	3426627426
	3426627427
	3426627428
	3426627429
	3426627430
	3426627431
	3426627432
	3426627433
	3426627434
	3426627435
	3426627436
	3426627437
	3426627438
	3426627439
	3426627440
	3426627441
	3426627442
	3426627443
	3426627444
	3426627445
	3426627446
	3426627447
	3426627448
	3426627449
	3426627450
	3426627451
	3426627452
	3426627453
	3426627454
	3426627455
	3426627456
	3426627457
	3426627458
	3426627459
	3426627460
	3426627461
	3426627462
	3426627463
	3426627464
	3426627465
	3426627466
	3426627467
	3426627468
	3426627469
	3426627470
	3426627471
	3426627472
	3426627473
	3426627474
	3426627475
	3426627476
	3426627477
	3426627478
	3426627479
	3426627480
	3426627481
	3426627482
	3426627483
	3426627484
	3426627485
	3426627486
	3426627487
	3426627488
	3426627489
	3426627490
	3426627491
	3426627492
	3426627493
	3426627494
	3426627495
	3426627496
	3426627497
	3426627498
	3426627499
	3426627500
	3426627501
	3426627502
	3426627503
	3426627504
	3426627505
	3426627506
	3426627507
	3426627508
	3426627509
	3426627510
	3426627511
	3426627512
	3426627513
	3426627514
	3426627515
	3426627516
	3426627517
	3426627518
	3426627519
	3426627520
	3426627521
	3426627522
	3426627523
	3426627524
	3426627525
	3426627526
	3426627527
	3426627528
	3426627529
	3426627530
	3426627531
	3426627532
	3426627533
	3426627534
	3426627535
	3426627536
	3426627537
	3426627538
	3426627539
	3426627540
	3426627541
	3426627542
	3426627543
	3426627544
	3426627545
	3426627546
	3426627547
	3426627548
	3426627549
	3426627550
	3426627551
	3426627552
	3426627553
	3426627554
	3426627555
	3426627556
	3426627557
	3426627558
	3426627559
	3426627560
	3426627561
	3426627562
	3426627563
	3426627564
	3426627565
	3426627566
	3426627567
	3426627568
	3426627569
	3426627570
	3426627571
	3426627572
	3426627573
	3426627574
	3426627575
	3426627576
	3426627577
	3426627578
	3426627579
	3426627580
	3426627581
	3426627582
	3426627583
	3426627584
	3426627585
	3426627586
	3426627587
	3426627588
	3426627589
	3426627590
	3426627591
	3426627592
	3426627593
	3426627594
	3426627595
	3426627596
	3426627597
	3426627598
	3426627599
	3426627600
	3426627601
	3426627602
	3426627603
	3426627604
	3426627605
	3426627606
	3426627607
	3426627608
	3426627609
	3426627610
	3426627611
	3426627612
	3426627613
	3426627614
	3426627615
	3426627616
	3426627617
	3426627618
	3426627619
	3426627620
	3426627621
	3426627622
	3426627623
	3426627624
	3426627625
	3426627626
	3426627627
	3426627628
	3426627629
	3426627630
	3426627631
	3426627632
	3426627633
	3426627634
	3426627635
	3426627636
	3426627637
	3426627638
	3426627639
	3426627640
	3426627641
	3426627642
	3426627643
	3426627644
	3426627645
	3426627646
	3426627647
	3426627648
	3426627649
	3426627650
	3426627651
	3426627652
	3426627653
	3426627654
	3426627655
	3426627656
	3426627657
	3426627658
	3426627659
	3426627660
	3426627661
	3426627662
	3426627663
	3426627664
	3426627665
	3426627666
	3426627667
	3426627668
	3426627669
	3426627670
	3426627671
	3426627672
	3426627673
	3426627674
	3426627675
	3426627676
	3426627677
	3426627678
	3426627679
	3426627680
	3426627681
	3426627682
	3426627683
	3426627684
	3426627685
	3426627686
	3426627687
	3426627688
	3426627689
	3426627690
	3426627691
	3426627692
	3426627693
	3426627694
	3426627695
	3426627696
	3426627697
	3426627698
	3426627699
	3426627700
	3426627701
	3426627702
	3426627703
	3426627704
	3426627705
	3426627706
	3426627707
	3426627708
	3426627709
	3426627710
	3426627711
	3426627712
	3426627713
	3426627714
	3426627715
	3426627716
	3426627717
	3426627718
	3426627719
	3426627720
	3426627721
	3426627722
	3426627723
	3426627724
	3426627725
	3426627726
	3426627727
	3426627728
	3426627729
	3426627730
	3426627731
	3426627732
	3426627733
	3426627734
	3426627735
	3426627736
	3426627737
	3426627738
	3426627739
	3426627740
	3426627741
	3426627742
	3426627743
	3426627744
	3426627745
	3426627746
	3426627747
	3426627748
	3426627749
	3426627750
	3426627751
	3426627752
	3426627753
	3426627754
	3426627755
	3426627756
	3426627757
	3426627758
	3426627759
	3426627760
	3426627761
	3426627762
	3426627763
	3426627764
	3426627765
	3426627766
	3426627767
	3426627768
	3426627769
	3426627770
	3426627771
	3426627772
	3426627773
	3426627774
	3426627775
	3426627776
	3426627777
	3426627778
	3426627779
	3426627780
	3426627781
	3426627782
	3426627783
	3426627784
	3426627785
	3426627786
	3426627787
	3426627788
	3426627789
	3426627790
	3426627791
	3426627792
	3426627793
	3426627794
	3426627795
	3426627796
	3426627797
	3426627798
	3426627799
	3426627800
	3426627801
	3426627802
	3426627803
	3426627804
	3426627805
	3426627806
	3426627807
	3426627808
	3426627809
	3426627810
	3426627811
	3426627812
	3426627813
	3426627814
	3426627815
	3426627816
	3426627817
	3426627818
	3426627819
	3426627820
	3426627821
	3426627822
	3426627823
	3426627824
	3426627825
	3426627826
	3426627827
	3426627828
	3426627829
	3426627830
	3426627831
	3426627832
	3426627833
	3426627834
	3426627835
	3426627836
	3426627837
	3426627838
	3426627839
	3426627840
	3426627841
	3426627842
	3426627843
	3426627844
	3426627845
	3426627846
	3426627847
	3426627848
	3426627849
	3426627850
	3426627851
	3426627852
	3426627853
	3426627854
	3426627855
	3426627856
	3426627857
	3426627858
	3426627859
	3426627860
	3426627861
	3426627862
	3426627863
	3426627864
	3426627865
	3426627866
	3426627867
	3426627868
	3426627869
	3426627870
	3426627871
	3426627872
	3426627873
	3426627874
	3426627875
	3426627876
	3426627877
	3426627878
	3426627879
	3426627880
	3426627881
	3426627882
	3426627883
	3426627884
	3426627885
	3426627886
	3426627887
	3426627888
	3426627889
	3426627890
	3426627891
	3426627892
	3426627893
	3426627894
	3426627895
	3426627896
	3426627897
	3426627898
	3426627899
	3426627900
	3426627901
	3426627902
	3426627903
	3426627904
	3426627905
	3426627906
	3426627907
	3426627908
	3426627909
	3426627910
	3426627911
	3426627912
	3426627913
	3426627914
	3426627915
	3426627916
	3426627917
	3426627918
	3426627919
	3426627920
	3426627921
	3426627922
	3426627923
	3426627924
	3426627925
	3426627926
	3426627927
	3426627928
	3426627929
	3426627930
	3426627931
	3426627932
	3426627933
	3426627934
	3426627935
	3426627936
	3426627937
	3426627938
	3426627939
	3426627940
	3426627941
	3426627942
	3426627943
	3426627944
	3426627945
	3426627946
	3426627947
	3426627948
	3426627949
	3426627950
	3426627951
	3426627952
	3426627953
	3426627954
	3426627955
	3426627956
	3426627957
	3426627958
	3426627959
	3426627960
	3426627961
	3426627962
	3426627963
	3426627964
	3426627965
	3426627966
	3426627967
	3426627968
	3426627969
	3426627970
	3426627971
	3426627972
	3426627973
	3426627974
	3426627975
	3426627976
	3426627977
	3426627978
	3426627979
	3426627980
	3426627981
	3426627982
	3426627983
	3426627984
	3426627985
	3426627986
	3426627987
	3426627988
	3426627989
	3426627990
	3426627991
	3426627992
	3426627993
	3426627994
	3426627995
	3426627996
	3426627997
	3426627998
	3426627999
	3426628000
	3426628001
	3426628002
	3426628003
	3426628004
	3426628005
	3426628006
	3426628007
	3426628008
	3426628009
	3426628010
	3426628011
	3426628012
	3426628013
	3426628014
	3426628015
	3426628016
	3426628017
	3426628018
	3426628019
	3426628020
	3426628021
	3426628022
	3426628023
	3426628024
	3426628025
	3426628026
	3426628027
	3426628028
	3426628029
	3426628030
	3426628031
	3426628032
	3426628033
	3426628034
	3426628035
	3426628036
	3426628037
	3426628038
	3426628039
	3426628040
	3426628041
	3426628042
	3426628043
	3426628044
	3426628045
	3426628046
	3426628047
	3426628048
	3426628049
	3426628050
	3426628051
	3426628052
	3426628053
	3426628054
	3426628055
	3426628056
	3426628057
	3426628058
	3426628059
	3426628060
	3426628061
	3426628062
	3426628063
	3426628064
	3426628065
	3426628066
	3426628067
	3426628068
	3426628069
	3426628070
	3426628071
	3426628072
	3426628073
	3426628074
	3426628075
	3426628076
	3426628077
	3426628078
	3426628079
	3426628080
	3426628081
	3426628082
	3426628083
	3426628084
	3426628085
	3426628086
	3426628087
	3426628088
	3426628089
	3426628090
	3426628091
	3426628092
	3426628093
	3426628094
	3426628095
	3426628096
	3426628097
	3426628098
	3426628099
	3426628100
	3426628101
	3426628102
	3426628103
	3426628104
	3426628105
	3426628106
	3426628107
	3426628108
	3426628109
	3426628110
	3426628111
	3426628112
	3426628113
	3426628114
	3426628115
	3426628116
	3426628117
	3426628118
	3426628119
	3426628120
	3426628121
	3426628122
	3426628123
	3426628124
	3426628125
	3426628126
	3426628127
	3426628128
	3426628129
	3426628130
	3426628131
	3426628132
	3426628133
	3426628134
	3426628135
	3426628136
	3426628137
	3426628138
	3426628139
	3426628140
	3426628141
	3426628142
	3426628143
	3426628144
	3426628145
	3426628146
	3426628147
	3426628148
	3426628149
	3426628150
	3426628151
	3426628152
	3426628153
	3426628154
	3426628155
	3426628156
	3426628157
	3426628158
	3426628159
	3426628160
	3426628161
	3426628162
	3426628163
	3426628164
	3426628165
	3426628166
	3426628167
	3426628168
	3426628169
	3426628170
	3426628171
	3426628172
	3426628173
	3426628174
	3426628175
	3426628176
	3426628177
	3426628178
	3426628179
	3426628180
	3426628181
	3426628182
	3426628183
	3426628184
	3426628185
	3426628186
	3426628187
	3426628188
	3426628189
	3426628190
	3426628191
	3426628192
	3426628193
	3426628194
	3426628195
	3426628196
	3426628197
	3426628198
	3426628199
	3426628200
	3426628201
	3426628202
	3426628203
	3426628204
	3426628205
	3426628206
	3426628207
	3426628208
	3426628209
	3426628210
	3426628211
	3426628212
	3426628213
	3426628214
	3426628215
	3426628216
	3426628217
	3426628218
	3426628219
	3426628220
	3426628221
	3426628222
	3426628223
	3426628224
	3426628225
	3426628226
	3426628227
	3426628228
	3426628229
	3426628230
	3426628231
	3426628232
	3426628233
	3426628234
	3426628235
	3426628236
	3426628237
	3426628238
	3426628239
	3426628240
	3426628241
	3426628242
	3426628243
	3426628244
	3426628245
	3426628246
	3426628247
	3426628248
	3426628249
	3426628250
	3426628251
	3426628252
	3426628253
	3426628254
	3426628255
	3426628256
	3426628257
	3426628258
	3426628259
	3426628260
	3426628261
	3426628262
	3426628263
	3426628264
	3426628265
	3426628266
	3426628267
	3426628268
	3426628269
	3426628270
	3426628271
	3426628272
	3426628273
	3426628274
	3426628275
	3426628276
	3426628277
	3426628278
	3426628279
	3426628280
	3426628281
	3426628282
	3426628283
	3426628284
	3426628285
	3426628286
	3426628287
	3426628288
	3426628289
	3426628290
	3426628291
	3426628292
	3426628293
	3426628294
	3426628295
	3426628296
	3426628297
	3426628298
	3426628299
	3426628300
	3426628301
	3426628302
	3426628303
	3426628304
	3426628305
	3426628306
	3426628307
	3426628308
	3426628309
	3426628310
	3426628311
	3426628312
	3426628313
	3426628314
	3426628315
	3426628316
	3426628317
	3426628318
	3426628319
	3426628320
	3426628321
	3426628322
	3426628323
	3426628324
	3426628325
	3426628326
	3426628327
	3426628328
	3426628329
	3426628330
	3426628331
	3426628332
	3426628333
	3426628334
	3426628335
	3426628336
	3426628337
	3426628338
	3426628339
	3426628340
	3426628341
	3426628342
	3426628343
	3426628344
	3426628345
	3426628346
	3426628347
	3426628348
	3426628349
	3426628350
	3426628351
	3426628352
	3426628353
	3426628354
	3426628355
	3426628356
	3426628357
	3426628358
	3426628359
	3426628360
	3426628361
	3426628362
	3426628363
	3426628364
	3426628365
	3426628366
	3426628367
	3426628368
	3426628369
	3426628370
	3426628371
	3426628372
	3426628373
	3426628374
	3426628375
	3426628376
	3426628377
	3426628378
	3426628379
	3426628380
	3426628381
	3426628382
	3426628383
	3426628384
	3426628385
	3426628386
	3426628387
	3426628388
	3426628389
	3426628390
	3426628391
	3426628392
	3426628393
	3426628394
	3426628395
	3426628396
	3426628397
	3426628398
	3426628399
	3426628400
	3426628401
	3426628402
	3426628403
	3426628404
	3426628405
	3426628406
	3426628407
	3426628408
	3426628409
	3426628410
	3426628411
	3426628412
	3426628413
	3426628414
	3426628415
	3426628416
	3426628417
	3426628418
	3426628419
	3426628420
	3426628421
	3426628422
	3426628423
	3426628424
	3426628425
	3426628426
	3426628427
	3426628428
	3426628429
	3426628430
	3426628431
	3426628432
	3426628433
	3426628434
	3426628435
	3426628436
	3426628437
	3426628438
	3426628439
	3426628440
	3426628441
	3426628442
	3426628443
	3426628444
	3426628445
	3426628446
	3426628447
	3426628448
	3426628449
	3426628450
	3426628451
	3426628452
	3426628453
	3426628454
	3426628455
	3426628456
	3426628457
	3426628458
	3426628459
	3426628460
	3426628461
	3426628462
	3426628463
	3426628464
	3426628465
	3426628466
	3426628467
	3426628468
	3426628469
	3426628470
	3426628471
	3426628472
	3426628473
	3426628474
	3426628475
	3426628476
	3426628477
	3426628478
	3426628479
	3426628480
	3426628481
	3426628482
	3426628483
	3426628484
	3426628485
	3426628486
	3426628487
	3426628488
	3426628489
	3426628490
	3426628491
	3426628492
	3426628493
	3426628494
	3426628495
	3426628496
	3426628497
	3426628498
	3426628499
	3426628500
	3426628501
	3426628502
	3426628503
	3426628504
	3426628505
	3426628506
	3426628507
	3426628508
	3426628509
	3426628510
	3426628511
	3426628512
	3426628513
	3426628514
	3426628515
	3426628516
	3426628517
	3426628518
	3426628519
	3426628520
	3426628521
	3426628522
	3426628523
	3426628524
	3426628525
	3426628526
	3426628527
	3426628528
	3426628529
	3426628530
	3426628531
	3426628532
	3426628533
	3426628534
	3426628535
	3426628536
	3426628537
	3426628538
	3426628539
	3426628540
	3426628541
	3426628542
	3426628543
	3426628544
	3426628545
	3426628546
	3426628547
	3426628548
	3426628549
	3426628550
	3426628551
	3426628552
	3426628553
	3426628554
	3426628555
	3426628556
	3426628557
	3426628558
	3426628559
	3426628560
	3426628561
	3426628562
	3426628563
	3426628564
	3426628565
	3426628566
	3426628567
	3426628568
	3426628569
	3426628570
	3426628571
	3426628572
	3426628573
	3426628574
	3426628575
	3426628576
	3426628577
	3426628578
	3426628579
	3426628580
	3426628581
	3426628582
	3426628583
	3426628584
	3426628585
	3426628586
	3426628587
	3426628588
	3426628589
	3426628590
	3426628591
	3426628592
	3426628593
	3426628594
	3426628595
	3426628596
	3426628597
	3426628598
	3426628599
	3426628600
	3426628601
	3426628602
	3426628603
	3426628604
	3426628605
	3426628606
	3426628607
	3426628608
	3426628609
	3426628610
	3426628611
	3426628612
	3426628613
	3426628614
	3426628615
	3426628616
	3426628617
	3426628618
	3426628619
	3426628620
	3426628621
	3426628622
	3426628623
	3426628624
	3426628625
	3426628626
	3426628627
	3426628628
	3426628629
	3426628630
	3426628631
	3426628632
	3426628633
	3426628634
	3426628635
	3426628636
	3426628637
	3426628638
	3426628639
	3426628640
	3426628641
	3426628642
	3426628643
	3426628644
	3426628645
	3426628646
	3426628647
	3426628648
	3426628649
	3426628650
	3426628651
	3426628652
	3426628653
	3426628654
	3426628655
	3426628656
	3426628657
	3426628658
	3426628659
	3426628660
	3426628661
	3426628662
	3426628663
	3426628664
	3426628665
	3426628666
	3426628667
	3426628668
	3426628669
	3426628670
	3426628671
	3426628672
	3426628673
	3426628674
	3426628675
	3426628676
	3426628677
	3426628678
	3426628679
	3426628680
	3426628681
	3426628682
	3426628683
	3426628684
	3426628685
	3426628686
	3426628687
	3426628688
	3426628689
	3426628690
	3426628691
	3426628692
	3426628693
	3426628694
	3426628695
	3426628696
	3426628697
	3426628698
	3426628699
	3426628700
	3426628701
	3426628702
	3426628703
	3426628704
	3426628705
	3426628706
	3426628707
	3426628708
	3426628709
	3426628710
	3426628711
	3426628712
	3426628713
	3426628714
	3426628715
	3426628716
	3426628717
	3426628718
	3426628719
	3426628720
	3426628721
	3426628722
	3426628723
	3426628724
	3426628725
	3426628726
	3426628727
	3426628728
	3426628729
	3426628730
	3426628731
	3426628732
	3426628733
	3426628734
	3426628735
	3426628736
	3426628737
	3426628738
	3426628739
	3426628740
	3426628741
	3426628742
	3426628743
	3426628744
	3426628745
	3426628746
	3426628747
	3426628748
	3426628749
	3426628750
	3426628751
	3426628752
	3426628753
	3426628754
	3426628755
	3426628756
	3426628757
	3426628758
	3426628759
	3426628760
	3426628761
	3426628762
	3426628763
	3426628764
	3426628765
	3426628766
	3426628767
	3426628768
	3426628769
	3426628770
	3426628771
	3426628772
	3426628773
	3426628774
	3426628775
	3426628776
	3426628777
	3426628778
	3426628779
	3426628780
	3426628781
	3426628782
	3426628783
	3426628784
	3426628785
	3426628786
	3426628787
	3426628788
	3426628789
	3426628790
	3426628791
	3426628792
	3426628793
	3426628794
	3426628795
	3426628796
	3426628797
	3426628798
	3426628799
	3426628800
	3426628801
	3426628802
	3426628803
	3426628804
	3426628805
	3426628806
	3426628807
	3426628808
	3426628809
	3426628810
	3426628811
	3426628812
	3426628813
	3426628814
	3426628815
	3426628816
	3426628817
	3426628818
	3426628819
	3426628820
	3426628821
	3426628822
	3426628823
	3426628824
	3426628825
	3426628826
	3426628827
	3426628828
	3426628829
	3426628830
	3426628831
	3426628832
	3426628833
	3426628834
	3426628835
	3426628836
	3426628837
	3426628838
	3426628839
	3426628840
	3426628841
	3426628842
	3426628843
	3426628844
	3426628845
	3426628846
	3426628847
	3426628848
	3426628849
	3426628850
	3426628851
	3426628852
	3426628853
	3426628854
	3426628855
	3426628856
	3426628857
	3426628858
	3426628859
	3426628860
	3426628861
	3426628862
	3426628863
	3426628864
	3426628865
	3426628866
	3426628867
	3426628868
	3426628869
	3426628870
	3426628871
	3426628872
	3426628873
	3426628874
	3426628875
	3426628876
	3426628877
	3426628878
	3426628879
	3426628880
	3426628881
	3426628882
	3426628883
	3426628884
	3426628885
	3426628886
	3426628887
	3426628888
	3426628889
	3426628890
	3426628891
	3426628892
	3426628893
	3426628894
	3426628895
	3426628896
	3426628897
	3426628898
	3426628899
	3426628900
	3426628901
	3426628902
	3426628903
	3426628904
	3426628905
	3426628906
	3426628907
	3426628908
	3426628909
	3426628910
	3426628911
	3426628912
	3426628913
	3426628914
	3426628915
	3426628916
	3426628917
	3426628918
	3426628919
	3426628920
	3426628921
	3426628922
	3426628923
	3426628924
	3426628925
	3426628926
	3426628927
	3426628928
	3426628929
	3426628930
	3426628931
	3426628932
	3426628933
	3426628934
	3426628935
	3426628936
	3426628937
	3426628938
	3426628939
	3426628940
	3426628941
	3426628942
	3426628943
	3426628944
	3426628945
	3426628946
	3426628947
	3426628948
	3426628949
	3426628950
	3426628951
	3426628952
	3426628953
	3426628954
	3426628955
	3426628956
	3426628957
	3426628958
	3426628959
	3426628960
	3426628961
	3426628962
	3426628963
	3426628964
	3426628965
	3426628966
	3426628967
	3426628968
	3426628969
	3426628970
	3426628971
	3426628972
	3426628973
	3426628974
	3426628975
	3426628976
	3426628977
	3426628978
	3426628979
	3426628980
	3426628981
	3426628982
	3426628983
	3426628984
	3426628985
	3426628986
	3426628987
	3426628988
	3426628989
	3426628990
	3426628991
	3426628992
	3426628993
	3426628994
	3426628995
	3426628996
	3426628997
	3426628998
	3426628999
	3426629000
	3426629001
	3426629002
	3426629003
	3426629004
	3426629005
	3426629006
	3426629007
	3426629008
	3426629009
	3426629010
	3426629011
	3426629012
	3426629013
	3426629014
	3426629015
	3426629016
	3426629017
	3426629018
	3426629019
	3426629020
	3426629021
	3426629022
	3426629023
	3426629024
	3426629025
	3426629026
	3426629027
	3426629028
	3426629029
	3426629030
	3426629031
	3426629032
	3426629033
	3426629034
	3426629035
	3426629036
	3426629037
	3426629038
	3426629039
	3426629040
	3426629041
	3426629042
	3426629043
	3426629044
	3426629045
	3426629046
	3426629047
	3426629048
	3426629049
	3426629050
	3426629051
	3426629052
	3426629053
	3426629054
	3426629055
	3426629056
	3426629057
	3426629058
	3426629059
	3426629060
	3426629061
	3426629062
	3426629063
	3426629064
	3426629065
	3426629066
	3426629067
	3426629068
	3426629069
	3426629070
	3426629071
	3426629072
	3426629073
	3426629074
	3426629075
	3426629076
	3426629077
	3426629078
	3426629079
	3426629080
	3426629081
	3426629082
	3426629083
	3426629084
	3426629085
	3426629086
	3426629087
	3426629088
	3426629089
	3426629090
	3426629091
	3426629092
	3426629093
	3426629094
	3426629095
	3426629096
	3426629097
	3426629098
	3426629099
	3426629100
	3426629101
	3426629102
	3426629103
	3426629104
	3426629105
	3426629106
	3426629107
	3426629108
	3426629109
	3426629110
	3426629111
	3426629112
	3426629113
	3426629114
	3426629115
	3426629116
	3426629117
	3426629118
	3426629119
	3426629120
	3426629121
	3426629122
	3426629123
	3426629124
	3426629125
	3426629126
	3426629127
	3426629128
	3426629129
	3426629130
	3426629131
	3426629132
	3426629133
	3426629134
	3426629135
	3426629136
	3426629137
	3426629138
	3426629139
	3426629140
	3426629141
	3426629142
	3426629143
	3426629144
	3426629145
	3426629146
	3426629147
	3426629148
	3426629149
	3426629150
	3426629151
	3426629152
	3426629153
	3426629154
	3426629155
	3426629156
	3426629157
	3426629158
	3426629159
	3426629160
	3426629161
	3426629162
	3426629163
	3426629164
	3426629165
	3426629166
	3426629167
	3426629168
	3426629169
	3426629170
	3426629171
	3426629172
	3426629173
	3426629174
	3426629175
	3426629176
	3426629177
	3426629178
	3426629179
	3426629180
	3426629181
	3426629182
	3426629183
	3426629184
	3426629185
	3426629186
	3426629187
	3426629188
	3426629189
	3426629190
	3426629191
	3426629192
	3426629193
	3426629194
	3426629195
	3426629196
	3426629197
	3426629198
	3426629199
	3426629200
	3426629201
	3426629202
	3426629203
	3426629204
	3426629205
	3426629206
	3426629207
	3426629208
	3426629209
	3426629210
	3426629211
	3426629212
	3426629213
	3426629214
	3426629215
	3426629216
	3426629217
	3426629218
	3426629219
	3426629220
	3426629221
	3426629222
	3426629223
	3426629224
	3426629225
	3426629226
	3426629227
	3426629228
	3426629229
	3426629230
	3426629231
	3426629232
	3426629233
	3426629234
	3426629235
	3426629236
	3426629237
	3426629238
	3426629239
	3426629240
	3426629241
	3426629242
	3426629243
	3426629244
	3426629245
	3426629246
	3426629247
	3426629248
	3426629249
	3426629250
	3426629251
	3426629252
	3426629253
	3426629254
	3426629255
	3426629256
	3426629257
	3426629258
	3426629259
	3426629260
	3426629261
	3426629262
	3426629263
	3426629264
	3426629265
	3426629266
	3426629267
	3426629268
	3426629269
	3426629270
	3426629271
	3426629272
	3426629273
	3426629274
	3426629275
	3426629276
	3426629277
	3426629278
	3426629279
	3426629280
	3426629281
	3426629282
	3426629283
	3426629284
	3426629285
	3426629286
	3426629287
	3426629288
	3426629289
	3426629290
	3426629291
	3426629292
	3426629293
	3426629294
	3426629295
	3426629296
	3426629297
	3426629298
	3426629299
	3426629300
	3426629301
	3426629302
	3426629303
	3426629304
	3426629305
	3426629306
	3426629307
	3426629308
	3426629309
	3426629310
	3426629311
	3426629312
	3426629313
	3426629314
	3426629315
	3426629316
	3426629317
	3426629318
	3426629319
	3426629320
	3426629321
	3426629322
	3426629323
	3426629324
	3426629325
	3426629326
	3426629327
	3426629328
	3426629329
	3426629330
	3426629331
	3426629332
	3426629333
	3426629334
	3426629335
	3426629336
	3426629337
	3426629338
	3426629339
	3426629340
	3426629341
	3426629342
	3426629343
	3426629344
	3426629345
	3426629346
	3426629347
	3426629348
	3426629349
	3426629350
	3426629351
	3426629352
	3426629353
	3426629354
	3426629355
	3426629356
	3426629357
	3426629358
	3426629359
	3426629360
	3426629361
	3426629362
	3426629363
	3426629364
	3426629365
	3426629366
	3426629367
	3426629368
	3426629369
	3426629370
	3426629371
	3426629372
	3426629373
	3426629374
	3426629375
	3426629376
	3426629377
	3426629378
	3426629379
	3426629380
	3426629381
	3426629382
	3426629383
	3426629384
	3426629385
	3426629386
	3426629387
	3426629388
	3426629389
	3426629390
	3426629391
	3426629392
	3426629393
	3426629394
	3426629395
	3426629396
	3426629397
	3426629398
	3426629399
	3426629400
	3426629401
	3426629402
	3426629403
	3426629404
	3426629405
	3426629406
	3426629407
	3426629408
	3426629409
	3426629410
	3426629411
	3426629412
	3426629413
	3426629414
	3426629415
	3426629416
	3426629417
	3426629418
	3426629419
	3426629420
	3426629421
	3426629422
	3426629423
	3426629424
	3426629425
	3426629426
	3426629427
	3426629428
	3426629429
	3426629430
	3426629431
	3426629432
	3426629433
	3426629434
	3426629435
	3426629436
	3426629437
	3426629438
	3426629439
	3426629440
	3426629441
	3426629442
	3426629443
	3426629444
	3426629445
	3426629446
	3426629447
	3426629448
	3426629449
	3426629450
	3426629451
	3426629452
	3426629453
	3426629454
	3426629455
	3426629456
	3426629457
	3426629458
	3426629459
	3426629460
	3426629461
	3426629462
	3426629463
	3426629464
	3426629465
	3426629466
	3426629467
	3426629468
	3426629469
	3426629470
	3426629471
	3426629472
	3426629473
	3426629474
	3426629475
	3426629476
	3426629477
	3426629478
	3426629479
	3426629480
	3426629481
	3426629482
	3426629483
	3426629484
	3426629485
	3426629486
	3426629487
	3426629488
	3426629489
	3426629490
	3426629491
	3426629492
	3426629493
	3426629494
	3426629495
	3426629496
	3426629497
	3426629498
	3426629499
	3426629500
	3426629501
	3426629502
	3426629503
	3426629504
	3426629505
	3426629506
	3426629507
	3426629508
	3426629509
	3426629510
	3426629511
	3426629512
	3426629513
	3426629514
	3426629515
	3426629516
	3426629517
	3426629518
	3426629519
	3426629520
	3426629521
	3426629522
	3426629523
	3426629524
	3426629525
	3426629526
	3426629527
	3426629528
	3426629529
	3426629530
	3426629531
	3426629532
	3426629533
	3426629534
	3426629535
	3426629536
	3426629537
	3426629538
	3426629539
	3426629540
	3426629541
	3426629542
	3426629543
	3426629544
	3426629545
	3426629546
	3426629547
	3426629548
	3426629549
	3426629550
	3426629551
	3426629552
	3426629553
	3426629554
	3426629555
	3426629556
	3426629557
	3426629558
	3426629559
	3426629560
	3426629561
	3426629562
	3426629563
	3426629564
	3426629565
	3426629566
	3426629567
	3426629568
	3426629569
	3426629570
	3426629571
	3426629572
	3426629573
	3426629574
	3426629575
	3426629576
	3426629577
	3426629578
	3426629579
	3426629580
	3426629581
	3426629582
	3426629583
	3426629584
	3426629585
	3426629586
	3426629587
	3426629588
	3426629589
	3426629590
	3426629591
	3426629592
	3426629593
	3426629594
	3426629595
	3426629596
	3426629597
	3426629598
	3426629599
	3426629600
	3426629601
	3426629602
	3426629603
	3426629604
	3426629605
	3426629606
	3426629607
	3426629608
	3426629609
	3426629610
	3426629611
	3426629612
	3426629613
	3426629614
	3426629615
	3426629616
	3426629617
	3426629618
	3426629619
	3426629620
	3426629621
	3426629622
	3426629623
	3426629624
	3426629625
	3426629626
	3426629627
	3426629628
	3426629629
	3426629630
	3426629631
	3426629632
	3426629633
	3426629634
	3426629635
	3426629636
	3426629637
	3426629638
	3426629639
	3426629640
	3426629641
	3426629642
	3426629643
	3426629644
	3426629645
	3426629646
	3426629647
	3426629648
	3426629649
	3426629650
	3426629651
	3426629652
	3426629653
	3426629654
	3426629655
	3426629656
	3426629657
	3426629658
	3426629659
	3426629660
	3426629661
	3426629662
	3426629663
	3426629664
	3426629665
	3426629666
	3426629667
	3426629668
	3426629669
	3426629670
	3426629671
	3426629672
	3426629673
	3426629674
	3426629675
	3426629676
	3426629677
	3426629678
	3426629679
	3426629680
	3426629681
	3426629682
	3426629683
	3426629684
	3426629685
	3426629686
	3426629687
	3426629688
	3426629689
	3426629690
	3426629691
	3426629692
	3426629693
	3426629694
	3426629695
	3426629696
	3426629697
	3426629698
	3426629699
	3426629700
	3426629701
	3426629702
	3426629703
	3426629704
	3426629705
	3426629706
	3426629707
	3426629708
	3426629709
	3426629710
	3426629711
	3426629712
	3426629713
	3426629714
	3426629715
	3426629716
	3426629717
	3426629718
	3426629719
	3426629720
	3426629721
	3426629722
	3426629723
	3426629724
	3426629725
	3426629726
	3426629727
	3426629728
	3426629729
	3426629730
	3426629731
	3426629732
	3426629733
	3426629734
	3426629735
	3426629736
	3426629737
	3426629738
	3426629739
	3426629740
	3426629741
	3426629742
	3426629743
	3426629744
	3426629745
	3426629746
	3426629747
	3426629748
	3426629749
	3426629750
	3426629751
	3426629752
	3426629753
	3426629754
	3426629755
	3426629756
	3426629757
	3426629758
	3426629759
	3426629760
	3426629761
	3426629762
	3426629763
	3426629764
	3426629765
	3426629766
	3426629767
	3426629768
	3426629769
	3426629770
	3426629771
	3426629772
	3426629773
	3426629774
	3426629775
	3426629776
	3426629777
	3426629778
	3426629779
	3426629780
	3426629781
	3426629782
	3426629783
	3426629784
	3426629785
	3426629786
	3426629787
	3426629788
	3426629789
	3426629790
	3426629791
	3426629792
	3426629793
	3426629794
	3426629795
	3426629796
	3426629797
	3426629798
	3426629799
	3426629800
	3426629801
	3426629802
	3426629803
	3426629804
	3426629805
	3426629806
	3426629807
	3426629808
	3426629809
	3426629810
	3426629811
	3426629812
	3426629813
	3426629814
	3426629815
	3426629816
	3426629817
	3426629818
	3426629819
	3426629820
	3426629821
	3426629822
	3426629823
	3426629824
	3426629825
	3426629826
	3426629827
	3426629828
	3426629829
	3426629830
	3426629831
	3426629832
	3426629833
	3426629834
	3426629835
	3426629836
	3426629837
	3426629838
	3426629839
	3426629840
	3426629841
	3426629842
	3426629843
	3426629844
	3426629845
	3426629846
	3426629847
	3426629848
	3426629849
	3426629850
	3426629851
	3426629852
	3426629853
	3426629854
	3426629855
	3426629856
	3426629857
	3426629858
	3426629859
	3426629860
	3426629861
	3426629862
	3426629863
	3426629864
	3426629865
	3426629866
	3426629867
	3426629868
	3426629869
	3426629870
	3426629871
	3426629872
	3426629873
	3426629874
	3426629875
	3426629876
	3426629877
	3426629878
	3426629879
	3426629880
	3426629881
	3426629882
	3426629883
	3426629884
	3426629885
	3426629886
	3426629887
	3426629888
	3426629889
	3426629890
	3426629891
	3426629892
	3426629893
	3426629894
	3426629895
	3426629896
	3426629897
	3426629898
	3426629899
	3426629900
	3426629901
	3426629902
	3426629903
	3426629904
	3426629905
	3426629906
	3426629907
	3426629908
	3426629909
	3426629910
	3426629911
	3426629912
	3426629913
	3426629914
	3426629915
	3426629916
	3426629917
	3426629918
	3426629919
	3426629920
	3426629921
	3426629922
	3426629923
	3426629924
	3426629925
	3426629926
	3426629927
	3426629928
	3426629929
	3426629930
	3426629931
	3426629932
	3426629933
	3426629934
	3426629935
	3426629936
	3426629937
	3426629938
	3426629939
	3426629940
	3426629941
	3426629942
	3426629943
	3426629944
	3426629945
	3426629946
	3426629947
	3426629948
	3426629949
	3426629950
	3426629951
	3426629952
	3426629953
	3426629954
	3426629955
	3426629956
	3426629957
	3426629958
	3426629959
	3426629960
	3426629961
	3426629962
	3426629963
	3426629964
	3426629965
	3426629966
	3426629967
	3426629968
	3426629969
	3426629970
	3426629971
	3426629972
	3426629973
	3426629974
	3426629975
	3426629976
	3426629977
	3426629978
	3426629979
	3426629980
	3426629981
	3426629982
	3426629983
	3426629984
	3426629985
	3426629986
	3426629987
	3426629988
	3426629989
	3426629990
	3426629991
	3426629992
	3426629993
	3426629994
	3426629995
	3426629996
	3426629997
	3426629998
	3426629999
	3426630000
	3426630001
	3426630002
	3426630003
	3426630004
	3426630005
	3426630006
	3426630007
	3426630008
	3426630009
	3426630010
	3426630011
	3426630012
	3426630013
	3426630014
	3426630015
	3426630016
	3426630017
	3426630018
	3426630019
	3426630020
	3426630021
	3426630022
	3426630023
	3426630024
	3426630025
	3426630026
	3426630027
	3426630028
	3426630029
	3426630030
	3426630031
	3426630032
	3426630033
	3426630034
	3426630035
	3426630036
	3426630037
	3426630038
	3426630039
	3426630040
	3426630041
	3426630042
	3426630043
	3426630044
	3426630045
	3426630046
	3426630047
	3426630048
	3426630049
	3426630050
	3426630051
	3426630052
	3426630053
	3426630054
	3426630055
	3426630056
	3426630057
	3426630058
	3426630059
	3426630060
	3426630061
	3426630062
	3426630063
	3426630064
	3426630065
	3426630066
	3426630067
	3426630068
	3426630069
	3426630070
	3426630071
	3426630072
	3426630073
	3426630074
	3426630075
	3426630076
	3426630077
	3426630078
	3426630079
	3426630080
	3426630081
	3426630082
	3426630083
	3426630084
	3426630085
	3426630086
	3426630087
	3426630088
	3426630089
	3426630090
	3426630091
	3426630092
	3426630093
	3426630094
	3426630095
	3426630096
	3426630097
	3426630098
	3426630099
	3426630100
	3426630101
	3426630102
	3426630103
	3426630104
	3426630105
	3426630106
	3426630107
	3426630108
	3426630109
	3426630110
	3426630111
	3426630112
	3426630113
	3426630114
	3426630115
	3426630116
	3426630117
	3426630118
	3426630119
	3426630120
	3426630121
	3426630122
	3426630123
	3426630124
	3426630125
	3426630126
	3426630127
	3426630128
	3426630129
	3426630130
	3426630131
	3426630132
	3426630133
	3426630134
	3426630135
	3426630136
	3426630137
	3426630138
	3426630139
	3426630140
	3426630141
	3426630142
	3426630143
	3426630144
	3426630145
	3426630146
	3426630147
	3426630148
	3426630149
	3426630150
	3426630151
	3426630152
	3426630153
	3426630154
	3426630155
	3426630156
	3426630157
	3426630158
	3426630159
	3426630160
	3426630161
	3426630162
	3426630163
	3426630164
	3426630165
	3426630166
	3426630167
	3426630168
	3426630169
	3426630170
	3426630171
	3426630172
	3426630173
	3426630174
	3426630175
	3426630176
	3426630177
	3426630178
	3426630179
	3426630180
	3426630181
	3426630182
	3426630183
	3426630184
	3426630185
	3426630186
	3426630187
	3426630188
	3426630189
	3426630190
	3426630191
	3426630192
	3426630193
	3426630194
	3426630195
	3426630196
	3426630197
	3426630198
	3426630199
	3426630200
	3426630201
	3426630202
	3426630203
	3426630204
	3426630205
	3426630206
	3426630207
	3426630208
	3426630209
	3426630210
	3426630211
	3426630212
	3426630213
	3426630214
	3426630215
	3426630216
	3426630217
	3426630218
	3426630219
	3426630220
	3426630221
	3426630222
	3426630223
	3426630224
	3426630225
	3426630226
	3426630227
	3426630228
	3426630229
	3426630230
	3426630231
	3426630232
	3426630233
	3426630234
	3426630235
	3426630236
	3426630237
	3426630238
	3426630239
	3426630240
	3426630241
	3426630242
	3426630243
	3426630244
	3426630245
	3426630246
	3426630247
	3426630248
	3426630249
	3426630250
	3426630251
	3426630252
	3426630253
	3426630254
	3426630255
	3426630256
	3426630257
	3426630258
	3426630259
	3426630260
	3426630261
	3426630262
	3426630263
	3426630264
	3426630265
	3426630266
	3426630267
	3426630268
	3426630269
	3426630270
	3426630271
	3426630272
	3426630273
	3426630274
	3426630275
	3426630276
	3426630277
	3426630278
	3426630279
	3426630280
	3426630281
	3426630282
	3426630283
	3426630284
	3426630285
	3426630286
	3426630287
	3426630288
	3426630289
	3426630290
	3426630291
	3426630292
	3426630293
	3426630294
	3426630295
	3426630296
	3426630297
	3426630298
	3426630299
	3426630300
	3426630301
	3426630302
	3426630303
	3426630304
	3426630305
	3426630306
	3426630307
	3426630308
	3426630309
	3426630310
	3426630311
	3426630312
	3426630313
	3426630314
	3426630315
	3426630316
	3426630317
	3426630318
