	3426768838
	3426768839
	3426768840
	3426768841
	3426768842
	3426768843
	3426768844
	3426768845
	3426768846
	3426768847
	3426768848
	3426768849
	3426768850
	3426768851
	3426768852
	3426768853
	3426768854
	3426768855
	3426768856
	3426768857
	3426768858
	3426768859
	3426768860
	3426768861
	3426768862
	3426768863
	3426768864
	3426768865
	3426768866
	3426768867
	3426768868
	3426768869
	3426768870
	3426768871
	3426768872
	3426768873
	3426768874
	3426768875
	3426768876
	3426768877
	3426768878
	3426768879
	3426768880
	3426768881
	3426768882
	3426768883
	3426768884
	3426768885
	3426768886
	3426768887
	3426768888
	3426768889
	3426768890
	3426768891
	3426768892
	3426768893
	3426768894
	3426768895
	3426768896
	3426768897
	3426768898
	3426768899
	3426768900
	3426768901
	3426768902
	3426768903
	3426768904
	3426768905
	3426768906
	3426768907
	3426768908
	3426768909
	3426768910
	3426768911
	3426768912
	3426768913
	3426768914
	3426768915
	3426768916
	3426768917
	3426768918
	3426768919
	3426768920
	3426768921
	3426768922
	3426768923
	3426768924
	3426768925
	3426768926
	3426768927
	3426768928
	3426768929
	3426768930
	3426768931
	3426768932
	3426768933
	3426768934
	3426768935
	3426768936
	3426768937
	3426768938
	3426768939
	3426768940
	3426768941
	3426768942
	3426768943
	3426768944
	3426768945
	3426768946
	3426768947
	3426768948
	3426768949
	3426768950
	3426768951
	3426768952
	3426768953
	3426768954
	3426768955
	3426768956
	3426768957
	3426768958
	3426768959
	3426768960
	3426768961
	3426768962
	3426768963
	3426768964
	3426768965
	3426768966
	3426768967
	3426768968
	3426768969
	3426768970
	3426768971
	3426768972
	3426768973
	3426768974
	3426768975
	3426768976
	3426768977
	3426768978
	3426768979
	3426768980
	3426768981
	3426768982
	3426768983
	3426768984
	3426768985
	3426768986
	3426768987
	3426768988
	3426768989
	3426768990
	3426768991
	3426768992
	3426768993
	3426768994
	3426768995
	3426768996
	3426768997
	3426768998
	3426768999
	3426769000
	3426769001
	3426769002
	3426769003
	3426769004
	3426769005
	3426769006
	3426769007
	3426769008
	3426769009
	3426769010
	3426769011
	3426769012
	3426769013
	3426769014
	3426769015
	3426769016
	3426769017
	3426769018
	3426769019
	3426769020
	3426769021
	3426769022
	3426769023
	3426769024
	3426769025
	3426769026
	3426769027
	3426769028
	3426769029
	3426769030
	3426769031
	3426769032
	3426769033
	3426769034
	3426769035
	3426769036
	3426769037
	3426769038
	3426769039
	3426769040
	3426769041
	3426769042
	3426769043
	3426769044
	3426769045
	3426769046
	3426769047
	3426769048
	3426769049
	3426769050
	3426769051
	3426769052
	3426769053
	3426769054
	3426769055
	3426769056
	3426769057
	3426769058
	3426769059
	3426769060
	3426769061
	3426769062
	3426769063
	3426769064
	3426769065
	3426769066
	3426769067
	3426769068
	3426769069
	3426769070
	3426769071
	3426769072
	3426769073
	3426769074
	3426769075
	3426769076
	3426769077
	3426769078
	3426769079
	3426769080
	3426769081
	3426769082
	3426769083
	3426769084
	3426769085
	3426769086
	3426769087
	3426769088
	3426769089
	3426769090
	3426769091
	3426769092
	3426769093
	3426769094
	3426769095
	3426769096
	3426769097
	3426769098
	3426769099
	3426769100
	3426769101
	3426769102
	3426769103
	3426769104
	3426769105
	3426769106
	3426769107
	3426769108
	3426769109
	3426769110
	3426769111
	3426769112
	3426769113
	3426769114
	3426769115
	3426769116
	3426769117
	3426769118
	3426769119
	3426769120
	3426769121
	3426769122
	3426769123
	3426769124
	3426769125
	3426769126
	3426769127
	3426769128
	3426769129
	3426769130
	3426769131
	3426769132
	3426769133
	3426769134
	3426769135
	3426769136
	3426769137
	3426769138
	3426769139
	3426769140
	3426769141
	3426769142
	3426769143
	3426769144
	3426769145
	3426769146
	3426769147
	3426769148
	3426769149
	3426769150
	3426769151
	3426769152
	3426769153
	3426769154
	3426769155
	3426769156
	3426769157
	3426769158
	3426769159
	3426769160
	3426769161
	3426769162
	3426769163
	3426769164
	3426769165
	3426769166
	3426769167
	3426769168
	3426769169
	3426769170
	3426769171
	3426769172
	3426769173
	3426769174
	3426769175
	3426769176
	3426769177
	3426769178
	3426769179
	3426769180
	3426769181
	3426769182
	3426769183
	3426769184
	3426769185
	3426769186
	3426769187
	3426769188
	3426769189
	3426769190
	3426769191
	3426769192
	3426769193
	3426769194
	3426769195
	3426769196
	3426769197
	3426769198
	3426769199
	3426769200
	3426769201
	3426769202
	3426769203
	3426769204
	3426769205
	3426769206
	3426769207
	3426769208
	3426769209
	3426769210
	3426769211
	3426769212
	3426769213
	3426769214
	3426769215
	3426769216
	3426769217
	3426769218
	3426769219
	3426769220
	3426769221
	3426769222
	3426769223
	3426769224
	3426769225
	3426769226
	3426769227
	3426769228
	3426769229
	3426769230
	3426769231
	3426769232
	3426769233
	3426769234
	3426769235
	3426769236
	3426769237
	3426769238
	3426769239
	3426769240
	3426769241
	3426769242
	3426769243
	3426769244
	3426769245
	3426769246
	3426769247
	3426769248
	3426769249
	3426769250
	3426769251
	3426769252
	3426769253
	3426769254
	3426769255
	3426769256
	3426769257
	3426769258
	3426769259
	3426769260
	3426769261
	3426769262
	3426769263
	3426769264
	3426769265
	3426769266
	3426769267
	3426769268
	3426769269
	3426769270
	3426769271
	3426769272
	3426769273
	3426769274
	3426769275
	3426769276
	3426769277
	3426769278
	3426769279
	3426769280
	3426769281
	3426769282
	3426769283
	3426769284
	3426769285
	3426769286
	3426769287
	3426769288
	3426769289
	3426769290
	3426769291
	3426769292
	3426769293
	3426769294
	3426769295
	3426769296
	3426769297
	3426769298
	3426769299
	3426769300
	3426769301
	3426769302
	3426769303
	3426769304
	3426769305
	3426769306
	3426769307
	3426769308
	3426769309
	3426769310
	3426769311
	3426769312
	3426769313
	3426769314
	3426769315
	3426769316
	3426769317
	3426769318
	3426769319
	3426769320
	3426769321
	3426769322
	3426769323
	3426769324
	3426769325
	3426769326
	3426769327
	3426769328
	3426769329
	3426769330
	3426769331
	3426769332
	3426769333
	3426769334
	3426769335
	3426769336
	3426769337
	3426769338
	3426769339
	3426769340
	3426769341
	3426769342
	3426769343
	3426769344
	3426769345
	3426769346
	3426769347
	3426769348
	3426769349
	3426769350
	3426769351
	3426769352
	3426769353
	3426769354
	3426769355
	3426769356
	3426769357
	3426769358
	3426769359
	3426769360
	3426769361
	3426769362
	3426769363
	3426769364
	3426769365
	3426769366
	3426769367
	3426769368
	3426769369
	3426769370
	3426769371
	3426769372
	3426769373
	3426769374
	3426769375
	3426769376
	3426769377
	3426769378
	3426769379
	3426769380
	3426769381
	3426769382
	3426769383
	3426769384
	3426769385
	3426769386
	3426769387
	3426769388
	3426769389
	3426769390
	3426769391
	3426769392
	3426769393
	3426769394
	3426769395
	3426769396
	3426769397
	3426769398
	3426769399
	3426769400
	3426769401
	3426769402
	3426769403
	3426769404
	3426769405
	3426769406
	3426769407
	3426769408
	3426769409
	3426769410
	3426769411
	3426769412
	3426769413
	3426769414
	3426769415
	3426769416
	3426769417
	3426769418
	3426769419
	3426769420
	3426769421
	3426769422
	3426769423
	3426769424
	3426769425
	3426769426
	3426769427
	3426769428
	3426769429
	3426769430
	3426769431
	3426769432
	3426769433
	3426769434
	3426769435
	3426769436
	3426769437
	3426769438
	3426769439
	3426769440
	3426769441
	3426769442
	3426769443
	3426769444
	3426769445
	3426769446
	3426769447
	3426769448
	3426769449
	3426769450
	3426769451
	3426769452
	3426769453
	3426769454
	3426769455
	3426769456
	3426769457
	3426769458
	3426769459
	3426769460
	3426769461
	3426769462
	3426769463
	3426769464
	3426769465
	3426769466
	3426769467
	3426769468
	3426769469
	3426769470
	3426769471
	3426769472
	3426769473
	3426769474
	3426769475
	3426769476
	3426769477
	3426769478
	3426769479
	3426769480
	3426769481
	3426769482
	3426769483
	3426769484
	3426769485
	3426769486
	3426769487
	3426769488
	3426769489
	3426769490
	3426769491
	3426769492
	3426769493
	3426769494
	3426769495
	3426769496
	3426769497
	3426769498
	3426769499
	3426769500
	3426769501
	3426769502
	3426769503
	3426769504
	3426769505
	3426769506
	3426769507
	3426769508
	3426769509
	3426769510
	3426769511
	3426769512
	3426769513
	3426769514
	3426769515
	3426769516
	3426769517
	3426769518
	3426769519
	3426769520
	3426769521
	3426769522
	3426769523
	3426769524
	3426769525
	3426769526
	3426769527
	3426769528
	3426769529
	3426769530
	3426769531
	3426769532
	3426769533
	3426769534
	3426769535
	3426769536
	3426769537
	3426769538
	3426769539
	3426769540
	3426769541
	3426769542
	3426769543
	3426769544
	3426769545
	3426769546
	3426769547
	3426769548
	3426769549
	3426769550
	3426769551
	3426769552
	3426769553
	3426769554
	3426769555
	3426769556
	3426769557
	3426769558
	3426769559
	3426769560
	3426769561
	3426769562
	3426769563
	3426769564
	3426769565
	3426769566
	3426769567
	3426769568
	3426769569
	3426769570
	3426769571
	3426769572
	3426769573
	3426769574
	3426769575
	3426769576
	3426769577
	3426769578
	3426769579
	3426769580
	3426769581
	3426769582
	3426769583
	3426769584
	3426769585
	3426769586
	3426769587
	3426769588
	3426769589
	3426769590
	3426769591
	3426769592
	3426769593
	3426769594
	3426769595
	3426769596
	3426769597
	3426769598
	3426769599
	3426769600
	3426769601
	3426769602
	3426769603
	3426769604
	3426769605
	3426769606
	3426769607
	3426769608
	3426769609
	3426769610
	3426769611
	3426769612
	3426769613
	3426769614
	3426769615
	3426769616
	3426769617
	3426769618
	3426769619
	3426769620
	3426769621
	3426769622
	3426769623
	3426769624
	3426769625
	3426769626
	3426769627
	3426769628
	3426769629
	3426769630
	3426769631
	3426769632
	3426769633
	3426769634
	3426769635
	3426769636
	3426769637
	3426769638
	3426769639
	3426769640
	3426769641
	3426769642
	3426769643
	3426769644
	3426769645
	3426769646
	3426769647
	3426769648
	3426769649
	3426769650
	3426769651
	3426769652
	3426769653
	3426769654
	3426769655
	3426769656
	3426769657
	3426769658
	3426769659
	3426769660
	3426769661
	3426769662
	3426769663
	3426769664
	3426769665
	3426769666
	3426769667
	3426769668
	3426769669
	3426769670
	3426769671
	3426769672
	3426769673
	3426769674
	3426769675
	3426769676
	3426769677
	3426769678
	3426769679
	3426769680
	3426769681
	3426769682
	3426769683
	3426769684
	3426769685
	3426769686
	3426769687
	3426769688
	3426769689
	3426769690
	3426769691
	3426769692
	3426769693
	3426769694
	3426769695
	3426769696
	3426769697
	3426769698
	3426769699
	3426769700
	3426769701
	3426769702
	3426769703
	3426769704
	3426769705
	3426769706
	3426769707
	3426769708
	3426769709
	3426769710
	3426769711
	3426769712
	3426769713
	3426769714
	3426769715
	3426769716
	3426769717
	3426769718
	3426769719
	3426769720
	3426769721
	3426769722
	3426769723
	3426769724
	3426769725
	3426769726
	3426769727
	3426769728
	3426769729
	3426769730
	3426769731
	3426769732
	3426769733
	3426769734
	3426769735
	3426769736
	3426769737
	3426769738
	3426769739
	3426769740
	3426769741
	3426769742
	3426769743
	3426769744
	3426769745
	3426769746
	3426769747
	3426769748
	3426769749
	3426769750
	3426769751
	3426769752
	3426769753
	3426769754
	3426769755
	3426769756
	3426769757
	3426769758
	3426769759
	3426769760
	3426769761
	3426769762
	3426769763
	3426769764
	3426769765
	3426769766
	3426769767
	3426769768
	3426769769
	3426769770
	3426769771
	3426769772
	3426769773
	3426769774
	3426769775
	3426769776
	3426769777
	3426769778
	3426769779
	3426769780
	3426769781
	3426769782
	3426769783
	3426769784
	3426769785
	3426769786
	3426769787
	3426769788
	3426769789
	3426769790
	3426769791
	3426769792
	3426769793
	3426769794
	3426769795
	3426769796
	3426769797
	3426769798
	3426769799
	3426769800
	3426769801
	3426769802
	3426769803
	3426769804
	3426769805
	3426769806
	3426769807
	3426769808
	3426769809
	3426769810
	3426769811
	3426769812
	3426769813
	3426769814
	3426769815
	3426769816
	3426769817
	3426769818
	3426769819
	3426769820
	3426769821
	3426769822
	3426769823
	3426769824
	3426769825
	3426769826
	3426769827
	3426769828
	3426769829
	3426769830
	3426769831
	3426769832
	3426769833
	3426769834
	3426769835
	3426769836
	3426769837
	3426769838
	3426769839
	3426769840
	3426769841
	3426769842
	3426769843
	3426769844
	3426769845
	3426769846
	3426769847
	3426769848
	3426769849
	3426769850
	3426769851
	3426769852
	3426769853
	3426769854
	3426769855
	3426769856
	3426769857
	3426769858
	3426769859
	3426769860
	3426769861
	3426769862
	3426769863
	3426769864
	3426769865
	3426769866
	3426769867
	3426769868
	3426769869
	3426769870
	3426769871
	3426769872
	3426769873
	3426769874
	3426769875
	3426769876
	3426769877
	3426769878
	3426769879
	3426769880
	3426769881
	3426769882
	3426769883
	3426769884
	3426769885
	3426769886
	3426769887
	3426769888
	3426769889
	3426769890
	3426769891
	3426769892
	3426769893
	3426769894
	3426769895
	3426769896
	3426769897
	3426769898
	3426769899
	3426769900
	3426769901
	3426769902
	3426769903
	3426769904
	3426769905
	3426769906
	3426769907
	3426769908
	3426769909
	3426769910
	3426769911
	3426769912
	3426769913
	3426769914
	3426769915
	3426769916
	3426769917
	3426769918
	3426769919
	3426769920
	3426769921
	3426769922
	3426769923
	3426769924
	3426769925
	3426769926
	3426769927
	3426769928
	3426769929
	3426769930
	3426769931
	3426769932
	3426769933
	3426769934
	3426769935
	3426769936
	3426769937
	3426769938
	3426769939
	3426769940
	3426769941
	3426769942
	3426769943
	3426769944
	3426769945
	3426769946
	3426769947
	3426769948
	3426769949
	3426769950
	3426769951
	3426769952
	3426769953
	3426769954
	3426769955
	3426769956
	3426769957
	3426769958
	3426769959
	3426769960
	3426769961
	3426769962
	3426769963
	3426769964
	3426769965
	3426769966
	3426769967
	3426769968
	3426769969
	3426769970
	3426769971
	3426769972
	3426769973
	3426769974
	3426769975
	3426769976
	3426769977
	3426769978
	3426769979
	3426769980
	3426769981
	3426769982
	3426769983
	3426769984
	3426769985
	3426769986
	3426769987
	3426769988
	3426769989
	3426769990
	3426769991
	3426769992
	3426769993
	3426769994
	3426769995
	3426769996
	3426769997
	3426769998
	3426769999
	3426770000
	3426770001
	3426770002
	3426770003
	3426770004
	3426770005
	3426770006
	3426770007
	3426770008
	3426770009
	3426770010
	3426770011
	3426770012
	3426770013
	3426770014
	3426770015
	3426770016
	3426770017
	3426770018
	3426770019
	3426770020
	3426770021
	3426770022
	3426770023
	3426770024
	3426770025
	3426770026
	3426770027
	3426770028
	3426770029
	3426770030
	3426770031
	3426770032
	3426770033
	3426770034
	3426770035
	3426770036
	3426770037
	3426770038
	3426770039
	3426770040
	3426770041
	3426770042
	3426770043
	3426770044
	3426770045
	3426770046
	3426770047
	3426770048
	3426770049
	3426770050
	3426770051
	3426770052
	3426770053
	3426770054
	3426770055
	3426770056
	3426770057
	3426770058
	3426770059
	3426770060
	3426770061
	3426770062
	3426770063
	3426770064
	3426770065
	3426770066
	3426770067
	3426770068
	3426770069
	3426770070
	3426770071
	3426770072
	3426770073
	3426770074
	3426770075
	3426770076
	3426770077
	3426770078
	3426770079
	3426770080
	3426770081
	3426770082
	3426770083
	3426770084
	3426770085
	3426770086
	3426770087
	3426770088
	3426770089
	3426770090
	3426770091
	3426770092
	3426770093
	3426770094
	3426770095
	3426770096
	3426770097
	3426770098
	3426770099
	3426770100
	3426770101
	3426770102
	3426770103
	3426770104
	3426770105
	3426770106
	3426770107
	3426770108
	3426770109
	3426770110
	3426770111
	3426770112
	3426770113
	3426770114
	3426770115
	3426770116
	3426770117
	3426770118
	3426770119
	3426770120
	3426770121
	3426770122
	3426770123
	3426770124
	3426770125
	3426770126
	3426770127
	3426770128
	3426770129
	3426770130
	3426770131
	3426770132
	3426770133
	3426770134
	3426770135
	3426770136
	3426770137
	3426770138
	3426770139
	3426770140
	3426770141
	3426770142
	3426770143
	3426770144
	3426770145
	3426770146
	3426770147
	3426770148
	3426770149
	3426770150
	3426770151
	3426770152
	3426770153
	3426770154
	3426770155
	3426770156
	3426770157
	3426770158
	3426770159
	3426770160
	3426770161
	3426770162
	3426770163
	3426770164
	3426770165
	3426770166
	3426770167
	3426770168
	3426770169
	3426770170
	3426770171
	3426770172
	3426770173
	3426770174
	3426770175
	3426770176
	3426770177
	3426770178
	3426770179
	3426770180
	3426770181
	3426770182
	3426770183
	3426770184
	3426770185
	3426770186
	3426770187
	3426770188
	3426770189
	3426770190
	3426770191
	3426770192
	3426770193
	3426770194
	3426770195
	3426770196
	3426770197
	3426770198
	3426770199
	3426770200
	3426770201
	3426770202
	3426770203
	3426770204
	3426770205
	3426770206
	3426770207
	3426770208
	3426770209
	3426770210
	3426770211
	3426770212
	3426770213
	3426770214
	3426770215
	3426770216
	3426770217
	3426770218
	3426770219
	3426770220
	3426770221
	3426770222
	3426770223
	3426770224
	3426770225
	3426770226
	3426770227
	3426770228
	3426770229
	3426770230
	3426770231
	3426770232
	3426770233
	3426770234
	3426770235
	3426770236
	3426770237
	3426770238
	3426770239
	3426770240
	3426770241
	3426770242
	3426770243
	3426770244
	3426770245
	3426770246
	3426770247
	3426770248
	3426770249
	3426770250
	3426770251
	3426770252
	3426770253
	3426770254
	3426770255
	3426770256
	3426770257
	3426770258
	3426770259
	3426770260
	3426770261
	3426770262
	3426770263
	3426770264
	3426770265
	3426770266
	3426770267
	3426770268
	3426770269
	3426770270
	3426770271
	3426770272
	3426770273
	3426770274
	3426770275
	3426770276
	3426770277
	3426770278
	3426770279
	3426770280
	3426770281
	3426770282
	3426770283
	3426770284
	3426770285
	3426770286
	3426770287
	3426770288
	3426770289
	3426770290
	3426770291
	3426770292
	3426770293
	3426770294
	3426770295
	3426770296
	3426770297
	3426770298
	3426770299
	3426770300
	3426770301
	3426770302
	3426770303
	3426770304
	3426770305
	3426770306
	3426770307
	3426770308
	3426770309
	3426770310
	3426770311
	3426770312
	3426770313
	3426770314
	3426770315
	3426770316
	3426770317
	3426770318
	3426770319
	3426770320
	3426770321
	3426770322
	3426770323
	3426770324
	3426770325
	3426770326
	3426770327
	3426770328
	3426770329
	3426770330
	3426770331
	3426770332
	3426770333
	3426770334
	3426770335
	3426770336
	3426770337
	3426770338
	3426770339
	3426770340
	3426770341
	3426770342
	3426770343
	3426770344
	3426770345
	3426770346
	3426770347
	3426770348
	3426770349
	3426770350
	3426770351
	3426770352
	3426770353
	3426770354
	3426770355
	3426770356
	3426770357
	3426770358
	3426770359
	3426770360
	3426770361
	3426770362
	3426770363
	3426770364
	3426770365
	3426770366
	3426770367
	3426770368
	3426770369
	3426770370
	3426770371
	3426770372
	3426770373
	3426770374
	3426770375
	3426770376
	3426770377
	3426770378
	3426770379
	3426770380
	3426770381
	3426770382
	3426770383
	3426770384
	3426770385
	3426770386
	3426770387
	3426770388
	3426770389
	3426770390
	3426770391
	3426770392
	3426770393
	3426770394
	3426770395
	3426770396
	3426770397
	3426770398
	3426770399
	3426770400
	3426770401
	3426770402
	3426770403
	3426770404
	3426770405
	3426770406
	3426770407
	3426770408
	3426770409
	3426770410
	3426770411
	3426770412
	3426770413
	3426770414
	3426770415
	3426770416
	3426770417
	3426770418
	3426770419
	3426770420
	3426770421
	3426770422
	3426770423
	3426770424
	3426770425
	3426770426
	3426770427
	3426770428
	3426770429
	3426770430
	3426770431
	3426770432
	3426770433
	3426770434
	3426770435
	3426770436
	3426770437
	3426770438
	3426770439
	3426770440
	3426770441
	3426770442
	3426770443
	3426770444
	3426770445
	3426770446
	3426770447
	3426770448
	3426770449
	3426770450
	3426770451
	3426770452
	3426770453
	3426770454
	3426770455
	3426770456
	3426770457
	3426770458
	3426770459
	3426770460
	3426770461
	3426770462
	3426770463
	3426770464
	3426770465
	3426770466
	3426770467
	3426770468
	3426770469
	3426770470
	3426770471
	3426770472
	3426770473
	3426770474
	3426770475
	3426770476
	3426770477
	3426770478
	3426770479
	3426770480
	3426770481
	3426770482
	3426770483
	3426770484
	3426770485
	3426770486
	3426770487
	3426770488
	3426770489
	3426770490
	3426770491
	3426770492
	3426770493
	3426770494
	3426770495
	3426770496
	3426770497
	3426770498
	3426770499
	3426770500
	3426770501
	3426770502
	3426770503
	3426770504
	3426770505
	3426770506
	3426770507
	3426770508
	3426770509
	3426770510
	3426770511
	3426770512
	3426770513
	3426770514
	3426770515
	3426770516
	3426770517
	3426770518
	3426770519
	3426770520
	3426770521
	3426770522
	3426770523
	3426770524
	3426770525
	3426770526
	3426770527
	3426770528
	3426770529
	3426770530
	3426770531
	3426770532
	3426770533
	3426770534
	3426770535
	3426770536
	3426770537
	3426770538
	3426770539
	3426770540
	3426770541
	3426770542
	3426770543
	3426770544
	3426770545
	3426770546
	3426770547
	3426770548
	3426770549
	3426770550
	3426770551
	3426770552
	3426770553
	3426770554
	3426770555
	3426770556
	3426770557
	3426770558
	3426770559
	3426770560
	3426770561
	3426770562
	3426770563
	3426770564
	3426770565
	3426770566
	3426770567
	3426770568
	3426770569
	3426770570
	3426770571
	3426770572
	3426770573
	3426770574
	3426770575
	3426770576
	3426770577
	3426770578
	3426770579
	3426770580
	3426770581
	3426770582
	3426770583
	3426770584
	3426770585
	3426770586
	3426770587
	3426770588
	3426770589
	3426770590
	3426770591
	3426770592
	3426770593
	3426770594
	3426770595
	3426770596
	3426770597
	3426770598
	3426770599
	3426770600
	3426770601
	3426770602
	3426770603
	3426770604
	3426770605
	3426770606
	3426770607
	3426770608
	3426770609
	3426770610
	3426770611
	3426770612
	3426770613
	3426770614
	3426770615
	3426770616
	3426770617
	3426770618
	3426770619
	3426770620
	3426770621
	3426770622
	3426770623
	3426770624
	3426770625
	3426770626
	3426770627
	3426770628
	3426770629
	3426770630
	3426770631
	3426770632
	3426770633
	3426770634
	3426770635
	3426770636
	3426770637
	3426770638
	3426770639
	3426770640
	3426770641
	3426770642
	3426770643
	3426770644
	3426770645
	3426770646
	3426770647
	3426770648
	3426770649
	3426770650
	3426770651
	3426770652
	3426770653
	3426770654
	3426770655
	3426770656
	3426770657
	3426770658
	3426770659
	3426770660
	3426770661
	3426770662
	3426770663
	3426770664
	3426770665
	3426770666
	3426770667
	3426770668
	3426770669
	3426770670
	3426770671
	3426770672
	3426770673
	3426770674
	3426770675
	3426770676
	3426770677
	3426770678
	3426770679
	3426770680
	3426770681
	3426770682
	3426770683
	3426770684
	3426770685
	3426770686
	3426770687
	3426770688
	3426770689
	3426770690
	3426770691
	3426770692
	3426770693
	3426770694
	3426770695
	3426770696
	3426770697
	3426770698
	3426770699
	3426770700
	3426770701
	3426770702
	3426770703
	3426770704
	3426770705
	3426770706
	3426770707
	3426770708
	3426770709
	3426770710
	3426770711
	3426770712
	3426770713
	3426770714
	3426770715
	3426770716
	3426770717
	3426770718
	3426770719
	3426770720
	3426770721
	3426770722
	3426770723
	3426770724
	3426770725
	3426770726
	3426770727
	3426770728
	3426770729
	3426770730
	3426770731
	3426770732
	3426770733
	3426770734
	3426770735
	3426770736
	3426770737
	3426770738
	3426770739
	3426770740
	3426770741
	3426770742
	3426770743
	3426770744
	3426770745
	3426770746
	3426770747
	3426770748
	3426770749
	3426770750
	3426770751
	3426770752
	3426770753
	3426770754
	3426770755
	3426770756
	3426770757
	3426770758
	3426770759
	3426770760
	3426770761
	3426770762
	3426770763
	3426770764
	3426770765
	3426770766
	3426770767
	3426770768
	3426770769
	3426770770
	3426770771
	3426770772
	3426770773
	3426770774
	3426770775
	3426770776
	3426770777
	3426770778
	3426770779
	3426770780
	3426770781
	3426770782
	3426770783
	3426770784
	3426770785
	3426770786
	3426770787
	3426770788
	3426770789
	3426770790
	3426770791
	3426770792
	3426770793
	3426770794
	3426770795
	3426770796
	3426770797
	3426770798
	3426770799
	3426770800
	3426770801
	3426770802
	3426770803
	3426770804
	3426770805
	3426770806
	3426770807
	3426770808
	3426770809
	3426770810
	3426770811
	3426770812
	3426770813
	3426770814
	3426770815
	3426770816
	3426770817
	3426770818
	3426770819
	3426770820
	3426770821
	3426770822
	3426770823
	3426770824
	3426770825
	3426770826
	3426770827
	3426770828
	3426770829
	3426770830
	3426770831
	3426770832
	3426770833
	3426770834
	3426770835
	3426770836
	3426770837
	3426770838
	3426770839
	3426770840
	3426770841
	3426770842
	3426770843
	3426770844
	3426770845
	3426770846
	3426770847
	3426770848
	3426770849
	3426770850
	3426770851
	3426770852
	3426770853
	3426770854
	3426770855
	3426770856
	3426770857
	3426770858
	3426770859
	3426770860
	3426770861
	3426770862
	3426770863
	3426770864
	3426770865
	3426770866
	3426770867
	3426770868
	3426770869
	3426770870
	3426770871
	3426770872
	3426770873
	3426770874
	3426770875
	3426770876
	3426770877
	3426770878
	3426770879
	3426770880
	3426770881
	3426770882
	3426770883
	3426770884
	3426770885
	3426770886
	3426770887
	3426770888
	3426770889
	3426770890
	3426770891
	3426770892
	3426770893
	3426770894
	3426770895
	3426770896
	3426770897
	3426770898
	3426770899
	3426770900
	3426770901
	3426770902
	3426770903
	3426770904
	3426770905
	3426770906
	3426770907
	3426770908
	3426770909
	3426770910
	3426770911
	3426770912
	3426770913
	3426770914
	3426770915
	3426770916
	3426770917
	3426770918
	3426770919
	3426770920
	3426770921
	3426770922
	3426770923
	3426770924
	3426770925
	3426770926
	3426770927
	3426770928
	3426770929
	3426770930
	3426770931
	3426770932
	3426770933
	3426770934
	3426770935
	3426770936
	3426770937
	3426770938
	3426770939
	3426770940
	3426770941
	3426770942
	3426770943
	3426770944
	3426770945
	3426770946
	3426770947
	3426770948
	3426770949
	3426770950
	3426770951
	3426770952
	3426770953
	3426770954
	3426770955
	3426770956
	3426770957
	3426770958
	3426770959
	3426770960
	3426770961
	3426770962
	3426770963
	3426770964
	3426770965
	3426770966
	3426770967
	3426770968
	3426770969
	3426770970
	3426770971
	3426770972
	3426770973
	3426770974
	3426770975
	3426770976
	3426770977
	3426770978
	3426770979
	3426770980
	3426770981
	3426770982
	3426770983
	3426770984
	3426770985
	3426770986
	3426770987
	3426770988
	3426770989
	3426770990
	3426770991
	3426770992
	3426770993
	3426770994
	3426770995
	3426770996
	3426770997
	3426770998
	3426770999
	3426771000
	3426771001
	3426771002
	3426771003
	3426771004
	3426771005
	3426771006
	3426771007
	3426771008
	3426771009
	3426771010
	3426771011
	3426771012
	3426771013
	3426771014
	3426771015
	3426771016
	3426771017
	3426771018
	3426771019
	3426771020
	3426771021
	3426771022
	3426771023
	3426771024
	3426771025
	3426771026
	3426771027
	3426771028
	3426771029
	3426771030
	3426771031
	3426771032
	3426771033
	3426771034
	3426771035
	3426771036
	3426771037
	3426771038
	3426771039
	3426771040
	3426771041
	3426771042
	3426771043
	3426771044
	3426771045
	3426771046
	3426771047
	3426771048
	3426771049
	3426771050
	3426771051
	3426771052
	3426771053
	3426771054
	3426771055
	3426771056
	3426771057
	3426771058
	3426771059
	3426771060
	3426771061
	3426771062
	3426771063
	3426771064
	3426771065
	3426771066
	3426771067
	3426771068
	3426771069
	3426771070
	3426771071
	3426771072
	3426771073
	3426771074
	3426771075
	3426771076
	3426771077
	3426771078
	3426771079
	3426771080
	3426771081
	3426771082
	3426771083
	3426771084
	3426771085
	3426771086
	3426771087
	3426771088
	3426771089
	3426771090
	3426771091
	3426771092
	3426771093
	3426771094
	3426771095
	3426771096
	3426771097
	3426771098
	3426771099
	3426771100
	3426771101
	3426771102
	3426771103
	3426771104
	3426771105
	3426771106
	3426771107
	3426771108
	3426771109
	3426771110
	3426771111
	3426771112
	3426771113
	3426771114
	3426771115
	3426771116
	3426771117
	3426771118
	3426771119
	3426771120
	3426771121
	3426771122
	3426771123
	3426771124
	3426771125
	3426771126
	3426771127
	3426771128
	3426771129
	3426771130
	3426771131
	3426771132
	3426771133
	3426771134
	3426771135
	3426771136
	3426771137
	3426771138
	3426771139
	3426771140
	3426771141
	3426771142
	3426771143
	3426771144
	3426771145
	3426771146
	3426771147
	3426771148
	3426771149
	3426771150
	3426771151
	3426771152
	3426771153
	3426771154
	3426771155
	3426771156
	3426771157
	3426771158
	3426771159
	3426771160
	3426771161
	3426771162
	3426771163
	3426771164
	3426771165
	3426771166
	3426771167
	3426771168
	3426771169
	3426771170
	3426771171
	3426771172
	3426771173
	3426771174
	3426771175
	3426771176
	3426771177
	3426771178
	3426771179
	3426771180
	3426771181
	3426771182
	3426771183
	3426771184
	3426771185
	3426771186
	3426771187
	3426771188
	3426771189
	3426771190
	3426771191
	3426771192
	3426771193
	3426771194
	3426771195
	3426771196
	3426771197
	3426771198
	3426771199
	3426771200
	3426771201
	3426771202
	3426771203
	3426771204
	3426771205
	3426771206
	3426771207
	3426771208
	3426771209
	3426771210
	3426771211
	3426771212
	3426771213
	3426771214
	3426771215
	3426771216
	3426771217
	3426771218
	3426771219
	3426771220
	3426771221
	3426771222
	3426771223
	3426771224
	3426771225
	3426771226
	3426771227
	3426771228
	3426771229
	3426771230
	3426771231
	3426771232
	3426771233
	3426771234
	3426771235
	3426771236
	3426771237
	3426771238
	3426771239
	3426771240
	3426771241
	3426771242
	3426771243
	3426771244
	3426771245
	3426771246
	3426771247
	3426771248
	3426771249
	3426771250
	3426771251
	3426771252
	3426771253
	3426771254
	3426771255
	3426771256
	3426771257
	3426771258
	3426771259
	3426771260
	3426771261
	3426771262
	3426771263
	3426771264
	3426771265
	3426771266
	3426771267
	3426771268
	3426771269
	3426771270
	3426771271
	3426771272
	3426771273
	3426771274
	3426771275
	3426771276
	3426771277
	3426771278
	3426771279
	3426771280
	3426771281
	3426771282
	3426771283
	3426771284
	3426771285
	3426771286
	3426771287
	3426771288
	3426771289
	3426771290
	3426771291
	3426771292
	3426771293
	3426771294
	3426771295
	3426771296
	3426771297
	3426771298
	3426771299
	3426771300
	3426771301
	3426771302
	3426771303
	3426771304
	3426771305
	3426771306
	3426771307
	3426771308
	3426771309
	3426771310
	3426771311
	3426771312
	3426771313
	3426771314
	3426771315
	3426771316
	3426771317
	3426771318
	3426771319
	3426771320
	3426771321
	3426771322
	3426771323
	3426771324
	3426771325
	3426771326
	3426771327
	3426771328
	3426771329
	3426771330
	3426771331
	3426771332
	3426771333
	3426771334
	3426771335
	3426771336
	3426771337
	3426771338
	3426771339
	3426771340
	3426771341
	3426771342
	3426771343
	3426771344
	3426771345
	3426771346
	3426771347
	3426771348
	3426771349
	3426771350
	3426771351
	3426771352
	3426771353
	3426771354
	3426771355
	3426771356
	3426771357
	3426771358
	3426771359
	3426771360
	3426771361
	3426771362
	3426771363
	3426771364
	3426771365
	3426771366
	3426771367
	3426771368
	3426771369
	3426771370
	3426771371
	3426771372
	3426771373
	3426771374
	3426771375
	3426771376
	3426771377
	3426771378
	3426771379
	3426771380
	3426771381
	3426771382
	3426771383
	3426771384
	3426771385
	3426771386
	3426771387
	3426771388
	3426771389
	3426771390
	3426771391
	3426771392
	3426771393
	3426771394
	3426771395
	3426771396
	3426771397
	3426771398
	3426771399
	3426771400
	3426771401
	3426771402
	3426771403
	3426771404
	3426771405
	3426771406
	3426771407
	3426771408
	3426771409
	3426771410
	3426771411
	3426771412
	3426771413
	3426771414
	3426771415
	3426771416
	3426771417
	3426771418
	3426771419
	3426771420
	3426771421
	3426771422
	3426771423
	3426771424
	3426771425
	3426771426
	3426771427
	3426771428
	3426771429
	3426771430
	3426771431
	3426771432
	3426771433
	3426771434
	3426771435
	3426771436
	3426771437
	3426771438
	3426771439
	3426771440
	3426771441
	3426771442
	3426771443
	3426771444
	3426771445
	3426771446
	3426771447
	3426771448
	3426771449
	3426771450
	3426771451
	3426771452
	3426771453
	3426771454
	3426771455
	3426771456
	3426771457
	3426771458
	3426771459
	3426771460
	3426771461
	3426771462
	3426771463
	3426771464
	3426771465
	3426771466
	3426771467
	3426771468
	3426771469
	3426771470
	3426771471
	3426771472
	3426771473
	3426771474
	3426771475
	3426771476
	3426771477
	3426771478
	3426771479
	3426771480
	3426771481
	3426771482
	3426771483
	3426771484
	3426771485
	3426771486
	3426771487
	3426771488
	3426771489
	3426771490
	3426771491
	3426771492
	3426771493
	3426771494
	3426771495
	3426771496
	3426771497
	3426771498
	3426771499
	3426771500
	3426771501
	3426771502
	3426771503
	3426771504
	3426771505
	3426771506
	3426771507
	3426771508
	3426771509
	3426771510
	3426771511
	3426771512
	3426771513
	3426771514
	3426771515
	3426771516
	3426771517
	3426771518
	3426771519
	3426771520
	3426771521
	3426771522
	3426771523
	3426771524
	3426771525
	3426771526
	3426771527
	3426771528
	3426771529
	3426771530
	3426771531
	3426771532
	3426771533
	3426771534
	3426771535
	3426771536
	3426771537
	3426771538
	3426771539
	3426771540
	3426771541
	3426771542
	3426771543
	3426771544
	3426771545
	3426771546
	3426771547
	3426771548
	3426771549
	3426771550
	3426771551
	3426771552
	3426771553
	3426771554
	3426771555
	3426771556
	3426771557
	3426771558
	3426771559
	3426771560
	3426771561
	3426771562
	3426771563
	3426771564
	3426771565
	3426771566
	3426771567
	3426771568
	3426771569
	3426771570
	3426771571
	3426771572
	3426771573
	3426771574
	3426771575
	3426771576
	3426771577
	3426771578
	3426771579
	3426771580
	3426771581
	3426771582
	3426771583
	3426771584
	3426771585
	3426771586
	3426771587
	3426771588
	3426771589
	3426771590
	3426771591
	3426771592
	3426771593
	3426771594
	3426771595
	3426771596
	3426771597
	3426771598
	3426771599
	3426771600
	3426771601
	3426771602
	3426771603
	3426771604
	3426771605
	3426771606
	3426771607
	3426771608
	3426771609
	3426771610
	3426771611
	3426771612
	3426771613
	3426771614
	3426771615
	3426771616
	3426771617
	3426771618
	3426771619
	3426771620
	3426771621
	3426771622
	3426771623
	3426771624
	3426771625
	3426771626
	3426771627
	3426771628
	3426771629
	3426771630
	3426771631
	3426771632
	3426771633
	3426771634
	3426771635
	3426771636
	3426771637
	3426771638
	3426771639
	3426771640
	3426771641
	3426771642
	3426771643
	3426771644
	3426771645
	3426771646
	3426771647
	3426771648
	3426771649
	3426771650
	3426771651
	3426771652
	3426771653
	3426771654
	3426771655
	3426771656
	3426771657
	3426771658
	3426771659
	3426771660
	3426771661
	3426771662
	3426771663
	3426771664
	3426771665
	3426771666
	3426771667
	3426771668
	3426771669
	3426771670
	3426771671
	3426771672
	3426771673
	3426771674
	3426771675
	3426771676
	3426771677
	3426771678
	3426771679
	3426771680
	3426771681
	3426771682
	3426771683
	3426771684
	3426771685
	3426771686
	3426771687
	3426771688
	3426771689
	3426771690
	3426771691
	3426771692
	3426771693
	3426771694
	3426771695
	3426771696
	3426771697
	3426771698
	3426771699
	3426771700
	3426771701
	3426771702
	3426771703
	3426771704
	3426771705
	3426771706
	3426771707
	3426771708
	3426771709
	3426771710
	3426771711
	3426771712
	3426771713
	3426771714
	3426771715
	3426771716
	3426771717
	3426771718
	3426771719
	3426771720
	3426771721
	3426771722
	3426771723
	3426771724
	3426771725
	3426771726
	3426771727
	3426771728
	3426771729
	3426771730
	3426771731
	3426771732
	3426771733
	3426771734
	3426771735
	3426771736
	3426771737
	3426771738
	3426771739
	3426771740
	3426771741
	3426771742
	3426771743
	3426771744
	3426771745
	3426771746
	3426771747
	3426771748
	3426771749
	3426771750
	3426771751
	3426771752
	3426771753
	3426771754
	3426771755
	3426771756
	3426771757
	3426771758
	3426771759
	3426771760
	3426771761
	3426771762
	3426771763
	3426771764
	3426771765
	3426771766
	3426771767
	3426771768
	3426771769
	3426771770
	3426771771
	3426771772
	3426771773
	3426771774
	3426771775
	3426771776
	3426771777
	3426771778
	3426771779
	3426771780
	3426771781
	3426771782
	3426771783
	3426771784
	3426771785
	3426771786
	3426771787
	3426771788
	3426771789
	3426771790
	3426771791
	3426771792
	3426771793
	3426771794
	3426771795
	3426771796
	3426771797
	3426771798
	3426771799
	3426771800
	3426771801
	3426771802
	3426771803
	3426771804
	3426771805
	3426771806
	3426771807
	3426771808
	3426771809
	3426771810
	3426771811
	3426771812
	3426771813
	3426771814
	3426771815
	3426771816
	3426771817
	3426771818
	3426771819
	3426771820
	3426771821
	3426771822
	3426771823
	3426771824
	3426771825
	3426771826
	3426771827
	3426771828
	3426771829
	3426771830
	3426771831
	3426771832
	3426771833
	3426771834
	3426771835
	3426771836
	3426771837
	3426771838
	3426771839
	3426771840
	3426771841
	3426771842
	3426771843
	3426771844
	3426771845
	3426771846
	3426771847
	3426771848
	3426771849
	3426771850
	3426771851
	3426771852
	3426771853
	3426771854
	3426771855
	3426771856
	3426771857
	3426771858
	3426771859
	3426771860
	3426771861
	3426771862
	3426771863
	3426771864
	3426771865
	3426771866
	3426771867
	3426771868
	3426771869
	3426771870
	3426771871
	3426771872
	3426771873
	3426771874
	3426771875
	3426771876
	3426771877
	3426771878
	3426771879
	3426771880
	3426771881
	3426771882
	3426771883
	3426771884
	3426771885
	3426771886
	3426771887
	3426771888
	3426771889
	3426771890
	3426771891
	3426771892
	3426771893
	3426771894
	3426771895
	3426771896
	3426771897
	3426771898
	3426771899
	3426771900
	3426771901
	3426771902
	3426771903
	3426771904
	3426771905
	3426771906
	3426771907
	3426771908
	3426771909
	3426771910
	3426771911
	3426771912
	3426771913
	3426771914
	3426771915
	3426771916
	3426771917
	3426771918
	3426771919
	3426771920
	3426771921
	3426771922
	3426771923
	3426771924
	3426771925
	3426771926
	3426771927
	3426771928
	3426771929
	3426771930
	3426771931
	3426771932
	3426771933
	3426771934
	3426771935
	3426771936
	3426771937
	3426771938
	3426771939
	3426771940
	3426771941
	3426771942
	3426771943
	3426771944
	3426771945
	3426771946
	3426771947
	3426771948
	3426771949
	3426771950
	3426771951
	3426771952
	3426771953
	3426771954
	3426771955
	3426771956
	3426771957
	3426771958
	3426771959
	3426771960
	3426771961
	3426771962
	3426771963
	3426771964
	3426771965
	3426771966
	3426771967
	3426771968
	3426771969
	3426771970
	3426771971
	3426771972
	3426771973
	3426771974
	3426771975
	3426771976
	3426771977
	3426771978
	3426771979
	3426771980
	3426771981
	3426771982
	3426771983
	3426771984
	3426771985
	3426771986
	3426771987
	3426771988
	3426771989
	3426771990
	3426771991
	3426771992
	3426771993
	3426771994
	3426771995
	3426771996
	3426771997
	3426771998
	3426771999
	3426772000
	3426772001
	3426772002
	3426772003
	3426772004
	3426772005
	3426772006
	3426772007
	3426772008
	3426772009
	3426772010
	3426772011
	3426772012
	3426772013
	3426772014
	3426772015
	3426772016
	3426772017
	3426772018
	3426772019
	3426772020
	3426772021
	3426772022
	3426772023
	3426772024
	3426772025
	3426772026
	3426772027
	3426772028
	3426772029
	3426772030
	3426772031
	3426772032
	3426772033
	3426772034
	3426772035
	3426772036
	3426772037
	3426772038
	3426772039
	3426772040
	3426772041
	3426772042
	3426772043
	3426772044
	3426772045
	3426772046
	3426772047
	3426772048
	3426772049
	3426772050
	3426772051
	3426772052
	3426772053
	3426772054
	3426772055
	3426772056
	3426772057
	3426772058
	3426772059
	3426772060
	3426772061
	3426772062
	3426772063
	3426772064
	3426772065
	3426772066
	3426772067
	3426772068
	3426772069
	3426772070
	3426772071
	3426772072
	3426772073
	3426772074
	3426772075
	3426772076
	3426772077
	3426772078
	3426772079
	3426772080
	3426772081
	3426772082
	3426772083
	3426772084
	3426772085
	3426772086
	3426772087
	3426772088
	3426772089
	3426772090
	3426772091
	3426772092
	3426772093
	3426772094
	3426772095
	3426772096
	3426772097
	3426772098
	3426772099
	3426772100
	3426772101
	3426772102
	3426772103
	3426772104
	3426772105
	3426772106
	3426772107
	3426772108
	3426772109
	3426772110
	3426772111
	3426772112
	3426772113
	3426772114
	3426772115
	3426772116
	3426772117
	3426772118
	3426772119
	3426772120
	3426772121
	3426772122
	3426772123
	3426772124
	3426772125
	3426772126
	3426772127
	3426772128
	3426772129
	3426772130
	3426772131
	3426772132
	3426772133
	3426772134
	3426772135
	3426772136
	3426772137
	3426772138
	3426772139
	3426772140
	3426772141
	3426772142
	3426772143
	3426772144
	3426772145
	3426772146
	3426772147
	3426772148
	3426772149
	3426772150
	3426772151
	3426772152
	3426772153
	3426772154
	3426772155
	3426772156
	3426772157
	3426772158
	3426772159
	3426772160
	3426772161
	3426772162
	3426772163
	3426772164
	3426772165
	3426772166
	3426772167
	3426772168
	3426772169
	3426772170
	3426772171
	3426772172
	3426772173
	3426772174
	3426772175
	3426772176
	3426772177
	3426772178
	3426772179
	3426772180
	3426772181
	3426772182
	3426772183
	3426772184
	3426772185
	3426772186
	3426772187
	3426772188
	3426772189
	3426772190
	3426772191
	3426772192
	3426772193
	3426772194
	3426772195
	3426772196
	3426772197
	3426772198
	3426772199
	3426772200
	3426772201
	3426772202
	3426772203
	3426772204
	3426772205
	3426772206
	3426772207
	3426772208
	3426772209
	3426772210
	3426772211
	3426772212
	3426772213
	3426772214
	3426772215
	3426772216
	3426772217
	3426772218
	3426772219
	3426772220
	3426772221
	3426772222
	3426772223
	3426772224
	3426772225
	3426772226
	3426772227
	3426772228
	3426772229
	3426772230
	3426772231
	3426772232
	3426772233
	3426772234
	3426772235
	3426772236
	3426772237
	3426772238
	3426772239
	3426772240
	3426772241
	3426772242
	3426772243
	3426772244
	3426772245
	3426772246
	3426772247
	3426772248
	3426772249
	3426772250
	3426772251
	3426772252
	3426772253
	3426772254
	3426772255
	3426772256
	3426772257
	3426772258
	3426772259
	3426772260
	3426772261
	3426772262
	3426772263
	3426772264
	3426772265
	3426772266
	3426772267
	3426772268
	3426772269
	3426772270
	3426772271
	3426772272
	3426772273
	3426772274
	3426772275
	3426772276
	3426772277
	3426772278
	3426772279
	3426772280
	3426772281
	3426772282
	3426772283
	3426772284
	3426772285
	3426772286
	3426772287
	3426772288
	3426772289
	3426772290
	3426772291
	3426772292
	3426772293
	3426772294
	3426772295
	3426772296
	3426772297
	3426772298
	3426772299
	3426772300
	3426772301
	3426772302
	3426772303
	3426772304
	3426772305
	3426772306
	3426772307
	3426772308
	3426772309
	3426772310
	3426772311
	3426772312
	3426772313
	3426772314
	3426772315
	3426772316
	3426772317
	3426772318
	3426772319
	3426772320
	3426772321
	3426772322
	3426772323
	3426772324
	3426772325
	3426772326
	3426772327
	3426772328
	3426772329
	3426772330
	3426772331
	3426772332
	3426772333
	3426772334
	3426772335
	3426772336
	3426772337
	3426772338
	3426772339
	3426772340
	3426772341
	3426772342
	3426772343
	3426772344
	3426772345
	3426772346
	3426772347
	3426772348
	3426772349
	3426772350
	3426772351
	3426772352
	3426772353
	3426772354
	3426772355
	3426772356
	3426772357
	3426772358
	3426772359
	3426772360
	3426772361
	3426772362
	3426772363
	3426772364
	3426772365
	3426772366
	3426772367
	3426772368
	3426772369
	3426772370
	3426772371
	3426772372
	3426772373
	3426772374
	3426772375
	3426772376
	3426772377
	3426772378
	3426772379
	3426772380
	3426772381
	3426772382
	3426772383
	3426772384
	3426772385
	3426772386
	3426772387
	3426772388
	3426772389
	3426772390
	3426772391
	3426772392
	3426772393
	3426772394
	3426772395
	3426772396
	3426772397
	3426772398
	3426772399
	3426772400
	3426772401
	3426772402
	3426772403
	3426772404
	3426772405
	3426772406
	3426772407
	3426772408
	3426772409
	3426772410
	3426772411
	3426772412
	3426772413
	3426772414
	3426772415
	3426772416
	3426772417
	3426772418
	3426772419
	3426772420
	3426772421
	3426772422
	3426772423
	3426772424
	3426772425
	3426772426
	3426772427
	3426772428
	3426772429
	3426772430
	3426772431
	3426772432
	3426772433
	3426772434
	3426772435
	3426772436
	3426772437
