	3426724779
	3426724780
	3426724781
	3426724782
	3426724783
	3426724784
	3426724785
	3426724786
	3426724787
	3426724788
	3426724789
	3426724790
	3426724791
	3426724792
	3426724793
	3426724794
	3426724795
	3426724796
	3426724797
	3426724798
	3426724799
	3426724800
	3426724801
	3426724802
	3426724803
	3426724804
	3426724805
	3426724806
	3426724807
	3426724808
	3426724809
	3426724810
	3426724811
	3426724812
	3426724813
	3426724814
	3426724815
	3426724816
	3426724817
	3426724818
	3426724819
	3426724820
	3426724821
	3426724822
	3426724823
	3426724824
	3426724825
	3426724826
	3426724827
	3426724828
	3426724829
	3426724830
	3426724831
	3426724832
	3426724833
	3426724834
	3426724835
	3426724836
	3426724837
	3426724838
	3426724839
	3426724840
	3426724841
	3426724842
	3426724843
	3426724844
	3426724845
	3426724846
	3426724847
	3426724848
	3426724849
	3426724850
	3426724851
	3426724852
	3426724853
	3426724854
	3426724855
	3426724856
	3426724857
	3426724858
	3426724859
	3426724860
	3426724861
	3426724862
	3426724863
	3426724864
	3426724865
	3426724866
	3426724867
	3426724868
	3426724869
	3426724870
	3426724871
	3426724872
	3426724873
	3426724874
	3426724875
	3426724876
	3426724877
	3426724878
	3426724879
	3426724880
	3426724881
	3426724882
	3426724883
	3426724884
	3426724885
	3426724886
	3426724887
	3426724888
	3426724889
	3426724890
	3426724891
	3426724892
	3426724893
	3426724894
	3426724895
	3426724896
	3426724897
	3426724898
	3426724899
	3426724900
	3426724901
	3426724902
	3426724903
	3426724904
	3426724905
	3426724906
	3426724907
	3426724908
	3426724909
	3426724910
	3426724911
	3426724912
	3426724913
	3426724914
	3426724915
	3426724916
	3426724917
	3426724918
	3426724919
	3426724920
	3426724921
	3426724922
	3426724923
	3426724924
	3426724925
	3426724926
	3426724927
	3426724928
	3426724929
	3426724930
	3426724931
	3426724932
	3426724933
	3426724934
	3426724935
	3426724936
	3426724937
	3426724938
	3426724939
	3426724940
	3426724941
	3426724942
	3426724943
	3426724944
	3426724945
	3426724946
	3426724947
	3426724948
	3426724949
	3426724950
	3426724951
	3426724952
	3426724953
	3426724954
	3426724955
	3426724956
	3426724957
	3426724958
	3426724959
	3426724960
	3426724961
	3426724962
	3426724963
	3426724964
	3426724965
	3426724966
	3426724967
	3426724968
	3426724969
	3426724970
	3426724971
	3426724972
	3426724973
	3426724974
	3426724975
	3426724976
	3426724977
	3426724978
	3426724979
	3426724980
	3426724981
	3426724982
	3426724983
	3426724984
	3426724985
	3426724986
	3426724987
	3426724988
	3426724989
	3426724990
	3426724991
	3426724992
	3426724993
	3426724994
	3426724995
	3426724996
	3426724997
	3426724998
	3426724999
	3426725000
	3426725001
	3426725002
	3426725003
	3426725004
	3426725005
	3426725006
	3426725007
	3426725008
	3426725009
	3426725010
	3426725011
	3426725012
	3426725013
	3426725014
	3426725015
	3426725016
	3426725017
	3426725018
	3426725019
	3426725020
	3426725021
	3426725022
	3426725023
	3426725024
	3426725025
	3426725026
	3426725027
	3426725028
	3426725029
	3426725030
	3426725031
	3426725032
	3426725033
	3426725034
	3426725035
	3426725036
	3426725037
	3426725038
	3426725039
	3426725040
	3426725041
	3426725042
	3426725043
	3426725044
	3426725045
	3426725046
	3426725047
	3426725048
	3426725049
	3426725050
	3426725051
	3426725052
	3426725053
	3426725054
	3426725055
	3426725056
	3426725057
	3426725058
	3426725059
	3426725060
	3426725061
	3426725062
	3426725063
	3426725064
	3426725065
	3426725066
	3426725067
	3426725068
	3426725069
	3426725070
	3426725071
	3426725072
	3426725073
	3426725074
	3426725075
	3426725076
	3426725077
	3426725078
	3426725079
	3426725080
	3426725081
	3426725082
	3426725083
	3426725084
	3426725085
	3426725086
	3426725087
	3426725088
	3426725089
	3426725090
	3426725091
	3426725092
	3426725093
	3426725094
	3426725095
	3426725096
	3426725097
	3426725098
	3426725099
	3426725100
	3426725101
	3426725102
	3426725103
	3426725104
	3426725105
	3426725106
	3426725107
	3426725108
	3426725109
	3426725110
	3426725111
	3426725112
	3426725113
	3426725114
	3426725115
	3426725116
	3426725117
	3426725118
	3426725119
	3426725120
	3426725121
	3426725122
	3426725123
	3426725124
	3426725125
	3426725126
	3426725127
	3426725128
	3426725129
	3426725130
	3426725131
	3426725132
	3426725133
	3426725134
	3426725135
	3426725136
	3426725137
	3426725138
	3426725139
	3426725140
	3426725141
	3426725142
	3426725143
	3426725144
	3426725145
	3426725146
	3426725147
	3426725148
	3426725149
	3426725150
	3426725151
	3426725152
	3426725153
	3426725154
	3426725155
	3426725156
	3426725157
	3426725158
	3426725159
	3426725160
	3426725161
	3426725162
	3426725163
	3426725164
	3426725165
	3426725166
	3426725167
	3426725168
	3426725169
	3426725170
	3426725171
	3426725172
	3426725173
	3426725174
	3426725175
	3426725176
	3426725177
	3426725178
	3426725179
	3426725180
	3426725181
	3426725182
	3426725183
	3426725184
	3426725185
	3426725186
	3426725187
	3426725188
	3426725189
	3426725190
	3426725191
	3426725192
	3426725193
	3426725194
	3426725195
	3426725196
	3426725197
	3426725198
	3426725199
	3426725200
	3426725201
	3426725202
	3426725203
	3426725204
	3426725205
	3426725206
	3426725207
	3426725208
	3426725209
	3426725210
	3426725211
	3426725212
	3426725213
	3426725214
	3426725215
	3426725216
	3426725217
	3426725218
	3426725219
	3426725220
	3426725221
	3426725222
	3426725223
	3426725224
	3426725225
	3426725226
	3426725227
	3426725228
	3426725229
	3426725230
	3426725231
	3426725232
	3426725233
	3426725234
	3426725235
	3426725236
	3426725237
	3426725238
	3426725239
	3426725240
	3426725241
	3426725242
	3426725243
	3426725244
	3426725245
	3426725246
	3426725247
	3426725248
	3426725249
	3426725250
	3426725251
	3426725252
	3426725253
	3426725254
	3426725255
	3426725256
	3426725257
	3426725258
	3426725259
	3426725260
	3426725261
	3426725262
	3426725263
	3426725264
	3426725265
	3426725266
	3426725267
	3426725268
	3426725269
	3426725270
	3426725271
	3426725272
	3426725273
	3426725274
	3426725275
	3426725276
	3426725277
	3426725278
	3426725279
	3426725280
	3426725281
	3426725282
	3426725283
	3426725284
	3426725285
	3426725286
	3426725287
	3426725288
	3426725289
	3426725290
	3426725291
	3426725292
	3426725293
	3426725294
	3426725295
	3426725296
	3426725297
	3426725298
	3426725299
	3426725300
	3426725301
	3426725302
	3426725303
	3426725304
	3426725305
	3426725306
	3426725307
	3426725308
	3426725309
	3426725310
	3426725311
	3426725312
	3426725313
	3426725314
	3426725315
	3426725316
	3426725317
	3426725318
	3426725319
	3426725320
	3426725321
	3426725322
	3426725323
	3426725324
	3426725325
	3426725326
	3426725327
	3426725328
	3426725329
	3426725330
	3426725331
	3426725332
	3426725333
	3426725334
	3426725335
	3426725336
	3426725337
	3426725338
	3426725339
	3426725340
	3426725341
	3426725342
	3426725343
	3426725344
	3426725345
	3426725346
	3426725347
	3426725348
	3426725349
	3426725350
	3426725351
	3426725352
	3426725353
	3426725354
	3426725355
	3426725356
	3426725357
	3426725358
	3426725359
	3426725360
	3426725361
	3426725362
	3426725363
	3426725364
	3426725365
	3426725366
	3426725367
	3426725368
	3426725369
	3426725370
	3426725371
	3426725372
	3426725373
	3426725374
	3426725375
	3426725376
	3426725377
	3426725378
	3426725379
	3426725380
	3426725381
	3426725382
	3426725383
	3426725384
	3426725385
	3426725386
	3426725387
	3426725388
	3426725389
	3426725390
	3426725391
	3426725392
	3426725393
	3426725394
	3426725395
	3426725396
	3426725397
	3426725398
	3426725399
	3426725400
	3426725401
	3426725402
	3426725403
	3426725404
	3426725405
	3426725406
	3426725407
	3426725408
	3426725409
	3426725410
	3426725411
	3426725412
	3426725413
	3426725414
	3426725415
	3426725416
	3426725417
	3426725418
	3426725419
	3426725420
	3426725421
	3426725422
	3426725423
	3426725424
	3426725425
	3426725426
	3426725427
	3426725428
	3426725429
	3426725430
	3426725431
	3426725432
	3426725433
	3426725434
	3426725435
	3426725436
	3426725437
	3426725438
	3426725439
	3426725440
	3426725441
	3426725442
	3426725443
	3426725444
	3426725445
	3426725446
	3426725447
	3426725448
	3426725449
	3426725450
	3426725451
	3426725452
	3426725453
	3426725454
	3426725455
	3426725456
	3426725457
	3426725458
	3426725459
	3426725460
	3426725461
	3426725462
	3426725463
	3426725464
	3426725465
	3426725466
	3426725467
	3426725468
	3426725469
	3426725470
	3426725471
	3426725472
	3426725473
	3426725474
	3426725475
	3426725476
	3426725477
	3426725478
	3426725479
	3426725480
	3426725481
	3426725482
	3426725483
	3426725484
	3426725485
	3426725486
	3426725487
	3426725488
	3426725489
	3426725490
	3426725491
	3426725492
	3426725493
	3426725494
	3426725495
	3426725496
	3426725497
	3426725498
	3426725499
	3426725500
	3426725501
	3426725502
	3426725503
	3426725504
	3426725505
	3426725506
	3426725507
	3426725508
	3426725509
	3426725510
	3426725511
	3426725512
	3426725513
	3426725514
	3426725515
	3426725516
	3426725517
	3426725518
	3426725519
	3426725520
	3426725521
	3426725522
	3426725523
	3426725524
	3426725525
	3426725526
	3426725527
	3426725528
	3426725529
	3426725530
	3426725531
	3426725532
	3426725533
	3426725534
	3426725535
	3426725536
	3426725537
	3426725538
	3426725539
	3426725540
	3426725541
	3426725542
	3426725543
	3426725544
	3426725545
	3426725546
	3426725547
	3426725548
	3426725549
	3426725550
	3426725551
	3426725552
	3426725553
	3426725554
	3426725555
	3426725556
	3426725557
	3426725558
	3426725559
	3426725560
	3426725561
	3426725562
	3426725563
	3426725564
	3426725565
	3426725566
	3426725567
	3426725568
	3426725569
	3426725570
	3426725571
	3426725572
	3426725573
	3426725574
	3426725575
	3426725576
	3426725577
	3426725578
	3426725579
	3426725580
	3426725581
	3426725582
	3426725583
	3426725584
	3426725585
	3426725586
	3426725587
	3426725588
	3426725589
	3426725590
	3426725591
	3426725592
	3426725593
	3426725594
	3426725595
	3426725596
	3426725597
	3426725598
	3426725599
	3426725600
	3426725601
	3426725602
	3426725603
	3426725604
	3426725605
	3426725606
	3426725607
	3426725608
	3426725609
	3426725610
	3426725611
	3426725612
	3426725613
	3426725614
	3426725615
	3426725616
	3426725617
	3426725618
	3426725619
	3426725620
	3426725621
	3426725622
	3426725623
	3426725624
	3426725625
	3426725626
	3426725627
	3426725628
	3426725629
	3426725630
	3426725631
	3426725632
	3426725633
	3426725634
	3426725635
	3426725636
	3426725637
	3426725638
	3426725639
	3426725640
	3426725641
	3426725642
	3426725643
	3426725644
	3426725645
	3426725646
	3426725647
	3426725648
	3426725649
	3426725650
	3426725651
	3426725652
	3426725653
	3426725654
	3426725655
	3426725656
	3426725657
	3426725658
	3426725659
	3426725660
	3426725661
	3426725662
	3426725663
	3426725664
	3426725665
	3426725666
	3426725667
	3426725668
	3426725669
	3426725670
	3426725671
	3426725672
	3426725673
	3426725674
	3426725675
	3426725676
	3426725677
	3426725678
	3426725679
	3426725680
	3426725681
	3426725682
	3426725683
	3426725684
	3426725685
	3426725686
	3426725687
	3426725688
	3426725689
	3426725690
	3426725691
	3426725692
	3426725693
	3426725694
	3426725695
	3426725696
	3426725697
	3426725698
	3426725699
	3426725700
	3426725701
	3426725702
	3426725703
	3426725704
	3426725705
	3426725706
	3426725707
	3426725708
	3426725709
	3426725710
	3426725711
	3426725712
	3426725713
	3426725714
	3426725715
	3426725716
	3426725717
	3426725718
	3426725719
	3426725720
	3426725721
	3426725722
	3426725723
	3426725724
	3426725725
	3426725726
	3426725727
	3426725728
	3426725729
	3426725730
	3426725731
	3426725732
	3426725733
	3426725734
	3426725735
	3426725736
	3426725737
	3426725738
	3426725739
	3426725740
	3426725741
	3426725742
	3426725743
	3426725744
	3426725745
	3426725746
	3426725747
	3426725748
	3426725749
	3426725750
	3426725751
	3426725752
	3426725753
	3426725754
	3426725755
	3426725756
	3426725757
	3426725758
	3426725759
	3426725760
	3426725761
	3426725762
	3426725763
	3426725764
	3426725765
	3426725766
	3426725767
	3426725768
	3426725769
	3426725770
	3426725771
	3426725772
	3426725773
	3426725774
	3426725775
	3426725776
	3426725777
	3426725778
	3426725779
	3426725780
	3426725781
	3426725782
	3426725783
	3426725784
	3426725785
	3426725786
	3426725787
	3426725788
	3426725789
	3426725790
	3426725791
	3426725792
	3426725793
	3426725794
	3426725795
	3426725796
	3426725797
	3426725798
	3426725799
	3426725800
	3426725801
	3426725802
	3426725803
	3426725804
	3426725805
	3426725806
	3426725807
	3426725808
	3426725809
	3426725810
	3426725811
	3426725812
	3426725813
	3426725814
	3426725815
	3426725816
	3426725817
	3426725818
	3426725819
	3426725820
	3426725821
	3426725822
	3426725823
	3426725824
	3426725825
	3426725826
	3426725827
	3426725828
	3426725829
	3426725830
	3426725831
	3426725832
	3426725833
	3426725834
	3426725835
	3426725836
	3426725837
	3426725838
	3426725839
	3426725840
	3426725841
	3426725842
	3426725843
	3426725844
	3426725845
	3426725846
	3426725847
	3426725848
	3426725849
	3426725850
	3426725851
	3426725852
	3426725853
	3426725854
	3426725855
	3426725856
	3426725857
	3426725858
	3426725859
	3426725860
	3426725861
	3426725862
	3426725863
	3426725864
	3426725865
	3426725866
	3426725867
	3426725868
	3426725869
	3426725870
	3426725871
	3426725872
	3426725873
	3426725874
	3426725875
	3426725876
	3426725877
	3426725878
	3426725879
	3426725880
	3426725881
	3426725882
	3426725883
	3426725884
	3426725885
	3426725886
	3426725887
	3426725888
	3426725889
	3426725890
	3426725891
	3426725892
	3426725893
	3426725894
	3426725895
	3426725896
	3426725897
	3426725898
	3426725899
	3426725900
	3426725901
	3426725902
	3426725903
	3426725904
	3426725905
	3426725906
	3426725907
	3426725908
	3426725909
	3426725910
	3426725911
	3426725912
	3426725913
	3426725914
	3426725915
	3426725916
	3426725917
	3426725918
	3426725919
	3426725920
	3426725921
	3426725922
	3426725923
	3426725924
	3426725925
	3426725926
	3426725927
	3426725928
	3426725929
	3426725930
	3426725931
	3426725932
	3426725933
	3426725934
	3426725935
	3426725936
	3426725937
	3426725938
	3426725939
	3426725940
	3426725941
	3426725942
	3426725943
	3426725944
	3426725945
	3426725946
	3426725947
	3426725948
	3426725949
	3426725950
	3426725951
	3426725952
	3426725953
	3426725954
	3426725955
	3426725956
	3426725957
	3426725958
	3426725959
	3426725960
	3426725961
	3426725962
	3426725963
	3426725964
	3426725965
	3426725966
	3426725967
	3426725968
	3426725969
	3426725970
	3426725971
	3426725972
	3426725973
	3426725974
	3426725975
	3426725976
	3426725977
	3426725978
	3426725979
	3426725980
	3426725981
	3426725982
	3426725983
	3426725984
	3426725985
	3426725986
	3426725987
	3426725988
	3426725989
	3426725990
	3426725991
	3426725992
	3426725993
	3426725994
	3426725995
	3426725996
	3426725997
	3426725998
	3426725999
	3426726000
	3426726001
	3426726002
	3426726003
	3426726004
	3426726005
	3426726006
	3426726007
	3426726008
	3426726009
	3426726010
	3426726011
	3426726012
	3426726013
	3426726014
	3426726015
	3426726016
	3426726017
	3426726018
	3426726019
	3426726020
	3426726021
	3426726022
	3426726023
	3426726024
	3426726025
	3426726026
	3426726027
	3426726028
	3426726029
	3426726030
	3426726031
	3426726032
	3426726033
	3426726034
	3426726035
	3426726036
	3426726037
	3426726038
	3426726039
	3426726040
	3426726041
	3426726042
	3426726043
	3426726044
	3426726045
	3426726046
	3426726047
	3426726048
	3426726049
	3426726050
	3426726051
	3426726052
	3426726053
	3426726054
	3426726055
	3426726056
	3426726057
	3426726058
	3426726059
	3426726060
	3426726061
	3426726062
	3426726063
	3426726064
	3426726065
	3426726066
	3426726067
	3426726068
	3426726069
	3426726070
	3426726071
	3426726072
	3426726073
	3426726074
	3426726075
	3426726076
	3426726077
	3426726078
	3426726079
	3426726080
	3426726081
	3426726082
	3426726083
	3426726084
	3426726085
	3426726086
	3426726087
	3426726088
	3426726089
	3426726090
	3426726091
	3426726092
	3426726093
	3426726094
	3426726095
	3426726096
	3426726097
	3426726098
	3426726099
	3426726100
	3426726101
	3426726102
	3426726103
	3426726104
	3426726105
	3426726106
	3426726107
	3426726108
	3426726109
	3426726110
	3426726111
	3426726112
	3426726113
	3426726114
	3426726115
	3426726116
	3426726117
	3426726118
	3426726119
	3426726120
	3426726121
	3426726122
	3426726123
	3426726124
	3426726125
	3426726126
	3426726127
	3426726128
	3426726129
	3426726130
	3426726131
	3426726132
	3426726133
	3426726134
	3426726135
	3426726136
	3426726137
	3426726138
	3426726139
	3426726140
	3426726141
	3426726142
	3426726143
	3426726144
	3426726145
	3426726146
	3426726147
	3426726148
	3426726149
	3426726150
	3426726151
	3426726152
	3426726153
	3426726154
	3426726155
	3426726156
	3426726157
	3426726158
	3426726159
	3426726160
	3426726161
	3426726162
	3426726163
	3426726164
	3426726165
	3426726166
	3426726167
	3426726168
	3426726169
	3426726170
	3426726171
	3426726172
	3426726173
	3426726174
	3426726175
	3426726176
	3426726177
	3426726178
	3426726179
	3426726180
	3426726181
	3426726182
	3426726183
	3426726184
	3426726185
	3426726186
	3426726187
	3426726188
	3426726189
	3426726190
	3426726191
	3426726192
	3426726193
	3426726194
	3426726195
	3426726196
	3426726197
	3426726198
	3426726199
	3426726200
	3426726201
	3426726202
	3426726203
	3426726204
	3426726205
	3426726206
	3426726207
	3426726208
	3426726209
	3426726210
	3426726211
	3426726212
	3426726213
	3426726214
	3426726215
	3426726216
	3426726217
	3426726218
	3426726219
	3426726220
	3426726221
	3426726222
	3426726223
	3426726224
	3426726225
	3426726226
	3426726227
	3426726228
	3426726229
	3426726230
	3426726231
	3426726232
	3426726233
	3426726234
	3426726235
	3426726236
	3426726237
	3426726238
	3426726239
	3426726240
	3426726241
	3426726242
	3426726243
	3426726244
	3426726245
	3426726246
	3426726247
	3426726248
	3426726249
	3426726250
	3426726251
	3426726252
	3426726253
	3426726254
	3426726255
	3426726256
	3426726257
	3426726258
	3426726259
	3426726260
	3426726261
	3426726262
	3426726263
	3426726264
	3426726265
	3426726266
	3426726267
	3426726268
	3426726269
	3426726270
	3426726271
	3426726272
	3426726273
	3426726274
	3426726275
	3426726276
	3426726277
	3426726278
	3426726279
	3426726280
	3426726281
	3426726282
	3426726283
	3426726284
	3426726285
	3426726286
	3426726287
	3426726288
	3426726289
	3426726290
	3426726291
	3426726292
	3426726293
	3426726294
	3426726295
	3426726296
	3426726297
	3426726298
	3426726299
	3426726300
	3426726301
	3426726302
	3426726303
	3426726304
	3426726305
	3426726306
	3426726307
	3426726308
	3426726309
	3426726310
	3426726311
	3426726312
	3426726313
	3426726314
	3426726315
	3426726316
	3426726317
	3426726318
	3426726319
	3426726320
	3426726321
	3426726322
	3426726323
	3426726324
	3426726325
	3426726326
	3426726327
	3426726328
	3426726329
	3426726330
	3426726331
	3426726332
	3426726333
	3426726334
	3426726335
	3426726336
	3426726337
	3426726338
	3426726339
	3426726340
	3426726341
	3426726342
	3426726343
	3426726344
	3426726345
	3426726346
	3426726347
	3426726348
	3426726349
	3426726350
	3426726351
	3426726352
	3426726353
	3426726354
	3426726355
	3426726356
	3426726357
	3426726358
	3426726359
	3426726360
	3426726361
	3426726362
	3426726363
	3426726364
	3426726365
	3426726366
	3426726367
	3426726368
	3426726369
	3426726370
	3426726371
	3426726372
	3426726373
	3426726374
	3426726375
	3426726376
	3426726377
	3426726378
	3426726379
	3426726380
	3426726381
	3426726382
	3426726383
	3426726384
	3426726385
	3426726386
	3426726387
	3426726388
	3426726389
	3426726390
	3426726391
	3426726392
	3426726393
	3426726394
	3426726395
	3426726396
	3426726397
	3426726398
	3426726399
	3426726400
	3426726401
	3426726402
	3426726403
	3426726404
	3426726405
	3426726406
	3426726407
	3426726408
	3426726409
	3426726410
	3426726411
	3426726412
	3426726413
	3426726414
	3426726415
	3426726416
	3426726417
	3426726418
	3426726419
	3426726420
	3426726421
	3426726422
	3426726423
	3426726424
	3426726425
	3426726426
	3426726427
	3426726428
	3426726429
	3426726430
	3426726431
	3426726432
	3426726433
	3426726434
	3426726435
	3426726436
	3426726437
	3426726438
	3426726439
	3426726440
	3426726441
	3426726442
	3426726443
	3426726444
	3426726445
	3426726446
	3426726447
	3426726448
	3426726449
	3426726450
	3426726451
	3426726452
	3426726453
	3426726454
	3426726455
	3426726456
	3426726457
	3426726458
	3426726459
	3426726460
	3426726461
	3426726462
	3426726463
	3426726464
	3426726465
	3426726466
	3426726467
	3426726468
	3426726469
	3426726470
	3426726471
	3426726472
	3426726473
	3426726474
	3426726475
	3426726476
	3426726477
	3426726478
	3426726479
	3426726480
	3426726481
	3426726482
	3426726483
	3426726484
	3426726485
	3426726486
	3426726487
	3426726488
	3426726489
	3426726490
	3426726491
	3426726492
	3426726493
	3426726494
	3426726495
	3426726496
	3426726497
	3426726498
	3426726499
	3426726500
	3426726501
	3426726502
	3426726503
	3426726504
	3426726505
	3426726506
	3426726507
	3426726508
	3426726509
	3426726510
	3426726511
	3426726512
	3426726513
	3426726514
	3426726515
	3426726516
	3426726517
	3426726518
	3426726519
	3426726520
	3426726521
	3426726522
	3426726523
	3426726524
	3426726525
	3426726526
	3426726527
	3426726528
	3426726529
	3426726530
	3426726531
	3426726532
	3426726533
	3426726534
	3426726535
	3426726536
	3426726537
	3426726538
	3426726539
	3426726540
	3426726541
	3426726542
	3426726543
	3426726544
	3426726545
	3426726546
	3426726547
	3426726548
	3426726549
	3426726550
	3426726551
	3426726552
	3426726553
	3426726554
	3426726555
	3426726556
	3426726557
	3426726558
	3426726559
	3426726560
	3426726561
	3426726562
	3426726563
	3426726564
	3426726565
	3426726566
	3426726567
	3426726568
	3426726569
	3426726570
	3426726571
	3426726572
	3426726573
	3426726574
	3426726575
	3426726576
	3426726577
	3426726578
	3426726579
	3426726580
	3426726581
	3426726582
	3426726583
	3426726584
	3426726585
	3426726586
	3426726587
	3426726588
	3426726589
	3426726590
	3426726591
	3426726592
	3426726593
	3426726594
	3426726595
	3426726596
	3426726597
	3426726598
	3426726599
	3426726600
	3426726601
	3426726602
	3426726603
	3426726604
	3426726605
	3426726606
	3426726607
	3426726608
	3426726609
	3426726610
	3426726611
	3426726612
	3426726613
	3426726614
	3426726615
	3426726616
	3426726617
	3426726618
	3426726619
	3426726620
	3426726621
	3426726622
	3426726623
	3426726624
	3426726625
	3426726626
	3426726627
	3426726628
	3426726629
	3426726630
	3426726631
	3426726632
	3426726633
	3426726634
	3426726635
	3426726636
	3426726637
	3426726638
	3426726639
	3426726640
	3426726641
	3426726642
	3426726643
	3426726644
	3426726645
	3426726646
	3426726647
	3426726648
	3426726649
	3426726650
	3426726651
	3426726652
	3426726653
	3426726654
	3426726655
	3426726656
	3426726657
	3426726658
	3426726659
	3426726660
	3426726661
	3426726662
	3426726663
	3426726664
	3426726665
	3426726666
	3426726667
	3426726668
	3426726669
	3426726670
	3426726671
	3426726672
	3426726673
	3426726674
	3426726675
	3426726676
	3426726677
	3426726678
	3426726679
	3426726680
	3426726681
	3426726682
	3426726683
	3426726684
	3426726685
	3426726686
	3426726687
	3426726688
	3426726689
	3426726690
	3426726691
	3426726692
	3426726693
	3426726694
	3426726695
	3426726696
	3426726697
	3426726698
	3426726699
	3426726700
	3426726701
	3426726702
	3426726703
	3426726704
	3426726705
	3426726706
	3426726707
	3426726708
	3426726709
	3426726710
	3426726711
	3426726712
	3426726713
	3426726714
	3426726715
	3426726716
	3426726717
	3426726718
	3426726719
	3426726720
	3426726721
	3426726722
	3426726723
	3426726724
	3426726725
	3426726726
	3426726727
	3426726728
	3426726729
	3426726730
	3426726731
	3426726732
	3426726733
	3426726734
	3426726735
	3426726736
	3426726737
	3426726738
	3426726739
	3426726740
	3426726741
	3426726742
	3426726743
	3426726744
	3426726745
	3426726746
	3426726747
	3426726748
	3426726749
	3426726750
	3426726751
	3426726752
	3426726753
	3426726754
	3426726755
	3426726756
	3426726757
	3426726758
	3426726759
	3426726760
	3426726761
	3426726762
	3426726763
	3426726764
	3426726765
	3426726766
	3426726767
	3426726768
	3426726769
	3426726770
	3426726771
	3426726772
	3426726773
	3426726774
	3426726775
	3426726776
	3426726777
	3426726778
	3426726779
	3426726780
	3426726781
	3426726782
	3426726783
	3426726784
	3426726785
	3426726786
	3426726787
	3426726788
	3426726789
	3426726790
	3426726791
	3426726792
	3426726793
	3426726794
	3426726795
	3426726796
	3426726797
	3426726798
	3426726799
	3426726800
	3426726801
	3426726802
	3426726803
	3426726804
	3426726805
	3426726806
	3426726807
	3426726808
	3426726809
	3426726810
	3426726811
	3426726812
	3426726813
	3426726814
	3426726815
	3426726816
	3426726817
	3426726818
	3426726819
	3426726820
	3426726821
	3426726822
	3426726823
	3426726824
	3426726825
	3426726826
	3426726827
	3426726828
	3426726829
	3426726830
	3426726831
	3426726832
	3426726833
	3426726834
	3426726835
	3426726836
	3426726837
	3426726838
	3426726839
	3426726840
	3426726841
	3426726842
	3426726843
	3426726844
	3426726845
	3426726846
	3426726847
	3426726848
	3426726849
	3426726850
	3426726851
	3426726852
	3426726853
	3426726854
	3426726855
	3426726856
	3426726857
	3426726858
	3426726859
	3426726860
	3426726861
	3426726862
	3426726863
	3426726864
	3426726865
	3426726866
	3426726867
	3426726868
	3426726869
	3426726870
	3426726871
	3426726872
	3426726873
	3426726874
	3426726875
	3426726876
	3426726877
	3426726878
	3426726879
	3426726880
	3426726881
	3426726882
	3426726883
	3426726884
	3426726885
	3426726886
	3426726887
	3426726888
	3426726889
	3426726890
	3426726891
	3426726892
	3426726893
	3426726894
	3426726895
	3426726896
	3426726897
	3426726898
	3426726899
	3426726900
	3426726901
	3426726902
	3426726903
	3426726904
	3426726905
	3426726906
	3426726907
	3426726908
	3426726909
	3426726910
	3426726911
	3426726912
	3426726913
	3426726914
	3426726915
	3426726916
	3426726917
	3426726918
	3426726919
	3426726920
	3426726921
	3426726922
	3426726923
	3426726924
	3426726925
	3426726926
	3426726927
	3426726928
	3426726929
	3426726930
	3426726931
	3426726932
	3426726933
	3426726934
	3426726935
	3426726936
	3426726937
	3426726938
	3426726939
	3426726940
	3426726941
	3426726942
	3426726943
	3426726944
	3426726945
	3426726946
	3426726947
	3426726948
	3426726949
	3426726950
	3426726951
	3426726952
	3426726953
	3426726954
	3426726955
	3426726956
	3426726957
	3426726958
	3426726959
	3426726960
	3426726961
	3426726962
	3426726963
	3426726964
	3426726965
	3426726966
	3426726967
	3426726968
	3426726969
	3426726970
	3426726971
	3426726972
	3426726973
	3426726974
	3426726975
	3426726976
	3426726977
	3426726978
	3426726979
	3426726980
	3426726981
	3426726982
	3426726983
	3426726984
	3426726985
	3426726986
	3426726987
	3426726988
	3426726989
	3426726990
	3426726991
	3426726992
	3426726993
	3426726994
	3426726995
	3426726996
	3426726997
	3426726998
	3426726999
	3426727000
	3426727001
	3426727002
	3426727003
	3426727004
	3426727005
	3426727006
	3426727007
	3426727008
	3426727009
	3426727010
	3426727011
	3426727012
	3426727013
	3426727014
	3426727015
	3426727016
	3426727017
	3426727018
	3426727019
	3426727020
	3426727021
	3426727022
	3426727023
	3426727024
	3426727025
	3426727026
	3426727027
	3426727028
	3426727029
	3426727030
	3426727031
	3426727032
	3426727033
	3426727034
	3426727035
	3426727036
	3426727037
	3426727038
	3426727039
	3426727040
	3426727041
	3426727042
	3426727043
	3426727044
	3426727045
	3426727046
	3426727047
	3426727048
	3426727049
	3426727050
	3426727051
	3426727052
	3426727053
	3426727054
	3426727055
	3426727056
	3426727057
	3426727058
	3426727059
	3426727060
	3426727061
	3426727062
	3426727063
	3426727064
	3426727065
	3426727066
	3426727067
	3426727068
	3426727069
	3426727070
	3426727071
	3426727072
	3426727073
	3426727074
	3426727075
	3426727076
	3426727077
	3426727078
	3426727079
	3426727080
	3426727081
	3426727082
	3426727083
	3426727084
	3426727085
	3426727086
	3426727087
	3426727088
	3426727089
	3426727090
	3426727091
	3426727092
	3426727093
	3426727094
	3426727095
	3426727096
	3426727097
	3426727098
	3426727099
	3426727100
	3426727101
	3426727102
	3426727103
	3426727104
	3426727105
	3426727106
	3426727107
	3426727108
	3426727109
	3426727110
	3426727111
	3426727112
	3426727113
	3426727114
	3426727115
	3426727116
	3426727117
	3426727118
	3426727119
	3426727120
	3426727121
	3426727122
	3426727123
	3426727124
	3426727125
	3426727126
	3426727127
	3426727128
	3426727129
	3426727130
	3426727131
	3426727132
	3426727133
	3426727134
	3426727135
	3426727136
	3426727137
	3426727138
	3426727139
	3426727140
	3426727141
	3426727142
	3426727143
	3426727144
	3426727145
	3426727146
	3426727147
	3426727148
	3426727149
	3426727150
	3426727151
	3426727152
	3426727153
	3426727154
	3426727155
	3426727156
	3426727157
	3426727158
	3426727159
	3426727160
	3426727161
	3426727162
	3426727163
	3426727164
	3426727165
	3426727166
	3426727167
	3426727168
	3426727169
	3426727170
	3426727171
	3426727172
	3426727173
	3426727174
	3426727175
	3426727176
	3426727177
	3426727178
	3426727179
	3426727180
	3426727181
	3426727182
	3426727183
	3426727184
	3426727185
	3426727186
	3426727187
	3426727188
	3426727189
	3426727190
	3426727191
	3426727192
	3426727193
	3426727194
	3426727195
	3426727196
	3426727197
	3426727198
	3426727199
	3426727200
	3426727201
	3426727202
	3426727203
	3426727204
	3426727205
	3426727206
	3426727207
	3426727208
	3426727209
	3426727210
	3426727211
	3426727212
	3426727213
	3426727214
	3426727215
	3426727216
	3426727217
	3426727218
	3426727219
	3426727220
	3426727221
	3426727222
	3426727223
	3426727224
	3426727225
	3426727226
	3426727227
	3426727228
	3426727229
	3426727230
	3426727231
	3426727232
	3426727233
	3426727234
	3426727235
	3426727236
	3426727237
	3426727238
	3426727239
	3426727240
	3426727241
	3426727242
	3426727243
	3426727244
	3426727245
	3426727246
	3426727247
	3426727248
	3426727249
	3426727250
	3426727251
	3426727252
	3426727253
	3426727254
	3426727255
	3426727256
	3426727257
	3426727258
	3426727259
	3426727260
	3426727261
	3426727262
	3426727263
	3426727264
	3426727265
	3426727266
	3426727267
	3426727268
	3426727269
	3426727270
	3426727271
	3426727272
	3426727273
	3426727274
	3426727275
	3426727276
	3426727277
	3426727278
	3426727279
	3426727280
	3426727281
	3426727282
	3426727283
	3426727284
	3426727285
	3426727286
	3426727287
	3426727288
	3426727289
	3426727290
	3426727291
	3426727292
	3426727293
	3426727294
	3426727295
	3426727296
	3426727297
	3426727298
	3426727299
	3426727300
	3426727301
	3426727302
	3426727303
	3426727304
	3426727305
	3426727306
	3426727307
	3426727308
	3426727309
	3426727310
	3426727311
	3426727312
	3426727313
	3426727314
	3426727315
	3426727316
	3426727317
	3426727318
	3426727319
	3426727320
	3426727321
	3426727322
	3426727323
	3426727324
	3426727325
	3426727326
	3426727327
	3426727328
	3426727329
	3426727330
	3426727331
	3426727332
	3426727333
	3426727334
	3426727335
	3426727336
	3426727337
	3426727338
	3426727339
	3426727340
	3426727341
	3426727342
	3426727343
	3426727344
	3426727345
	3426727346
	3426727347
	3426727348
	3426727349
	3426727350
	3426727351
	3426727352
	3426727353
	3426727354
	3426727355
	3426727356
	3426727357
	3426727358
	3426727359
	3426727360
	3426727361
	3426727362
	3426727363
	3426727364
	3426727365
	3426727366
	3426727367
	3426727368
	3426727369
	3426727370
	3426727371
	3426727372
	3426727373
	3426727374
	3426727375
	3426727376
	3426727377
	3426727378
	3426727379
	3426727380
	3426727381
	3426727382
	3426727383
	3426727384
	3426727385
	3426727386
	3426727387
	3426727388
	3426727389
	3426727390
	3426727391
	3426727392
	3426727393
	3426727394
	3426727395
	3426727396
	3426727397
	3426727398
	3426727399
	3426727400
	3426727401
	3426727402
	3426727403
	3426727404
	3426727405
	3426727406
	3426727407
	3426727408
	3426727409
	3426727410
	3426727411
	3426727412
	3426727413
	3426727414
	3426727415
	3426727416
	3426727417
	3426727418
	3426727419
	3426727420
	3426727421
	3426727422
	3426727423
	3426727424
	3426727425
	3426727426
	3426727427
	3426727428
	3426727429
	3426727430
	3426727431
	3426727432
	3426727433
	3426727434
	3426727435
	3426727436
	3426727437
	3426727438
	3426727439
	3426727440
	3426727441
	3426727442
	3426727443
	3426727444
	3426727445
	3426727446
	3426727447
	3426727448
	3426727449
	3426727450
	3426727451
	3426727452
	3426727453
	3426727454
	3426727455
	3426727456
	3426727457
	3426727458
	3426727459
	3426727460
	3426727461
	3426727462
	3426727463
	3426727464
	3426727465
	3426727466
	3426727467
	3426727468
	3426727469
	3426727470
	3426727471
	3426727472
	3426727473
	3426727474
	3426727475
	3426727476
	3426727477
	3426727478
	3426727479
	3426727480
	3426727481
	3426727482
	3426727483
	3426727484
	3426727485
	3426727486
	3426727487
	3426727488
	3426727489
	3426727490
	3426727491
	3426727492
	3426727493
	3426727494
	3426727495
	3426727496
	3426727497
	3426727498
	3426727499
	3426727500
	3426727501
	3426727502
	3426727503
	3426727504
	3426727505
	3426727506
	3426727507
	3426727508
	3426727509
	3426727510
	3426727511
	3426727512
	3426727513
	3426727514
	3426727515
	3426727516
	3426727517
	3426727518
	3426727519
	3426727520
	3426727521
	3426727522
	3426727523
	3426727524
	3426727525
	3426727526
	3426727527
	3426727528
	3426727529
	3426727530
	3426727531
	3426727532
	3426727533
	3426727534
	3426727535
	3426727536
	3426727537
	3426727538
	3426727539
	3426727540
	3426727541
	3426727542
	3426727543
	3426727544
	3426727545
	3426727546
	3426727547
	3426727548
	3426727549
	3426727550
	3426727551
	3426727552
	3426727553
	3426727554
	3426727555
	3426727556
	3426727557
	3426727558
	3426727559
	3426727560
	3426727561
	3426727562
	3426727563
	3426727564
	3426727565
	3426727566
	3426727567
	3426727568
	3426727569
	3426727570
	3426727571
	3426727572
	3426727573
	3426727574
	3426727575
	3426727576
	3426727577
	3426727578
	3426727579
	3426727580
	3426727581
	3426727582
	3426727583
	3426727584
	3426727585
	3426727586
	3426727587
	3426727588
	3426727589
	3426727590
	3426727591
	3426727592
	3426727593
	3426727594
	3426727595
	3426727596
	3426727597
	3426727598
	3426727599
	3426727600
	3426727601
	3426727602
	3426727603
	3426727604
	3426727605
	3426727606
	3426727607
	3426727608
	3426727609
	3426727610
	3426727611
	3426727612
	3426727613
	3426727614
	3426727615
	3426727616
	3426727617
	3426727618
	3426727619
	3426727620
	3426727621
	3426727622
	3426727623
	3426727624
	3426727625
	3426727626
	3426727627
	3426727628
	3426727629
	3426727630
	3426727631
	3426727632
	3426727633
	3426727634
	3426727635
	3426727636
	3426727637
	3426727638
	3426727639
	3426727640
	3426727641
	3426727642
	3426727643
	3426727644
	3426727645
	3426727646
	3426727647
	3426727648
	3426727649
	3426727650
	3426727651
	3426727652
	3426727653
	3426727654
	3426727655
	3426727656
	3426727657
	3426727658
	3426727659
	3426727660
	3426727661
	3426727662
	3426727663
	3426727664
	3426727665
	3426727666
	3426727667
	3426727668
	3426727669
	3426727670
	3426727671
	3426727672
	3426727673
	3426727674
	3426727675
	3426727676
	3426727677
	3426727678
	3426727679
	3426727680
	3426727681
	3426727682
	3426727683
	3426727684
	3426727685
	3426727686
	3426727687
	3426727688
	3426727689
	3426727690
	3426727691
	3426727692
	3426727693
	3426727694
	3426727695
	3426727696
	3426727697
	3426727698
	3426727699
	3426727700
	3426727701
	3426727702
	3426727703
	3426727704
	3426727705
	3426727706
	3426727707
	3426727708
	3426727709
	3426727710
	3426727711
	3426727712
	3426727713
	3426727714
	3426727715
	3426727716
	3426727717
	3426727718
	3426727719
	3426727720
	3426727721
	3426727722
	3426727723
	3426727724
	3426727725
	3426727726
	3426727727
	3426727728
	3426727729
	3426727730
	3426727731
	3426727732
	3426727733
	3426727734
	3426727735
	3426727736
	3426727737
	3426727738
	3426727739
	3426727740
	3426727741
	3426727742
	3426727743
	3426727744
	3426727745
	3426727746
	3426727747
	3426727748
	3426727749
	3426727750
	3426727751
	3426727752
	3426727753
	3426727754
	3426727755
	3426727756
	3426727757
	3426727758
	3426727759
	3426727760
	3426727761
	3426727762
	3426727763
	3426727764
	3426727765
	3426727766
	3426727767
	3426727768
	3426727769
	3426727770
	3426727771
	3426727772
	3426727773
	3426727774
	3426727775
	3426727776
	3426727777
	3426727778
	3426727779
	3426727780
	3426727781
	3426727782
	3426727783
	3426727784
	3426727785
	3426727786
	3426727787
	3426727788
	3426727789
	3426727790
	3426727791
	3426727792
	3426727793
	3426727794
	3426727795
	3426727796
	3426727797
	3426727798
	3426727799
	3426727800
	3426727801
	3426727802
	3426727803
	3426727804
	3426727805
	3426727806
	3426727807
	3426727808
	3426727809
	3426727810
	3426727811
	3426727812
	3426727813
	3426727814
	3426727815
	3426727816
	3426727817
	3426727818
	3426727819
	3426727820
	3426727821
	3426727822
	3426727823
	3426727824
	3426727825
	3426727826
	3426727827
	3426727828
	3426727829
	3426727830
	3426727831
	3426727832
	3426727833
	3426727834
	3426727835
	3426727836
	3426727837
	3426727838
	3426727839
	3426727840
	3426727841
	3426727842
	3426727843
	3426727844
	3426727845
	3426727846
	3426727847
	3426727848
	3426727849
	3426727850
	3426727851
	3426727852
	3426727853
	3426727854
	3426727855
	3426727856
	3426727857
	3426727858
	3426727859
	3426727860
	3426727861
	3426727862
	3426727863
	3426727864
	3426727865
	3426727866
	3426727867
	3426727868
	3426727869
	3426727870
	3426727871
	3426727872
	3426727873
	3426727874
	3426727875
	3426727876
	3426727877
	3426727878
	3426727879
	3426727880
	3426727881
	3426727882
	3426727883
	3426727884
	3426727885
	3426727886
	3426727887
	3426727888
	3426727889
	3426727890
	3426727891
	3426727892
	3426727893
	3426727894
	3426727895
	3426727896
	3426727897
	3426727898
	3426727899
	3426727900
	3426727901
	3426727902
	3426727903
	3426727904
	3426727905
	3426727906
	3426727907
	3426727908
	3426727909
	3426727910
	3426727911
	3426727912
	3426727913
	3426727914
	3426727915
	3426727916
	3426727917
	3426727918
	3426727919
	3426727920
	3426727921
	3426727922
	3426727923
	3426727924
	3426727925
	3426727926
	3426727927
	3426727928
	3426727929
	3426727930
	3426727931
	3426727932
	3426727933
	3426727934
	3426727935
	3426727936
	3426727937
	3426727938
	3426727939
	3426727940
	3426727941
	3426727942
	3426727943
	3426727944
	3426727945
	3426727946
	3426727947
	3426727948
	3426727949
	3426727950
	3426727951
	3426727952
	3426727953
	3426727954
	3426727955
	3426727956
	3426727957
	3426727958
	3426727959
	3426727960
	3426727961
	3426727962
	3426727963
	3426727964
	3426727965
	3426727966
	3426727967
	3426727968
	3426727969
	3426727970
	3426727971
	3426727972
	3426727973
	3426727974
	3426727975
	3426727976
	3426727977
	3426727978
	3426727979
	3426727980
	3426727981
	3426727982
	3426727983
	3426727984
	3426727985
	3426727986
	3426727987
	3426727988
	3426727989
	3426727990
	3426727991
	3426727992
	3426727993
	3426727994
	3426727995
	3426727996
	3426727997
	3426727998
	3426727999
	3426728000
	3426728001
	3426728002
	3426728003
	3426728004
	3426728005
	3426728006
	3426728007
	3426728008
	3426728009
	3426728010
	3426728011
	3426728012
	3426728013
	3426728014
	3426728015
	3426728016
	3426728017
	3426728018
	3426728019
	3426728020
	3426728021
	3426728022
	3426728023
	3426728024
	3426728025
	3426728026
	3426728027
	3426728028
	3426728029
	3426728030
	3426728031
	3426728032
	3426728033
	3426728034
	3426728035
	3426728036
	3426728037
	3426728038
	3426728039
	3426728040
	3426728041
	3426728042
	3426728043
	3426728044
	3426728045
	3426728046
	3426728047
	3426728048
	3426728049
	3426728050
	3426728051
	3426728052
	3426728053
	3426728054
	3426728055
	3426728056
	3426728057
	3426728058
	3426728059
	3426728060
	3426728061
	3426728062
	3426728063
	3426728064
	3426728065
	3426728066
	3426728067
	3426728068
	3426728069
	3426728070
	3426728071
	3426728072
	3426728073
	3426728074
	3426728075
	3426728076
	3426728077
	3426728078
	3426728079
	3426728080
	3426728081
	3426728082
	3426728083
	3426728084
	3426728085
	3426728086
	3426728087
	3426728088
	3426728089
	3426728090
	3426728091
	3426728092
	3426728093
	3426728094
	3426728095
	3426728096
	3426728097
	3426728098
	3426728099
	3426728100
	3426728101
	3426728102
	3426728103
	3426728104
	3426728105
	3426728106
	3426728107
	3426728108
	3426728109
	3426728110
	3426728111
	3426728112
	3426728113
	3426728114
	3426728115
	3426728116
	3426728117
	3426728118
	3426728119
	3426728120
	3426728121
	3426728122
	3426728123
	3426728124
	3426728125
	3426728126
	3426728127
	3426728128
	3426728129
	3426728130
	3426728131
	3426728132
	3426728133
	3426728134
	3426728135
	3426728136
	3426728137
	3426728138
	3426728139
	3426728140
	3426728141
	3426728142
	3426728143
	3426728144
	3426728145
	3426728146
	3426728147
	3426728148
	3426728149
	3426728150
	3426728151
	3426728152
	3426728153
	3426728154
	3426728155
	3426728156
	3426728157
	3426728158
	3426728159
	3426728160
	3426728161
	3426728162
	3426728163
	3426728164
	3426728165
	3426728166
	3426728167
	3426728168
	3426728169
	3426728170
	3426728171
	3426728172
	3426728173
	3426728174
	3426728175
	3426728176
	3426728177
	3426728178
	3426728179
	3426728180
	3426728181
	3426728182
	3426728183
	3426728184
	3426728185
	3426728186
	3426728187
	3426728188
	3426728189
	3426728190
	3426728191
	3426728192
	3426728193
	3426728194
	3426728195
	3426728196
	3426728197
	3426728198
	3426728199
	3426728200
	3426728201
	3426728202
	3426728203
	3426728204
	3426728205
	3426728206
	3426728207
	3426728208
	3426728209
	3426728210
	3426728211
	3426728212
	3426728213
	3426728214
	3426728215
	3426728216
	3426728217
	3426728218
	3426728219
	3426728220
	3426728221
	3426728222
	3426728223
	3426728224
	3426728225
	3426728226
	3426728227
	3426728228
	3426728229
	3426728230
	3426728231
	3426728232
	3426728233
	3426728234
	3426728235
	3426728236
	3426728237
	3426728238
	3426728239
	3426728240
	3426728241
	3426728242
	3426728243
	3426728244
	3426728245
	3426728246
	3426728247
	3426728248
	3426728249
	3426728250
	3426728251
	3426728252
	3426728253
	3426728254
	3426728255
	3426728256
	3426728257
	3426728258
	3426728259
	3426728260
	3426728261
	3426728262
	3426728263
	3426728264
	3426728265
	3426728266
	3426728267
	3426728268
	3426728269
	3426728270
	3426728271
	3426728272
	3426728273
	3426728274
	3426728275
	3426728276
	3426728277
	3426728278
	3426728279
	3426728280
	3426728281
	3426728282
	3426728283
	3426728284
	3426728285
	3426728286
	3426728287
	3426728288
	3426728289
	3426728290
	3426728291
	3426728292
	3426728293
	3426728294
	3426728295
	3426728296
	3426728297
	3426728298
	3426728299
	3426728300
	3426728301
	3426728302
	3426728303
	3426728304
	3426728305
	3426728306
	3426728307
	3426728308
	3426728309
	3426728310
	3426728311
	3426728312
	3426728313
	3426728314
	3426728315
	3426728316
	3426728317
	3426728318
	3426728319
	3426728320
	3426728321
	3426728322
	3426728323
	3426728324
	3426728325
	3426728326
	3426728327
	3426728328
	3426728329
	3426728330
	3426728331
	3426728332
	3426728333
	3426728334
	3426728335
	3426728336
	3426728337
	3426728338
	3426728339
	3426728340
	3426728341
	3426728342
	3426728343
	3426728344
	3426728345
	3426728346
	3426728347
	3426728348
	3426728349
	3426728350
	3426728351
	3426728352
	3426728353
	3426728354
	3426728355
	3426728356
	3426728357
	3426728358
	3426728359
	3426728360
	3426728361
	3426728362
	3426728363
	3426728364
	3426728365
	3426728366
	3426728367
	3426728368
	3426728369
	3426728370
	3426728371
	3426728372
	3426728373
	3426728374
	3426728375
	3426728376
	3426728377
	3426728378
