	3426521461
	3426521462
	3426521463
	3426521464
	3426521465
	3426521466
	3426521467
	3426521468
	3426521469
	3426521470
	3426521471
	3426521472
	3426521473
	3426521474
	3426521475
	3426521476
	3426521477
	3426521478
	3426521479
	3426521480
	3426521481
	3426521482
	3426521483
	3426521484
	3426521485
	3426521486
	3426521487
	3426521488
	3426521489
	3426521490
	3426521491
	3426521492
	3426521493
	3426521494
	3426521495
	3426521496
	3426521497
	3426521498
	3426521499
	3426521500
	3426521501
	3426521502
	3426521503
	3426521504
	3426521505
	3426521506
	3426521507
	3426521508
	3426521509
	3426521510
	3426521511
	3426521512
	3426521513
	3426521514
	3426521515
	3426521516
	3426521517
	3426521518
	3426521519
	3426521520
	3426521521
	3426521522
	3426521523
	3426521524
	3426521525
	3426521526
	3426521527
	3426521528
	3426521529
	3426521530
	3426521531
	3426521532
	3426521533
	3426521534
	3426521535
	3426521536
	3426521537
	3426521538
	3426521539
	3426521540
	3426521541
	3426521542
	3426521543
	3426521544
	3426521545
	3426521546
	3426521547
	3426521548
	3426521549
	3426521550
	3426521551
	3426521552
	3426521553
	3426521554
	3426521555
	3426521556
	3426521557
	3426521558
	3426521559
	3426521560
	3426521561
	3426521562
	3426521563
	3426521564
	3426521565
	3426521566
	3426521567
	3426521568
	3426521569
	3426521570
	3426521571
	3426521572
	3426521573
	3426521574
	3426521575
	3426521576
	3426521577
	3426521578
	3426521579
	3426521580
	3426521581
	3426521582
	3426521583
	3426521584
	3426521585
	3426521586
	3426521587
	3426521588
	3426521589
	3426521590
	3426521591
	3426521592
	3426521593
	3426521594
	3426521595
	3426521596
	3426521597
	3426521598
	3426521599
	3426521600
	3426521601
	3426521602
	3426521603
	3426521604
	3426521605
	3426521606
	3426521607
	3426521608
	3426521609
	3426521610
	3426521611
	3426521612
	3426521613
	3426521614
	3426521615
	3426521616
	3426521617
	3426521618
	3426521619
	3426521620
	3426521621
	3426521622
	3426521623
	3426521624
	3426521625
	3426521626
	3426521627
	3426521628
	3426521629
	3426521630
	3426521631
	3426521632
	3426521633
	3426521634
	3426521635
	3426521636
	3426521637
	3426521638
	3426521639
	3426521640
	3426521641
	3426521642
	3426521643
	3426521644
	3426521645
	3426521646
	3426521647
	3426521648
	3426521649
	3426521650
	3426521651
	3426521652
	3426521653
	3426521654
	3426521655
	3426521656
	3426521657
	3426521658
	3426521659
	3426521660
	3426521661
	3426521662
	3426521663
	3426521664
	3426521665
	3426521666
	3426521667
	3426521668
	3426521669
	3426521670
	3426521671
	3426521672
	3426521673
	3426521674
	3426521675
	3426521676
	3426521677
	3426521678
	3426521679
	3426521680
	3426521681
	3426521682
	3426521683
	3426521684
	3426521685
	3426521686
	3426521687
	3426521688
	3426521689
	3426521690
	3426521691
	3426521692
	3426521693
	3426521694
	3426521695
	3426521696
	3426521697
	3426521698
	3426521699
	3426521700
	3426521701
	3426521702
	3426521703
	3426521704
	3426521705
	3426521706
	3426521707
	3426521708
	3426521709
	3426521710
	3426521711
	3426521712
	3426521713
	3426521714
	3426521715
	3426521716
	3426521717
	3426521718
	3426521719
	3426521720
	3426521721
	3426521722
	3426521723
	3426521724
	3426521725
	3426521726
	3426521727
	3426521728
	3426521729
	3426521730
	3426521731
	3426521732
	3426521733
	3426521734
	3426521735
	3426521736
	3426521737
	3426521738
	3426521739
	3426521740
	3426521741
	3426521742
	3426521743
	3426521744
	3426521745
	3426521746
	3426521747
	3426521748
	3426521749
	3426521750
	3426521751
	3426521752
	3426521753
	3426521754
	3426521755
	3426521756
	3426521757
	3426521758
	3426521759
	3426521760
	3426521761
	3426521762
	3426521763
	3426521764
	3426521765
	3426521766
	3426521767
	3426521768
	3426521769
	3426521770
	3426521771
	3426521772
	3426521773
	3426521774
	3426521775
	3426521776
	3426521777
	3426521778
	3426521779
	3426521780
	3426521781
	3426521782
	3426521783
	3426521784
	3426521785
	3426521786
	3426521787
	3426521788
	3426521789
	3426521790
	3426521791
	3426521792
	3426521793
	3426521794
	3426521795
	3426521796
	3426521797
	3426521798
	3426521799
	3426521800
	3426521801
	3426521802
	3426521803
	3426521804
	3426521805
	3426521806
	3426521807
	3426521808
	3426521809
	3426521810
	3426521811
	3426521812
	3426521813
	3426521814
	3426521815
	3426521816
	3426521817
	3426521818
	3426521819
	3426521820
	3426521821
	3426521822
	3426521823
	3426521824
	3426521825
	3426521826
	3426521827
	3426521828
	3426521829
	3426521830
	3426521831
	3426521832
	3426521833
	3426521834
	3426521835
	3426521836
	3426521837
	3426521838
	3426521839
	3426521840
	3426521841
	3426521842
	3426521843
	3426521844
	3426521845
	3426521846
	3426521847
	3426521848
	3426521849
	3426521850
	3426521851
	3426521852
	3426521853
	3426521854
	3426521855
	3426521856
	3426521857
	3426521858
	3426521859
	3426521860
	3426521861
	3426521862
	3426521863
	3426521864
	3426521865
	3426521866
	3426521867
	3426521868
	3426521869
	3426521870
	3426521871
	3426521872
	3426521873
	3426521874
	3426521875
	3426521876
	3426521877
	3426521878
	3426521879
	3426521880
	3426521881
	3426521882
	3426521883
	3426521884
	3426521885
	3426521886
	3426521887
	3426521888
	3426521889
	3426521890
	3426521891
	3426521892
	3426521893
	3426521894
	3426521895
	3426521896
	3426521897
	3426521898
	3426521899
	3426521900
	3426521901
	3426521902
	3426521903
	3426521904
	3426521905
	3426521906
	3426521907
	3426521908
	3426521909
	3426521910
	3426521911
	3426521912
	3426521913
	3426521914
	3426521915
	3426521916
	3426521917
	3426521918
	3426521919
	3426521920
	3426521921
	3426521922
	3426521923
	3426521924
	3426521925
	3426521926
	3426521927
	3426521928
	3426521929
	3426521930
	3426521931
	3426521932
	3426521933
	3426521934
	3426521935
	3426521936
	3426521937
	3426521938
	3426521939
	3426521940
	3426521941
	3426521942
	3426521943
	3426521944
	3426521945
	3426521946
	3426521947
	3426521948
	3426521949
	3426521950
	3426521951
	3426521952
	3426521953
	3426521954
	3426521955
	3426521956
	3426521957
	3426521958
	3426521959
	3426521960
	3426521961
	3426521962
	3426521963
	3426521964
	3426521965
	3426521966
	3426521967
	3426521968
	3426521969
	3426521970
	3426521971
	3426521972
	3426521973
	3426521974
	3426521975
	3426521976
	3426521977
	3426521978
	3426521979
	3426521980
	3426521981
	3426521982
	3426521983
	3426521984
	3426521985
	3426521986
	3426521987
	3426521988
	3426521989
	3426521990
	3426521991
	3426521992
	3426521993
	3426521994
	3426521995
	3426521996
	3426521997
	3426521998
	3426521999
	3426522000
	3426522001
	3426522002
	3426522003
	3426522004
	3426522005
	3426522006
	3426522007
	3426522008
	3426522009
	3426522010
	3426522011
	3426522012
	3426522013
	3426522014
	3426522015
	3426522016
	3426522017
	3426522018
	3426522019
	3426522020
	3426522021
	3426522022
	3426522023
	3426522024
	3426522025
	3426522026
	3426522027
	3426522028
	3426522029
	3426522030
	3426522031
	3426522032
	3426522033
	3426522034
	3426522035
	3426522036
	3426522037
	3426522038
	3426522039
	3426522040
	3426522041
	3426522042
	3426522043
	3426522044
	3426522045
	3426522046
	3426522047
	3426522048
	3426522049
	3426522050
	3426522051
	3426522052
	3426522053
	3426522054
	3426522055
	3426522056
	3426522057
	3426522058
	3426522059
	3426522060
	3426522061
	3426522062
	3426522063
	3426522064
	3426522065
	3426522066
	3426522067
	3426522068
	3426522069
	3426522070
	3426522071
	3426522072
	3426522073
	3426522074
	3426522075
	3426522076
	3426522077
	3426522078
	3426522079
	3426522080
	3426522081
	3426522082
	3426522083
	3426522084
	3426522085
	3426522086
	3426522087
	3426522088
	3426522089
	3426522090
	3426522091
	3426522092
	3426522093
	3426522094
	3426522095
	3426522096
	3426522097
	3426522098
	3426522099
	3426522100
	3426522101
	3426522102
	3426522103
	3426522104
	3426522105
	3426522106
	3426522107
	3426522108
	3426522109
	3426522110
	3426522111
	3426522112
	3426522113
	3426522114
	3426522115
	3426522116
	3426522117
	3426522118
	3426522119
	3426522120
	3426522121
	3426522122
	3426522123
	3426522124
	3426522125
	3426522126
	3426522127
	3426522128
	3426522129
	3426522130
	3426522131
	3426522132
	3426522133
	3426522134
	3426522135
	3426522136
	3426522137
	3426522138
	3426522139
	3426522140
	3426522141
	3426522142
	3426522143
	3426522144
	3426522145
	3426522146
	3426522147
	3426522148
	3426522149
	3426522150
	3426522151
	3426522152
	3426522153
	3426522154
	3426522155
	3426522156
	3426522157
	3426522158
	3426522159
	3426522160
	3426522161
	3426522162
	3426522163
	3426522164
	3426522165
	3426522166
	3426522167
	3426522168
	3426522169
	3426522170
	3426522171
	3426522172
	3426522173
	3426522174
	3426522175
	3426522176
	3426522177
	3426522178
	3426522179
	3426522180
	3426522181
	3426522182
	3426522183
	3426522184
	3426522185
	3426522186
	3426522187
	3426522188
	3426522189
	3426522190
	3426522191
	3426522192
	3426522193
	3426522194
	3426522195
	3426522196
	3426522197
	3426522198
	3426522199
	3426522200
	3426522201
	3426522202
	3426522203
	3426522204
	3426522205
	3426522206
	3426522207
	3426522208
	3426522209
	3426522210
	3426522211
	3426522212
	3426522213
	3426522214
	3426522215
	3426522216
	3426522217
	3426522218
	3426522219
	3426522220
	3426522221
	3426522222
	3426522223
	3426522224
	3426522225
	3426522226
	3426522227
	3426522228
	3426522229
	3426522230
	3426522231
	3426522232
	3426522233
	3426522234
	3426522235
	3426522236
	3426522237
	3426522238
	3426522239
	3426522240
	3426522241
	3426522242
	3426522243
	3426522244
	3426522245
	3426522246
	3426522247
	3426522248
	3426522249
	3426522250
	3426522251
	3426522252
	3426522253
	3426522254
	3426522255
	3426522256
	3426522257
	3426522258
	3426522259
	3426522260
	3426522261
	3426522262
	3426522263
	3426522264
	3426522265
	3426522266
	3426522267
	3426522268
	3426522269
	3426522270
	3426522271
	3426522272
	3426522273
	3426522274
	3426522275
	3426522276
	3426522277
	3426522278
	3426522279
	3426522280
	3426522281
	3426522282
	3426522283
	3426522284
	3426522285
	3426522286
	3426522287
	3426522288
	3426522289
	3426522290
	3426522291
	3426522292
	3426522293
	3426522294
	3426522295
	3426522296
	3426522297
	3426522298
	3426522299
	3426522300
	3426522301
	3426522302
	3426522303
	3426522304
	3426522305
	3426522306
	3426522307
	3426522308
	3426522309
	3426522310
	3426522311
	3426522312
	3426522313
	3426522314
	3426522315
	3426522316
	3426522317
	3426522318
	3426522319
	3426522320
	3426522321
	3426522322
	3426522323
	3426522324
	3426522325
	3426522326
	3426522327
	3426522328
	3426522329
	3426522330
	3426522331
	3426522332
	3426522333
	3426522334
	3426522335
	3426522336
	3426522337
	3426522338
	3426522339
	3426522340
	3426522341
	3426522342
	3426522343
	3426522344
	3426522345
	3426522346
	3426522347
	3426522348
	3426522349
	3426522350
	3426522351
	3426522352
	3426522353
	3426522354
	3426522355
	3426522356
	3426522357
	3426522358
	3426522359
	3426522360
	3426522361
	3426522362
	3426522363
	3426522364
	3426522365
	3426522366
	3426522367
	3426522368
	3426522369
	3426522370
	3426522371
	3426522372
	3426522373
	3426522374
	3426522375
	3426522376
	3426522377
	3426522378
	3426522379
	3426522380
	3426522381
	3426522382
	3426522383
	3426522384
	3426522385
	3426522386
	3426522387
	3426522388
	3426522389
	3426522390
	3426522391
	3426522392
	3426522393
	3426522394
	3426522395
	3426522396
	3426522397
	3426522398
	3426522399
	3426522400
	3426522401
	3426522402
	3426522403
	3426522404
	3426522405
	3426522406
	3426522407
	3426522408
	3426522409
	3426522410
	3426522411
	3426522412
	3426522413
	3426522414
	3426522415
	3426522416
	3426522417
	3426522418
	3426522419
	3426522420
	3426522421
	3426522422
	3426522423
	3426522424
	3426522425
	3426522426
	3426522427
	3426522428
	3426522429
	3426522430
	3426522431
	3426522432
	3426522433
	3426522434
	3426522435
	3426522436
	3426522437
	3426522438
	3426522439
	3426522440
	3426522441
	3426522442
	3426522443
	3426522444
	3426522445
	3426522446
	3426522447
	3426522448
	3426522449
	3426522450
	3426522451
	3426522452
	3426522453
	3426522454
	3426522455
	3426522456
	3426522457
	3426522458
	3426522459
	3426522460
	3426522461
	3426522462
	3426522463
	3426522464
	3426522465
	3426522466
	3426522467
	3426522468
	3426522469
	3426522470
	3426522471
	3426522472
	3426522473
	3426522474
	3426522475
	3426522476
	3426522477
	3426522478
	3426522479
	3426522480
	3426522481
	3426522482
	3426522483
	3426522484
	3426522485
	3426522486
	3426522487
	3426522488
	3426522489
	3426522490
	3426522491
	3426522492
	3426522493
	3426522494
	3426522495
	3426522496
	3426522497
	3426522498
	3426522499
	3426522500
	3426522501
	3426522502
	3426522503
	3426522504
	3426522505
	3426522506
	3426522507
	3426522508
	3426522509
	3426522510
	3426522511
	3426522512
	3426522513
	3426522514
	3426522515
	3426522516
	3426522517
	3426522518
	3426522519
	3426522520
	3426522521
	3426522522
	3426522523
	3426522524
	3426522525
	3426522526
	3426522527
	3426522528
	3426522529
	3426522530
	3426522531
	3426522532
	3426522533
	3426522534
	3426522535
	3426522536
	3426522537
	3426522538
	3426522539
	3426522540
	3426522541
	3426522542
	3426522543
	3426522544
	3426522545
	3426522546
	3426522547
	3426522548
	3426522549
	3426522550
	3426522551
	3426522552
	3426522553
	3426522554
	3426522555
	3426522556
	3426522557
	3426522558
	3426522559
	3426522560
	3426522561
	3426522562
	3426522563
	3426522564
	3426522565
	3426522566
	3426522567
	3426522568
	3426522569
	3426522570
	3426522571
	3426522572
	3426522573
	3426522574
	3426522575
	3426522576
	3426522577
	3426522578
	3426522579
	3426522580
	3426522581
	3426522582
	3426522583
	3426522584
	3426522585
	3426522586
	3426522587
	3426522588
	3426522589
	3426522590
	3426522591
	3426522592
	3426522593
	3426522594
	3426522595
	3426522596
	3426522597
	3426522598
	3426522599
	3426522600
	3426522601
	3426522602
	3426522603
	3426522604
	3426522605
	3426522606
	3426522607
	3426522608
	3426522609
	3426522610
	3426522611
	3426522612
	3426522613
	3426522614
	3426522615
	3426522616
	3426522617
	3426522618
	3426522619
	3426522620
	3426522621
	3426522622
	3426522623
	3426522624
	3426522625
	3426522626
	3426522627
	3426522628
	3426522629
	3426522630
	3426522631
	3426522632
	3426522633
	3426522634
	3426522635
	3426522636
	3426522637
	3426522638
	3426522639
	3426522640
	3426522641
	3426522642
	3426522643
	3426522644
	3426522645
	3426522646
	3426522647
	3426522648
	3426522649
	3426522650
	3426522651
	3426522652
	3426522653
	3426522654
	3426522655
	3426522656
	3426522657
	3426522658
	3426522659
	3426522660
	3426522661
	3426522662
	3426522663
	3426522664
	3426522665
	3426522666
	3426522667
	3426522668
	3426522669
	3426522670
	3426522671
	3426522672
	3426522673
	3426522674
	3426522675
	3426522676
	3426522677
	3426522678
	3426522679
	3426522680
	3426522681
	3426522682
	3426522683
	3426522684
	3426522685
	3426522686
	3426522687
	3426522688
	3426522689
	3426522690
	3426522691
	3426522692
	3426522693
	3426522694
	3426522695
	3426522696
	3426522697
	3426522698
	3426522699
	3426522700
	3426522701
	3426522702
	3426522703
	3426522704
	3426522705
	3426522706
	3426522707
	3426522708
	3426522709
	3426522710
	3426522711
	3426522712
	3426522713
	3426522714
	3426522715
	3426522716
	3426522717
	3426522718
	3426522719
	3426522720
	3426522721
	3426522722
	3426522723
	3426522724
	3426522725
	3426522726
	3426522727
	3426522728
	3426522729
	3426522730
	3426522731
	3426522732
	3426522733
	3426522734
	3426522735
	3426522736
	3426522737
	3426522738
	3426522739
	3426522740
	3426522741
	3426522742
	3426522743
	3426522744
	3426522745
	3426522746
	3426522747
	3426522748
	3426522749
	3426522750
	3426522751
	3426522752
	3426522753
	3426522754
	3426522755
	3426522756
	3426522757
	3426522758
	3426522759
	3426522760
	3426522761
	3426522762
	3426522763
	3426522764
	3426522765
	3426522766
	3426522767
	3426522768
	3426522769
	3426522770
	3426522771
	3426522772
	3426522773
	3426522774
	3426522775
	3426522776
	3426522777
	3426522778
	3426522779
	3426522780
	3426522781
	3426522782
	3426522783
	3426522784
	3426522785
	3426522786
	3426522787
	3426522788
	3426522789
	3426522790
	3426522791
	3426522792
	3426522793
	3426522794
	3426522795
	3426522796
	3426522797
	3426522798
	3426522799
	3426522800
	3426522801
	3426522802
	3426522803
	3426522804
	3426522805
	3426522806
	3426522807
	3426522808
	3426522809
	3426522810
	3426522811
	3426522812
	3426522813
	3426522814
	3426522815
	3426522816
	3426522817
	3426522818
	3426522819
	3426522820
	3426522821
	3426522822
	3426522823
	3426522824
	3426522825
	3426522826
	3426522827
	3426522828
	3426522829
	3426522830
	3426522831
	3426522832
	3426522833
	3426522834
	3426522835
	3426522836
	3426522837
	3426522838
	3426522839
	3426522840
	3426522841
	3426522842
	3426522843
	3426522844
	3426522845
	3426522846
	3426522847
	3426522848
	3426522849
	3426522850
	3426522851
	3426522852
	3426522853
	3426522854
	3426522855
	3426522856
	3426522857
	3426522858
	3426522859
	3426522860
	3426522861
	3426522862
	3426522863
	3426522864
	3426522865
	3426522866
	3426522867
	3426522868
	3426522869
	3426522870
	3426522871
	3426522872
	3426522873
	3426522874
	3426522875
	3426522876
	3426522877
	3426522878
	3426522879
	3426522880
	3426522881
	3426522882
	3426522883
	3426522884
	3426522885
	3426522886
	3426522887
	3426522888
	3426522889
	3426522890
	3426522891
	3426522892
	3426522893
	3426522894
	3426522895
	3426522896
	3426522897
	3426522898
	3426522899
	3426522900
	3426522901
	3426522902
	3426522903
	3426522904
	3426522905
	3426522906
	3426522907
	3426522908
	3426522909
	3426522910
	3426522911
	3426522912
	3426522913
	3426522914
	3426522915
	3426522916
	3426522917
	3426522918
	3426522919
	3426522920
	3426522921
	3426522922
	3426522923
	3426522924
	3426522925
	3426522926
	3426522927
	3426522928
	3426522929
	3426522930
	3426522931
	3426522932
	3426522933
	3426522934
	3426522935
	3426522936
	3426522937
	3426522938
	3426522939
	3426522940
	3426522941
	3426522942
	3426522943
	3426522944
	3426522945
	3426522946
	3426522947
	3426522948
	3426522949
	3426522950
	3426522951
	3426522952
	3426522953
	3426522954
	3426522955
	3426522956
	3426522957
	3426522958
	3426522959
	3426522960
	3426522961
	3426522962
	3426522963
	3426522964
	3426522965
	3426522966
	3426522967
	3426522968
	3426522969
	3426522970
	3426522971
	3426522972
	3426522973
	3426522974
	3426522975
	3426522976
	3426522977
	3426522978
	3426522979
	3426522980
	3426522981
	3426522982
	3426522983
	3426522984
	3426522985
	3426522986
	3426522987
	3426522988
	3426522989
	3426522990
	3426522991
	3426522992
	3426522993
	3426522994
	3426522995
	3426522996
	3426522997
	3426522998
	3426522999
	3426523000
	3426523001
	3426523002
	3426523003
	3426523004
	3426523005
	3426523006
	3426523007
	3426523008
	3426523009
	3426523010
	3426523011
	3426523012
	3426523013
	3426523014
	3426523015
	3426523016
	3426523017
	3426523018
	3426523019
	3426523020
	3426523021
	3426523022
	3426523023
	3426523024
	3426523025
	3426523026
	3426523027
	3426523028
	3426523029
	3426523030
	3426523031
	3426523032
	3426523033
	3426523034
	3426523035
	3426523036
	3426523037
	3426523038
	3426523039
	3426523040
	3426523041
	3426523042
	3426523043
	3426523044
	3426523045
	3426523046
	3426523047
	3426523048
	3426523049
	3426523050
	3426523051
	3426523052
	3426523053
	3426523054
	3426523055
	3426523056
	3426523057
	3426523058
	3426523059
	3426523060
	3426523061
	3426523062
	3426523063
	3426523064
	3426523065
	3426523066
	3426523067
	3426523068
	3426523069
	3426523070
	3426523071
	3426523072
	3426523073
	3426523074
	3426523075
	3426523076
	3426523077
	3426523078
	3426523079
	3426523080
	3426523081
	3426523082
	3426523083
	3426523084
	3426523085
	3426523086
	3426523087
	3426523088
	3426523089
	3426523090
	3426523091
	3426523092
	3426523093
	3426523094
	3426523095
	3426523096
	3426523097
	3426523098
	3426523099
	3426523100
	3426523101
	3426523102
	3426523103
	3426523104
	3426523105
	3426523106
	3426523107
	3426523108
	3426523109
	3426523110
	3426523111
	3426523112
	3426523113
	3426523114
	3426523115
	3426523116
	3426523117
	3426523118
	3426523119
	3426523120
	3426523121
	3426523122
	3426523123
	3426523124
	3426523125
	3426523126
	3426523127
	3426523128
	3426523129
	3426523130
	3426523131
	3426523132
	3426523133
	3426523134
	3426523135
	3426523136
	3426523137
	3426523138
	3426523139
	3426523140
	3426523141
	3426523142
	3426523143
	3426523144
	3426523145
	3426523146
	3426523147
	3426523148
	3426523149
	3426523150
	3426523151
	3426523152
	3426523153
	3426523154
	3426523155
	3426523156
	3426523157
	3426523158
	3426523159
	3426523160
	3426523161
	3426523162
	3426523163
	3426523164
	3426523165
	3426523166
	3426523167
	3426523168
	3426523169
	3426523170
	3426523171
	3426523172
	3426523173
	3426523174
	3426523175
	3426523176
	3426523177
	3426523178
	3426523179
	3426523180
	3426523181
	3426523182
	3426523183
	3426523184
	3426523185
	3426523186
	3426523187
	3426523188
	3426523189
	3426523190
	3426523191
	3426523192
	3426523193
	3426523194
	3426523195
	3426523196
	3426523197
	3426523198
	3426523199
	3426523200
	3426523201
	3426523202
	3426523203
	3426523204
	3426523205
	3426523206
	3426523207
	3426523208
	3426523209
	3426523210
	3426523211
	3426523212
	3426523213
	3426523214
	3426523215
	3426523216
	3426523217
	3426523218
	3426523219
	3426523220
	3426523221
	3426523222
	3426523223
	3426523224
	3426523225
	3426523226
	3426523227
	3426523228
	3426523229
	3426523230
	3426523231
	3426523232
	3426523233
	3426523234
	3426523235
	3426523236
	3426523237
	3426523238
	3426523239
	3426523240
	3426523241
	3426523242
	3426523243
	3426523244
	3426523245
	3426523246
	3426523247
	3426523248
	3426523249
	3426523250
	3426523251
	3426523252
	3426523253
	3426523254
	3426523255
	3426523256
	3426523257
	3426523258
	3426523259
	3426523260
	3426523261
	3426523262
	3426523263
	3426523264
	3426523265
	3426523266
	3426523267
	3426523268
	3426523269
	3426523270
	3426523271
	3426523272
	3426523273
	3426523274
	3426523275
	3426523276
	3426523277
	3426523278
	3426523279
	3426523280
	3426523281
	3426523282
	3426523283
	3426523284
	3426523285
	3426523286
	3426523287
	3426523288
	3426523289
	3426523290
	3426523291
	3426523292
	3426523293
	3426523294
	3426523295
	3426523296
	3426523297
	3426523298
	3426523299
	3426523300
	3426523301
	3426523302
	3426523303
	3426523304
	3426523305
	3426523306
	3426523307
	3426523308
	3426523309
	3426523310
	3426523311
	3426523312
	3426523313
	3426523314
	3426523315
	3426523316
	3426523317
	3426523318
	3426523319
	3426523320
	3426523321
	3426523322
	3426523323
	3426523324
	3426523325
	3426523326
	3426523327
	3426523328
	3426523329
	3426523330
	3426523331
	3426523332
	3426523333
	3426523334
	3426523335
	3426523336
	3426523337
	3426523338
	3426523339
	3426523340
	3426523341
	3426523342
	3426523343
	3426523344
	3426523345
	3426523346
	3426523347
	3426523348
	3426523349
	3426523350
	3426523351
	3426523352
	3426523353
	3426523354
	3426523355
	3426523356
	3426523357
	3426523358
	3426523359
	3426523360
	3426523361
	3426523362
	3426523363
	3426523364
	3426523365
	3426523366
	3426523367
	3426523368
	3426523369
	3426523370
	3426523371
	3426523372
	3426523373
	3426523374
	3426523375
	3426523376
	3426523377
	3426523378
	3426523379
	3426523380
	3426523381
	3426523382
	3426523383
	3426523384
	3426523385
	3426523386
	3426523387
	3426523388
	3426523389
	3426523390
	3426523391
	3426523392
	3426523393
	3426523394
	3426523395
	3426523396
	3426523397
	3426523398
	3426523399
	3426523400
	3426523401
	3426523402
	3426523403
	3426523404
	3426523405
	3426523406
	3426523407
	3426523408
	3426523409
	3426523410
	3426523411
	3426523412
	3426523413
	3426523414
	3426523415
	3426523416
	3426523417
	3426523418
	3426523419
	3426523420
	3426523421
	3426523422
	3426523423
	3426523424
	3426523425
	3426523426
	3426523427
	3426523428
	3426523429
	3426523430
	3426523431
	3426523432
	3426523433
	3426523434
	3426523435
	3426523436
	3426523437
	3426523438
	3426523439
	3426523440
	3426523441
	3426523442
	3426523443
	3426523444
	3426523445
	3426523446
	3426523447
	3426523448
	3426523449
	3426523450
	3426523451
	3426523452
	3426523453
	3426523454
	3426523455
	3426523456
	3426523457
	3426523458
	3426523459
	3426523460
	3426523461
	3426523462
	3426523463
	3426523464
	3426523465
	3426523466
	3426523467
	3426523468
	3426523469
	3426523470
	3426523471
	3426523472
	3426523473
	3426523474
	3426523475
	3426523476
	3426523477
	3426523478
	3426523479
	3426523480
	3426523481
	3426523482
	3426523483
	3426523484
	3426523485
	3426523486
	3426523487
	3426523488
	3426523489
	3426523490
	3426523491
	3426523492
	3426523493
	3426523494
	3426523495
	3426523496
	3426523497
	3426523498
	3426523499
	3426523500
	3426523501
	3426523502
	3426523503
	3426523504
	3426523505
	3426523506
	3426523507
	3426523508
	3426523509
	3426523510
	3426523511
	3426523512
	3426523513
	3426523514
	3426523515
	3426523516
	3426523517
	3426523518
	3426523519
	3426523520
	3426523521
	3426523522
	3426523523
	3426523524
	3426523525
	3426523526
	3426523527
	3426523528
	3426523529
	3426523530
	3426523531
	3426523532
	3426523533
	3426523534
	3426523535
	3426523536
	3426523537
	3426523538
	3426523539
	3426523540
	3426523541
	3426523542
	3426523543
	3426523544
	3426523545
	3426523546
	3426523547
	3426523548
	3426523549
	3426523550
	3426523551
	3426523552
	3426523553
	3426523554
	3426523555
	3426523556
	3426523557
	3426523558
	3426523559
	3426523560
	3426523561
	3426523562
	3426523563
	3426523564
	3426523565
	3426523566
	3426523567
	3426523568
	3426523569
	3426523570
	3426523571
	3426523572
	3426523573
	3426523574
	3426523575
	3426523576
	3426523577
	3426523578
	3426523579
	3426523580
	3426523581
	3426523582
	3426523583
	3426523584
	3426523585
	3426523586
	3426523587
	3426523588
	3426523589
	3426523590
	3426523591
	3426523592
	3426523593
	3426523594
	3426523595
	3426523596
	3426523597
	3426523598
	3426523599
	3426523600
	3426523601
	3426523602
	3426523603
	3426523604
	3426523605
	3426523606
	3426523607
	3426523608
	3426523609
	3426523610
	3426523611
	3426523612
	3426523613
	3426523614
	3426523615
	3426523616
	3426523617
	3426523618
	3426523619
	3426523620
	3426523621
	3426523622
	3426523623
	3426523624
	3426523625
	3426523626
	3426523627
	3426523628
	3426523629
	3426523630
	3426523631
	3426523632
	3426523633
	3426523634
	3426523635
	3426523636
	3426523637
	3426523638
	3426523639
	3426523640
	3426523641
	3426523642
	3426523643
	3426523644
	3426523645
	3426523646
	3426523647
	3426523648
	3426523649
	3426523650
	3426523651
	3426523652
	3426523653
	3426523654
	3426523655
	3426523656
	3426523657
	3426523658
	3426523659
	3426523660
	3426523661
	3426523662
	3426523663
	3426523664
	3426523665
	3426523666
	3426523667
	3426523668
	3426523669
	3426523670
	3426523671
	3426523672
	3426523673
	3426523674
	3426523675
	3426523676
	3426523677
	3426523678
	3426523679
	3426523680
	3426523681
	3426523682
	3426523683
	3426523684
	3426523685
	3426523686
	3426523687
	3426523688
	3426523689
	3426523690
	3426523691
	3426523692
	3426523693
	3426523694
	3426523695
	3426523696
	3426523697
	3426523698
	3426523699
	3426523700
	3426523701
	3426523702
	3426523703
	3426523704
	3426523705
	3426523706
	3426523707
	3426523708
	3426523709
	3426523710
	3426523711
	3426523712
	3426523713
	3426523714
	3426523715
	3426523716
	3426523717
	3426523718
	3426523719
	3426523720
	3426523721
	3426523722
	3426523723
	3426523724
	3426523725
	3426523726
	3426523727
	3426523728
	3426523729
	3426523730
	3426523731
	3426523732
	3426523733
	3426523734
	3426523735
	3426523736
	3426523737
	3426523738
	3426523739
	3426523740
	3426523741
	3426523742
	3426523743
	3426523744
	3426523745
	3426523746
	3426523747
	3426523748
	3426523749
	3426523750
	3426523751
	3426523752
	3426523753
	3426523754
	3426523755
	3426523756
	3426523757
	3426523758
	3426523759
	3426523760
	3426523761
	3426523762
	3426523763
	3426523764
	3426523765
	3426523766
	3426523767
	3426523768
	3426523769
	3426523770
	3426523771
	3426523772
	3426523773
	3426523774
	3426523775
	3426523776
	3426523777
	3426523778
	3426523779
	3426523780
	3426523781
	3426523782
	3426523783
	3426523784
	3426523785
	3426523786
	3426523787
	3426523788
	3426523789
	3426523790
	3426523791
	3426523792
	3426523793
	3426523794
	3426523795
	3426523796
	3426523797
	3426523798
	3426523799
	3426523800
	3426523801
	3426523802
	3426523803
	3426523804
	3426523805
	3426523806
	3426523807
	3426523808
	3426523809
	3426523810
	3426523811
	3426523812
	3426523813
	3426523814
	3426523815
	3426523816
	3426523817
	3426523818
	3426523819
	3426523820
	3426523821
	3426523822
	3426523823
	3426523824
	3426523825
	3426523826
	3426523827
	3426523828
	3426523829
	3426523830
	3426523831
	3426523832
	3426523833
	3426523834
	3426523835
	3426523836
	3426523837
	3426523838
	3426523839
	3426523840
	3426523841
	3426523842
	3426523843
	3426523844
	3426523845
	3426523846
	3426523847
	3426523848
	3426523849
	3426523850
	3426523851
	3426523852
	3426523853
	3426523854
	3426523855
	3426523856
	3426523857
	3426523858
	3426523859
	3426523860
	3426523861
	3426523862
	3426523863
	3426523864
	3426523865
	3426523866
	3426523867
	3426523868
	3426523869
	3426523870
	3426523871
	3426523872
	3426523873
	3426523874
	3426523875
	3426523876
	3426523877
	3426523878
	3426523879
	3426523880
	3426523881
	3426523882
	3426523883
	3426523884
	3426523885
	3426523886
	3426523887
	3426523888
	3426523889
	3426523890
	3426523891
	3426523892
	3426523893
	3426523894
	3426523895
	3426523896
	3426523897
	3426523898
	3426523899
	3426523900
	3426523901
	3426523902
	3426523903
	3426523904
	3426523905
	3426523906
	3426523907
	3426523908
	3426523909
	3426523910
	3426523911
	3426523912
	3426523913
	3426523914
	3426523915
	3426523916
	3426523917
	3426523918
	3426523919
	3426523920
	3426523921
	3426523922
	3426523923
	3426523924
	3426523925
	3426523926
	3426523927
	3426523928
	3426523929
	3426523930
	3426523931
	3426523932
	3426523933
	3426523934
	3426523935
	3426523936
	3426523937
	3426523938
	3426523939
	3426523940
	3426523941
	3426523942
	3426523943
	3426523944
	3426523945
	3426523946
	3426523947
	3426523948
	3426523949
	3426523950
	3426523951
	3426523952
	3426523953
	3426523954
	3426523955
	3426523956
	3426523957
	3426523958
	3426523959
	3426523960
	3426523961
	3426523962
	3426523963
	3426523964
	3426523965
	3426523966
	3426523967
	3426523968
	3426523969
	3426523970
	3426523971
	3426523972
	3426523973
	3426523974
	3426523975
	3426523976
	3426523977
	3426523978
	3426523979
	3426523980
	3426523981
	3426523982
	3426523983
	3426523984
	3426523985
	3426523986
	3426523987
	3426523988
	3426523989
	3426523990
	3426523991
	3426523992
	3426523993
	3426523994
	3426523995
	3426523996
	3426523997
	3426523998
	3426523999
	3426524000
	3426524001
	3426524002
	3426524003
	3426524004
	3426524005
	3426524006
	3426524007
	3426524008
	3426524009
	3426524010
	3426524011
	3426524012
	3426524013
	3426524014
	3426524015
	3426524016
	3426524017
	3426524018
	3426524019
	3426524020
	3426524021
	3426524022
	3426524023
	3426524024
	3426524025
	3426524026
	3426524027
	3426524028
	3426524029
	3426524030
	3426524031
	3426524032
	3426524033
	3426524034
	3426524035
	3426524036
	3426524037
	3426524038
	3426524039
	3426524040
	3426524041
	3426524042
	3426524043
	3426524044
	3426524045
	3426524046
	3426524047
	3426524048
	3426524049
	3426524050
	3426524051
	3426524052
	3426524053
	3426524054
	3426524055
	3426524056
	3426524057
	3426524058
	3426524059
	3426524060
	3426524061
	3426524062
	3426524063
	3426524064
	3426524065
	3426524066
	3426524067
	3426524068
	3426524069
	3426524070
	3426524071
	3426524072
	3426524073
	3426524074
	3426524075
	3426524076
	3426524077
	3426524078
	3426524079
	3426524080
	3426524081
	3426524082
	3426524083
	3426524084
	3426524085
	3426524086
	3426524087
	3426524088
	3426524089
	3426524090
	3426524091
	3426524092
	3426524093
	3426524094
	3426524095
	3426524096
	3426524097
	3426524098
	3426524099
	3426524100
	3426524101
	3426524102
	3426524103
	3426524104
	3426524105
	3426524106
	3426524107
	3426524108
	3426524109
	3426524110
	3426524111
	3426524112
	3426524113
	3426524114
	3426524115
	3426524116
	3426524117
	3426524118
	3426524119
	3426524120
	3426524121
	3426524122
	3426524123
	3426524124
	3426524125
	3426524126
	3426524127
	3426524128
	3426524129
	3426524130
	3426524131
	3426524132
	3426524133
	3426524134
	3426524135
	3426524136
	3426524137
	3426524138
	3426524139
	3426524140
	3426524141
	3426524142
	3426524143
	3426524144
	3426524145
	3426524146
	3426524147
	3426524148
	3426524149
	3426524150
	3426524151
	3426524152
	3426524153
	3426524154
	3426524155
	3426524156
	3426524157
	3426524158
	3426524159
	3426524160
	3426524161
	3426524162
	3426524163
	3426524164
	3426524165
	3426524166
	3426524167
	3426524168
	3426524169
	3426524170
	3426524171
	3426524172
	3426524173
	3426524174
	3426524175
	3426524176
	3426524177
	3426524178
	3426524179
	3426524180
	3426524181
	3426524182
	3426524183
	3426524184
	3426524185
	3426524186
	3426524187
	3426524188
	3426524189
	3426524190
	3426524191
	3426524192
	3426524193
	3426524194
	3426524195
	3426524196
	3426524197
	3426524198
	3426524199
	3426524200
	3426524201
	3426524202
	3426524203
	3426524204
	3426524205
	3426524206
	3426524207
	3426524208
	3426524209
	3426524210
	3426524211
	3426524212
	3426524213
	3426524214
	3426524215
	3426524216
	3426524217
	3426524218
	3426524219
	3426524220
	3426524221
	3426524222
	3426524223
	3426524224
	3426524225
	3426524226
	3426524227
	3426524228
	3426524229
	3426524230
	3426524231
	3426524232
	3426524233
	3426524234
	3426524235
	3426524236
	3426524237
	3426524238
	3426524239
	3426524240
	3426524241
	3426524242
	3426524243
	3426524244
	3426524245
	3426524246
	3426524247
	3426524248
	3426524249
	3426524250
	3426524251
	3426524252
	3426524253
	3426524254
	3426524255
	3426524256
	3426524257
	3426524258
	3426524259
	3426524260
	3426524261
	3426524262
	3426524263
	3426524264
	3426524265
	3426524266
	3426524267
	3426524268
	3426524269
	3426524270
	3426524271
	3426524272
	3426524273
	3426524274
	3426524275
	3426524276
	3426524277
	3426524278
	3426524279
	3426524280
	3426524281
	3426524282
	3426524283
	3426524284
	3426524285
	3426524286
	3426524287
	3426524288
	3426524289
	3426524290
	3426524291
	3426524292
	3426524293
	3426524294
	3426524295
	3426524296
	3426524297
	3426524298
	3426524299
	3426524300
	3426524301
	3426524302
	3426524303
	3426524304
	3426524305
	3426524306
	3426524307
	3426524308
	3426524309
	3426524310
	3426524311
	3426524312
	3426524313
	3426524314
	3426524315
	3426524316
	3426524317
	3426524318
	3426524319
	3426524320
	3426524321
	3426524322
	3426524323
	3426524324
	3426524325
	3426524326
	3426524327
	3426524328
	3426524329
	3426524330
	3426524331
	3426524332
	3426524333
	3426524334
	3426524335
	3426524336
	3426524337
	3426524338
	3426524339
	3426524340
	3426524341
	3426524342
	3426524343
	3426524344
	3426524345
	3426524346
	3426524347
	3426524348
	3426524349
	3426524350
	3426524351
	3426524352
	3426524353
	3426524354
	3426524355
	3426524356
	3426524357
	3426524358
	3426524359
	3426524360
	3426524361
	3426524362
	3426524363
	3426524364
	3426524365
	3426524366
	3426524367
	3426524368
	3426524369
	3426524370
	3426524371
	3426524372
	3426524373
	3426524374
	3426524375
	3426524376
	3426524377
	3426524378
	3426524379
	3426524380
	3426524381
	3426524382
	3426524383
	3426524384
	3426524385
	3426524386
	3426524387
	3426524388
	3426524389
	3426524390
	3426524391
	3426524392
	3426524393
	3426524394
	3426524395
	3426524396
	3426524397
	3426524398
	3426524399
	3426524400
	3426524401
	3426524402
	3426524403
	3426524404
	3426524405
	3426524406
	3426524407
	3426524408
	3426524409
	3426524410
	3426524411
	3426524412
	3426524413
	3426524414
	3426524415
	3426524416
	3426524417
	3426524418
	3426524419
	3426524420
	3426524421
	3426524422
	3426524423
	3426524424
	3426524425
	3426524426
	3426524427
	3426524428
	3426524429
	3426524430
	3426524431
	3426524432
	3426524433
	3426524434
	3426524435
	3426524436
	3426524437
	3426524438
	3426524439
	3426524440
	3426524441
	3426524442
	3426524443
	3426524444
	3426524445
	3426524446
	3426524447
	3426524448
	3426524449
	3426524450
	3426524451
	3426524452
	3426524453
	3426524454
	3426524455
	3426524456
	3426524457
	3426524458
	3426524459
	3426524460
	3426524461
	3426524462
	3426524463
	3426524464
	3426524465
	3426524466
	3426524467
	3426524468
	3426524469
	3426524470
	3426524471
	3426524472
	3426524473
	3426524474
	3426524475
	3426524476
	3426524477
	3426524478
	3426524479
	3426524480
	3426524481
	3426524482
	3426524483
	3426524484
	3426524485
	3426524486
	3426524487
	3426524488
	3426524489
	3426524490
	3426524491
	3426524492
	3426524493
	3426524494
	3426524495
	3426524496
	3426524497
	3426524498
	3426524499
	3426524500
	3426524501
	3426524502
	3426524503
	3426524504
	3426524505
	3426524506
	3426524507
	3426524508
	3426524509
	3426524510
	3426524511
	3426524512
	3426524513
	3426524514
	3426524515
	3426524516
	3426524517
	3426524518
	3426524519
	3426524520
	3426524521
	3426524522
	3426524523
	3426524524
	3426524525
	3426524526
	3426524527
	3426524528
	3426524529
	3426524530
	3426524531
	3426524532
	3426524533
	3426524534
	3426524535
	3426524536
	3426524537
	3426524538
	3426524539
	3426524540
	3426524541
	3426524542
	3426524543
	3426524544
	3426524545
	3426524546
	3426524547
	3426524548
	3426524549
	3426524550
	3426524551
	3426524552
	3426524553
	3426524554
	3426524555
	3426524556
	3426524557
	3426524558
	3426524559
	3426524560
	3426524561
	3426524562
	3426524563
	3426524564
	3426524565
	3426524566
	3426524567
	3426524568
	3426524569
	3426524570
	3426524571
	3426524572
	3426524573
	3426524574
	3426524575
	3426524576
	3426524577
	3426524578
	3426524579
	3426524580
	3426524581
	3426524582
	3426524583
	3426524584
	3426524585
	3426524586
	3426524587
	3426524588
	3426524589
	3426524590
	3426524591
	3426524592
	3426524593
	3426524594
	3426524595
	3426524596
	3426524597
	3426524598
	3426524599
	3426524600
	3426524601
	3426524602
	3426524603
	3426524604
	3426524605
	3426524606
	3426524607
	3426524608
	3426524609
	3426524610
	3426524611
	3426524612
	3426524613
	3426524614
	3426524615
	3426524616
	3426524617
	3426524618
	3426524619
	3426524620
	3426524621
	3426524622
	3426524623
	3426524624
	3426524625
	3426524626
	3426524627
	3426524628
	3426524629
	3426524630
	3426524631
	3426524632
	3426524633
	3426524634
	3426524635
	3426524636
	3426524637
	3426524638
	3426524639
	3426524640
	3426524641
	3426524642
	3426524643
	3426524644
	3426524645
	3426524646
	3426524647
	3426524648
	3426524649
	3426524650
	3426524651
	3426524652
	3426524653
	3426524654
	3426524655
	3426524656
	3426524657
	3426524658
	3426524659
	3426524660
	3426524661
	3426524662
	3426524663
	3426524664
	3426524665
	3426524666
	3426524667
	3426524668
	3426524669
	3426524670
	3426524671
	3426524672
	3426524673
	3426524674
	3426524675
	3426524676
	3426524677
	3426524678
	3426524679
	3426524680
	3426524681
	3426524682
	3426524683
	3426524684
	3426524685
	3426524686
	3426524687
	3426524688
	3426524689
	3426524690
	3426524691
	3426524692
	3426524693
	3426524694
	3426524695
	3426524696
	3426524697
	3426524698
	3426524699
	3426524700
	3426524701
	3426524702
	3426524703
	3426524704
	3426524705
	3426524706
	3426524707
	3426524708
	3426524709
	3426524710
	3426524711
	3426524712
	3426524713
	3426524714
	3426524715
	3426524716
	3426524717
	3426524718
	3426524719
	3426524720
	3426524721
	3426524722
	3426524723
	3426524724
	3426524725
	3426524726
	3426524727
	3426524728
	3426524729
	3426524730
	3426524731
	3426524732
	3426524733
	3426524734
	3426524735
	3426524736
	3426524737
	3426524738
	3426524739
	3426524740
	3426524741
	3426524742
	3426524743
	3426524744
	3426524745
	3426524746
	3426524747
	3426524748
	3426524749
	3426524750
	3426524751
	3426524752
	3426524753
	3426524754
	3426524755
	3426524756
	3426524757
	3426524758
	3426524759
	3426524760
	3426524761
	3426524762
	3426524763
	3426524764
	3426524765
	3426524766
	3426524767
	3426524768
	3426524769
	3426524770
	3426524771
	3426524772
	3426524773
	3426524774
	3426524775
	3426524776
	3426524777
	3426524778
	3426524779
	3426524780
	3426524781
	3426524782
	3426524783
	3426524784
	3426524785
	3426524786
	3426524787
	3426524788
	3426524789
	3426524790
	3426524791
	3426524792
	3426524793
	3426524794
	3426524795
	3426524796
	3426524797
	3426524798
	3426524799
	3426524800
	3426524801
	3426524802
	3426524803
	3426524804
	3426524805
	3426524806
	3426524807
	3426524808
	3426524809
	3426524810
	3426524811
	3426524812
	3426524813
	3426524814
	3426524815
	3426524816
	3426524817
	3426524818
	3426524819
	3426524820
	3426524821
	3426524822
	3426524823
	3426524824
	3426524825
	3426524826
	3426524827
	3426524828
	3426524829
	3426524830
	3426524831
	3426524832
	3426524833
	3426524834
	3426524835
	3426524836
	3426524837
	3426524838
	3426524839
	3426524840
	3426524841
	3426524842
	3426524843
	3426524844
	3426524845
	3426524846
	3426524847
	3426524848
	3426524849
	3426524850
	3426524851
	3426524852
	3426524853
	3426524854
	3426524855
	3426524856
	3426524857
	3426524858
	3426524859
	3426524860
	3426524861
	3426524862
	3426524863
	3426524864
	3426524865
	3426524866
	3426524867
	3426524868
	3426524869
	3426524870
	3426524871
	3426524872
	3426524873
	3426524874
	3426524875
	3426524876
	3426524877
	3426524878
	3426524879
	3426524880
	3426524881
	3426524882
	3426524883
	3426524884
	3426524885
	3426524886
	3426524887
	3426524888
	3426524889
	3426524890
	3426524891
	3426524892
	3426524893
	3426524894
	3426524895
	3426524896
	3426524897
	3426524898
	3426524899
	3426524900
	3426524901
	3426524902
	3426524903
	3426524904
	3426524905
	3426524906
	3426524907
	3426524908
	3426524909
	3426524910
	3426524911
	3426524912
	3426524913
	3426524914
	3426524915
	3426524916
	3426524917
	3426524918
	3426524919
	3426524920
	3426524921
	3426524922
	3426524923
	3426524924
	3426524925
	3426524926
	3426524927
	3426524928
	3426524929
	3426524930
	3426524931
	3426524932
	3426524933
	3426524934
	3426524935
	3426524936
	3426524937
	3426524938
	3426524939
	3426524940
	3426524941
	3426524942
	3426524943
	3426524944
	3426524945
	3426524946
	3426524947
	3426524948
	3426524949
	3426524950
	3426524951
	3426524952
	3426524953
	3426524954
	3426524955
	3426524956
	3426524957
	3426524958
	3426524959
	3426524960
	3426524961
	3426524962
	3426524963
	3426524964
	3426524965
	3426524966
	3426524967
	3426524968
	3426524969
	3426524970
	3426524971
	3426524972
	3426524973
	3426524974
	3426524975
	3426524976
	3426524977
	3426524978
	3426524979
	3426524980
	3426524981
	3426524982
	3426524983
	3426524984
	3426524985
	3426524986
	3426524987
	3426524988
	3426524989
	3426524990
	3426524991
	3426524992
	3426524993
	3426524994
	3426524995
	3426524996
	3426524997
	3426524998
	3426524999
	3426525000
	3426525001
	3426525002
	3426525003
	3426525004
	3426525005
	3426525006
	3426525007
	3426525008
	3426525009
	3426525010
	3426525011
	3426525012
	3426525013
	3426525014
	3426525015
	3426525016
	3426525017
	3426525018
	3426525019
	3426525020
	3426525021
	3426525022
	3426525023
	3426525024
	3426525025
	3426525026
	3426525027
	3426525028
	3426525029
	3426525030
	3426525031
	3426525032
	3426525033
	3426525034
	3426525035
	3426525036
	3426525037
	3426525038
	3426525039
	3426525040
	3426525041
	3426525042
	3426525043
	3426525044
	3426525045
	3426525046
	3426525047
	3426525048
	3426525049
	3426525050
	3426525051
	3426525052
	3426525053
	3426525054
	3426525055
	3426525056
	3426525057
	3426525058
	3426525059
	3426525060
