	3426982949
	3426982950
	3426982951
	3426982952
	3426982953
	3426982954
	3426982955
	3426982956
	3426982957
	3426982958
	3426982959
	3426982960
	3426982961
	3426982962
	3426982963
	3426982964
	3426982965
	3426982966
	3426982967
	3426982968
	3426982969
	3426982970
	3426982971
	3426982972
	3426982973
	3426982974
	3426982975
	3426982976
	3426982977
	3426982978
	3426982979
	3426982980
	3426982981
	3426982982
	3426982983
	3426982984
	3426982985
	3426982986
	3426982987
	3426982988
	3426982989
	3426982990
	3426982991
	3426982992
	3426982993
	3426982994
	3426982995
	3426982996
	3426982997
	3426982998
	3426982999
	3426983000
	3426983001
	3426983002
	3426983003
	3426983004
	3426983005
	3426983006
	3426983007
	3426983008
	3426983009
	3426983010
	3426983011
	3426983012
	3426983013
	3426983014
	3426983015
	3426983016
	3426983017
	3426983018
	3426983019
	3426983020
	3426983021
	3426983022
	3426983023
	3426983024
	3426983025
	3426983026
	3426983027
	3426983028
	3426983029
	3426983030
	3426983031
	3426983032
	3426983033
	3426983034
	3426983035
	3426983036
	3426983037
	3426983038
	3426983039
	3426983040
	3426983041
	3426983042
	3426983043
	3426983044
	3426983045
	3426983046
	3426983047
	3426983048
	3426983049
	3426983050
	3426983051
	3426983052
	3426983053
	3426983054
	3426983055
	3426983056
	3426983057
	3426983058
	3426983059
	3426983060
	3426983061
	3426983062
	3426983063
	3426983064
	3426983065
	3426983066
	3426983067
	3426983068
	3426983069
	3426983070
	3426983071
	3426983072
	3426983073
	3426983074
	3426983075
	3426983076
	3426983077
	3426983078
	3426983079
	3426983080
	3426983081
	3426983082
	3426983083
	3426983084
	3426983085
	3426983086
	3426983087
	3426983088
	3426983089
	3426983090
	3426983091
	3426983092
	3426983093
	3426983094
	3426983095
	3426983096
	3426983097
	3426983098
	3426983099
	3426983100
	3426983101
	3426983102
	3426983103
	3426983104
	3426983105
	3426983106
	3426983107
	3426983108
	3426983109
	3426983110
	3426983111
	3426983112
	3426983113
	3426983114
	3426983115
	3426983116
	3426983117
	3426983118
	3426983119
	3426983120
	3426983121
	3426983122
	3426983123
	3426983124
	3426983125
	3426983126
	3426983127
	3426983128
	3426983129
	3426983130
	3426983131
	3426983132
	3426983133
	3426983134
	3426983135
	3426983136
	3426983137
	3426983138
	3426983139
	3426983140
	3426983141
	3426983142
	3426983143
	3426983144
	3426983145
	3426983146
	3426983147
	3426983148
	3426983149
	3426983150
	3426983151
	3426983152
	3426983153
	3426983154
	3426983155
	3426983156
	3426983157
	3426983158
	3426983159
	3426983160
	3426983161
	3426983162
	3426983163
	3426983164
	3426983165
	3426983166
	3426983167
	3426983168
	3426983169
	3426983170
	3426983171
	3426983172
	3426983173
	3426983174
	3426983175
	3426983176
	3426983177
	3426983178
	3426983179
	3426983180
	3426983181
	3426983182
	3426983183
	3426983184
	3426983185
	3426983186
	3426983187
	3426983188
	3426983189
	3426983190
	3426983191
	3426983192
	3426983193
	3426983194
	3426983195
	3426983196
	3426983197
	3426983198
	3426983199
	3426983200
	3426983201
	3426983202
	3426983203
	3426983204
	3426983205
	3426983206
	3426983207
	3426983208
	3426983209
	3426983210
	3426983211
	3426983212
	3426983213
	3426983214
	3426983215
	3426983216
	3426983217
	3426983218
	3426983219
	3426983220
	3426983221
	3426983222
	3426983223
	3426983224
	3426983225
	3426983226
	3426983227
	3426983228
	3426983229
	3426983230
	3426983231
	3426983232
	3426983233
	3426983234
	3426983235
	3426983236
	3426983237
	3426983238
	3426983239
	3426983240
	3426983241
	3426983242
	3426983243
	3426983244
	3426983245
	3426983246
	3426983247
	3426983248
	3426983249
	3426983250
	3426983251
	3426983252
	3426983253
	3426983254
	3426983255
	3426983256
	3426983257
	3426983258
	3426983259
	3426983260
	3426983261
	3426983262
	3426983263
	3426983264
	3426983265
	3426983266
	3426983267
	3426983268
	3426983269
	3426983270
	3426983271
	3426983272
	3426983273
	3426983274
	3426983275
	3426983276
	3426983277
	3426983278
	3426983279
	3426983280
	3426983281
	3426983282
	3426983283
	3426983284
	3426983285
	3426983286
	3426983287
	3426983288
	3426983289
	3426983290
	3426983291
	3426983292
	3426983293
	3426983294
	3426983295
	3426983296
	3426983297
	3426983298
	3426983299
	3426983300
	3426983301
	3426983302
	3426983303
	3426983304
	3426983305
	3426983306
	3426983307
	3426983308
	3426983309
	3426983310
	3426983311
	3426983312
	3426983313
	3426983314
	3426983315
	3426983316
	3426983317
	3426983318
	3426983319
	3426983320
	3426983321
	3426983322
	3426983323
	3426983324
	3426983325
	3426983326
	3426983327
	3426983328
	3426983329
	3426983330
	3426983331
	3426983332
	3426983333
	3426983334
	3426983335
	3426983336
	3426983337
	3426983338
	3426983339
	3426983340
	3426983341
	3426983342
	3426983343
	3426983344
	3426983345
	3426983346
	3426983347
	3426983348
	3426983349
	3426983350
	3426983351
	3426983352
	3426983353
	3426983354
	3426983355
	3426983356
	3426983357
	3426983358
	3426983359
	3426983360
	3426983361
	3426983362
	3426983363
	3426983364
	3426983365
	3426983366
	3426983367
	3426983368
	3426983369
	3426983370
	3426983371
	3426983372
	3426983373
	3426983374
	3426983375
	3426983376
	3426983377
	3426983378
	3426983379
	3426983380
	3426983381
	3426983382
	3426983383
	3426983384
	3426983385
	3426983386
	3426983387
	3426983388
	3426983389
	3426983390
	3426983391
	3426983392
	3426983393
	3426983394
	3426983395
	3426983396
	3426983397
	3426983398
	3426983399
	3426983400
	3426983401
	3426983402
	3426983403
	3426983404
	3426983405
	3426983406
	3426983407
	3426983408
	3426983409
	3426983410
	3426983411
	3426983412
	3426983413
	3426983414
	3426983415
	3426983416
	3426983417
	3426983418
	3426983419
	3426983420
	3426983421
	3426983422
	3426983423
	3426983424
	3426983425
	3426983426
	3426983427
	3426983428
	3426983429
	3426983430
	3426983431
	3426983432
	3426983433
	3426983434
	3426983435
	3426983436
	3426983437
	3426983438
	3426983439
	3426983440
	3426983441
	3426983442
	3426983443
	3426983444
	3426983445
	3426983446
	3426983447
	3426983448
	3426983449
	3426983450
	3426983451
	3426983452
	3426983453
	3426983454
	3426983455
	3426983456
	3426983457
	3426983458
	3426983459
	3426983460
	3426983461
	3426983462
	3426983463
	3426983464
	3426983465
	3426983466
	3426983467
	3426983468
	3426983469
	3426983470
	3426983471
	3426983472
	3426983473
	3426983474
	3426983475
	3426983476
	3426983477
	3426983478
	3426983479
	3426983480
	3426983481
	3426983482
	3426983483
	3426983484
	3426983485
	3426983486
	3426983487
	3426983488
	3426983489
	3426983490
	3426983491
	3426983492
	3426983493
	3426983494
	3426983495
	3426983496
	3426983497
	3426983498
	3426983499
	3426983500
	3426983501
	3426983502
	3426983503
	3426983504
	3426983505
	3426983506
	3426983507
	3426983508
	3426983509
	3426983510
	3426983511
	3426983512
	3426983513
	3426983514
	3426983515
	3426983516
	3426983517
	3426983518
	3426983519
	3426983520
	3426983521
	3426983522
	3426983523
	3426983524
	3426983525
	3426983526
	3426983527
	3426983528
	3426983529
	3426983530
	3426983531
	3426983532
	3426983533
	3426983534
	3426983535
	3426983536
	3426983537
	3426983538
	3426983539
	3426983540
	3426983541
	3426983542
	3426983543
	3426983544
	3426983545
	3426983546
	3426983547
	3426983548
	3426983549
	3426983550
	3426983551
	3426983552
	3426983553
	3426983554
	3426983555
	3426983556
	3426983557
	3426983558
	3426983559
	3426983560
	3426983561
	3426983562
	3426983563
	3426983564
	3426983565
	3426983566
	3426983567
	3426983568
	3426983569
	3426983570
	3426983571
	3426983572
	3426983573
	3426983574
	3426983575
	3426983576
	3426983577
	3426983578
	3426983579
	3426983580
	3426983581
	3426983582
	3426983583
	3426983584
	3426983585
	3426983586
	3426983587
	3426983588
	3426983589
	3426983590
	3426983591
	3426983592
	3426983593
	3426983594
	3426983595
	3426983596
	3426983597
	3426983598
	3426983599
	3426983600
	3426983601
	3426983602
	3426983603
	3426983604
	3426983605
	3426983606
	3426983607
	3426983608
	3426983609
	3426983610
	3426983611
	3426983612
	3426983613
	3426983614
	3426983615
	3426983616
	3426983617
	3426983618
	3426983619
	3426983620
	3426983621
	3426983622
	3426983623
	3426983624
	3426983625
	3426983626
	3426983627
	3426983628
	3426983629
	3426983630
	3426983631
	3426983632
	3426983633
	3426983634
	3426983635
	3426983636
	3426983637
	3426983638
	3426983639
	3426983640
	3426983641
	3426983642
	3426983643
	3426983644
	3426983645
	3426983646
	3426983647
	3426983648
	3426983649
	3426983650
	3426983651
	3426983652
	3426983653
	3426983654
	3426983655
	3426983656
	3426983657
	3426983658
	3426983659
	3426983660
	3426983661
	3426983662
	3426983663
	3426983664
	3426983665
	3426983666
	3426983667
	3426983668
	3426983669
	3426983670
	3426983671
	3426983672
	3426983673
	3426983674
	3426983675
	3426983676
	3426983677
	3426983678
	3426983679
	3426983680
	3426983681
	3426983682
	3426983683
	3426983684
	3426983685
	3426983686
	3426983687
	3426983688
	3426983689
	3426983690
	3426983691
	3426983692
	3426983693
	3426983694
	3426983695
	3426983696
	3426983697
	3426983698
	3426983699
	3426983700
	3426983701
	3426983702
	3426983703
	3426983704
	3426983705
	3426983706
	3426983707
	3426983708
	3426983709
	3426983710
	3426983711
	3426983712
	3426983713
	3426983714
	3426983715
	3426983716
	3426983717
	3426983718
	3426983719
	3426983720
	3426983721
	3426983722
	3426983723
	3426983724
	3426983725
	3426983726
	3426983727
	3426983728
	3426983729
	3426983730
	3426983731
	3426983732
	3426983733
	3426983734
	3426983735
	3426983736
	3426983737
	3426983738
	3426983739
	3426983740
	3426983741
	3426983742
	3426983743
	3426983744
	3426983745
	3426983746
	3426983747
	3426983748
	3426983749
	3426983750
	3426983751
	3426983752
	3426983753
	3426983754
	3426983755
	3426983756
	3426983757
	3426983758
	3426983759
	3426983760
	3426983761
	3426983762
	3426983763
	3426983764
	3426983765
	3426983766
	3426983767
	3426983768
	3426983769
	3426983770
	3426983771
	3426983772
	3426983773
	3426983774
	3426983775
	3426983776
	3426983777
	3426983778
	3426983779
	3426983780
	3426983781
	3426983782
	3426983783
	3426983784
	3426983785
	3426983786
	3426983787
	3426983788
	3426983789
	3426983790
	3426983791
	3426983792
	3426983793
	3426983794
	3426983795
	3426983796
	3426983797
	3426983798
	3426983799
	3426983800
	3426983801
	3426983802
	3426983803
	3426983804
	3426983805
	3426983806
	3426983807
	3426983808
	3426983809
	3426983810
	3426983811
	3426983812
	3426983813
	3426983814
	3426983815
	3426983816
	3426983817
	3426983818
	3426983819
	3426983820
	3426983821
	3426983822
	3426983823
	3426983824
	3426983825
	3426983826
	3426983827
	3426983828
	3426983829
	3426983830
	3426983831
	3426983832
	3426983833
	3426983834
	3426983835
	3426983836
	3426983837
	3426983838
	3426983839
	3426983840
	3426983841
	3426983842
	3426983843
	3426983844
	3426983845
	3426983846
	3426983847
	3426983848
	3426983849
	3426983850
	3426983851
	3426983852
	3426983853
	3426983854
	3426983855
	3426983856
	3426983857
	3426983858
	3426983859
	3426983860
	3426983861
	3426983862
	3426983863
	3426983864
	3426983865
	3426983866
	3426983867
	3426983868
	3426983869
	3426983870
	3426983871
	3426983872
	3426983873
	3426983874
	3426983875
	3426983876
	3426983877
	3426983878
	3426983879
	3426983880
	3426983881
	3426983882
	3426983883
	3426983884
	3426983885
	3426983886
	3426983887
	3426983888
	3426983889
	3426983890
	3426983891
	3426983892
	3426983893
	3426983894
	3426983895
	3426983896
	3426983897
	3426983898
	3426983899
	3426983900
	3426983901
	3426983902
	3426983903
	3426983904
	3426983905
	3426983906
	3426983907
	3426983908
	3426983909
	3426983910
	3426983911
	3426983912
	3426983913
	3426983914
	3426983915
	3426983916
	3426983917
	3426983918
	3426983919
	3426983920
	3426983921
	3426983922
	3426983923
	3426983924
	3426983925
	3426983926
	3426983927
	3426983928
	3426983929
	3426983930
	3426983931
	3426983932
	3426983933
	3426983934
	3426983935
	3426983936
	3426983937
	3426983938
	3426983939
	3426983940
	3426983941
	3426983942
	3426983943
	3426983944
	3426983945
	3426983946
	3426983947
	3426983948
	3426983949
	3426983950
	3426983951
	3426983952
	3426983953
	3426983954
	3426983955
	3426983956
	3426983957
	3426983958
	3426983959
	3426983960
	3426983961
	3426983962
	3426983963
	3426983964
	3426983965
	3426983966
	3426983967
	3426983968
	3426983969
	3426983970
	3426983971
	3426983972
	3426983973
	3426983974
	3426983975
	3426983976
	3426983977
	3426983978
	3426983979
	3426983980
	3426983981
	3426983982
	3426983983
	3426983984
	3426983985
	3426983986
	3426983987
	3426983988
	3426983989
	3426983990
	3426983991
	3426983992
	3426983993
	3426983994
	3426983995
	3426983996
	3426983997
	3426983998
	3426983999
	3426984000
	3426984001
	3426984002
	3426984003
	3426984004
	3426984005
	3426984006
	3426984007
	3426984008
	3426984009
	3426984010
	3426984011
	3426984012
	3426984013
	3426984014
	3426984015
	3426984016
	3426984017
	3426984018
	3426984019
	3426984020
	3426984021
	3426984022
	3426984023
	3426984024
	3426984025
	3426984026
	3426984027
	3426984028
	3426984029
	3426984030
	3426984031
	3426984032
	3426984033
	3426984034
	3426984035
	3426984036
	3426984037
	3426984038
	3426984039
	3426984040
	3426984041
	3426984042
	3426984043
	3426984044
	3426984045
	3426984046
	3426984047
	3426984048
	3426984049
	3426984050
	3426984051
	3426984052
	3426984053
	3426984054
	3426984055
	3426984056
	3426984057
	3426984058
	3426984059
	3426984060
	3426984061
	3426984062
	3426984063
	3426984064
	3426984065
	3426984066
	3426984067
	3426984068
	3426984069
	3426984070
	3426984071
	3426984072
	3426984073
	3426984074
	3426984075
	3426984076
	3426984077
	3426984078
	3426984079
	3426984080
	3426984081
	3426984082
	3426984083
	3426984084
	3426984085
	3426984086
	3426984087
	3426984088
	3426984089
	3426984090
	3426984091
	3426984092
	3426984093
	3426984094
	3426984095
	3426984096
	3426984097
	3426984098
	3426984099
	3426984100
	3426984101
	3426984102
	3426984103
	3426984104
	3426984105
	3426984106
	3426984107
	3426984108
	3426984109
	3426984110
	3426984111
	3426984112
	3426984113
	3426984114
	3426984115
	3426984116
	3426984117
	3426984118
	3426984119
	3426984120
	3426984121
	3426984122
	3426984123
	3426984124
	3426984125
	3426984126
	3426984127
	3426984128
	3426984129
	3426984130
	3426984131
	3426984132
	3426984133
	3426984134
	3426984135
	3426984136
	3426984137
	3426984138
	3426984139
	3426984140
	3426984141
	3426984142
	3426984143
	3426984144
	3426984145
	3426984146
	3426984147
	3426984148
	3426984149
	3426984150
	3426984151
	3426984152
	3426984153
	3426984154
	3426984155
	3426984156
	3426984157
	3426984158
	3426984159
	3426984160
	3426984161
	3426984162
	3426984163
	3426984164
	3426984165
	3426984166
	3426984167
	3426984168
	3426984169
	3426984170
	3426984171
	3426984172
	3426984173
	3426984174
	3426984175
	3426984176
	3426984177
	3426984178
	3426984179
	3426984180
	3426984181
	3426984182
	3426984183
	3426984184
	3426984185
	3426984186
	3426984187
	3426984188
	3426984189
	3426984190
	3426984191
	3426984192
	3426984193
	3426984194
	3426984195
	3426984196
	3426984197
	3426984198
	3426984199
	3426984200
	3426984201
	3426984202
	3426984203
	3426984204
	3426984205
	3426984206
	3426984207
	3426984208
	3426984209
	3426984210
	3426984211
	3426984212
	3426984213
	3426984214
	3426984215
	3426984216
	3426984217
	3426984218
	3426984219
	3426984220
	3426984221
	3426984222
	3426984223
	3426984224
	3426984225
	3426984226
	3426984227
	3426984228
	3426984229
	3426984230
	3426984231
	3426984232
	3426984233
	3426984234
	3426984235
	3426984236
	3426984237
	3426984238
	3426984239
	3426984240
	3426984241
	3426984242
	3426984243
	3426984244
	3426984245
	3426984246
	3426984247
	3426984248
	3426984249
	3426984250
	3426984251
	3426984252
	3426984253
	3426984254
	3426984255
	3426984256
	3426984257
	3426984258
	3426984259
	3426984260
	3426984261
	3426984262
	3426984263
	3426984264
	3426984265
	3426984266
	3426984267
	3426984268
	3426984269
	3426984270
	3426984271
	3426984272
	3426984273
	3426984274
	3426984275
	3426984276
	3426984277
	3426984278
	3426984279
	3426984280
	3426984281
	3426984282
	3426984283
	3426984284
	3426984285
	3426984286
	3426984287
	3426984288
	3426984289
	3426984290
	3426984291
	3426984292
	3426984293
	3426984294
	3426984295
	3426984296
	3426984297
	3426984298
	3426984299
	3426984300
	3426984301
	3426984302
	3426984303
	3426984304
	3426984305
	3426984306
	3426984307
	3426984308
	3426984309
	3426984310
	3426984311
	3426984312
	3426984313
	3426984314
	3426984315
	3426984316
	3426984317
	3426984318
	3426984319
	3426984320
	3426984321
	3426984322
	3426984323
	3426984324
	3426984325
	3426984326
	3426984327
	3426984328
	3426984329
	3426984330
	3426984331
	3426984332
	3426984333
	3426984334
	3426984335
	3426984336
	3426984337
	3426984338
	3426984339
	3426984340
	3426984341
	3426984342
	3426984343
	3426984344
	3426984345
	3426984346
	3426984347
	3426984348
	3426984349
	3426984350
	3426984351
	3426984352
	3426984353
	3426984354
	3426984355
	3426984356
	3426984357
	3426984358
	3426984359
	3426984360
	3426984361
	3426984362
	3426984363
	3426984364
	3426984365
	3426984366
	3426984367
	3426984368
	3426984369
	3426984370
	3426984371
	3426984372
	3426984373
	3426984374
	3426984375
	3426984376
	3426984377
	3426984378
	3426984379
	3426984380
	3426984381
	3426984382
	3426984383
	3426984384
	3426984385
	3426984386
	3426984387
	3426984388
	3426984389
	3426984390
	3426984391
	3426984392
	3426984393
	3426984394
	3426984395
	3426984396
	3426984397
	3426984398
	3426984399
	3426984400
	3426984401
	3426984402
	3426984403
	3426984404
	3426984405
	3426984406
	3426984407
	3426984408
	3426984409
	3426984410
	3426984411
	3426984412
	3426984413
	3426984414
	3426984415
	3426984416
	3426984417
	3426984418
	3426984419
	3426984420
	3426984421
	3426984422
	3426984423
	3426984424
	3426984425
	3426984426
	3426984427
	3426984428
	3426984429
	3426984430
	3426984431
	3426984432
	3426984433
	3426984434
	3426984435
	3426984436
	3426984437
	3426984438
	3426984439
	3426984440
	3426984441
	3426984442
	3426984443
	3426984444
	3426984445
	3426984446
	3426984447
	3426984448
	3426984449
	3426984450
	3426984451
	3426984452
	3426984453
	3426984454
	3426984455
	3426984456
	3426984457
	3426984458
	3426984459
	3426984460
	3426984461
	3426984462
	3426984463
	3426984464
	3426984465
	3426984466
	3426984467
	3426984468
	3426984469
	3426984470
	3426984471
	3426984472
	3426984473
	3426984474
	3426984475
	3426984476
	3426984477
	3426984478
	3426984479
	3426984480
	3426984481
	3426984482
	3426984483
	3426984484
	3426984485
	3426984486
	3426984487
	3426984488
	3426984489
	3426984490
	3426984491
	3426984492
	3426984493
	3426984494
	3426984495
	3426984496
	3426984497
	3426984498
	3426984499
	3426984500
	3426984501
	3426984502
	3426984503
	3426984504
	3426984505
	3426984506
	3426984507
	3426984508
	3426984509
	3426984510
	3426984511
	3426984512
	3426984513
	3426984514
	3426984515
	3426984516
	3426984517
	3426984518
	3426984519
	3426984520
	3426984521
	3426984522
	3426984523
	3426984524
	3426984525
	3426984526
	3426984527
	3426984528
	3426984529
	3426984530
	3426984531
	3426984532
	3426984533
	3426984534
	3426984535
	3426984536
	3426984537
	3426984538
	3426984539
	3426984540
	3426984541
	3426984542
	3426984543
	3426984544
	3426984545
	3426984546
	3426984547
	3426984548
	3426984549
	3426984550
	3426984551
	3426984552
	3426984553
	3426984554
	3426984555
	3426984556
	3426984557
	3426984558
	3426984559
	3426984560
	3426984561
	3426984562
	3426984563
	3426984564
	3426984565
	3426984566
	3426984567
	3426984568
	3426984569
	3426984570
	3426984571
	3426984572
	3426984573
	3426984574
	3426984575
	3426984576
	3426984577
	3426984578
	3426984579
	3426984580
	3426984581
	3426984582
	3426984583
	3426984584
	3426984585
	3426984586
	3426984587
	3426984588
	3426984589
	3426984590
	3426984591
	3426984592
	3426984593
	3426984594
	3426984595
	3426984596
	3426984597
	3426984598
	3426984599
	3426984600
	3426984601
	3426984602
	3426984603
	3426984604
	3426984605
	3426984606
	3426984607
	3426984608
	3426984609
	3426984610
	3426984611
	3426984612
	3426984613
	3426984614
	3426984615
	3426984616
	3426984617
	3426984618
	3426984619
	3426984620
	3426984621
	3426984622
	3426984623
	3426984624
	3426984625
	3426984626
	3426984627
	3426984628
	3426984629
	3426984630
	3426984631
	3426984632
	3426984633
	3426984634
	3426984635
	3426984636
	3426984637
	3426984638
	3426984639
	3426984640
	3426984641
	3426984642
	3426984643
	3426984644
	3426984645
	3426984646
	3426984647
	3426984648
	3426984649
	3426984650
	3426984651
	3426984652
	3426984653
	3426984654
	3426984655
	3426984656
	3426984657
	3426984658
	3426984659
	3426984660
	3426984661
	3426984662
	3426984663
	3426984664
	3426984665
	3426984666
	3426984667
	3426984668
	3426984669
	3426984670
	3426984671
	3426984672
	3426984673
	3426984674
	3426984675
	3426984676
	3426984677
	3426984678
	3426984679
	3426984680
	3426984681
	3426984682
	3426984683
	3426984684
	3426984685
	3426984686
	3426984687
	3426984688
	3426984689
	3426984690
	3426984691
	3426984692
	3426984693
	3426984694
	3426984695
	3426984696
	3426984697
	3426984698
	3426984699
	3426984700
	3426984701
	3426984702
	3426984703
	3426984704
	3426984705
	3426984706
	3426984707
	3426984708
	3426984709
	3426984710
	3426984711
	3426984712
	3426984713
	3426984714
	3426984715
	3426984716
	3426984717
	3426984718
	3426984719
	3426984720
	3426984721
	3426984722
	3426984723
	3426984724
	3426984725
	3426984726
	3426984727
	3426984728
	3426984729
	3426984730
	3426984731
	3426984732
	3426984733
	3426984734
	3426984735
	3426984736
	3426984737
	3426984738
	3426984739
	3426984740
	3426984741
	3426984742
	3426984743
	3426984744
	3426984745
	3426984746
	3426984747
	3426984748
	3426984749
	3426984750
	3426984751
	3426984752
	3426984753
	3426984754
	3426984755
	3426984756
	3426984757
	3426984758
	3426984759
	3426984760
	3426984761
	3426984762
	3426984763
	3426984764
	3426984765
	3426984766
	3426984767
	3426984768
	3426984769
	3426984770
	3426984771
	3426984772
	3426984773
	3426984774
	3426984775
	3426984776
	3426984777
	3426984778
	3426984779
	3426984780
	3426984781
	3426984782
	3426984783
	3426984784
	3426984785
	3426984786
	3426984787
	3426984788
	3426984789
	3426984790
	3426984791
	3426984792
	3426984793
	3426984794
	3426984795
	3426984796
	3426984797
	3426984798
	3426984799
	3426984800
	3426984801
	3426984802
	3426984803
	3426984804
	3426984805
	3426984806
	3426984807
	3426984808
	3426984809
	3426984810
	3426984811
	3426984812
	3426984813
	3426984814
	3426984815
	3426984816
	3426984817
	3426984818
	3426984819
	3426984820
	3426984821
	3426984822
	3426984823
	3426984824
	3426984825
	3426984826
	3426984827
	3426984828
	3426984829
	3426984830
	3426984831
	3426984832
	3426984833
	3426984834
	3426984835
	3426984836
	3426984837
	3426984838
	3426984839
	3426984840
	3426984841
	3426984842
	3426984843
	3426984844
	3426984845
	3426984846
	3426984847
	3426984848
	3426984849
	3426984850
	3426984851
	3426984852
	3426984853
	3426984854
	3426984855
	3426984856
	3426984857
	3426984858
	3426984859
	3426984860
	3426984861
	3426984862
	3426984863
	3426984864
	3426984865
	3426984866
	3426984867
	3426984868
	3426984869
	3426984870
	3426984871
	3426984872
	3426984873
	3426984874
	3426984875
	3426984876
	3426984877
	3426984878
	3426984879
	3426984880
	3426984881
	3426984882
	3426984883
	3426984884
	3426984885
	3426984886
	3426984887
	3426984888
	3426984889
	3426984890
	3426984891
	3426984892
	3426984893
	3426984894
	3426984895
	3426984896
	3426984897
	3426984898
	3426984899
	3426984900
	3426984901
	3426984902
	3426984903
	3426984904
	3426984905
	3426984906
	3426984907
	3426984908
	3426984909
	3426984910
	3426984911
	3426984912
	3426984913
	3426984914
	3426984915
	3426984916
	3426984917
	3426984918
	3426984919
	3426984920
	3426984921
	3426984922
	3426984923
	3426984924
	3426984925
	3426984926
	3426984927
	3426984928
	3426984929
	3426984930
	3426984931
	3426984932
	3426984933
	3426984934
	3426984935
	3426984936
	3426984937
	3426984938
	3426984939
	3426984940
	3426984941
	3426984942
	3426984943
	3426984944
	3426984945
	3426984946
	3426984947
	3426984948
	3426984949
	3426984950
	3426984951
	3426984952
	3426984953
	3426984954
	3426984955
	3426984956
	3426984957
	3426984958
	3426984959
	3426984960
	3426984961
	3426984962
	3426984963
	3426984964
	3426984965
	3426984966
	3426984967
	3426984968
	3426984969
	3426984970
	3426984971
	3426984972
	3426984973
	3426984974
	3426984975
	3426984976
	3426984977
	3426984978
	3426984979
	3426984980
	3426984981
	3426984982
	3426984983
	3426984984
	3426984985
	3426984986
	3426984987
	3426984988
	3426984989
	3426984990
	3426984991
	3426984992
	3426984993
	3426984994
	3426984995
	3426984996
	3426984997
	3426984998
	3426984999
	3426985000
	3426985001
	3426985002
	3426985003
	3426985004
	3426985005
	3426985006
	3426985007
	3426985008
	3426985009
	3426985010
	3426985011
	3426985012
	3426985013
	3426985014
	3426985015
	3426985016
	3426985017
	3426985018
	3426985019
	3426985020
	3426985021
	3426985022
	3426985023
	3426985024
	3426985025
	3426985026
	3426985027
	3426985028
	3426985029
	3426985030
	3426985031
	3426985032
	3426985033
	3426985034
	3426985035
	3426985036
	3426985037
	3426985038
	3426985039
	3426985040
	3426985041
	3426985042
	3426985043
	3426985044
	3426985045
	3426985046
	3426985047
	3426985048
	3426985049
	3426985050
	3426985051
	3426985052
	3426985053
	3426985054
	3426985055
	3426985056
	3426985057
	3426985058
	3426985059
	3426985060
	3426985061
	3426985062
	3426985063
	3426985064
	3426985065
	3426985066
	3426985067
	3426985068
	3426985069
	3426985070
	3426985071
	3426985072
	3426985073
	3426985074
	3426985075
	3426985076
	3426985077
	3426985078
	3426985079
	3426985080
	3426985081
	3426985082
	3426985083
	3426985084
	3426985085
	3426985086
	3426985087
	3426985088
	3426985089
	3426985090
	3426985091
	3426985092
	3426985093
	3426985094
	3426985095
	3426985096
	3426985097
	3426985098
	3426985099
	3426985100
	3426985101
	3426985102
	3426985103
	3426985104
	3426985105
	3426985106
	3426985107
	3426985108
	3426985109
	3426985110
	3426985111
	3426985112
	3426985113
	3426985114
	3426985115
	3426985116
	3426985117
	3426985118
	3426985119
	3426985120
	3426985121
	3426985122
	3426985123
	3426985124
	3426985125
	3426985126
	3426985127
	3426985128
	3426985129
	3426985130
	3426985131
	3426985132
	3426985133
	3426985134
	3426985135
	3426985136
	3426985137
	3426985138
	3426985139
	3426985140
	3426985141
	3426985142
	3426985143
	3426985144
	3426985145
	3426985146
	3426985147
	3426985148
	3426985149
	3426985150
	3426985151
	3426985152
	3426985153
	3426985154
	3426985155
	3426985156
	3426985157
	3426985158
	3426985159
	3426985160
	3426985161
	3426985162
	3426985163
	3426985164
	3426985165
	3426985166
	3426985167
	3426985168
	3426985169
	3426985170
	3426985171
	3426985172
	3426985173
	3426985174
	3426985175
	3426985176
	3426985177
	3426985178
	3426985179
	3426985180
	3426985181
	3426985182
	3426985183
	3426985184
	3426985185
	3426985186
	3426985187
	3426985188
	3426985189
	3426985190
	3426985191
	3426985192
	3426985193
	3426985194
	3426985195
	3426985196
	3426985197
	3426985198
	3426985199
	3426985200
	3426985201
	3426985202
	3426985203
	3426985204
	3426985205
	3426985206
	3426985207
	3426985208
	3426985209
	3426985210
	3426985211
	3426985212
	3426985213
	3426985214
	3426985215
	3426985216
	3426985217
	3426985218
	3426985219
	3426985220
	3426985221
	3426985222
	3426985223
	3426985224
	3426985225
	3426985226
	3426985227
	3426985228
	3426985229
	3426985230
	3426985231
	3426985232
	3426985233
	3426985234
	3426985235
	3426985236
	3426985237
	3426985238
	3426985239
	3426985240
	3426985241
	3426985242
	3426985243
	3426985244
	3426985245
	3426985246
	3426985247
	3426985248
	3426985249
	3426985250
	3426985251
	3426985252
	3426985253
	3426985254
	3426985255
	3426985256
	3426985257
	3426985258
	3426985259
	3426985260
	3426985261
	3426985262
	3426985263
	3426985264
	3426985265
	3426985266
	3426985267
	3426985268
	3426985269
	3426985270
	3426985271
	3426985272
	3426985273
	3426985274
	3426985275
	3426985276
	3426985277
	3426985278
	3426985279
	3426985280
	3426985281
	3426985282
	3426985283
	3426985284
	3426985285
	3426985286
	3426985287
	3426985288
	3426985289
	3426985290
	3426985291
	3426985292
	3426985293
	3426985294
	3426985295
	3426985296
	3426985297
	3426985298
	3426985299
	3426985300
	3426985301
	3426985302
	3426985303
	3426985304
	3426985305
	3426985306
	3426985307
	3426985308
	3426985309
	3426985310
	3426985311
	3426985312
	3426985313
	3426985314
	3426985315
	3426985316
	3426985317
	3426985318
	3426985319
	3426985320
	3426985321
	3426985322
	3426985323
	3426985324
	3426985325
	3426985326
	3426985327
	3426985328
	3426985329
	3426985330
	3426985331
	3426985332
	3426985333
	3426985334
	3426985335
	3426985336
	3426985337
	3426985338
	3426985339
	3426985340
	3426985341
	3426985342
	3426985343
	3426985344
	3426985345
	3426985346
	3426985347
	3426985348
	3426985349
	3426985350
	3426985351
	3426985352
	3426985353
	3426985354
	3426985355
	3426985356
	3426985357
	3426985358
	3426985359
	3426985360
	3426985361
	3426985362
	3426985363
	3426985364
	3426985365
	3426985366
	3426985367
	3426985368
	3426985369
	3426985370
	3426985371
	3426985372
	3426985373
	3426985374
	3426985375
	3426985376
	3426985377
	3426985378
	3426985379
	3426985380
	3426985381
	3426985382
	3426985383
	3426985384
	3426985385
	3426985386
	3426985387
	3426985388
	3426985389
	3426985390
	3426985391
	3426985392
	3426985393
	3426985394
	3426985395
	3426985396
	3426985397
	3426985398
	3426985399
	3426985400
	3426985401
	3426985402
	3426985403
	3426985404
	3426985405
	3426985406
	3426985407
	3426985408
	3426985409
	3426985410
	3426985411
	3426985412
	3426985413
	3426985414
	3426985415
	3426985416
	3426985417
	3426985418
	3426985419
	3426985420
	3426985421
	3426985422
	3426985423
	3426985424
	3426985425
	3426985426
	3426985427
	3426985428
	3426985429
	3426985430
	3426985431
	3426985432
	3426985433
	3426985434
	3426985435
	3426985436
	3426985437
	3426985438
	3426985439
	3426985440
	3426985441
	3426985442
	3426985443
	3426985444
	3426985445
	3426985446
	3426985447
	3426985448
	3426985449
	3426985450
	3426985451
	3426985452
	3426985453
	3426985454
	3426985455
	3426985456
	3426985457
	3426985458
	3426985459
	3426985460
	3426985461
	3426985462
	3426985463
	3426985464
	3426985465
	3426985466
	3426985467
	3426985468
	3426985469
	3426985470
	3426985471
	3426985472
	3426985473
	3426985474
	3426985475
	3426985476
	3426985477
	3426985478
	3426985479
	3426985480
	3426985481
	3426985482
	3426985483
	3426985484
	3426985485
	3426985486
	3426985487
	3426985488
	3426985489
	3426985490
	3426985491
	3426985492
	3426985493
	3426985494
	3426985495
	3426985496
	3426985497
	3426985498
	3426985499
	3426985500
	3426985501
	3426985502
	3426985503
	3426985504
	3426985505
	3426985506
	3426985507
	3426985508
	3426985509
	3426985510
	3426985511
	3426985512
	3426985513
	3426985514
	3426985515
	3426985516
	3426985517
	3426985518
	3426985519
	3426985520
	3426985521
	3426985522
	3426985523
	3426985524
	3426985525
	3426985526
	3426985527
	3426985528
	3426985529
	3426985530
	3426985531
	3426985532
	3426985533
	3426985534
	3426985535
	3426985536
	3426985537
	3426985538
	3426985539
	3426985540
	3426985541
	3426985542
	3426985543
	3426985544
	3426985545
	3426985546
	3426985547
	3426985548
	3426985549
	3426985550
	3426985551
	3426985552
	3426985553
	3426985554
	3426985555
	3426985556
	3426985557
	3426985558
	3426985559
	3426985560
	3426985561
	3426985562
	3426985563
	3426985564
	3426985565
	3426985566
	3426985567
	3426985568
	3426985569
	3426985570
	3426985571
	3426985572
	3426985573
	3426985574
	3426985575
	3426985576
	3426985577
	3426985578
	3426985579
	3426985580
	3426985581
	3426985582
	3426985583
	3426985584
	3426985585
	3426985586
	3426985587
	3426985588
	3426985589
	3426985590
	3426985591
	3426985592
	3426985593
	3426985594
	3426985595
	3426985596
	3426985597
	3426985598
	3426985599
	3426985600
	3426985601
	3426985602
	3426985603
	3426985604
	3426985605
	3426985606
	3426985607
	3426985608
	3426985609
	3426985610
	3426985611
	3426985612
	3426985613
	3426985614
	3426985615
	3426985616
	3426985617
	3426985618
	3426985619
	3426985620
	3426985621
	3426985622
	3426985623
	3426985624
	3426985625
	3426985626
	3426985627
	3426985628
	3426985629
	3426985630
	3426985631
	3426985632
	3426985633
	3426985634
	3426985635
	3426985636
	3426985637
	3426985638
	3426985639
	3426985640
	3426985641
	3426985642
	3426985643
	3426985644
	3426985645
	3426985646
	3426985647
	3426985648
	3426985649
	3426985650
	3426985651
	3426985652
	3426985653
	3426985654
	3426985655
	3426985656
	3426985657
	3426985658
	3426985659
	3426985660
	3426985661
	3426985662
	3426985663
	3426985664
	3426985665
	3426985666
	3426985667
	3426985668
	3426985669
	3426985670
	3426985671
	3426985672
	3426985673
	3426985674
	3426985675
	3426985676
	3426985677
	3426985678
	3426985679
	3426985680
	3426985681
	3426985682
	3426985683
	3426985684
	3426985685
	3426985686
	3426985687
	3426985688
	3426985689
	3426985690
	3426985691
	3426985692
	3426985693
	3426985694
	3426985695
	3426985696
	3426985697
	3426985698
	3426985699
	3426985700
	3426985701
	3426985702
	3426985703
	3426985704
	3426985705
	3426985706
	3426985707
	3426985708
	3426985709
	3426985710
	3426985711
	3426985712
	3426985713
	3426985714
	3426985715
	3426985716
	3426985717
	3426985718
	3426985719
	3426985720
	3426985721
	3426985722
	3426985723
	3426985724
	3426985725
	3426985726
	3426985727
	3426985728
	3426985729
	3426985730
	3426985731
	3426985732
	3426985733
	3426985734
	3426985735
	3426985736
	3426985737
	3426985738
	3426985739
	3426985740
	3426985741
	3426985742
	3426985743
	3426985744
	3426985745
	3426985746
	3426985747
	3426985748
	3426985749
	3426985750
	3426985751
	3426985752
	3426985753
	3426985754
	3426985755
	3426985756
	3426985757
	3426985758
	3426985759
	3426985760
	3426985761
	3426985762
	3426985763
	3426985764
	3426985765
	3426985766
	3426985767
	3426985768
	3426985769
	3426985770
	3426985771
	3426985772
	3426985773
	3426985774
	3426985775
	3426985776
	3426985777
	3426985778
	3426985779
	3426985780
	3426985781
	3426985782
	3426985783
	3426985784
	3426985785
	3426985786
	3426985787
	3426985788
	3426985789
	3426985790
	3426985791
	3426985792
	3426985793
	3426985794
	3426985795
	3426985796
	3426985797
	3426985798
	3426985799
	3426985800
	3426985801
	3426985802
	3426985803
	3426985804
	3426985805
	3426985806
	3426985807
	3426985808
	3426985809
	3426985810
	3426985811
	3426985812
	3426985813
	3426985814
	3426985815
	3426985816
	3426985817
	3426985818
	3426985819
	3426985820
	3426985821
	3426985822
	3426985823
	3426985824
	3426985825
	3426985826
	3426985827
	3426985828
	3426985829
	3426985830
	3426985831
	3426985832
	3426985833
	3426985834
	3426985835
	3426985836
	3426985837
	3426985838
	3426985839
	3426985840
	3426985841
	3426985842
	3426985843
	3426985844
	3426985845
	3426985846
	3426985847
	3426985848
	3426985849
	3426985850
	3426985851
	3426985852
	3426985853
	3426985854
	3426985855
	3426985856
	3426985857
	3426985858
	3426985859
	3426985860
	3426985861
	3426985862
	3426985863
	3426985864
	3426985865
	3426985866
	3426985867
	3426985868
	3426985869
	3426985870
	3426985871
	3426985872
	3426985873
	3426985874
	3426985875
	3426985876
	3426985877
	3426985878
	3426985879
	3426985880
	3426985881
	3426985882
	3426985883
	3426985884
	3426985885
	3426985886
	3426985887
	3426985888
	3426985889
	3426985890
	3426985891
	3426985892
	3426985893
	3426985894
	3426985895
	3426985896
	3426985897
	3426985898
	3426985899
	3426985900
	3426985901
	3426985902
	3426985903
	3426985904
	3426985905
	3426985906
	3426985907
	3426985908
	3426985909
	3426985910
	3426985911
	3426985912
	3426985913
	3426985914
	3426985915
	3426985916
	3426985917
	3426985918
	3426985919
	3426985920
	3426985921
	3426985922
	3426985923
	3426985924
	3426985925
	3426985926
	3426985927
	3426985928
	3426985929
	3426985930
	3426985931
	3426985932
	3426985933
	3426985934
	3426985935
	3426985936
	3426985937
	3426985938
	3426985939
	3426985940
	3426985941
	3426985942
	3426985943
	3426985944
	3426985945
	3426985946
	3426985947
	3426985948
	3426985949
	3426985950
	3426985951
	3426985952
	3426985953
	3426985954
	3426985955
	3426985956
	3426985957
	3426985958
	3426985959
	3426985960
	3426985961
	3426985962
	3426985963
	3426985964
	3426985965
	3426985966
	3426985967
	3426985968
	3426985969
	3426985970
	3426985971
	3426985972
	3426985973
	3426985974
	3426985975
	3426985976
	3426985977
	3426985978
	3426985979
	3426985980
	3426985981
	3426985982
	3426985983
	3426985984
	3426985985
	3426985986
	3426985987
	3426985988
	3426985989
	3426985990
	3426985991
	3426985992
	3426985993
	3426985994
	3426985995
	3426985996
	3426985997
	3426985998
	3426985999
	3426986000
	3426986001
	3426986002
	3426986003
	3426986004
	3426986005
	3426986006
	3426986007
	3426986008
	3426986009
	3426986010
	3426986011
	3426986012
	3426986013
	3426986014
	3426986015
	3426986016
	3426986017
	3426986018
	3426986019
	3426986020
	3426986021
	3426986022
	3426986023
	3426986024
	3426986025
	3426986026
	3426986027
	3426986028
	3426986029
	3426986030
	3426986031
	3426986032
	3426986033
	3426986034
	3426986035
	3426986036
	3426986037
	3426986038
	3426986039
	3426986040
	3426986041
	3426986042
	3426986043
	3426986044
	3426986045
	3426986046
	3426986047
	3426986048
	3426986049
	3426986050
	3426986051
	3426986052
	3426986053
	3426986054
	3426986055
	3426986056
	3426986057
	3426986058
	3426986059
	3426986060
	3426986061
	3426986062
	3426986063
	3426986064
	3426986065
	3426986066
	3426986067
	3426986068
	3426986069
	3426986070
	3426986071
	3426986072
	3426986073
	3426986074
	3426986075
	3426986076
	3426986077
	3426986078
	3426986079
	3426986080
	3426986081
	3426986082
	3426986083
	3426986084
	3426986085
	3426986086
	3426986087
	3426986088
	3426986089
	3426986090
	3426986091
	3426986092
	3426986093
	3426986094
	3426986095
	3426986096
	3426986097
	3426986098
	3426986099
	3426986100
	3426986101
	3426986102
	3426986103
	3426986104
	3426986105
	3426986106
	3426986107
	3426986108
	3426986109
	3426986110
	3426986111
	3426986112
	3426986113
	3426986114
	3426986115
	3426986116
	3426986117
	3426986118
	3426986119
	3426986120
	3426986121
	3426986122
	3426986123
	3426986124
	3426986125
	3426986126
	3426986127
	3426986128
	3426986129
	3426986130
	3426986131
	3426986132
	3426986133
	3426986134
	3426986135
	3426986136
	3426986137
	3426986138
	3426986139
	3426986140
	3426986141
	3426986142
	3426986143
	3426986144
	3426986145
	3426986146
	3426986147
	3426986148
	3426986149
	3426986150
	3426986151
	3426986152
	3426986153
	3426986154
	3426986155
	3426986156
	3426986157
	3426986158
	3426986159
	3426986160
	3426986161
	3426986162
	3426986163
	3426986164
	3426986165
	3426986166
	3426986167
	3426986168
	3426986169
	3426986170
	3426986171
	3426986172
	3426986173
	3426986174
	3426986175
	3426986176
	3426986177
	3426986178
	3426986179
	3426986180
	3426986181
	3426986182
	3426986183
	3426986184
	3426986185
	3426986186
	3426986187
	3426986188
	3426986189
	3426986190
	3426986191
	3426986192
	3426986193
	3426986194
	3426986195
	3426986196
	3426986197
	3426986198
	3426986199
	3426986200
	3426986201
	3426986202
	3426986203
	3426986204
	3426986205
	3426986206
	3426986207
	3426986208
	3426986209
	3426986210
	3426986211
	3426986212
	3426986213
	3426986214
	3426986215
	3426986216
	3426986217
	3426986218
	3426986219
	3426986220
	3426986221
	3426986222
	3426986223
	3426986224
	3426986225
	3426986226
	3426986227
	3426986228
	3426986229
	3426986230
	3426986231
	3426986232
	3426986233
	3426986234
	3426986235
	3426986236
	3426986237
	3426986238
	3426986239
	3426986240
	3426986241
	3426986242
	3426986243
	3426986244
	3426986245
	3426986246
	3426986247
	3426986248
	3426986249
	3426986250
	3426986251
	3426986252
	3426986253
	3426986254
	3426986255
	3426986256
	3426986257
	3426986258
	3426986259
	3426986260
	3426986261
	3426986262
	3426986263
	3426986264
	3426986265
	3426986266
	3426986267
	3426986268
	3426986269
	3426986270
	3426986271
	3426986272
	3426986273
	3426986274
	3426986275
	3426986276
	3426986277
	3426986278
	3426986279
	3426986280
	3426986281
	3426986282
	3426986283
	3426986284
	3426986285
	3426986286
	3426986287
	3426986288
	3426986289
	3426986290
	3426986291
	3426986292
	3426986293
	3426986294
	3426986295
	3426986296
	3426986297
	3426986298
	3426986299
	3426986300
	3426986301
	3426986302
	3426986303
	3426986304
	3426986305
	3426986306
	3426986307
	3426986308
	3426986309
	3426986310
	3426986311
	3426986312
	3426986313
	3426986314
	3426986315
	3426986316
	3426986317
	3426986318
	3426986319
	3426986320
	3426986321
	3426986322
	3426986323
	3426986324
	3426986325
	3426986326
	3426986327
	3426986328
	3426986329
	3426986330
	3426986331
	3426986332
	3426986333
	3426986334
	3426986335
	3426986336
	3426986337
	3426986338
	3426986339
	3426986340
	3426986341
	3426986342
	3426986343
	3426986344
	3426986345
	3426986346
	3426986347
	3426986348
	3426986349
	3426986350
	3426986351
	3426986352
	3426986353
	3426986354
	3426986355
	3426986356
	3426986357
	3426986358
	3426986359
	3426986360
	3426986361
	3426986362
	3426986363
	3426986364
	3426986365
	3426986366
	3426986367
	3426986368
	3426986369
	3426986370
	3426986371
	3426986372
	3426986373
	3426986374
	3426986375
	3426986376
	3426986377
	3426986378
	3426986379
	3426986380
	3426986381
	3426986382
	3426986383
	3426986384
	3426986385
	3426986386
	3426986387
	3426986388
	3426986389
	3426986390
	3426986391
	3426986392
	3426986393
	3426986394
	3426986395
	3426986396
	3426986397
	3426986398
	3426986399
	3426986400
	3426986401
	3426986402
	3426986403
	3426986404
	3426986405
	3426986406
	3426986407
	3426986408
	3426986409
	3426986410
	3426986411
	3426986412
	3426986413
	3426986414
	3426986415
	3426986416
	3426986417
	3426986418
	3426986419
	3426986420
	3426986421
	3426986422
	3426986423
	3426986424
	3426986425
	3426986426
	3426986427
	3426986428
	3426986429
	3426986430
	3426986431
	3426986432
	3426986433
	3426986434
	3426986435
	3426986436
	3426986437
	3426986438
	3426986439
	3426986440
	3426986441
	3426986442
	3426986443
	3426986444
	3426986445
	3426986446
	3426986447
	3426986448
	3426986449
	3426986450
	3426986451
	3426986452
	3426986453
	3426986454
	3426986455
	3426986456
	3426986457
	3426986458
	3426986459
	3426986460
	3426986461
	3426986462
	3426986463
	3426986464
	3426986465
	3426986466
	3426986467
	3426986468
	3426986469
	3426986470
	3426986471
	3426986472
	3426986473
	3426986474
	3426986475
	3426986476
	3426986477
	3426986478
	3426986479
	3426986480
	3426986481
	3426986482
	3426986483
	3426986484
	3426986485
	3426986486
	3426986487
	3426986488
	3426986489
	3426986490
	3426986491
	3426986492
	3426986493
	3426986494
	3426986495
	3426986496
	3426986497
	3426986498
	3426986499
	3426986500
	3426986501
	3426986502
	3426986503
	3426986504
	3426986505
	3426986506
	3426986507
	3426986508
	3426986509
	3426986510
	3426986511
	3426986512
	3426986513
	3426986514
	3426986515
	3426986516
	3426986517
	3426986518
	3426986519
	3426986520
	3426986521
	3426986522
	3426986523
	3426986524
	3426986525
	3426986526
	3426986527
	3426986528
	3426986529
	3426986530
	3426986531
	3426986532
	3426986533
	3426986534
	3426986535
	3426986536
	3426986537
	3426986538
	3426986539
	3426986540
	3426986541
	3426986542
	3426986543
	3426986544
	3426986545
	3426986546
	3426986547
	3426986548
