	3427037808
	3427037809
	3427037810
	3427037811
	3427037812
	3427037813
	3427037814
	3427037815
	3427037816
	3427037817
	3427037818
	3427037819
	3427037820
	3427037821
	3427037822
	3427037823
	3427037824
	3427037825
	3427037826
	3427037827
	3427037828
	3427037829
	3427037830
	3427037831
	3427037832
	3427037833
	3427037834
	3427037835
	3427037836
	3427037837
	3427037838
	3427037839
	3427037840
	3427037841
	3427037842
	3427037843
	3427037844
	3427037845
	3427037846
	3427037847
	3427037848
	3427037849
	3427037850
	3427037851
	3427037852
	3427037853
	3427037854
	3427037855
	3427037856
	3427037857
	3427037858
	3427037859
	3427037860
	3427037861
	3427037862
	3427037863
	3427037864
	3427037865
	3427037866
	3427037867
	3427037868
	3427037869
	3427037870
	3427037871
	3427037872
	3427037873
	3427037874
	3427037875
	3427037876
	3427037877
	3427037878
	3427037879
	3427037880
	3427037881
	3427037882
	3427037883
	3427037884
	3427037885
	3427037886
	3427037887
	3427037888
	3427037889
	3427037890
	3427037891
	3427037892
	3427037893
	3427037894
	3427037895
	3427037896
	3427037897
	3427037898
	3427037899
	3427037900
	3427037901
	3427037902
	3427037903
	3427037904
	3427037905
	3427037906
	3427037907
	3427037908
	3427037909
	3427037910
	3427037911
	3427037912
	3427037913
	3427037914
	3427037915
	3427037916
	3427037917
	3427037918
	3427037919
	3427037920
	3427037921
	3427037922
	3427037923
	3427037924
	3427037925
	3427037926
	3427037927
	3427037928
	3427037929
	3427037930
	3427037931
	3427037932
	3427037933
	3427037934
	3427037935
	3427037936
	3427037937
	3427037938
	3427037939
	3427037940
	3427037941
	3427037942
	3427037943
	3427037944
	3427037945
	3427037946
	3427037947
	3427037948
	3427037949
	3427037950
	3427037951
	3427037952
	3427037953
	3427037954
	3427037955
	3427037956
	3427037957
	3427037958
	3427037959
	3427037960
	3427037961
	3427037962
	3427037963
	3427037964
	3427037965
	3427037966
	3427037967
	3427037968
	3427037969
	3427037970
	3427037971
	3427037972
	3427037973
	3427037974
	3427037975
	3427037976
	3427037977
	3427037978
	3427037979
	3427037980
	3427037981
	3427037982
	3427037983
	3427037984
	3427037985
	3427037986
	3427037987
	3427037988
	3427037989
	3427037990
	3427037991
	3427037992
	3427037993
	3427037994
	3427037995
	3427037996
	3427037997
	3427037998
	3427037999
	3427038000
	3427038001
	3427038002
	3427038003
	3427038004
	3427038005
	3427038006
	3427038007
	3427038008
	3427038009
	3427038010
	3427038011
	3427038012
	3427038013
	3427038014
	3427038015
	3427038016
	3427038017
	3427038018
	3427038019
	3427038020
	3427038021
	3427038022
	3427038023
	3427038024
	3427038025
	3427038026
	3427038027
	3427038028
	3427038029
	3427038030
	3427038031
	3427038032
	3427038033
	3427038034
	3427038035
	3427038036
	3427038037
	3427038038
	3427038039
	3427038040
	3427038041
	3427038042
	3427038043
	3427038044
	3427038045
	3427038046
	3427038047
	3427038048
	3427038049
	3427038050
	3427038051
	3427038052
	3427038053
	3427038054
	3427038055
	3427038056
	3427038057
	3427038058
	3427038059
	3427038060
	3427038061
	3427038062
	3427038063
	3427038064
	3427038065
	3427038066
	3427038067
	3427038068
	3427038069
	3427038070
	3427038071
	3427038072
	3427038073
	3427038074
	3427038075
	3427038076
	3427038077
	3427038078
	3427038079
	3427038080
	3427038081
	3427038082
	3427038083
	3427038084
	3427038085
	3427038086
	3427038087
	3427038088
	3427038089
	3427038090
	3427038091
	3427038092
	3427038093
	3427038094
	3427038095
	3427038096
	3427038097
	3427038098
	3427038099
	3427038100
	3427038101
	3427038102
	3427038103
	3427038104
	3427038105
	3427038106
	3427038107
	3427038108
	3427038109
	3427038110
	3427038111
	3427038112
	3427038113
	3427038114
	3427038115
	3427038116
	3427038117
	3427038118
	3427038119
	3427038120
	3427038121
	3427038122
	3427038123
	3427038124
	3427038125
	3427038126
	3427038127
	3427038128
	3427038129
	3427038130
	3427038131
	3427038132
	3427038133
	3427038134
	3427038135
	3427038136
	3427038137
	3427038138
	3427038139
	3427038140
	3427038141
	3427038142
	3427038143
	3427038144
	3427038145
	3427038146
	3427038147
	3427038148
	3427038149
	3427038150
	3427038151
	3427038152
	3427038153
	3427038154
	3427038155
	3427038156
	3427038157
	3427038158
	3427038159
	3427038160
	3427038161
	3427038162
	3427038163
	3427038164
	3427038165
	3427038166
	3427038167
	3427038168
	3427038169
	3427038170
	3427038171
	3427038172
	3427038173
	3427038174
	3427038175
	3427038176
	3427038177
	3427038178
	3427038179
	3427038180
	3427038181
	3427038182
	3427038183
	3427038184
	3427038185
	3427038186
	3427038187
	3427038188
	3427038189
	3427038190
	3427038191
	3427038192
	3427038193
	3427038194
	3427038195
	3427038196
	3427038197
	3427038198
	3427038199
	3427038200
	3427038201
	3427038202
	3427038203
	3427038204
	3427038205
	3427038206
	3427038207
	3427038208
	3427038209
	3427038210
	3427038211
	3427038212
	3427038213
	3427038214
	3427038215
	3427038216
	3427038217
	3427038218
	3427038219
	3427038220
	3427038221
	3427038222
	3427038223
	3427038224
	3427038225
	3427038226
	3427038227
	3427038228
	3427038229
	3427038230
	3427038231
	3427038232
	3427038233
	3427038234
	3427038235
	3427038236
	3427038237
	3427038238
	3427038239
	3427038240
	3427038241
	3427038242
	3427038243
	3427038244
	3427038245
	3427038246
	3427038247
	3427038248
	3427038249
	3427038250
	3427038251
	3427038252
	3427038253
	3427038254
	3427038255
	3427038256
	3427038257
	3427038258
	3427038259
	3427038260
	3427038261
	3427038262
	3427038263
	3427038264
	3427038265
	3427038266
	3427038267
	3427038268
	3427038269
	3427038270
	3427038271
	3427038272
	3427038273
	3427038274
	3427038275
	3427038276
	3427038277
	3427038278
	3427038279
	3427038280
	3427038281
	3427038282
	3427038283
	3427038284
	3427038285
	3427038286
	3427038287
	3427038288
	3427038289
	3427038290
	3427038291
	3427038292
	3427038293
	3427038294
	3427038295
	3427038296
	3427038297
	3427038298
	3427038299
	3427038300
	3427038301
	3427038302
	3427038303
	3427038304
	3427038305
	3427038306
	3427038307
	3427038308
	3427038309
	3427038310
	3427038311
	3427038312
	3427038313
	3427038314
	3427038315
	3427038316
	3427038317
	3427038318
	3427038319
	3427038320
	3427038321
	3427038322
	3427038323
	3427038324
	3427038325
	3427038326
	3427038327
	3427038328
	3427038329
	3427038330
	3427038331
	3427038332
	3427038333
	3427038334
	3427038335
	3427038336
	3427038337
	3427038338
	3427038339
	3427038340
	3427038341
	3427038342
	3427038343
	3427038344
	3427038345
	3427038346
	3427038347
	3427038348
	3427038349
	3427038350
	3427038351
	3427038352
	3427038353
	3427038354
	3427038355
	3427038356
	3427038357
	3427038358
	3427038359
	3427038360
	3427038361
	3427038362
	3427038363
	3427038364
	3427038365
	3427038366
	3427038367
	3427038368
	3427038369
	3427038370
	3427038371
	3427038372
	3427038373
	3427038374
	3427038375
	3427038376
	3427038377
	3427038378
	3427038379
	3427038380
	3427038381
	3427038382
	3427038383
	3427038384
	3427038385
	3427038386
	3427038387
	3427038388
	3427038389
	3427038390
	3427038391
	3427038392
	3427038393
	3427038394
	3427038395
	3427038396
	3427038397
	3427038398
	3427038399
	3427038400
	3427038401
	3427038402
	3427038403
	3427038404
	3427038405
	3427038406
	3427038407
	3427038408
	3427038409
	3427038410
	3427038411
	3427038412
	3427038413
	3427038414
	3427038415
	3427038416
	3427038417
	3427038418
	3427038419
	3427038420
	3427038421
	3427038422
	3427038423
	3427038424
	3427038425
	3427038426
	3427038427
	3427038428
	3427038429
	3427038430
	3427038431
	3427038432
	3427038433
	3427038434
	3427038435
	3427038436
	3427038437
	3427038438
	3427038439
	3427038440
	3427038441
	3427038442
	3427038443
	3427038444
	3427038445
	3427038446
	3427038447
	3427038448
	3427038449
	3427038450
	3427038451
	3427038452
	3427038453
	3427038454
	3427038455
	3427038456
	3427038457
	3427038458
	3427038459
	3427038460
	3427038461
	3427038462
	3427038463
	3427038464
	3427038465
	3427038466
	3427038467
	3427038468
	3427038469
	3427038470
	3427038471
	3427038472
	3427038473
	3427038474
	3427038475
	3427038476
	3427038477
	3427038478
	3427038479
	3427038480
	3427038481
	3427038482
	3427038483
	3427038484
	3427038485
	3427038486
	3427038487
	3427038488
	3427038489
	3427038490
	3427038491
	3427038492
	3427038493
	3427038494
	3427038495
	3427038496
	3427038497
	3427038498
	3427038499
	3427038500
	3427038501
	3427038502
	3427038503
	3427038504
	3427038505
	3427038506
	3427038507
	3427038508
	3427038509
	3427038510
	3427038511
	3427038512
	3427038513
	3427038514
	3427038515
	3427038516
	3427038517
	3427038518
	3427038519
	3427038520
	3427038521
	3427038522
	3427038523
	3427038524
	3427038525
	3427038526
	3427038527
	3427038528
	3427038529
	3427038530
	3427038531
	3427038532
	3427038533
	3427038534
	3427038535
	3427038536
	3427038537
	3427038538
	3427038539
	3427038540
	3427038541
	3427038542
	3427038543
	3427038544
	3427038545
	3427038546
	3427038547
	3427038548
	3427038549
	3427038550
	3427038551
	3427038552
	3427038553
	3427038554
	3427038555
	3427038556
	3427038557
	3427038558
	3427038559
	3427038560
	3427038561
	3427038562
	3427038563
	3427038564
	3427038565
	3427038566
	3427038567
	3427038568
	3427038569
	3427038570
	3427038571
	3427038572
	3427038573
	3427038574
	3427038575
	3427038576
	3427038577
	3427038578
	3427038579
	3427038580
	3427038581
	3427038582
	3427038583
	3427038584
	3427038585
	3427038586
	3427038587
	3427038588
	3427038589
	3427038590
	3427038591
	3427038592
	3427038593
	3427038594
	3427038595
	3427038596
	3427038597
	3427038598
	3427038599
	3427038600
	3427038601
	3427038602
	3427038603
	3427038604
	3427038605
	3427038606
	3427038607
	3427038608
	3427038609
	3427038610
	3427038611
	3427038612
	3427038613
	3427038614
	3427038615
	3427038616
	3427038617
	3427038618
	3427038619
	3427038620
	3427038621
	3427038622
	3427038623
	3427038624
	3427038625
	3427038626
	3427038627
	3427038628
	3427038629
	3427038630
	3427038631
	3427038632
	3427038633
	3427038634
	3427038635
	3427038636
	3427038637
	3427038638
	3427038639
	3427038640
	3427038641
	3427038642
	3427038643
	3427038644
	3427038645
	3427038646
	3427038647
	3427038648
	3427038649
	3427038650
	3427038651
	3427038652
	3427038653
	3427038654
	3427038655
	3427038656
	3427038657
	3427038658
	3427038659
	3427038660
	3427038661
	3427038662
	3427038663
	3427038664
	3427038665
	3427038666
	3427038667
	3427038668
	3427038669
	3427038670
	3427038671
	3427038672
	3427038673
	3427038674
	3427038675
	3427038676
	3427038677
	3427038678
	3427038679
	3427038680
	3427038681
	3427038682
	3427038683
	3427038684
	3427038685
	3427038686
	3427038687
	3427038688
	3427038689
	3427038690
	3427038691
	3427038692
	3427038693
	3427038694
	3427038695
	3427038696
	3427038697
	3427038698
	3427038699
	3427038700
	3427038701
	3427038702
	3427038703
	3427038704
	3427038705
	3427038706
	3427038707
	3427038708
	3427038709
	3427038710
	3427038711
	3427038712
	3427038713
	3427038714
	3427038715
	3427038716
	3427038717
	3427038718
	3427038719
	3427038720
	3427038721
	3427038722
	3427038723
	3427038724
	3427038725
	3427038726
	3427038727
	3427038728
	3427038729
	3427038730
	3427038731
	3427038732
	3427038733
	3427038734
	3427038735
	3427038736
	3427038737
	3427038738
	3427038739
	3427038740
	3427038741
	3427038742
	3427038743
	3427038744
	3427038745
	3427038746
	3427038747
	3427038748
	3427038749
	3427038750
	3427038751
	3427038752
	3427038753
	3427038754
	3427038755
	3427038756
	3427038757
	3427038758
	3427038759
	3427038760
	3427038761
	3427038762
	3427038763
	3427038764
	3427038765
	3427038766
	3427038767
	3427038768
	3427038769
	3427038770
	3427038771
	3427038772
	3427038773
	3427038774
	3427038775
	3427038776
	3427038777
	3427038778
	3427038779
	3427038780
	3427038781
	3427038782
	3427038783
	3427038784
	3427038785
	3427038786
	3427038787
	3427038788
	3427038789
	3427038790
	3427038791
	3427038792
	3427038793
	3427038794
	3427038795
	3427038796
	3427038797
	3427038798
	3427038799
	3427038800
	3427038801
	3427038802
	3427038803
	3427038804
	3427038805
	3427038806
	3427038807
	3427038808
	3427038809
	3427038810
	3427038811
	3427038812
	3427038813
	3427038814
	3427038815
	3427038816
	3427038817
	3427038818
	3427038819
	3427038820
	3427038821
	3427038822
	3427038823
	3427038824
	3427038825
	3427038826
	3427038827
	3427038828
	3427038829
	3427038830
	3427038831
	3427038832
	3427038833
	3427038834
	3427038835
	3427038836
	3427038837
	3427038838
	3427038839
	3427038840
	3427038841
	3427038842
	3427038843
	3427038844
	3427038845
	3427038846
	3427038847
	3427038848
	3427038849
	3427038850
	3427038851
	3427038852
	3427038853
	3427038854
	3427038855
	3427038856
	3427038857
	3427038858
	3427038859
	3427038860
	3427038861
	3427038862
	3427038863
	3427038864
	3427038865
	3427038866
	3427038867
	3427038868
	3427038869
	3427038870
	3427038871
	3427038872
	3427038873
	3427038874
	3427038875
	3427038876
	3427038877
	3427038878
	3427038879
	3427038880
	3427038881
	3427038882
	3427038883
	3427038884
	3427038885
	3427038886
	3427038887
	3427038888
	3427038889
	3427038890
	3427038891
	3427038892
	3427038893
	3427038894
	3427038895
	3427038896
	3427038897
	3427038898
	3427038899
	3427038900
	3427038901
	3427038902
	3427038903
	3427038904
	3427038905
	3427038906
	3427038907
	3427038908
	3427038909
	3427038910
	3427038911
	3427038912
	3427038913
	3427038914
	3427038915
	3427038916
	3427038917
	3427038918
	3427038919
	3427038920
	3427038921
	3427038922
	3427038923
	3427038924
	3427038925
	3427038926
	3427038927
	3427038928
	3427038929
	3427038930
	3427038931
	3427038932
	3427038933
	3427038934
	3427038935
	3427038936
	3427038937
	3427038938
	3427038939
	3427038940
	3427038941
	3427038942
	3427038943
	3427038944
	3427038945
	3427038946
	3427038947
	3427038948
	3427038949
	3427038950
	3427038951
	3427038952
	3427038953
	3427038954
	3427038955
	3427038956
	3427038957
	3427038958
	3427038959
	3427038960
	3427038961
	3427038962
	3427038963
	3427038964
	3427038965
	3427038966
	3427038967
	3427038968
	3427038969
	3427038970
	3427038971
	3427038972
	3427038973
	3427038974
	3427038975
	3427038976
	3427038977
	3427038978
	3427038979
	3427038980
	3427038981
	3427038982
	3427038983
	3427038984
	3427038985
	3427038986
	3427038987
	3427038988
	3427038989
	3427038990
	3427038991
	3427038992
	3427038993
	3427038994
	3427038995
	3427038996
	3427038997
	3427038998
	3427038999
	3427039000
	3427039001
	3427039002
	3427039003
	3427039004
	3427039005
	3427039006
	3427039007
	3427039008
	3427039009
	3427039010
	3427039011
	3427039012
	3427039013
	3427039014
	3427039015
	3427039016
	3427039017
	3427039018
	3427039019
	3427039020
	3427039021
	3427039022
	3427039023
	3427039024
	3427039025
	3427039026
	3427039027
	3427039028
	3427039029
	3427039030
	3427039031
	3427039032
	3427039033
	3427039034
	3427039035
	3427039036
	3427039037
	3427039038
	3427039039
	3427039040
	3427039041
	3427039042
	3427039043
	3427039044
	3427039045
	3427039046
	3427039047
	3427039048
	3427039049
	3427039050
	3427039051
	3427039052
	3427039053
	3427039054
	3427039055
	3427039056
	3427039057
	3427039058
	3427039059
	3427039060
	3427039061
	3427039062
	3427039063
	3427039064
	3427039065
	3427039066
	3427039067
	3427039068
	3427039069
	3427039070
	3427039071
	3427039072
	3427039073
	3427039074
	3427039075
	3427039076
	3427039077
	3427039078
	3427039079
	3427039080
	3427039081
	3427039082
	3427039083
	3427039084
	3427039085
	3427039086
	3427039087
	3427039088
	3427039089
	3427039090
	3427039091
	3427039092
	3427039093
	3427039094
	3427039095
	3427039096
	3427039097
	3427039098
	3427039099
	3427039100
	3427039101
	3427039102
	3427039103
	3427039104
	3427039105
	3427039106
	3427039107
	3427039108
	3427039109
	3427039110
	3427039111
	3427039112
	3427039113
	3427039114
	3427039115
	3427039116
	3427039117
	3427039118
	3427039119
	3427039120
	3427039121
	3427039122
	3427039123
	3427039124
	3427039125
	3427039126
	3427039127
	3427039128
	3427039129
	3427039130
	3427039131
	3427039132
	3427039133
	3427039134
	3427039135
	3427039136
	3427039137
	3427039138
	3427039139
	3427039140
	3427039141
	3427039142
	3427039143
	3427039144
	3427039145
	3427039146
	3427039147
	3427039148
	3427039149
	3427039150
	3427039151
	3427039152
	3427039153
	3427039154
	3427039155
	3427039156
	3427039157
	3427039158
	3427039159
	3427039160
	3427039161
	3427039162
	3427039163
	3427039164
	3427039165
	3427039166
	3427039167
	3427039168
	3427039169
	3427039170
	3427039171
	3427039172
	3427039173
	3427039174
	3427039175
	3427039176
	3427039177
	3427039178
	3427039179
	3427039180
	3427039181
	3427039182
	3427039183
	3427039184
	3427039185
	3427039186
	3427039187
	3427039188
	3427039189
	3427039190
	3427039191
	3427039192
	3427039193
	3427039194
	3427039195
	3427039196
	3427039197
	3427039198
	3427039199
	3427039200
	3427039201
	3427039202
	3427039203
	3427039204
	3427039205
	3427039206
	3427039207
	3427039208
	3427039209
	3427039210
	3427039211
	3427039212
	3427039213
	3427039214
	3427039215
	3427039216
	3427039217
	3427039218
	3427039219
	3427039220
	3427039221
	3427039222
	3427039223
	3427039224
	3427039225
	3427039226
	3427039227
	3427039228
	3427039229
	3427039230
	3427039231
	3427039232
	3427039233
	3427039234
	3427039235
	3427039236
	3427039237
	3427039238
	3427039239
	3427039240
	3427039241
	3427039242
	3427039243
	3427039244
	3427039245
	3427039246
	3427039247
	3427039248
	3427039249
	3427039250
	3427039251
	3427039252
	3427039253
	3427039254
	3427039255
	3427039256
	3427039257
	3427039258
	3427039259
	3427039260
	3427039261
	3427039262
	3427039263
	3427039264
	3427039265
	3427039266
	3427039267
	3427039268
	3427039269
	3427039270
	3427039271
	3427039272
	3427039273
	3427039274
	3427039275
	3427039276
	3427039277
	3427039278
	3427039279
	3427039280
	3427039281
	3427039282
	3427039283
	3427039284
	3427039285
	3427039286
	3427039287
	3427039288
	3427039289
	3427039290
	3427039291
	3427039292
	3427039293
	3427039294
	3427039295
	3427039296
	3427039297
	3427039298
	3427039299
	3427039300
	3427039301
	3427039302
	3427039303
	3427039304
	3427039305
	3427039306
	3427039307
	3427039308
	3427039309
	3427039310
	3427039311
	3427039312
	3427039313
	3427039314
	3427039315
	3427039316
	3427039317
	3427039318
	3427039319
	3427039320
	3427039321
	3427039322
	3427039323
	3427039324
	3427039325
	3427039326
	3427039327
	3427039328
	3427039329
	3427039330
	3427039331
	3427039332
	3427039333
	3427039334
	3427039335
	3427039336
	3427039337
	3427039338
	3427039339
	3427039340
	3427039341
	3427039342
	3427039343
	3427039344
	3427039345
	3427039346
	3427039347
	3427039348
	3427039349
	3427039350
	3427039351
	3427039352
	3427039353
	3427039354
	3427039355
	3427039356
	3427039357
	3427039358
	3427039359
	3427039360
	3427039361
	3427039362
	3427039363
	3427039364
	3427039365
	3427039366
	3427039367
	3427039368
	3427039369
	3427039370
	3427039371
	3427039372
	3427039373
	3427039374
	3427039375
	3427039376
	3427039377
	3427039378
	3427039379
	3427039380
	3427039381
	3427039382
	3427039383
	3427039384
	3427039385
	3427039386
	3427039387
	3427039388
	3427039389
	3427039390
	3427039391
	3427039392
	3427039393
	3427039394
	3427039395
	3427039396
	3427039397
	3427039398
	3427039399
	3427039400
	3427039401
	3427039402
	3427039403
	3427039404
	3427039405
	3427039406
	3427039407
	3427039408
	3427039409
	3427039410
	3427039411
	3427039412
	3427039413
	3427039414
	3427039415
	3427039416
	3427039417
	3427039418
	3427039419
	3427039420
	3427039421
	3427039422
	3427039423
	3427039424
	3427039425
	3427039426
	3427039427
	3427039428
	3427039429
	3427039430
	3427039431
	3427039432
	3427039433
	3427039434
	3427039435
	3427039436
	3427039437
	3427039438
	3427039439
	3427039440
	3427039441
	3427039442
	3427039443
	3427039444
	3427039445
	3427039446
	3427039447
	3427039448
	3427039449
	3427039450
	3427039451
	3427039452
	3427039453
	3427039454
	3427039455
	3427039456
	3427039457
	3427039458
	3427039459
	3427039460
	3427039461
	3427039462
	3427039463
	3427039464
	3427039465
	3427039466
	3427039467
	3427039468
	3427039469
	3427039470
	3427039471
	3427039472
	3427039473
	3427039474
	3427039475
	3427039476
	3427039477
	3427039478
	3427039479
	3427039480
	3427039481
	3427039482
	3427039483
	3427039484
	3427039485
	3427039486
	3427039487
	3427039488
	3427039489
	3427039490
	3427039491
	3427039492
	3427039493
	3427039494
	3427039495
	3427039496
	3427039497
	3427039498
	3427039499
	3427039500
	3427039501
	3427039502
	3427039503
	3427039504
	3427039505
	3427039506
	3427039507
	3427039508
	3427039509
	3427039510
	3427039511
	3427039512
	3427039513
	3427039514
	3427039515
	3427039516
	3427039517
	3427039518
	3427039519
	3427039520
	3427039521
	3427039522
	3427039523
	3427039524
	3427039525
	3427039526
	3427039527
	3427039528
	3427039529
	3427039530
	3427039531
	3427039532
	3427039533
	3427039534
	3427039535
	3427039536
	3427039537
	3427039538
	3427039539
	3427039540
	3427039541
	3427039542
	3427039543
	3427039544
	3427039545
	3427039546
	3427039547
	3427039548
	3427039549
	3427039550
	3427039551
	3427039552
	3427039553
	3427039554
	3427039555
	3427039556
	3427039557
	3427039558
	3427039559
	3427039560
	3427039561
	3427039562
	3427039563
	3427039564
	3427039565
	3427039566
	3427039567
	3427039568
	3427039569
	3427039570
	3427039571
	3427039572
	3427039573
	3427039574
	3427039575
	3427039576
	3427039577
	3427039578
	3427039579
	3427039580
	3427039581
	3427039582
	3427039583
	3427039584
	3427039585
	3427039586
	3427039587
	3427039588
	3427039589
	3427039590
	3427039591
	3427039592
	3427039593
	3427039594
	3427039595
	3427039596
	3427039597
	3427039598
	3427039599
	3427039600
	3427039601
	3427039602
	3427039603
	3427039604
	3427039605
	3427039606
	3427039607
	3427039608
	3427039609
	3427039610
	3427039611
	3427039612
	3427039613
	3427039614
	3427039615
	3427039616
	3427039617
	3427039618
	3427039619
	3427039620
	3427039621
	3427039622
	3427039623
	3427039624
	3427039625
	3427039626
	3427039627
	3427039628
	3427039629
	3427039630
	3427039631
	3427039632
	3427039633
	3427039634
	3427039635
	3427039636
	3427039637
	3427039638
	3427039639
	3427039640
	3427039641
	3427039642
	3427039643
	3427039644
	3427039645
	3427039646
	3427039647
	3427039648
	3427039649
	3427039650
	3427039651
	3427039652
	3427039653
	3427039654
	3427039655
	3427039656
	3427039657
	3427039658
	3427039659
	3427039660
	3427039661
	3427039662
	3427039663
	3427039664
	3427039665
	3427039666
	3427039667
	3427039668
	3427039669
	3427039670
	3427039671
	3427039672
	3427039673
	3427039674
	3427039675
	3427039676
	3427039677
	3427039678
	3427039679
	3427039680
	3427039681
	3427039682
	3427039683
	3427039684
	3427039685
	3427039686
	3427039687
	3427039688
	3427039689
	3427039690
	3427039691
	3427039692
	3427039693
	3427039694
	3427039695
	3427039696
	3427039697
	3427039698
	3427039699
	3427039700
	3427039701
	3427039702
	3427039703
	3427039704
	3427039705
	3427039706
	3427039707
	3427039708
	3427039709
	3427039710
	3427039711
	3427039712
	3427039713
	3427039714
	3427039715
	3427039716
	3427039717
	3427039718
	3427039719
	3427039720
	3427039721
	3427039722
	3427039723
	3427039724
	3427039725
	3427039726
	3427039727
	3427039728
	3427039729
	3427039730
	3427039731
	3427039732
	3427039733
	3427039734
	3427039735
	3427039736
	3427039737
	3427039738
	3427039739
	3427039740
	3427039741
	3427039742
	3427039743
	3427039744
	3427039745
	3427039746
	3427039747
	3427039748
	3427039749
	3427039750
	3427039751
	3427039752
	3427039753
	3427039754
	3427039755
	3427039756
	3427039757
	3427039758
	3427039759
	3427039760
	3427039761
	3427039762
	3427039763
	3427039764
	3427039765
	3427039766
	3427039767
	3427039768
	3427039769
	3427039770
	3427039771
	3427039772
	3427039773
	3427039774
	3427039775
	3427039776
	3427039777
	3427039778
	3427039779
	3427039780
	3427039781
	3427039782
	3427039783
	3427039784
	3427039785
	3427039786
	3427039787
	3427039788
	3427039789
	3427039790
	3427039791
	3427039792
	3427039793
	3427039794
	3427039795
	3427039796
	3427039797
	3427039798
	3427039799
	3427039800
	3427039801
	3427039802
	3427039803
	3427039804
	3427039805
	3427039806
	3427039807
	3427039808
	3427039809
	3427039810
	3427039811
	3427039812
	3427039813
	3427039814
	3427039815
	3427039816
	3427039817
	3427039818
	3427039819
	3427039820
	3427039821
	3427039822
	3427039823
	3427039824
	3427039825
	3427039826
	3427039827
	3427039828
	3427039829
	3427039830
	3427039831
	3427039832
	3427039833
	3427039834
	3427039835
	3427039836
	3427039837
	3427039838
	3427039839
	3427039840
	3427039841
	3427039842
	3427039843
	3427039844
	3427039845
	3427039846
	3427039847
	3427039848
	3427039849
	3427039850
	3427039851
	3427039852
	3427039853
	3427039854
	3427039855
	3427039856
	3427039857
	3427039858
	3427039859
	3427039860
	3427039861
	3427039862
	3427039863
	3427039864
	3427039865
	3427039866
	3427039867
	3427039868
	3427039869
	3427039870
	3427039871
	3427039872
	3427039873
	3427039874
	3427039875
	3427039876
	3427039877
	3427039878
	3427039879
	3427039880
	3427039881
	3427039882
	3427039883
	3427039884
	3427039885
	3427039886
	3427039887
	3427039888
	3427039889
	3427039890
	3427039891
	3427039892
	3427039893
	3427039894
	3427039895
	3427039896
	3427039897
	3427039898
	3427039899
	3427039900
	3427039901
	3427039902
	3427039903
	3427039904
	3427039905
	3427039906
	3427039907
	3427039908
	3427039909
	3427039910
	3427039911
	3427039912
	3427039913
	3427039914
	3427039915
	3427039916
	3427039917
	3427039918
	3427039919
	3427039920
	3427039921
	3427039922
	3427039923
	3427039924
	3427039925
	3427039926
	3427039927
	3427039928
	3427039929
	3427039930
	3427039931
	3427039932
	3427039933
	3427039934
	3427039935
	3427039936
	3427039937
	3427039938
	3427039939
	3427039940
	3427039941
	3427039942
	3427039943
	3427039944
	3427039945
	3427039946
	3427039947
	3427039948
	3427039949
	3427039950
	3427039951
	3427039952
	3427039953
	3427039954
	3427039955
	3427039956
	3427039957
	3427039958
	3427039959
	3427039960
	3427039961
	3427039962
	3427039963
	3427039964
	3427039965
	3427039966
	3427039967
	3427039968
	3427039969
	3427039970
	3427039971
	3427039972
	3427039973
	3427039974
	3427039975
	3427039976
	3427039977
	3427039978
	3427039979
	3427039980
	3427039981
	3427039982
	3427039983
	3427039984
	3427039985
	3427039986
	3427039987
	3427039988
	3427039989
	3427039990
	3427039991
	3427039992
	3427039993
	3427039994
	3427039995
	3427039996
	3427039997
	3427039998
	3427039999
	3427040000
	3427040001
	3427040002
	3427040003
	3427040004
	3427040005
	3427040006
	3427040007
	3427040008
	3427040009
	3427040010
	3427040011
	3427040012
	3427040013
	3427040014
	3427040015
	3427040016
	3427040017
	3427040018
	3427040019
	3427040020
	3427040021
	3427040022
	3427040023
	3427040024
	3427040025
	3427040026
	3427040027
	3427040028
	3427040029
	3427040030
	3427040031
	3427040032
	3427040033
	3427040034
	3427040035
	3427040036
	3427040037
	3427040038
	3427040039
	3427040040
	3427040041
	3427040042
	3427040043
	3427040044
	3427040045
	3427040046
	3427040047
	3427040048
	3427040049
	3427040050
	3427040051
	3427040052
	3427040053
	3427040054
	3427040055
	3427040056
	3427040057
	3427040058
	3427040059
	3427040060
	3427040061
	3427040062
	3427040063
	3427040064
	3427040065
	3427040066
	3427040067
	3427040068
	3427040069
	3427040070
	3427040071
	3427040072
	3427040073
	3427040074
	3427040075
	3427040076
	3427040077
	3427040078
	3427040079
	3427040080
	3427040081
	3427040082
	3427040083
	3427040084
	3427040085
	3427040086
	3427040087
	3427040088
	3427040089
	3427040090
	3427040091
	3427040092
	3427040093
	3427040094
	3427040095
	3427040096
	3427040097
	3427040098
	3427040099
	3427040100
	3427040101
	3427040102
	3427040103
	3427040104
	3427040105
	3427040106
	3427040107
	3427040108
	3427040109
	3427040110
	3427040111
	3427040112
	3427040113
	3427040114
	3427040115
	3427040116
	3427040117
	3427040118
	3427040119
	3427040120
	3427040121
	3427040122
	3427040123
	3427040124
	3427040125
	3427040126
	3427040127
	3427040128
	3427040129
	3427040130
	3427040131
	3427040132
	3427040133
	3427040134
	3427040135
	3427040136
	3427040137
	3427040138
	3427040139
	3427040140
	3427040141
	3427040142
	3427040143
	3427040144
	3427040145
	3427040146
	3427040147
	3427040148
	3427040149
	3427040150
	3427040151
	3427040152
	3427040153
	3427040154
	3427040155
	3427040156
	3427040157
	3427040158
	3427040159
	3427040160
	3427040161
	3427040162
	3427040163
	3427040164
	3427040165
	3427040166
	3427040167
	3427040168
	3427040169
	3427040170
	3427040171
	3427040172
	3427040173
	3427040174
	3427040175
	3427040176
	3427040177
	3427040178
	3427040179
	3427040180
	3427040181
	3427040182
	3427040183
	3427040184
	3427040185
	3427040186
	3427040187
	3427040188
	3427040189
	3427040190
	3427040191
	3427040192
	3427040193
	3427040194
	3427040195
	3427040196
	3427040197
	3427040198
	3427040199
	3427040200
	3427040201
	3427040202
	3427040203
	3427040204
	3427040205
	3427040206
	3427040207
	3427040208
	3427040209
	3427040210
	3427040211
	3427040212
	3427040213
	3427040214
	3427040215
	3427040216
	3427040217
	3427040218
	3427040219
	3427040220
	3427040221
	3427040222
	3427040223
	3427040224
	3427040225
	3427040226
	3427040227
	3427040228
	3427040229
	3427040230
	3427040231
	3427040232
	3427040233
	3427040234
	3427040235
	3427040236
	3427040237
	3427040238
	3427040239
	3427040240
	3427040241
	3427040242
	3427040243
	3427040244
	3427040245
	3427040246
	3427040247
	3427040248
	3427040249
	3427040250
	3427040251
	3427040252
	3427040253
	3427040254
	3427040255
	3427040256
	3427040257
	3427040258
	3427040259
	3427040260
	3427040261
	3427040262
	3427040263
	3427040264
	3427040265
	3427040266
	3427040267
	3427040268
	3427040269
	3427040270
	3427040271
	3427040272
	3427040273
	3427040274
	3427040275
	3427040276
	3427040277
	3427040278
	3427040279
	3427040280
	3427040281
	3427040282
	3427040283
	3427040284
	3427040285
	3427040286
	3427040287
	3427040288
	3427040289
	3427040290
	3427040291
	3427040292
	3427040293
	3427040294
	3427040295
	3427040296
	3427040297
	3427040298
	3427040299
	3427040300
	3427040301
	3427040302
	3427040303
	3427040304
	3427040305
	3427040306
	3427040307
	3427040308
	3427040309
	3427040310
	3427040311
	3427040312
	3427040313
	3427040314
	3427040315
	3427040316
	3427040317
	3427040318
	3427040319
	3427040320
	3427040321
	3427040322
	3427040323
	3427040324
	3427040325
	3427040326
	3427040327
	3427040328
	3427040329
	3427040330
	3427040331
	3427040332
	3427040333
	3427040334
	3427040335
	3427040336
	3427040337
	3427040338
	3427040339
	3427040340
	3427040341
	3427040342
	3427040343
	3427040344
	3427040345
	3427040346
	3427040347
	3427040348
	3427040349
	3427040350
	3427040351
	3427040352
	3427040353
	3427040354
	3427040355
	3427040356
	3427040357
	3427040358
	3427040359
	3427040360
	3427040361
	3427040362
	3427040363
	3427040364
	3427040365
	3427040366
	3427040367
	3427040368
	3427040369
	3427040370
	3427040371
	3427040372
	3427040373
	3427040374
	3427040375
	3427040376
	3427040377
	3427040378
	3427040379
	3427040380
	3427040381
	3427040382
	3427040383
	3427040384
	3427040385
	3427040386
	3427040387
	3427040388
	3427040389
	3427040390
	3427040391
	3427040392
	3427040393
	3427040394
	3427040395
	3427040396
	3427040397
	3427040398
	3427040399
	3427040400
	3427040401
	3427040402
	3427040403
	3427040404
	3427040405
	3427040406
	3427040407
	3427040408
	3427040409
	3427040410
	3427040411
	3427040412
	3427040413
	3427040414
	3427040415
	3427040416
	3427040417
	3427040418
	3427040419
	3427040420
	3427040421
	3427040422
	3427040423
	3427040424
	3427040425
	3427040426
	3427040427
	3427040428
	3427040429
	3427040430
	3427040431
	3427040432
	3427040433
	3427040434
	3427040435
	3427040436
	3427040437
	3427040438
	3427040439
	3427040440
	3427040441
	3427040442
	3427040443
	3427040444
	3427040445
	3427040446
	3427040447
	3427040448
	3427040449
	3427040450
	3427040451
	3427040452
	3427040453
	3427040454
	3427040455
	3427040456
	3427040457
	3427040458
	3427040459
	3427040460
	3427040461
	3427040462
	3427040463
	3427040464
	3427040465
	3427040466
	3427040467
	3427040468
	3427040469
	3427040470
	3427040471
	3427040472
	3427040473
	3427040474
	3427040475
	3427040476
	3427040477
	3427040478
	3427040479
	3427040480
	3427040481
	3427040482
	3427040483
	3427040484
	3427040485
	3427040486
	3427040487
	3427040488
	3427040489
	3427040490
	3427040491
	3427040492
	3427040493
	3427040494
	3427040495
	3427040496
	3427040497
	3427040498
	3427040499
	3427040500
	3427040501
	3427040502
	3427040503
	3427040504
	3427040505
	3427040506
	3427040507
	3427040508
	3427040509
	3427040510
	3427040511
	3427040512
	3427040513
	3427040514
	3427040515
	3427040516
	3427040517
	3427040518
	3427040519
	3427040520
	3427040521
	3427040522
	3427040523
	3427040524
	3427040525
	3427040526
	3427040527
	3427040528
	3427040529
	3427040530
	3427040531
	3427040532
	3427040533
	3427040534
	3427040535
	3427040536
	3427040537
	3427040538
	3427040539
	3427040540
	3427040541
	3427040542
	3427040543
	3427040544
	3427040545
	3427040546
	3427040547
	3427040548
	3427040549
	3427040550
	3427040551
	3427040552
	3427040553
	3427040554
	3427040555
	3427040556
	3427040557
	3427040558
	3427040559
	3427040560
	3427040561
	3427040562
	3427040563
	3427040564
	3427040565
	3427040566
	3427040567
	3427040568
	3427040569
	3427040570
	3427040571
	3427040572
	3427040573
	3427040574
	3427040575
	3427040576
	3427040577
	3427040578
	3427040579
	3427040580
	3427040581
	3427040582
	3427040583
	3427040584
	3427040585
	3427040586
	3427040587
	3427040588
	3427040589
	3427040590
	3427040591
	3427040592
	3427040593
	3427040594
	3427040595
	3427040596
	3427040597
	3427040598
	3427040599
	3427040600
	3427040601
	3427040602
	3427040603
	3427040604
	3427040605
	3427040606
	3427040607
	3427040608
	3427040609
	3427040610
	3427040611
	3427040612
	3427040613
	3427040614
	3427040615
	3427040616
	3427040617
	3427040618
	3427040619
	3427040620
	3427040621
	3427040622
	3427040623
	3427040624
	3427040625
	3427040626
	3427040627
	3427040628
	3427040629
	3427040630
	3427040631
	3427040632
	3427040633
	3427040634
	3427040635
	3427040636
	3427040637
	3427040638
	3427040639
	3427040640
	3427040641
	3427040642
	3427040643
	3427040644
	3427040645
	3427040646
	3427040647
	3427040648
	3427040649
	3427040650
	3427040651
	3427040652
	3427040653
	3427040654
	3427040655
	3427040656
	3427040657
	3427040658
	3427040659
	3427040660
	3427040661
	3427040662
	3427040663
	3427040664
	3427040665
	3427040666
	3427040667
	3427040668
	3427040669
	3427040670
	3427040671
	3427040672
	3427040673
	3427040674
	3427040675
	3427040676
	3427040677
	3427040678
	3427040679
	3427040680
	3427040681
	3427040682
	3427040683
	3427040684
	3427040685
	3427040686
	3427040687
	3427040688
	3427040689
	3427040690
	3427040691
	3427040692
	3427040693
	3427040694
	3427040695
	3427040696
	3427040697
	3427040698
	3427040699
	3427040700
	3427040701
	3427040702
	3427040703
	3427040704
	3427040705
	3427040706
	3427040707
	3427040708
	3427040709
	3427040710
	3427040711
	3427040712
	3427040713
	3427040714
	3427040715
	3427040716
	3427040717
	3427040718
	3427040719
	3427040720
	3427040721
	3427040722
	3427040723
	3427040724
	3427040725
	3427040726
	3427040727
	3427040728
	3427040729
	3427040730
	3427040731
	3427040732
	3427040733
	3427040734
	3427040735
	3427040736
	3427040737
	3427040738
	3427040739
	3427040740
	3427040741
	3427040742
	3427040743
	3427040744
	3427040745
	3427040746
	3427040747
	3427040748
	3427040749
	3427040750
	3427040751
	3427040752
	3427040753
	3427040754
	3427040755
	3427040756
	3427040757
	3427040758
	3427040759
	3427040760
	3427040761
	3427040762
	3427040763
	3427040764
	3427040765
	3427040766
	3427040767
	3427040768
	3427040769
	3427040770
	3427040771
	3427040772
	3427040773
	3427040774
	3427040775
	3427040776
	3427040777
	3427040778
	3427040779
	3427040780
	3427040781
	3427040782
	3427040783
	3427040784
	3427040785
	3427040786
	3427040787
	3427040788
	3427040789
	3427040790
	3427040791
	3427040792
	3427040793
	3427040794
	3427040795
	3427040796
	3427040797
	3427040798
	3427040799
	3427040800
	3427040801
	3427040802
	3427040803
	3427040804
	3427040805
	3427040806
	3427040807
	3427040808
	3427040809
	3427040810
	3427040811
	3427040812
	3427040813
	3427040814
	3427040815
	3427040816
	3427040817
	3427040818
	3427040819
	3427040820
	3427040821
	3427040822
	3427040823
	3427040824
	3427040825
	3427040826
	3427040827
	3427040828
	3427040829
	3427040830
	3427040831
	3427040832
	3427040833
	3427040834
	3427040835
	3427040836
	3427040837
	3427040838
	3427040839
	3427040840
	3427040841
	3427040842
	3427040843
	3427040844
	3427040845
	3427040846
	3427040847
	3427040848
	3427040849
	3427040850
	3427040851
	3427040852
	3427040853
	3427040854
	3427040855
	3427040856
	3427040857
	3427040858
	3427040859
	3427040860
	3427040861
	3427040862
	3427040863
	3427040864
	3427040865
	3427040866
	3427040867
	3427040868
	3427040869
	3427040870
	3427040871
	3427040872
	3427040873
	3427040874
	3427040875
	3427040876
	3427040877
	3427040878
	3427040879
	3427040880
	3427040881
	3427040882
	3427040883
	3427040884
	3427040885
	3427040886
	3427040887
	3427040888
	3427040889
	3427040890
	3427040891
	3427040892
	3427040893
	3427040894
	3427040895
	3427040896
	3427040897
	3427040898
	3427040899
	3427040900
	3427040901
	3427040902
	3427040903
	3427040904
	3427040905
	3427040906
	3427040907
	3427040908
	3427040909
	3427040910
	3427040911
	3427040912
	3427040913
	3427040914
	3427040915
	3427040916
	3427040917
	3427040918
	3427040919
	3427040920
	3427040921
	3427040922
	3427040923
	3427040924
	3427040925
	3427040926
	3427040927
	3427040928
	3427040929
	3427040930
	3427040931
	3427040932
	3427040933
	3427040934
	3427040935
	3427040936
	3427040937
	3427040938
	3427040939
	3427040940
	3427040941
	3427040942
	3427040943
	3427040944
	3427040945
	3427040946
	3427040947
	3427040948
	3427040949
	3427040950
	3427040951
	3427040952
	3427040953
	3427040954
	3427040955
	3427040956
	3427040957
	3427040958
	3427040959
	3427040960
	3427040961
	3427040962
	3427040963
	3427040964
	3427040965
	3427040966
	3427040967
	3427040968
	3427040969
	3427040970
	3427040971
	3427040972
	3427040973
	3427040974
	3427040975
	3427040976
	3427040977
	3427040978
	3427040979
	3427040980
	3427040981
	3427040982
	3427040983
	3427040984
	3427040985
	3427040986
	3427040987
	3427040988
	3427040989
	3427040990
	3427040991
	3427040992
	3427040993
	3427040994
	3427040995
	3427040996
	3427040997
	3427040998
	3427040999
	3427041000
	3427041001
	3427041002
	3427041003
	3427041004
	3427041005
	3427041006
	3427041007
	3427041008
	3427041009
	3427041010
	3427041011
	3427041012
	3427041013
	3427041014
	3427041015
	3427041016
	3427041017
	3427041018
	3427041019
	3427041020
	3427041021
	3427041022
	3427041023
	3427041024
	3427041025
	3427041026
	3427041027
	3427041028
	3427041029
	3427041030
	3427041031
	3427041032
	3427041033
	3427041034
	3427041035
	3427041036
	3427041037
	3427041038
	3427041039
	3427041040
	3427041041
	3427041042
	3427041043
	3427041044
	3427041045
	3427041046
	3427041047
	3427041048
	3427041049
	3427041050
	3427041051
	3427041052
	3427041053
	3427041054
	3427041055
	3427041056
	3427041057
	3427041058
	3427041059
	3427041060
	3427041061
	3427041062
	3427041063
	3427041064
	3427041065
	3427041066
	3427041067
	3427041068
	3427041069
	3427041070
	3427041071
	3427041072
	3427041073
	3427041074
	3427041075
	3427041076
	3427041077
	3427041078
	3427041079
	3427041080
	3427041081
	3427041082
	3427041083
	3427041084
	3427041085
	3427041086
	3427041087
	3427041088
	3427041089
	3427041090
	3427041091
	3427041092
	3427041093
	3427041094
	3427041095
	3427041096
	3427041097
	3427041098
	3427041099
	3427041100
	3427041101
	3427041102
	3427041103
	3427041104
	3427041105
	3427041106
	3427041107
	3427041108
	3427041109
	3427041110
	3427041111
	3427041112
	3427041113
	3427041114
	3427041115
	3427041116
	3427041117
	3427041118
	3427041119
	3427041120
	3427041121
	3427041122
	3427041123
	3427041124
	3427041125
	3427041126
	3427041127
	3427041128
	3427041129
	3427041130
	3427041131
	3427041132
	3427041133
	3427041134
	3427041135
	3427041136
	3427041137
	3427041138
	3427041139
	3427041140
	3427041141
	3427041142
	3427041143
	3427041144
	3427041145
	3427041146
	3427041147
	3427041148
	3427041149
	3427041150
	3427041151
	3427041152
	3427041153
	3427041154
	3427041155
	3427041156
	3427041157
	3427041158
	3427041159
	3427041160
	3427041161
	3427041162
	3427041163
	3427041164
	3427041165
	3427041166
	3427041167
	3427041168
	3427041169
	3427041170
	3427041171
	3427041172
	3427041173
	3427041174
	3427041175
	3427041176
	3427041177
	3427041178
	3427041179
	3427041180
	3427041181
	3427041182
	3427041183
	3427041184
	3427041185
	3427041186
	3427041187
	3427041188
	3427041189
	3427041190
	3427041191
	3427041192
	3427041193
	3427041194
	3427041195
	3427041196
	3427041197
	3427041198
	3427041199
	3427041200
	3427041201
	3427041202
	3427041203
	3427041204
	3427041205
	3427041206
	3427041207
	3427041208
	3427041209
	3427041210
	3427041211
	3427041212
	3427041213
	3427041214
	3427041215
	3427041216
	3427041217
	3427041218
	3427041219
	3427041220
	3427041221
	3427041222
	3427041223
	3427041224
	3427041225
	3427041226
	3427041227
	3427041228
	3427041229
	3427041230
	3427041231
	3427041232
	3427041233
	3427041234
	3427041235
	3427041236
	3427041237
	3427041238
	3427041239
	3427041240
	3427041241
	3427041242
	3427041243
	3427041244
	3427041245
	3427041246
	3427041247
	3427041248
	3427041249
	3427041250
	3427041251
	3427041252
	3427041253
	3427041254
	3427041255
	3427041256
	3427041257
	3427041258
	3427041259
	3427041260
	3427041261
	3427041262
	3427041263
	3427041264
	3427041265
	3427041266
	3427041267
	3427041268
	3427041269
	3427041270
	3427041271
	3427041272
	3427041273
	3427041274
	3427041275
	3427041276
	3427041277
	3427041278
	3427041279
	3427041280
	3427041281
	3427041282
	3427041283
	3427041284
	3427041285
	3427041286
	3427041287
	3427041288
	3427041289
	3427041290
	3427041291
	3427041292
	3427041293
	3427041294
	3427041295
	3427041296
	3427041297
	3427041298
	3427041299
	3427041300
	3427041301
	3427041302
	3427041303
	3427041304
	3427041305
	3427041306
	3427041307
	3427041308
	3427041309
	3427041310
	3427041311
	3427041312
	3427041313
	3427041314
	3427041315
	3427041316
	3427041317
	3427041318
	3427041319
	3427041320
	3427041321
	3427041322
	3427041323
	3427041324
	3427041325
	3427041326
	3427041327
	3427041328
	3427041329
	3427041330
	3427041331
	3427041332
	3427041333
	3427041334
	3427041335
	3427041336
	3427041337
	3427041338
	3427041339
	3427041340
	3427041341
	3427041342
	3427041343
	3427041344
	3427041345
	3427041346
	3427041347
	3427041348
	3427041349
	3427041350
	3427041351
	3427041352
	3427041353
	3427041354
	3427041355
	3427041356
	3427041357
	3427041358
	3427041359
	3427041360
	3427041361
	3427041362
	3427041363
	3427041364
	3427041365
	3427041366
	3427041367
	3427041368
	3427041369
	3427041370
	3427041371
	3427041372
	3427041373
	3427041374
	3427041375
	3427041376
	3427041377
	3427041378
	3427041379
	3427041380
	3427041381
	3427041382
	3427041383
	3427041384
	3427041385
	3427041386
	3427041387
	3427041388
	3427041389
	3427041390
	3427041391
	3427041392
	3427041393
	3427041394
	3427041395
	3427041396
	3427041397
	3427041398
	3427041399
	3427041400
	3427041401
	3427041402
	3427041403
	3427041404
	3427041405
	3427041406
	3427041407
