	3426758038
	3426758039
	3426758040
	3426758041
	3426758042
	3426758043
	3426758044
	3426758045
	3426758046
	3426758047
	3426758048
	3426758049
	3426758050
	3426758051
	3426758052
	3426758053
	3426758054
	3426758055
	3426758056
	3426758057
	3426758058
	3426758059
	3426758060
	3426758061
	3426758062
	3426758063
	3426758064
	3426758065
	3426758066
	3426758067
	3426758068
	3426758069
	3426758070
	3426758071
	3426758072
	3426758073
	3426758074
	3426758075
	3426758076
	3426758077
	3426758078
	3426758079
	3426758080
	3426758081
	3426758082
	3426758083
	3426758084
	3426758085
	3426758086
	3426758087
	3426758088
	3426758089
	3426758090
	3426758091
	3426758092
	3426758093
	3426758094
	3426758095
	3426758096
	3426758097
	3426758098
	3426758099
	3426758100
	3426758101
	3426758102
	3426758103
	3426758104
	3426758105
	3426758106
	3426758107
	3426758108
	3426758109
	3426758110
	3426758111
	3426758112
	3426758113
	3426758114
	3426758115
	3426758116
	3426758117
	3426758118
	3426758119
	3426758120
	3426758121
	3426758122
	3426758123
	3426758124
	3426758125
	3426758126
	3426758127
	3426758128
	3426758129
	3426758130
	3426758131
	3426758132
	3426758133
	3426758134
	3426758135
	3426758136
	3426758137
	3426758138
	3426758139
	3426758140
	3426758141
	3426758142
	3426758143
	3426758144
	3426758145
	3426758146
	3426758147
	3426758148
	3426758149
	3426758150
	3426758151
	3426758152
	3426758153
	3426758154
	3426758155
	3426758156
	3426758157
	3426758158
	3426758159
	3426758160
	3426758161
	3426758162
	3426758163
	3426758164
	3426758165
	3426758166
	3426758167
	3426758168
	3426758169
	3426758170
	3426758171
	3426758172
	3426758173
	3426758174
	3426758175
	3426758176
	3426758177
	3426758178
	3426758179
	3426758180
	3426758181
	3426758182
	3426758183
	3426758184
	3426758185
	3426758186
	3426758187
	3426758188
	3426758189
	3426758190
	3426758191
	3426758192
	3426758193
	3426758194
	3426758195
	3426758196
	3426758197
	3426758198
	3426758199
	3426758200
	3426758201
	3426758202
	3426758203
	3426758204
	3426758205
	3426758206
	3426758207
	3426758208
	3426758209
	3426758210
	3426758211
	3426758212
	3426758213
	3426758214
	3426758215
	3426758216
	3426758217
	3426758218
	3426758219
	3426758220
	3426758221
	3426758222
	3426758223
	3426758224
	3426758225
	3426758226
	3426758227
	3426758228
	3426758229
	3426758230
	3426758231
	3426758232
	3426758233
	3426758234
	3426758235
	3426758236
	3426758237
	3426758238
	3426758239
	3426758240
	3426758241
	3426758242
	3426758243
	3426758244
	3426758245
	3426758246
	3426758247
	3426758248
	3426758249
	3426758250
	3426758251
	3426758252
	3426758253
	3426758254
	3426758255
	3426758256
	3426758257
	3426758258
	3426758259
	3426758260
	3426758261
	3426758262
	3426758263
	3426758264
	3426758265
	3426758266
	3426758267
	3426758268
	3426758269
	3426758270
	3426758271
	3426758272
	3426758273
	3426758274
	3426758275
	3426758276
	3426758277
	3426758278
	3426758279
	3426758280
	3426758281
	3426758282
	3426758283
	3426758284
	3426758285
	3426758286
	3426758287
	3426758288
	3426758289
	3426758290
	3426758291
	3426758292
	3426758293
	3426758294
	3426758295
	3426758296
	3426758297
	3426758298
	3426758299
	3426758300
	3426758301
	3426758302
	3426758303
	3426758304
	3426758305
	3426758306
	3426758307
	3426758308
	3426758309
	3426758310
	3426758311
	3426758312
	3426758313
	3426758314
	3426758315
	3426758316
	3426758317
	3426758318
	3426758319
	3426758320
	3426758321
	3426758322
	3426758323
	3426758324
	3426758325
	3426758326
	3426758327
	3426758328
	3426758329
	3426758330
	3426758331
	3426758332
	3426758333
	3426758334
	3426758335
	3426758336
	3426758337
	3426758338
	3426758339
	3426758340
	3426758341
	3426758342
	3426758343
	3426758344
	3426758345
	3426758346
	3426758347
	3426758348
	3426758349
	3426758350
	3426758351
	3426758352
	3426758353
	3426758354
	3426758355
	3426758356
	3426758357
	3426758358
	3426758359
	3426758360
	3426758361
	3426758362
	3426758363
	3426758364
	3426758365
	3426758366
	3426758367
	3426758368
	3426758369
	3426758370
	3426758371
	3426758372
	3426758373
	3426758374
	3426758375
	3426758376
	3426758377
	3426758378
	3426758379
	3426758380
	3426758381
	3426758382
	3426758383
	3426758384
	3426758385
	3426758386
	3426758387
	3426758388
	3426758389
	3426758390
	3426758391
	3426758392
	3426758393
	3426758394
	3426758395
	3426758396
	3426758397
	3426758398
	3426758399
	3426758400
	3426758401
	3426758402
	3426758403
	3426758404
	3426758405
	3426758406
	3426758407
	3426758408
	3426758409
	3426758410
	3426758411
	3426758412
	3426758413
	3426758414
	3426758415
	3426758416
	3426758417
	3426758418
	3426758419
	3426758420
	3426758421
	3426758422
	3426758423
	3426758424
	3426758425
	3426758426
	3426758427
	3426758428
	3426758429
	3426758430
	3426758431
	3426758432
	3426758433
	3426758434
	3426758435
	3426758436
	3426758437
	3426758438
	3426758439
	3426758440
	3426758441
	3426758442
	3426758443
	3426758444
	3426758445
	3426758446
	3426758447
	3426758448
	3426758449
	3426758450
	3426758451
	3426758452
	3426758453
	3426758454
	3426758455
	3426758456
	3426758457
	3426758458
	3426758459
	3426758460
	3426758461
	3426758462
	3426758463
	3426758464
	3426758465
	3426758466
	3426758467
	3426758468
	3426758469
	3426758470
	3426758471
	3426758472
	3426758473
	3426758474
	3426758475
	3426758476
	3426758477
	3426758478
	3426758479
	3426758480
	3426758481
	3426758482
	3426758483
	3426758484
	3426758485
	3426758486
	3426758487
	3426758488
	3426758489
	3426758490
	3426758491
	3426758492
	3426758493
	3426758494
	3426758495
	3426758496
	3426758497
	3426758498
	3426758499
	3426758500
	3426758501
	3426758502
	3426758503
	3426758504
	3426758505
	3426758506
	3426758507
	3426758508
	3426758509
	3426758510
	3426758511
	3426758512
	3426758513
	3426758514
	3426758515
	3426758516
	3426758517
	3426758518
	3426758519
	3426758520
	3426758521
	3426758522
	3426758523
	3426758524
	3426758525
	3426758526
	3426758527
	3426758528
	3426758529
	3426758530
	3426758531
	3426758532
	3426758533
	3426758534
	3426758535
	3426758536
	3426758537
	3426758538
	3426758539
	3426758540
	3426758541
	3426758542
	3426758543
	3426758544
	3426758545
	3426758546
	3426758547
	3426758548
	3426758549
	3426758550
	3426758551
	3426758552
	3426758553
	3426758554
	3426758555
	3426758556
	3426758557
	3426758558
	3426758559
	3426758560
	3426758561
	3426758562
	3426758563
	3426758564
	3426758565
	3426758566
	3426758567
	3426758568
	3426758569
	3426758570
	3426758571
	3426758572
	3426758573
	3426758574
	3426758575
	3426758576
	3426758577
	3426758578
	3426758579
	3426758580
	3426758581
	3426758582
	3426758583
	3426758584
	3426758585
	3426758586
	3426758587
	3426758588
	3426758589
	3426758590
	3426758591
	3426758592
	3426758593
	3426758594
	3426758595
	3426758596
	3426758597
	3426758598
	3426758599
	3426758600
	3426758601
	3426758602
	3426758603
	3426758604
	3426758605
	3426758606
	3426758607
	3426758608
	3426758609
	3426758610
	3426758611
	3426758612
	3426758613
	3426758614
	3426758615
	3426758616
	3426758617
	3426758618
	3426758619
	3426758620
	3426758621
	3426758622
	3426758623
	3426758624
	3426758625
	3426758626
	3426758627
	3426758628
	3426758629
	3426758630
	3426758631
	3426758632
	3426758633
	3426758634
	3426758635
	3426758636
	3426758637
	3426758638
	3426758639
	3426758640
	3426758641
	3426758642
	3426758643
	3426758644
	3426758645
	3426758646
	3426758647
	3426758648
	3426758649
	3426758650
	3426758651
	3426758652
	3426758653
	3426758654
	3426758655
	3426758656
	3426758657
	3426758658
	3426758659
	3426758660
	3426758661
	3426758662
	3426758663
	3426758664
	3426758665
	3426758666
	3426758667
	3426758668
	3426758669
	3426758670
	3426758671
	3426758672
	3426758673
	3426758674
	3426758675
	3426758676
	3426758677
	3426758678
	3426758679
	3426758680
	3426758681
	3426758682
	3426758683
	3426758684
	3426758685
	3426758686
	3426758687
	3426758688
	3426758689
	3426758690
	3426758691
	3426758692
	3426758693
	3426758694
	3426758695
	3426758696
	3426758697
	3426758698
	3426758699
	3426758700
	3426758701
	3426758702
	3426758703
	3426758704
	3426758705
	3426758706
	3426758707
	3426758708
	3426758709
	3426758710
	3426758711
	3426758712
	3426758713
	3426758714
	3426758715
	3426758716
	3426758717
	3426758718
	3426758719
	3426758720
	3426758721
	3426758722
	3426758723
	3426758724
	3426758725
	3426758726
	3426758727
	3426758728
	3426758729
	3426758730
	3426758731
	3426758732
	3426758733
	3426758734
	3426758735
	3426758736
	3426758737
	3426758738
	3426758739
	3426758740
	3426758741
	3426758742
	3426758743
	3426758744
	3426758745
	3426758746
	3426758747
	3426758748
	3426758749
	3426758750
	3426758751
	3426758752
	3426758753
	3426758754
	3426758755
	3426758756
	3426758757
	3426758758
	3426758759
	3426758760
	3426758761
	3426758762
	3426758763
	3426758764
	3426758765
	3426758766
	3426758767
	3426758768
	3426758769
	3426758770
	3426758771
	3426758772
	3426758773
	3426758774
	3426758775
	3426758776
	3426758777
	3426758778
	3426758779
	3426758780
	3426758781
	3426758782
	3426758783
	3426758784
	3426758785
	3426758786
	3426758787
	3426758788
	3426758789
	3426758790
	3426758791
	3426758792
	3426758793
	3426758794
	3426758795
	3426758796
	3426758797
	3426758798
	3426758799
	3426758800
	3426758801
	3426758802
	3426758803
	3426758804
	3426758805
	3426758806
	3426758807
	3426758808
	3426758809
	3426758810
	3426758811
	3426758812
	3426758813
	3426758814
	3426758815
	3426758816
	3426758817
	3426758818
	3426758819
	3426758820
	3426758821
	3426758822
	3426758823
	3426758824
	3426758825
	3426758826
	3426758827
	3426758828
	3426758829
	3426758830
	3426758831
	3426758832
	3426758833
	3426758834
	3426758835
	3426758836
	3426758837
	3426758838
	3426758839
	3426758840
	3426758841
	3426758842
	3426758843
	3426758844
	3426758845
	3426758846
	3426758847
	3426758848
	3426758849
	3426758850
	3426758851
	3426758852
	3426758853
	3426758854
	3426758855
	3426758856
	3426758857
	3426758858
	3426758859
	3426758860
	3426758861
	3426758862
	3426758863
	3426758864
	3426758865
	3426758866
	3426758867
	3426758868
	3426758869
	3426758870
	3426758871
	3426758872
	3426758873
	3426758874
	3426758875
	3426758876
	3426758877
	3426758878
	3426758879
	3426758880
	3426758881
	3426758882
	3426758883
	3426758884
	3426758885
	3426758886
	3426758887
	3426758888
	3426758889
	3426758890
	3426758891
	3426758892
	3426758893
	3426758894
	3426758895
	3426758896
	3426758897
	3426758898
	3426758899
	3426758900
	3426758901
	3426758902
	3426758903
	3426758904
	3426758905
	3426758906
	3426758907
	3426758908
	3426758909
	3426758910
	3426758911
	3426758912
	3426758913
	3426758914
	3426758915
	3426758916
	3426758917
	3426758918
	3426758919
	3426758920
	3426758921
	3426758922
	3426758923
	3426758924
	3426758925
	3426758926
	3426758927
	3426758928
	3426758929
	3426758930
	3426758931
	3426758932
	3426758933
	3426758934
	3426758935
	3426758936
	3426758937
	3426758938
	3426758939
	3426758940
	3426758941
	3426758942
	3426758943
	3426758944
	3426758945
	3426758946
	3426758947
	3426758948
	3426758949
	3426758950
	3426758951
	3426758952
	3426758953
	3426758954
	3426758955
	3426758956
	3426758957
	3426758958
	3426758959
	3426758960
	3426758961
	3426758962
	3426758963
	3426758964
	3426758965
	3426758966
	3426758967
	3426758968
	3426758969
	3426758970
	3426758971
	3426758972
	3426758973
	3426758974
	3426758975
	3426758976
	3426758977
	3426758978
	3426758979
	3426758980
	3426758981
	3426758982
	3426758983
	3426758984
	3426758985
	3426758986
	3426758987
	3426758988
	3426758989
	3426758990
	3426758991
	3426758992
	3426758993
	3426758994
	3426758995
	3426758996
	3426758997
	3426758998
	3426758999
	3426759000
	3426759001
	3426759002
	3426759003
	3426759004
	3426759005
	3426759006
	3426759007
	3426759008
	3426759009
	3426759010
	3426759011
	3426759012
	3426759013
	3426759014
	3426759015
	3426759016
	3426759017
	3426759018
	3426759019
	3426759020
	3426759021
	3426759022
	3426759023
	3426759024
	3426759025
	3426759026
	3426759027
	3426759028
	3426759029
	3426759030
	3426759031
	3426759032
	3426759033
	3426759034
	3426759035
	3426759036
	3426759037
	3426759038
	3426759039
	3426759040
	3426759041
	3426759042
	3426759043
	3426759044
	3426759045
	3426759046
	3426759047
	3426759048
	3426759049
	3426759050
	3426759051
	3426759052
	3426759053
	3426759054
	3426759055
	3426759056
	3426759057
	3426759058
	3426759059
	3426759060
	3426759061
	3426759062
	3426759063
	3426759064
	3426759065
	3426759066
	3426759067
	3426759068
	3426759069
	3426759070
	3426759071
	3426759072
	3426759073
	3426759074
	3426759075
	3426759076
	3426759077
	3426759078
	3426759079
	3426759080
	3426759081
	3426759082
	3426759083
	3426759084
	3426759085
	3426759086
	3426759087
	3426759088
	3426759089
	3426759090
	3426759091
	3426759092
	3426759093
	3426759094
	3426759095
	3426759096
	3426759097
	3426759098
	3426759099
	3426759100
	3426759101
	3426759102
	3426759103
	3426759104
	3426759105
	3426759106
	3426759107
	3426759108
	3426759109
	3426759110
	3426759111
	3426759112
	3426759113
	3426759114
	3426759115
	3426759116
	3426759117
	3426759118
	3426759119
	3426759120
	3426759121
	3426759122
	3426759123
	3426759124
	3426759125
	3426759126
	3426759127
	3426759128
	3426759129
	3426759130
	3426759131
	3426759132
	3426759133
	3426759134
	3426759135
	3426759136
	3426759137
	3426759138
	3426759139
	3426759140
	3426759141
	3426759142
	3426759143
	3426759144
	3426759145
	3426759146
	3426759147
	3426759148
	3426759149
	3426759150
	3426759151
	3426759152
	3426759153
	3426759154
	3426759155
	3426759156
	3426759157
	3426759158
	3426759159
	3426759160
	3426759161
	3426759162
	3426759163
	3426759164
	3426759165
	3426759166
	3426759167
	3426759168
	3426759169
	3426759170
	3426759171
	3426759172
	3426759173
	3426759174
	3426759175
	3426759176
	3426759177
	3426759178
	3426759179
	3426759180
	3426759181
	3426759182
	3426759183
	3426759184
	3426759185
	3426759186
	3426759187
	3426759188
	3426759189
	3426759190
	3426759191
	3426759192
	3426759193
	3426759194
	3426759195
	3426759196
	3426759197
	3426759198
	3426759199
	3426759200
	3426759201
	3426759202
	3426759203
	3426759204
	3426759205
	3426759206
	3426759207
	3426759208
	3426759209
	3426759210
	3426759211
	3426759212
	3426759213
	3426759214
	3426759215
	3426759216
	3426759217
	3426759218
	3426759219
	3426759220
	3426759221
	3426759222
	3426759223
	3426759224
	3426759225
	3426759226
	3426759227
	3426759228
	3426759229
	3426759230
	3426759231
	3426759232
	3426759233
	3426759234
	3426759235
	3426759236
	3426759237
	3426759238
	3426759239
	3426759240
	3426759241
	3426759242
	3426759243
	3426759244
	3426759245
	3426759246
	3426759247
	3426759248
	3426759249
	3426759250
	3426759251
	3426759252
	3426759253
	3426759254
	3426759255
	3426759256
	3426759257
	3426759258
	3426759259
	3426759260
	3426759261
	3426759262
	3426759263
	3426759264
	3426759265
	3426759266
	3426759267
	3426759268
	3426759269
	3426759270
	3426759271
	3426759272
	3426759273
	3426759274
	3426759275
	3426759276
	3426759277
	3426759278
	3426759279
	3426759280
	3426759281
	3426759282
	3426759283
	3426759284
	3426759285
	3426759286
	3426759287
	3426759288
	3426759289
	3426759290
	3426759291
	3426759292
	3426759293
	3426759294
	3426759295
	3426759296
	3426759297
	3426759298
	3426759299
	3426759300
	3426759301
	3426759302
	3426759303
	3426759304
	3426759305
	3426759306
	3426759307
	3426759308
	3426759309
	3426759310
	3426759311
	3426759312
	3426759313
	3426759314
	3426759315
	3426759316
	3426759317
	3426759318
	3426759319
	3426759320
	3426759321
	3426759322
	3426759323
	3426759324
	3426759325
	3426759326
	3426759327
	3426759328
	3426759329
	3426759330
	3426759331
	3426759332
	3426759333
	3426759334
	3426759335
	3426759336
	3426759337
	3426759338
	3426759339
	3426759340
	3426759341
	3426759342
	3426759343
	3426759344
	3426759345
	3426759346
	3426759347
	3426759348
	3426759349
	3426759350
	3426759351
	3426759352
	3426759353
	3426759354
	3426759355
	3426759356
	3426759357
	3426759358
	3426759359
	3426759360
	3426759361
	3426759362
	3426759363
	3426759364
	3426759365
	3426759366
	3426759367
	3426759368
	3426759369
	3426759370
	3426759371
	3426759372
	3426759373
	3426759374
	3426759375
	3426759376
	3426759377
	3426759378
	3426759379
	3426759380
	3426759381
	3426759382
	3426759383
	3426759384
	3426759385
	3426759386
	3426759387
	3426759388
	3426759389
	3426759390
	3426759391
	3426759392
	3426759393
	3426759394
	3426759395
	3426759396
	3426759397
	3426759398
	3426759399
	3426759400
	3426759401
	3426759402
	3426759403
	3426759404
	3426759405
	3426759406
	3426759407
	3426759408
	3426759409
	3426759410
	3426759411
	3426759412
	3426759413
	3426759414
	3426759415
	3426759416
	3426759417
	3426759418
	3426759419
	3426759420
	3426759421
	3426759422
	3426759423
	3426759424
	3426759425
	3426759426
	3426759427
	3426759428
	3426759429
	3426759430
	3426759431
	3426759432
	3426759433
	3426759434
	3426759435
	3426759436
	3426759437
	3426759438
	3426759439
	3426759440
	3426759441
	3426759442
	3426759443
	3426759444
	3426759445
	3426759446
	3426759447
	3426759448
	3426759449
	3426759450
	3426759451
	3426759452
	3426759453
	3426759454
	3426759455
	3426759456
	3426759457
	3426759458
	3426759459
	3426759460
	3426759461
	3426759462
	3426759463
	3426759464
	3426759465
	3426759466
	3426759467
	3426759468
	3426759469
	3426759470
	3426759471
	3426759472
	3426759473
	3426759474
	3426759475
	3426759476
	3426759477
	3426759478
	3426759479
	3426759480
	3426759481
	3426759482
	3426759483
	3426759484
	3426759485
	3426759486
	3426759487
	3426759488
	3426759489
	3426759490
	3426759491
	3426759492
	3426759493
	3426759494
	3426759495
	3426759496
	3426759497
	3426759498
	3426759499
	3426759500
	3426759501
	3426759502
	3426759503
	3426759504
	3426759505
	3426759506
	3426759507
	3426759508
	3426759509
	3426759510
	3426759511
	3426759512
	3426759513
	3426759514
	3426759515
	3426759516
	3426759517
	3426759518
	3426759519
	3426759520
	3426759521
	3426759522
	3426759523
	3426759524
	3426759525
	3426759526
	3426759527
	3426759528
	3426759529
	3426759530
	3426759531
	3426759532
	3426759533
	3426759534
	3426759535
	3426759536
	3426759537
	3426759538
	3426759539
	3426759540
	3426759541
	3426759542
	3426759543
	3426759544
	3426759545
	3426759546
	3426759547
	3426759548
	3426759549
	3426759550
	3426759551
	3426759552
	3426759553
	3426759554
	3426759555
	3426759556
	3426759557
	3426759558
	3426759559
	3426759560
	3426759561
	3426759562
	3426759563
	3426759564
	3426759565
	3426759566
	3426759567
	3426759568
	3426759569
	3426759570
	3426759571
	3426759572
	3426759573
	3426759574
	3426759575
	3426759576
	3426759577
	3426759578
	3426759579
	3426759580
	3426759581
	3426759582
	3426759583
	3426759584
	3426759585
	3426759586
	3426759587
	3426759588
	3426759589
	3426759590
	3426759591
	3426759592
	3426759593
	3426759594
	3426759595
	3426759596
	3426759597
	3426759598
	3426759599
	3426759600
	3426759601
	3426759602
	3426759603
	3426759604
	3426759605
	3426759606
	3426759607
	3426759608
	3426759609
	3426759610
	3426759611
	3426759612
	3426759613
	3426759614
	3426759615
	3426759616
	3426759617
	3426759618
	3426759619
	3426759620
	3426759621
	3426759622
	3426759623
	3426759624
	3426759625
	3426759626
	3426759627
	3426759628
	3426759629
	3426759630
	3426759631
	3426759632
	3426759633
	3426759634
	3426759635
	3426759636
	3426759637
	3426759638
	3426759639
	3426759640
	3426759641
	3426759642
	3426759643
	3426759644
	3426759645
	3426759646
	3426759647
	3426759648
	3426759649
	3426759650
	3426759651
	3426759652
	3426759653
	3426759654
	3426759655
	3426759656
	3426759657
	3426759658
	3426759659
	3426759660
	3426759661
	3426759662
	3426759663
	3426759664
	3426759665
	3426759666
	3426759667
	3426759668
	3426759669
	3426759670
	3426759671
	3426759672
	3426759673
	3426759674
	3426759675
	3426759676
	3426759677
	3426759678
	3426759679
	3426759680
	3426759681
	3426759682
	3426759683
	3426759684
	3426759685
	3426759686
	3426759687
	3426759688
	3426759689
	3426759690
	3426759691
	3426759692
	3426759693
	3426759694
	3426759695
	3426759696
	3426759697
	3426759698
	3426759699
	3426759700
	3426759701
	3426759702
	3426759703
	3426759704
	3426759705
	3426759706
	3426759707
	3426759708
	3426759709
	3426759710
	3426759711
	3426759712
	3426759713
	3426759714
	3426759715
	3426759716
	3426759717
	3426759718
	3426759719
	3426759720
	3426759721
	3426759722
	3426759723
	3426759724
	3426759725
	3426759726
	3426759727
	3426759728
	3426759729
	3426759730
	3426759731
	3426759732
	3426759733
	3426759734
	3426759735
	3426759736
	3426759737
	3426759738
	3426759739
	3426759740
	3426759741
	3426759742
	3426759743
	3426759744
	3426759745
	3426759746
	3426759747
	3426759748
	3426759749
	3426759750
	3426759751
	3426759752
	3426759753
	3426759754
	3426759755
	3426759756
	3426759757
	3426759758
	3426759759
	3426759760
	3426759761
	3426759762
	3426759763
	3426759764
	3426759765
	3426759766
	3426759767
	3426759768
	3426759769
	3426759770
	3426759771
	3426759772
	3426759773
	3426759774
	3426759775
	3426759776
	3426759777
	3426759778
	3426759779
	3426759780
	3426759781
	3426759782
	3426759783
	3426759784
	3426759785
	3426759786
	3426759787
	3426759788
	3426759789
	3426759790
	3426759791
	3426759792
	3426759793
	3426759794
	3426759795
	3426759796
	3426759797
	3426759798
	3426759799
	3426759800
	3426759801
	3426759802
	3426759803
	3426759804
	3426759805
	3426759806
	3426759807
	3426759808
	3426759809
	3426759810
	3426759811
	3426759812
	3426759813
	3426759814
	3426759815
	3426759816
	3426759817
	3426759818
	3426759819
	3426759820
	3426759821
	3426759822
	3426759823
	3426759824
	3426759825
	3426759826
	3426759827
	3426759828
	3426759829
	3426759830
	3426759831
	3426759832
	3426759833
	3426759834
	3426759835
	3426759836
	3426759837
	3426759838
	3426759839
	3426759840
	3426759841
	3426759842
	3426759843
	3426759844
	3426759845
	3426759846
	3426759847
	3426759848
	3426759849
	3426759850
	3426759851
	3426759852
	3426759853
	3426759854
	3426759855
	3426759856
	3426759857
	3426759858
	3426759859
	3426759860
	3426759861
	3426759862
	3426759863
	3426759864
	3426759865
	3426759866
	3426759867
	3426759868
	3426759869
	3426759870
	3426759871
	3426759872
	3426759873
	3426759874
	3426759875
	3426759876
	3426759877
	3426759878
	3426759879
	3426759880
	3426759881
	3426759882
	3426759883
	3426759884
	3426759885
	3426759886
	3426759887
	3426759888
	3426759889
	3426759890
	3426759891
	3426759892
	3426759893
	3426759894
	3426759895
	3426759896
	3426759897
	3426759898
	3426759899
	3426759900
	3426759901
	3426759902
	3426759903
	3426759904
	3426759905
	3426759906
	3426759907
	3426759908
	3426759909
	3426759910
	3426759911
	3426759912
	3426759913
	3426759914
	3426759915
	3426759916
	3426759917
	3426759918
	3426759919
	3426759920
	3426759921
	3426759922
	3426759923
	3426759924
	3426759925
	3426759926
	3426759927
	3426759928
	3426759929
	3426759930
	3426759931
	3426759932
	3426759933
	3426759934
	3426759935
	3426759936
	3426759937
	3426759938
	3426759939
	3426759940
	3426759941
	3426759942
	3426759943
	3426759944
	3426759945
	3426759946
	3426759947
	3426759948
	3426759949
	3426759950
	3426759951
	3426759952
	3426759953
	3426759954
	3426759955
	3426759956
	3426759957
	3426759958
	3426759959
	3426759960
	3426759961
	3426759962
	3426759963
	3426759964
	3426759965
	3426759966
	3426759967
	3426759968
	3426759969
	3426759970
	3426759971
	3426759972
	3426759973
	3426759974
	3426759975
	3426759976
	3426759977
	3426759978
	3426759979
	3426759980
	3426759981
	3426759982
	3426759983
	3426759984
	3426759985
	3426759986
	3426759987
	3426759988
	3426759989
	3426759990
	3426759991
	3426759992
	3426759993
	3426759994
	3426759995
	3426759996
	3426759997
	3426759998
	3426759999
	3426760000
	3426760001
	3426760002
	3426760003
	3426760004
	3426760005
	3426760006
	3426760007
	3426760008
	3426760009
	3426760010
	3426760011
	3426760012
	3426760013
	3426760014
	3426760015
	3426760016
	3426760017
	3426760018
	3426760019
	3426760020
	3426760021
	3426760022
	3426760023
	3426760024
	3426760025
	3426760026
	3426760027
	3426760028
	3426760029
	3426760030
	3426760031
	3426760032
	3426760033
	3426760034
	3426760035
	3426760036
	3426760037
	3426760038
	3426760039
	3426760040
	3426760041
	3426760042
	3426760043
	3426760044
	3426760045
	3426760046
	3426760047
	3426760048
	3426760049
	3426760050
	3426760051
	3426760052
	3426760053
	3426760054
	3426760055
	3426760056
	3426760057
	3426760058
	3426760059
	3426760060
	3426760061
	3426760062
	3426760063
	3426760064
	3426760065
	3426760066
	3426760067
	3426760068
	3426760069
	3426760070
	3426760071
	3426760072
	3426760073
	3426760074
	3426760075
	3426760076
	3426760077
	3426760078
	3426760079
	3426760080
	3426760081
	3426760082
	3426760083
	3426760084
	3426760085
	3426760086
	3426760087
	3426760088
	3426760089
	3426760090
	3426760091
	3426760092
	3426760093
	3426760094
	3426760095
	3426760096
	3426760097
	3426760098
	3426760099
	3426760100
	3426760101
	3426760102
	3426760103
	3426760104
	3426760105
	3426760106
	3426760107
	3426760108
	3426760109
	3426760110
	3426760111
	3426760112
	3426760113
	3426760114
	3426760115
	3426760116
	3426760117
	3426760118
	3426760119
	3426760120
	3426760121
	3426760122
	3426760123
	3426760124
	3426760125
	3426760126
	3426760127
	3426760128
	3426760129
	3426760130
	3426760131
	3426760132
	3426760133
	3426760134
	3426760135
	3426760136
	3426760137
	3426760138
	3426760139
	3426760140
	3426760141
	3426760142
	3426760143
	3426760144
	3426760145
	3426760146
	3426760147
	3426760148
	3426760149
	3426760150
	3426760151
	3426760152
	3426760153
	3426760154
	3426760155
	3426760156
	3426760157
	3426760158
	3426760159
	3426760160
	3426760161
	3426760162
	3426760163
	3426760164
	3426760165
	3426760166
	3426760167
	3426760168
	3426760169
	3426760170
	3426760171
	3426760172
	3426760173
	3426760174
	3426760175
	3426760176
	3426760177
	3426760178
	3426760179
	3426760180
	3426760181
	3426760182
	3426760183
	3426760184
	3426760185
	3426760186
	3426760187
	3426760188
	3426760189
	3426760190
	3426760191
	3426760192
	3426760193
	3426760194
	3426760195
	3426760196
	3426760197
	3426760198
	3426760199
	3426760200
	3426760201
	3426760202
	3426760203
	3426760204
	3426760205
	3426760206
	3426760207
	3426760208
	3426760209
	3426760210
	3426760211
	3426760212
	3426760213
	3426760214
	3426760215
	3426760216
	3426760217
	3426760218
	3426760219
	3426760220
	3426760221
	3426760222
	3426760223
	3426760224
	3426760225
	3426760226
	3426760227
	3426760228
	3426760229
	3426760230
	3426760231
	3426760232
	3426760233
	3426760234
	3426760235
	3426760236
	3426760237
	3426760238
	3426760239
	3426760240
	3426760241
	3426760242
	3426760243
	3426760244
	3426760245
	3426760246
	3426760247
	3426760248
	3426760249
	3426760250
	3426760251
	3426760252
	3426760253
	3426760254
	3426760255
	3426760256
	3426760257
	3426760258
	3426760259
	3426760260
	3426760261
	3426760262
	3426760263
	3426760264
	3426760265
	3426760266
	3426760267
	3426760268
	3426760269
	3426760270
	3426760271
	3426760272
	3426760273
	3426760274
	3426760275
	3426760276
	3426760277
	3426760278
	3426760279
	3426760280
	3426760281
	3426760282
	3426760283
	3426760284
	3426760285
	3426760286
	3426760287
	3426760288
	3426760289
	3426760290
	3426760291
	3426760292
	3426760293
	3426760294
	3426760295
	3426760296
	3426760297
	3426760298
	3426760299
	3426760300
	3426760301
	3426760302
	3426760303
	3426760304
	3426760305
	3426760306
	3426760307
	3426760308
	3426760309
	3426760310
	3426760311
	3426760312
	3426760313
	3426760314
	3426760315
	3426760316
	3426760317
	3426760318
	3426760319
	3426760320
	3426760321
	3426760322
	3426760323
	3426760324
	3426760325
	3426760326
	3426760327
	3426760328
	3426760329
	3426760330
	3426760331
	3426760332
	3426760333
	3426760334
	3426760335
	3426760336
	3426760337
	3426760338
	3426760339
	3426760340
	3426760341
	3426760342
	3426760343
	3426760344
	3426760345
	3426760346
	3426760347
	3426760348
	3426760349
	3426760350
	3426760351
	3426760352
	3426760353
	3426760354
	3426760355
	3426760356
	3426760357
	3426760358
	3426760359
	3426760360
	3426760361
	3426760362
	3426760363
	3426760364
	3426760365
	3426760366
	3426760367
	3426760368
	3426760369
	3426760370
	3426760371
	3426760372
	3426760373
	3426760374
	3426760375
	3426760376
	3426760377
	3426760378
	3426760379
	3426760380
	3426760381
	3426760382
	3426760383
	3426760384
	3426760385
	3426760386
	3426760387
	3426760388
	3426760389
	3426760390
	3426760391
	3426760392
	3426760393
	3426760394
	3426760395
	3426760396
	3426760397
	3426760398
	3426760399
	3426760400
	3426760401
	3426760402
	3426760403
	3426760404
	3426760405
	3426760406
	3426760407
	3426760408
	3426760409
	3426760410
	3426760411
	3426760412
	3426760413
	3426760414
	3426760415
	3426760416
	3426760417
	3426760418
	3426760419
	3426760420
	3426760421
	3426760422
	3426760423
	3426760424
	3426760425
	3426760426
	3426760427
	3426760428
	3426760429
	3426760430
	3426760431
	3426760432
	3426760433
	3426760434
	3426760435
	3426760436
	3426760437
	3426760438
	3426760439
	3426760440
	3426760441
	3426760442
	3426760443
	3426760444
	3426760445
	3426760446
	3426760447
	3426760448
	3426760449
	3426760450
	3426760451
	3426760452
	3426760453
	3426760454
	3426760455
	3426760456
	3426760457
	3426760458
	3426760459
	3426760460
	3426760461
	3426760462
	3426760463
	3426760464
	3426760465
	3426760466
	3426760467
	3426760468
	3426760469
	3426760470
	3426760471
	3426760472
	3426760473
	3426760474
	3426760475
	3426760476
	3426760477
	3426760478
	3426760479
	3426760480
	3426760481
	3426760482
	3426760483
	3426760484
	3426760485
	3426760486
	3426760487
	3426760488
	3426760489
	3426760490
	3426760491
	3426760492
	3426760493
	3426760494
	3426760495
	3426760496
	3426760497
	3426760498
	3426760499
	3426760500
	3426760501
	3426760502
	3426760503
	3426760504
	3426760505
	3426760506
	3426760507
	3426760508
	3426760509
	3426760510
	3426760511
	3426760512
	3426760513
	3426760514
	3426760515
	3426760516
	3426760517
	3426760518
	3426760519
	3426760520
	3426760521
	3426760522
	3426760523
	3426760524
	3426760525
	3426760526
	3426760527
	3426760528
	3426760529
	3426760530
	3426760531
	3426760532
	3426760533
	3426760534
	3426760535
	3426760536
	3426760537
	3426760538
	3426760539
	3426760540
	3426760541
	3426760542
	3426760543
	3426760544
	3426760545
	3426760546
	3426760547
	3426760548
	3426760549
	3426760550
	3426760551
	3426760552
	3426760553
	3426760554
	3426760555
	3426760556
	3426760557
	3426760558
	3426760559
	3426760560
	3426760561
	3426760562
	3426760563
	3426760564
	3426760565
	3426760566
	3426760567
	3426760568
	3426760569
	3426760570
	3426760571
	3426760572
	3426760573
	3426760574
	3426760575
	3426760576
	3426760577
	3426760578
	3426760579
	3426760580
	3426760581
	3426760582
	3426760583
	3426760584
	3426760585
	3426760586
	3426760587
	3426760588
	3426760589
	3426760590
	3426760591
	3426760592
	3426760593
	3426760594
	3426760595
	3426760596
	3426760597
	3426760598
	3426760599
	3426760600
	3426760601
	3426760602
	3426760603
	3426760604
	3426760605
	3426760606
	3426760607
	3426760608
	3426760609
	3426760610
	3426760611
	3426760612
	3426760613
	3426760614
	3426760615
	3426760616
	3426760617
	3426760618
	3426760619
	3426760620
	3426760621
	3426760622
	3426760623
	3426760624
	3426760625
	3426760626
	3426760627
	3426760628
	3426760629
	3426760630
	3426760631
	3426760632
	3426760633
	3426760634
	3426760635
	3426760636
	3426760637
	3426760638
	3426760639
	3426760640
	3426760641
	3426760642
	3426760643
	3426760644
	3426760645
	3426760646
	3426760647
	3426760648
	3426760649
	3426760650
	3426760651
	3426760652
	3426760653
	3426760654
	3426760655
	3426760656
	3426760657
	3426760658
	3426760659
	3426760660
	3426760661
	3426760662
	3426760663
	3426760664
	3426760665
	3426760666
	3426760667
	3426760668
	3426760669
	3426760670
	3426760671
	3426760672
	3426760673
	3426760674
	3426760675
	3426760676
	3426760677
	3426760678
	3426760679
	3426760680
	3426760681
	3426760682
	3426760683
	3426760684
	3426760685
	3426760686
	3426760687
	3426760688
	3426760689
	3426760690
	3426760691
	3426760692
	3426760693
	3426760694
	3426760695
	3426760696
	3426760697
	3426760698
	3426760699
	3426760700
	3426760701
	3426760702
	3426760703
	3426760704
	3426760705
	3426760706
	3426760707
	3426760708
	3426760709
	3426760710
	3426760711
	3426760712
	3426760713
	3426760714
	3426760715
	3426760716
	3426760717
	3426760718
	3426760719
	3426760720
	3426760721
	3426760722
	3426760723
	3426760724
	3426760725
	3426760726
	3426760727
	3426760728
	3426760729
	3426760730
	3426760731
	3426760732
	3426760733
	3426760734
	3426760735
	3426760736
	3426760737
	3426760738
	3426760739
	3426760740
	3426760741
	3426760742
	3426760743
	3426760744
	3426760745
	3426760746
	3426760747
	3426760748
	3426760749
	3426760750
	3426760751
	3426760752
	3426760753
	3426760754
	3426760755
	3426760756
	3426760757
	3426760758
	3426760759
	3426760760
	3426760761
	3426760762
	3426760763
	3426760764
	3426760765
	3426760766
	3426760767
	3426760768
	3426760769
	3426760770
	3426760771
	3426760772
	3426760773
	3426760774
	3426760775
	3426760776
	3426760777
	3426760778
	3426760779
	3426760780
	3426760781
	3426760782
	3426760783
	3426760784
	3426760785
	3426760786
	3426760787
	3426760788
	3426760789
	3426760790
	3426760791
	3426760792
	3426760793
	3426760794
	3426760795
	3426760796
	3426760797
	3426760798
	3426760799
	3426760800
	3426760801
	3426760802
	3426760803
	3426760804
	3426760805
	3426760806
	3426760807
	3426760808
	3426760809
	3426760810
	3426760811
	3426760812
	3426760813
	3426760814
	3426760815
	3426760816
	3426760817
	3426760818
	3426760819
	3426760820
	3426760821
	3426760822
	3426760823
	3426760824
	3426760825
	3426760826
	3426760827
	3426760828
	3426760829
	3426760830
	3426760831
	3426760832
	3426760833
	3426760834
	3426760835
	3426760836
	3426760837
	3426760838
	3426760839
	3426760840
	3426760841
	3426760842
	3426760843
	3426760844
	3426760845
	3426760846
	3426760847
	3426760848
	3426760849
	3426760850
	3426760851
	3426760852
	3426760853
	3426760854
	3426760855
	3426760856
	3426760857
	3426760858
	3426760859
	3426760860
	3426760861
	3426760862
	3426760863
	3426760864
	3426760865
	3426760866
	3426760867
	3426760868
	3426760869
	3426760870
	3426760871
	3426760872
	3426760873
	3426760874
	3426760875
	3426760876
	3426760877
	3426760878
	3426760879
	3426760880
	3426760881
	3426760882
	3426760883
	3426760884
	3426760885
	3426760886
	3426760887
	3426760888
	3426760889
	3426760890
	3426760891
	3426760892
	3426760893
	3426760894
	3426760895
	3426760896
	3426760897
	3426760898
	3426760899
	3426760900
	3426760901
	3426760902
	3426760903
	3426760904
	3426760905
	3426760906
	3426760907
	3426760908
	3426760909
	3426760910
	3426760911
	3426760912
	3426760913
	3426760914
	3426760915
	3426760916
	3426760917
	3426760918
	3426760919
	3426760920
	3426760921
	3426760922
	3426760923
	3426760924
	3426760925
	3426760926
	3426760927
	3426760928
	3426760929
	3426760930
	3426760931
	3426760932
	3426760933
	3426760934
	3426760935
	3426760936
	3426760937
	3426760938
	3426760939
	3426760940
	3426760941
	3426760942
	3426760943
	3426760944
	3426760945
	3426760946
	3426760947
	3426760948
	3426760949
	3426760950
	3426760951
	3426760952
	3426760953
	3426760954
	3426760955
	3426760956
	3426760957
	3426760958
	3426760959
	3426760960
	3426760961
	3426760962
	3426760963
	3426760964
	3426760965
	3426760966
	3426760967
	3426760968
	3426760969
	3426760970
	3426760971
	3426760972
	3426760973
	3426760974
	3426760975
	3426760976
	3426760977
	3426760978
	3426760979
	3426760980
	3426760981
	3426760982
	3426760983
	3426760984
	3426760985
	3426760986
	3426760987
	3426760988
	3426760989
	3426760990
	3426760991
	3426760992
	3426760993
	3426760994
	3426760995
	3426760996
	3426760997
	3426760998
	3426760999
	3426761000
	3426761001
	3426761002
	3426761003
	3426761004
	3426761005
	3426761006
	3426761007
	3426761008
	3426761009
	3426761010
	3426761011
	3426761012
	3426761013
	3426761014
	3426761015
	3426761016
	3426761017
	3426761018
	3426761019
	3426761020
	3426761021
	3426761022
	3426761023
	3426761024
	3426761025
	3426761026
	3426761027
	3426761028
	3426761029
	3426761030
	3426761031
	3426761032
	3426761033
	3426761034
	3426761035
	3426761036
	3426761037
	3426761038
	3426761039
	3426761040
	3426761041
	3426761042
	3426761043
	3426761044
	3426761045
	3426761046
	3426761047
	3426761048
	3426761049
	3426761050
	3426761051
	3426761052
	3426761053
	3426761054
	3426761055
	3426761056
	3426761057
	3426761058
	3426761059
	3426761060
	3426761061
	3426761062
	3426761063
	3426761064
	3426761065
	3426761066
	3426761067
	3426761068
	3426761069
	3426761070
	3426761071
	3426761072
	3426761073
	3426761074
	3426761075
	3426761076
	3426761077
	3426761078
	3426761079
	3426761080
	3426761081
	3426761082
	3426761083
	3426761084
	3426761085
	3426761086
	3426761087
	3426761088
	3426761089
	3426761090
	3426761091
	3426761092
	3426761093
	3426761094
	3426761095
	3426761096
	3426761097
	3426761098
	3426761099
	3426761100
	3426761101
	3426761102
	3426761103
	3426761104
	3426761105
	3426761106
	3426761107
	3426761108
	3426761109
	3426761110
	3426761111
	3426761112
	3426761113
	3426761114
	3426761115
	3426761116
	3426761117
	3426761118
	3426761119
	3426761120
	3426761121
	3426761122
	3426761123
	3426761124
	3426761125
	3426761126
	3426761127
	3426761128
	3426761129
	3426761130
	3426761131
	3426761132
	3426761133
	3426761134
	3426761135
	3426761136
	3426761137
	3426761138
	3426761139
	3426761140
	3426761141
	3426761142
	3426761143
	3426761144
	3426761145
	3426761146
	3426761147
	3426761148
	3426761149
	3426761150
	3426761151
	3426761152
	3426761153
	3426761154
	3426761155
	3426761156
	3426761157
	3426761158
	3426761159
	3426761160
	3426761161
	3426761162
	3426761163
	3426761164
	3426761165
	3426761166
	3426761167
	3426761168
	3426761169
	3426761170
	3426761171
	3426761172
	3426761173
	3426761174
	3426761175
	3426761176
	3426761177
	3426761178
	3426761179
	3426761180
	3426761181
	3426761182
	3426761183
	3426761184
	3426761185
	3426761186
	3426761187
	3426761188
	3426761189
	3426761190
	3426761191
	3426761192
	3426761193
	3426761194
	3426761195
	3426761196
	3426761197
	3426761198
	3426761199
	3426761200
	3426761201
	3426761202
	3426761203
	3426761204
	3426761205
	3426761206
	3426761207
	3426761208
	3426761209
	3426761210
	3426761211
	3426761212
	3426761213
	3426761214
	3426761215
	3426761216
	3426761217
	3426761218
	3426761219
	3426761220
	3426761221
	3426761222
	3426761223
	3426761224
	3426761225
	3426761226
	3426761227
	3426761228
	3426761229
	3426761230
	3426761231
	3426761232
	3426761233
	3426761234
	3426761235
	3426761236
	3426761237
	3426761238
	3426761239
	3426761240
	3426761241
	3426761242
	3426761243
	3426761244
	3426761245
	3426761246
	3426761247
	3426761248
	3426761249
	3426761250
	3426761251
	3426761252
	3426761253
	3426761254
	3426761255
	3426761256
	3426761257
	3426761258
	3426761259
	3426761260
	3426761261
	3426761262
	3426761263
	3426761264
	3426761265
	3426761266
	3426761267
	3426761268
	3426761269
	3426761270
	3426761271
	3426761272
	3426761273
	3426761274
	3426761275
	3426761276
	3426761277
	3426761278
	3426761279
	3426761280
	3426761281
	3426761282
	3426761283
	3426761284
	3426761285
	3426761286
	3426761287
	3426761288
	3426761289
	3426761290
	3426761291
	3426761292
	3426761293
	3426761294
	3426761295
	3426761296
	3426761297
	3426761298
	3426761299
	3426761300
	3426761301
	3426761302
	3426761303
	3426761304
	3426761305
	3426761306
	3426761307
	3426761308
	3426761309
	3426761310
	3426761311
	3426761312
	3426761313
	3426761314
	3426761315
	3426761316
	3426761317
	3426761318
	3426761319
	3426761320
	3426761321
	3426761322
	3426761323
	3426761324
	3426761325
	3426761326
	3426761327
	3426761328
	3426761329
	3426761330
	3426761331
	3426761332
	3426761333
	3426761334
	3426761335
	3426761336
	3426761337
	3426761338
	3426761339
	3426761340
	3426761341
	3426761342
	3426761343
	3426761344
	3426761345
	3426761346
	3426761347
	3426761348
	3426761349
	3426761350
	3426761351
	3426761352
	3426761353
	3426761354
	3426761355
	3426761356
	3426761357
	3426761358
	3426761359
	3426761360
	3426761361
	3426761362
	3426761363
	3426761364
	3426761365
	3426761366
	3426761367
	3426761368
	3426761369
	3426761370
	3426761371
	3426761372
	3426761373
	3426761374
	3426761375
	3426761376
	3426761377
	3426761378
	3426761379
	3426761380
	3426761381
	3426761382
	3426761383
	3426761384
	3426761385
	3426761386
	3426761387
	3426761388
	3426761389
	3426761390
	3426761391
	3426761392
	3426761393
	3426761394
	3426761395
	3426761396
	3426761397
	3426761398
	3426761399
	3426761400
	3426761401
	3426761402
	3426761403
	3426761404
	3426761405
	3426761406
	3426761407
	3426761408
	3426761409
	3426761410
	3426761411
	3426761412
	3426761413
	3426761414
	3426761415
	3426761416
	3426761417
	3426761418
	3426761419
	3426761420
	3426761421
	3426761422
	3426761423
	3426761424
	3426761425
	3426761426
	3426761427
	3426761428
	3426761429
	3426761430
	3426761431
	3426761432
	3426761433
	3426761434
	3426761435
	3426761436
	3426761437
	3426761438
	3426761439
	3426761440
	3426761441
	3426761442
	3426761443
	3426761444
	3426761445
	3426761446
	3426761447
	3426761448
	3426761449
	3426761450
	3426761451
	3426761452
	3426761453
	3426761454
	3426761455
	3426761456
	3426761457
	3426761458
	3426761459
	3426761460
	3426761461
	3426761462
	3426761463
	3426761464
	3426761465
	3426761466
	3426761467
	3426761468
	3426761469
	3426761470
	3426761471
	3426761472
	3426761473
	3426761474
	3426761475
	3426761476
	3426761477
	3426761478
	3426761479
	3426761480
	3426761481
	3426761482
	3426761483
	3426761484
	3426761485
	3426761486
	3426761487
	3426761488
	3426761489
	3426761490
	3426761491
	3426761492
	3426761493
	3426761494
	3426761495
	3426761496
	3426761497
	3426761498
	3426761499
	3426761500
	3426761501
	3426761502
	3426761503
	3426761504
	3426761505
	3426761506
	3426761507
	3426761508
	3426761509
	3426761510
	3426761511
	3426761512
	3426761513
	3426761514
	3426761515
	3426761516
	3426761517
	3426761518
	3426761519
	3426761520
	3426761521
	3426761522
	3426761523
	3426761524
	3426761525
	3426761526
	3426761527
	3426761528
	3426761529
	3426761530
	3426761531
	3426761532
	3426761533
	3426761534
	3426761535
	3426761536
	3426761537
	3426761538
	3426761539
	3426761540
	3426761541
	3426761542
	3426761543
	3426761544
	3426761545
	3426761546
	3426761547
	3426761548
	3426761549
	3426761550
	3426761551
	3426761552
	3426761553
	3426761554
	3426761555
	3426761556
	3426761557
	3426761558
	3426761559
	3426761560
	3426761561
	3426761562
	3426761563
	3426761564
	3426761565
	3426761566
	3426761567
	3426761568
	3426761569
	3426761570
	3426761571
	3426761572
	3426761573
	3426761574
	3426761575
	3426761576
	3426761577
	3426761578
	3426761579
	3426761580
	3426761581
	3426761582
	3426761583
	3426761584
	3426761585
	3426761586
	3426761587
	3426761588
	3426761589
	3426761590
	3426761591
	3426761592
	3426761593
	3426761594
	3426761595
	3426761596
	3426761597
	3426761598
	3426761599
	3426761600
	3426761601
	3426761602
	3426761603
	3426761604
	3426761605
	3426761606
	3426761607
	3426761608
	3426761609
	3426761610
	3426761611
	3426761612
	3426761613
	3426761614
	3426761615
	3426761616
	3426761617
	3426761618
	3426761619
	3426761620
	3426761621
	3426761622
	3426761623
	3426761624
	3426761625
	3426761626
	3426761627
	3426761628
	3426761629
	3426761630
	3426761631
	3426761632
	3426761633
	3426761634
	3426761635
	3426761636
	3426761637
