	3426623119
	3426623120
	3426623121
	3426623122
	3426623123
	3426623124
	3426623125
	3426623126
	3426623127
	3426623128
	3426623129
	3426623130
	3426623131
	3426623132
	3426623133
	3426623134
	3426623135
	3426623136
	3426623137
	3426623138
	3426623139
	3426623140
	3426623141
	3426623142
	3426623143
	3426623144
	3426623145
	3426623146
	3426623147
	3426623148
	3426623149
	3426623150
	3426623151
	3426623152
	3426623153
	3426623154
	3426623155
	3426623156
	3426623157
	3426623158
	3426623159
	3426623160
	3426623161
	3426623162
	3426623163
	3426623164
	3426623165
	3426623166
	3426623167
	3426623168
	3426623169
	3426623170
	3426623171
	3426623172
	3426623173
	3426623174
	3426623175
	3426623176
	3426623177
	3426623178
	3426623179
	3426623180
	3426623181
	3426623182
	3426623183
	3426623184
	3426623185
	3426623186
	3426623187
	3426623188
	3426623189
	3426623190
	3426623191
	3426623192
	3426623193
	3426623194
	3426623195
	3426623196
	3426623197
	3426623198
	3426623199
	3426623200
	3426623201
	3426623202
	3426623203
	3426623204
	3426623205
	3426623206
	3426623207
	3426623208
	3426623209
	3426623210
	3426623211
	3426623212
	3426623213
	3426623214
	3426623215
	3426623216
	3426623217
	3426623218
	3426623219
	3426623220
	3426623221
	3426623222
	3426623223
	3426623224
	3426623225
	3426623226
	3426623227
	3426623228
	3426623229
	3426623230
	3426623231
	3426623232
	3426623233
	3426623234
	3426623235
	3426623236
	3426623237
	3426623238
	3426623239
	3426623240
	3426623241
	3426623242
	3426623243
	3426623244
	3426623245
	3426623246
	3426623247
	3426623248
	3426623249
	3426623250
	3426623251
	3426623252
	3426623253
	3426623254
	3426623255
	3426623256
	3426623257
	3426623258
	3426623259
	3426623260
	3426623261
	3426623262
	3426623263
	3426623264
	3426623265
	3426623266
	3426623267
	3426623268
	3426623269
	3426623270
	3426623271
	3426623272
	3426623273
	3426623274
	3426623275
	3426623276
	3426623277
	3426623278
	3426623279
	3426623280
	3426623281
	3426623282
	3426623283
	3426623284
	3426623285
	3426623286
	3426623287
	3426623288
	3426623289
	3426623290
	3426623291
	3426623292
	3426623293
	3426623294
	3426623295
	3426623296
	3426623297
	3426623298
	3426623299
	3426623300
	3426623301
	3426623302
	3426623303
	3426623304
	3426623305
	3426623306
	3426623307
	3426623308
	3426623309
	3426623310
	3426623311
	3426623312
	3426623313
	3426623314
	3426623315
	3426623316
	3426623317
	3426623318
	3426623319
	3426623320
	3426623321
	3426623322
	3426623323
	3426623324
	3426623325
	3426623326
	3426623327
	3426623328
	3426623329
	3426623330
	3426623331
	3426623332
	3426623333
	3426623334
	3426623335
	3426623336
	3426623337
	3426623338
	3426623339
	3426623340
	3426623341
	3426623342
	3426623343
	3426623344
	3426623345
	3426623346
	3426623347
	3426623348
	3426623349
	3426623350
	3426623351
	3426623352
	3426623353
	3426623354
	3426623355
	3426623356
	3426623357
	3426623358
	3426623359
	3426623360
	3426623361
	3426623362
	3426623363
	3426623364
	3426623365
	3426623366
	3426623367
	3426623368
	3426623369
	3426623370
	3426623371
	3426623372
	3426623373
	3426623374
	3426623375
	3426623376
	3426623377
	3426623378
	3426623379
	3426623380
	3426623381
	3426623382
	3426623383
	3426623384
	3426623385
	3426623386
	3426623387
	3426623388
	3426623389
	3426623390
	3426623391
	3426623392
	3426623393
	3426623394
	3426623395
	3426623396
	3426623397
	3426623398
	3426623399
	3426623400
	3426623401
	3426623402
	3426623403
	3426623404
	3426623405
	3426623406
	3426623407
	3426623408
	3426623409
	3426623410
	3426623411
	3426623412
	3426623413
	3426623414
	3426623415
	3426623416
	3426623417
	3426623418
	3426623419
	3426623420
	3426623421
	3426623422
	3426623423
	3426623424
	3426623425
	3426623426
	3426623427
	3426623428
	3426623429
	3426623430
	3426623431
	3426623432
	3426623433
	3426623434
	3426623435
	3426623436
	3426623437
	3426623438
	3426623439
	3426623440
	3426623441
	3426623442
	3426623443
	3426623444
	3426623445
	3426623446
	3426623447
	3426623448
	3426623449
	3426623450
	3426623451
	3426623452
	3426623453
	3426623454
	3426623455
	3426623456
	3426623457
	3426623458
	3426623459
	3426623460
	3426623461
	3426623462
	3426623463
	3426623464
	3426623465
	3426623466
	3426623467
	3426623468
	3426623469
	3426623470
	3426623471
	3426623472
	3426623473
	3426623474
	3426623475
	3426623476
	3426623477
	3426623478
	3426623479
	3426623480
	3426623481
	3426623482
	3426623483
	3426623484
	3426623485
	3426623486
	3426623487
	3426623488
	3426623489
	3426623490
	3426623491
	3426623492
	3426623493
	3426623494
	3426623495
	3426623496
	3426623497
	3426623498
	3426623499
	3426623500
	3426623501
	3426623502
	3426623503
	3426623504
	3426623505
	3426623506
	3426623507
	3426623508
	3426623509
	3426623510
	3426623511
	3426623512
	3426623513
	3426623514
	3426623515
	3426623516
	3426623517
	3426623518
	3426623519
	3426623520
	3426623521
	3426623522
	3426623523
	3426623524
	3426623525
	3426623526
	3426623527
	3426623528
	3426623529
	3426623530
	3426623531
	3426623532
	3426623533
	3426623534
	3426623535
	3426623536
	3426623537
	3426623538
	3426623539
	3426623540
	3426623541
	3426623542
	3426623543
	3426623544
	3426623545
	3426623546
	3426623547
	3426623548
	3426623549
	3426623550
	3426623551
	3426623552
	3426623553
	3426623554
	3426623555
	3426623556
	3426623557
	3426623558
	3426623559
	3426623560
	3426623561
	3426623562
	3426623563
	3426623564
	3426623565
	3426623566
	3426623567
	3426623568
	3426623569
	3426623570
	3426623571
	3426623572
	3426623573
	3426623574
	3426623575
	3426623576
	3426623577
	3426623578
	3426623579
	3426623580
	3426623581
	3426623582
	3426623583
	3426623584
	3426623585
	3426623586
	3426623587
	3426623588
	3426623589
	3426623590
	3426623591
	3426623592
	3426623593
	3426623594
	3426623595
	3426623596
	3426623597
	3426623598
	3426623599
	3426623600
	3426623601
	3426623602
	3426623603
	3426623604
	3426623605
	3426623606
	3426623607
	3426623608
	3426623609
	3426623610
	3426623611
	3426623612
	3426623613
	3426623614
	3426623615
	3426623616
	3426623617
	3426623618
	3426623619
	3426623620
	3426623621
	3426623622
	3426623623
	3426623624
	3426623625
	3426623626
	3426623627
	3426623628
	3426623629
	3426623630
	3426623631
	3426623632
	3426623633
	3426623634
	3426623635
	3426623636
	3426623637
	3426623638
	3426623639
	3426623640
	3426623641
	3426623642
	3426623643
	3426623644
	3426623645
	3426623646
	3426623647
	3426623648
	3426623649
	3426623650
	3426623651
	3426623652
	3426623653
	3426623654
	3426623655
	3426623656
	3426623657
	3426623658
	3426623659
	3426623660
	3426623661
	3426623662
	3426623663
	3426623664
	3426623665
	3426623666
	3426623667
	3426623668
	3426623669
	3426623670
	3426623671
	3426623672
	3426623673
	3426623674
	3426623675
	3426623676
	3426623677
	3426623678
	3426623679
	3426623680
	3426623681
	3426623682
	3426623683
	3426623684
	3426623685
	3426623686
	3426623687
	3426623688
	3426623689
	3426623690
	3426623691
	3426623692
	3426623693
	3426623694
	3426623695
	3426623696
	3426623697
	3426623698
	3426623699
	3426623700
	3426623701
	3426623702
	3426623703
	3426623704
	3426623705
	3426623706
	3426623707
	3426623708
	3426623709
	3426623710
	3426623711
	3426623712
	3426623713
	3426623714
	3426623715
	3426623716
	3426623717
	3426623718
	3426623719
	3426623720
	3426623721
	3426623722
	3426623723
	3426623724
	3426623725
	3426623726
	3426623727
	3426623728
	3426623729
	3426623730
	3426623731
	3426623732
	3426623733
	3426623734
	3426623735
	3426623736
	3426623737
	3426623738
	3426623739
	3426623740
	3426623741
	3426623742
	3426623743
	3426623744
	3426623745
	3426623746
	3426623747
	3426623748
	3426623749
	3426623750
	3426623751
	3426623752
	3426623753
	3426623754
	3426623755
	3426623756
	3426623757
	3426623758
	3426623759
	3426623760
	3426623761
	3426623762
	3426623763
	3426623764
	3426623765
	3426623766
	3426623767
	3426623768
	3426623769
	3426623770
	3426623771
	3426623772
	3426623773
	3426623774
	3426623775
	3426623776
	3426623777
	3426623778
	3426623779
	3426623780
	3426623781
	3426623782
	3426623783
	3426623784
	3426623785
	3426623786
	3426623787
	3426623788
	3426623789
	3426623790
	3426623791
	3426623792
	3426623793
	3426623794
	3426623795
	3426623796
	3426623797
	3426623798
	3426623799
	3426623800
	3426623801
	3426623802
	3426623803
	3426623804
	3426623805
	3426623806
	3426623807
	3426623808
	3426623809
	3426623810
	3426623811
	3426623812
	3426623813
	3426623814
	3426623815
	3426623816
	3426623817
	3426623818
	3426623819
	3426623820
	3426623821
	3426623822
	3426623823
	3426623824
	3426623825
	3426623826
	3426623827
	3426623828
	3426623829
	3426623830
	3426623831
	3426623832
	3426623833
	3426623834
	3426623835
	3426623836
	3426623837
	3426623838
	3426623839
	3426623840
	3426623841
	3426623842
	3426623843
	3426623844
	3426623845
	3426623846
	3426623847
	3426623848
	3426623849
	3426623850
	3426623851
	3426623852
	3426623853
	3426623854
	3426623855
	3426623856
	3426623857
	3426623858
	3426623859
	3426623860
	3426623861
	3426623862
	3426623863
	3426623864
	3426623865
	3426623866
	3426623867
	3426623868
	3426623869
	3426623870
	3426623871
	3426623872
	3426623873
	3426623874
	3426623875
	3426623876
	3426623877
	3426623878
	3426623879
	3426623880
	3426623881
	3426623882
	3426623883
	3426623884
	3426623885
	3426623886
	3426623887
	3426623888
	3426623889
	3426623890
	3426623891
	3426623892
	3426623893
	3426623894
	3426623895
	3426623896
	3426623897
	3426623898
	3426623899
	3426623900
	3426623901
	3426623902
	3426623903
	3426623904
	3426623905
	3426623906
	3426623907
	3426623908
	3426623909
	3426623910
	3426623911
	3426623912
	3426623913
	3426623914
	3426623915
	3426623916
	3426623917
	3426623918
	3426623919
	3426623920
	3426623921
	3426623922
	3426623923
	3426623924
	3426623925
	3426623926
	3426623927
	3426623928
	3426623929
	3426623930
	3426623931
	3426623932
	3426623933
	3426623934
	3426623935
	3426623936
	3426623937
	3426623938
	3426623939
	3426623940
	3426623941
	3426623942
	3426623943
	3426623944
	3426623945
	3426623946
	3426623947
	3426623948
	3426623949
	3426623950
	3426623951
	3426623952
	3426623953
	3426623954
	3426623955
	3426623956
	3426623957
	3426623958
	3426623959
	3426623960
	3426623961
	3426623962
	3426623963
	3426623964
	3426623965
	3426623966
	3426623967
	3426623968
	3426623969
	3426623970
	3426623971
	3426623972
	3426623973
	3426623974
	3426623975
	3426623976
	3426623977
	3426623978
	3426623979
	3426623980
	3426623981
	3426623982
	3426623983
	3426623984
	3426623985
	3426623986
	3426623987
	3426623988
	3426623989
	3426623990
	3426623991
	3426623992
	3426623993
	3426623994
	3426623995
	3426623996
	3426623997
	3426623998
	3426623999
	3426624000
	3426624001
	3426624002
	3426624003
	3426624004
	3426624005
	3426624006
	3426624007
	3426624008
	3426624009
	3426624010
	3426624011
	3426624012
	3426624013
	3426624014
	3426624015
	3426624016
	3426624017
	3426624018
	3426624019
	3426624020
	3426624021
	3426624022
	3426624023
	3426624024
	3426624025
	3426624026
	3426624027
	3426624028
	3426624029
	3426624030
	3426624031
	3426624032
	3426624033
	3426624034
	3426624035
	3426624036
	3426624037
	3426624038
	3426624039
	3426624040
	3426624041
	3426624042
	3426624043
	3426624044
	3426624045
	3426624046
	3426624047
	3426624048
	3426624049
	3426624050
	3426624051
	3426624052
	3426624053
	3426624054
	3426624055
	3426624056
	3426624057
	3426624058
	3426624059
	3426624060
	3426624061
	3426624062
	3426624063
	3426624064
	3426624065
	3426624066
	3426624067
	3426624068
	3426624069
	3426624070
	3426624071
	3426624072
	3426624073
	3426624074
	3426624075
	3426624076
	3426624077
	3426624078
	3426624079
	3426624080
	3426624081
	3426624082
	3426624083
	3426624084
	3426624085
	3426624086
	3426624087
	3426624088
	3426624089
	3426624090
	3426624091
	3426624092
	3426624093
	3426624094
	3426624095
	3426624096
	3426624097
	3426624098
	3426624099
	3426624100
	3426624101
	3426624102
	3426624103
	3426624104
	3426624105
	3426624106
	3426624107
	3426624108
	3426624109
	3426624110
	3426624111
	3426624112
	3426624113
	3426624114
	3426624115
	3426624116
	3426624117
	3426624118
	3426624119
	3426624120
	3426624121
	3426624122
	3426624123
	3426624124
	3426624125
	3426624126
	3426624127
	3426624128
	3426624129
	3426624130
	3426624131
	3426624132
	3426624133
	3426624134
	3426624135
	3426624136
	3426624137
	3426624138
	3426624139
	3426624140
	3426624141
	3426624142
	3426624143
	3426624144
	3426624145
	3426624146
	3426624147
	3426624148
	3426624149
	3426624150
	3426624151
	3426624152
	3426624153
	3426624154
	3426624155
	3426624156
	3426624157
	3426624158
	3426624159
	3426624160
	3426624161
	3426624162
	3426624163
	3426624164
	3426624165
	3426624166
	3426624167
	3426624168
	3426624169
	3426624170
	3426624171
	3426624172
	3426624173
	3426624174
	3426624175
	3426624176
	3426624177
	3426624178
	3426624179
	3426624180
	3426624181
	3426624182
	3426624183
	3426624184
	3426624185
	3426624186
	3426624187
	3426624188
	3426624189
	3426624190
	3426624191
	3426624192
	3426624193
	3426624194
	3426624195
	3426624196
	3426624197
	3426624198
	3426624199
	3426624200
	3426624201
	3426624202
	3426624203
	3426624204
	3426624205
	3426624206
	3426624207
	3426624208
	3426624209
	3426624210
	3426624211
	3426624212
	3426624213
	3426624214
	3426624215
	3426624216
	3426624217
	3426624218
	3426624219
	3426624220
	3426624221
	3426624222
	3426624223
	3426624224
	3426624225
	3426624226
	3426624227
	3426624228
	3426624229
	3426624230
	3426624231
	3426624232
	3426624233
	3426624234
	3426624235
	3426624236
	3426624237
	3426624238
	3426624239
	3426624240
	3426624241
	3426624242
	3426624243
	3426624244
	3426624245
	3426624246
	3426624247
	3426624248
	3426624249
	3426624250
	3426624251
	3426624252
	3426624253
	3426624254
	3426624255
	3426624256
	3426624257
	3426624258
	3426624259
	3426624260
	3426624261
	3426624262
	3426624263
	3426624264
	3426624265
	3426624266
	3426624267
	3426624268
	3426624269
	3426624270
	3426624271
	3426624272
	3426624273
	3426624274
	3426624275
	3426624276
	3426624277
	3426624278
	3426624279
	3426624280
	3426624281
	3426624282
	3426624283
	3426624284
	3426624285
	3426624286
	3426624287
	3426624288
	3426624289
	3426624290
	3426624291
	3426624292
	3426624293
	3426624294
	3426624295
	3426624296
	3426624297
	3426624298
	3426624299
	3426624300
	3426624301
	3426624302
	3426624303
	3426624304
	3426624305
	3426624306
	3426624307
	3426624308
	3426624309
	3426624310
	3426624311
	3426624312
	3426624313
	3426624314
	3426624315
	3426624316
	3426624317
	3426624318
	3426624319
	3426624320
	3426624321
	3426624322
	3426624323
	3426624324
	3426624325
	3426624326
	3426624327
	3426624328
	3426624329
	3426624330
	3426624331
	3426624332
	3426624333
	3426624334
	3426624335
	3426624336
	3426624337
	3426624338
	3426624339
	3426624340
	3426624341
	3426624342
	3426624343
	3426624344
	3426624345
	3426624346
	3426624347
	3426624348
	3426624349
	3426624350
	3426624351
	3426624352
	3426624353
	3426624354
	3426624355
	3426624356
	3426624357
	3426624358
	3426624359
	3426624360
	3426624361
	3426624362
	3426624363
	3426624364
	3426624365
	3426624366
	3426624367
	3426624368
	3426624369
	3426624370
	3426624371
	3426624372
	3426624373
	3426624374
	3426624375
	3426624376
	3426624377
	3426624378
	3426624379
	3426624380
	3426624381
	3426624382
	3426624383
	3426624384
	3426624385
	3426624386
	3426624387
	3426624388
	3426624389
	3426624390
	3426624391
	3426624392
	3426624393
	3426624394
	3426624395
	3426624396
	3426624397
	3426624398
	3426624399
	3426624400
	3426624401
	3426624402
	3426624403
	3426624404
	3426624405
	3426624406
	3426624407
	3426624408
	3426624409
	3426624410
	3426624411
	3426624412
	3426624413
	3426624414
	3426624415
	3426624416
	3426624417
	3426624418
	3426624419
	3426624420
	3426624421
	3426624422
	3426624423
	3426624424
	3426624425
	3426624426
	3426624427
	3426624428
	3426624429
	3426624430
	3426624431
	3426624432
	3426624433
	3426624434
	3426624435
	3426624436
	3426624437
	3426624438
	3426624439
	3426624440
	3426624441
	3426624442
	3426624443
	3426624444
	3426624445
	3426624446
	3426624447
	3426624448
	3426624449
	3426624450
	3426624451
	3426624452
	3426624453
	3426624454
	3426624455
	3426624456
	3426624457
	3426624458
	3426624459
	3426624460
	3426624461
	3426624462
	3426624463
	3426624464
	3426624465
	3426624466
	3426624467
	3426624468
	3426624469
	3426624470
	3426624471
	3426624472
	3426624473
	3426624474
	3426624475
	3426624476
	3426624477
	3426624478
	3426624479
	3426624480
	3426624481
	3426624482
	3426624483
	3426624484
	3426624485
	3426624486
	3426624487
	3426624488
	3426624489
	3426624490
	3426624491
	3426624492
	3426624493
	3426624494
	3426624495
	3426624496
	3426624497
	3426624498
	3426624499
	3426624500
	3426624501
	3426624502
	3426624503
	3426624504
	3426624505
	3426624506
	3426624507
	3426624508
	3426624509
	3426624510
	3426624511
	3426624512
	3426624513
	3426624514
	3426624515
	3426624516
	3426624517
	3426624518
	3426624519
	3426624520
	3426624521
	3426624522
	3426624523
	3426624524
	3426624525
	3426624526
	3426624527
	3426624528
	3426624529
	3426624530
	3426624531
	3426624532
	3426624533
	3426624534
	3426624535
	3426624536
	3426624537
	3426624538
	3426624539
	3426624540
	3426624541
	3426624542
	3426624543
	3426624544
	3426624545
	3426624546
	3426624547
	3426624548
	3426624549
	3426624550
	3426624551
	3426624552
	3426624553
	3426624554
	3426624555
	3426624556
	3426624557
	3426624558
	3426624559
	3426624560
	3426624561
	3426624562
	3426624563
	3426624564
	3426624565
	3426624566
	3426624567
	3426624568
	3426624569
	3426624570
	3426624571
	3426624572
	3426624573
	3426624574
	3426624575
	3426624576
	3426624577
	3426624578
	3426624579
	3426624580
	3426624581
	3426624582
	3426624583
	3426624584
	3426624585
	3426624586
	3426624587
	3426624588
	3426624589
	3426624590
	3426624591
	3426624592
	3426624593
	3426624594
	3426624595
	3426624596
	3426624597
	3426624598
	3426624599
	3426624600
	3426624601
	3426624602
	3426624603
	3426624604
	3426624605
	3426624606
	3426624607
	3426624608
	3426624609
	3426624610
	3426624611
	3426624612
	3426624613
	3426624614
	3426624615
	3426624616
	3426624617
	3426624618
	3426624619
	3426624620
	3426624621
	3426624622
	3426624623
	3426624624
	3426624625
	3426624626
	3426624627
	3426624628
	3426624629
	3426624630
	3426624631
	3426624632
	3426624633
	3426624634
	3426624635
	3426624636
	3426624637
	3426624638
	3426624639
	3426624640
	3426624641
	3426624642
	3426624643
	3426624644
	3426624645
	3426624646
	3426624647
	3426624648
	3426624649
	3426624650
	3426624651
	3426624652
	3426624653
	3426624654
	3426624655
	3426624656
	3426624657
	3426624658
	3426624659
	3426624660
	3426624661
	3426624662
	3426624663
	3426624664
	3426624665
	3426624666
	3426624667
	3426624668
	3426624669
	3426624670
	3426624671
	3426624672
	3426624673
	3426624674
	3426624675
	3426624676
	3426624677
	3426624678
	3426624679
	3426624680
	3426624681
	3426624682
	3426624683
	3426624684
	3426624685
	3426624686
	3426624687
	3426624688
	3426624689
	3426624690
	3426624691
	3426624692
	3426624693
	3426624694
	3426624695
	3426624696
	3426624697
	3426624698
	3426624699
	3426624700
	3426624701
	3426624702
	3426624703
	3426624704
	3426624705
	3426624706
	3426624707
	3426624708
	3426624709
	3426624710
	3426624711
	3426624712
	3426624713
	3426624714
	3426624715
	3426624716
	3426624717
	3426624718
	3426624719
	3426624720
	3426624721
	3426624722
	3426624723
	3426624724
	3426624725
	3426624726
	3426624727
	3426624728
	3426624729
	3426624730
	3426624731
	3426624732
	3426624733
	3426624734
	3426624735
	3426624736
	3426624737
	3426624738
	3426624739
	3426624740
	3426624741
	3426624742
	3426624743
	3426624744
	3426624745
	3426624746
	3426624747
	3426624748
	3426624749
	3426624750
	3426624751
	3426624752
	3426624753
	3426624754
	3426624755
	3426624756
	3426624757
	3426624758
	3426624759
	3426624760
	3426624761
	3426624762
	3426624763
	3426624764
	3426624765
	3426624766
	3426624767
	3426624768
	3426624769
	3426624770
	3426624771
	3426624772
	3426624773
	3426624774
	3426624775
	3426624776
	3426624777
	3426624778
	3426624779
	3426624780
	3426624781
	3426624782
	3426624783
	3426624784
	3426624785
	3426624786
	3426624787
	3426624788
	3426624789
	3426624790
	3426624791
	3426624792
	3426624793
	3426624794
	3426624795
	3426624796
	3426624797
	3426624798
	3426624799
	3426624800
	3426624801
	3426624802
	3426624803
	3426624804
	3426624805
	3426624806
	3426624807
	3426624808
	3426624809
	3426624810
	3426624811
	3426624812
	3426624813
	3426624814
	3426624815
	3426624816
	3426624817
	3426624818
	3426624819
	3426624820
	3426624821
	3426624822
	3426624823
	3426624824
	3426624825
	3426624826
	3426624827
	3426624828
	3426624829
	3426624830
	3426624831
	3426624832
	3426624833
	3426624834
	3426624835
	3426624836
	3426624837
	3426624838
	3426624839
	3426624840
	3426624841
	3426624842
	3426624843
	3426624844
	3426624845
	3426624846
	3426624847
	3426624848
	3426624849
	3426624850
	3426624851
	3426624852
	3426624853
	3426624854
	3426624855
	3426624856
	3426624857
	3426624858
	3426624859
	3426624860
	3426624861
	3426624862
	3426624863
	3426624864
	3426624865
	3426624866
	3426624867
	3426624868
	3426624869
	3426624870
	3426624871
	3426624872
	3426624873
	3426624874
	3426624875
	3426624876
	3426624877
	3426624878
	3426624879
	3426624880
	3426624881
	3426624882
	3426624883
	3426624884
	3426624885
	3426624886
	3426624887
	3426624888
	3426624889
	3426624890
	3426624891
	3426624892
	3426624893
	3426624894
	3426624895
	3426624896
	3426624897
	3426624898
	3426624899
	3426624900
	3426624901
	3426624902
	3426624903
	3426624904
	3426624905
	3426624906
	3426624907
	3426624908
	3426624909
	3426624910
	3426624911
	3426624912
	3426624913
	3426624914
	3426624915
	3426624916
	3426624917
	3426624918
	3426624919
	3426624920
	3426624921
	3426624922
	3426624923
	3426624924
	3426624925
	3426624926
	3426624927
	3426624928
	3426624929
	3426624930
	3426624931
	3426624932
	3426624933
	3426624934
	3426624935
	3426624936
	3426624937
	3426624938
	3426624939
	3426624940
	3426624941
	3426624942
	3426624943
	3426624944
	3426624945
	3426624946
	3426624947
	3426624948
	3426624949
	3426624950
	3426624951
	3426624952
	3426624953
	3426624954
	3426624955
	3426624956
	3426624957
	3426624958
	3426624959
	3426624960
	3426624961
	3426624962
	3426624963
	3426624964
	3426624965
	3426624966
	3426624967
	3426624968
	3426624969
	3426624970
	3426624971
	3426624972
	3426624973
	3426624974
	3426624975
	3426624976
	3426624977
	3426624978
	3426624979
	3426624980
	3426624981
	3426624982
	3426624983
	3426624984
	3426624985
	3426624986
	3426624987
	3426624988
	3426624989
	3426624990
	3426624991
	3426624992
	3426624993
	3426624994
	3426624995
	3426624996
	3426624997
	3426624998
	3426624999
	3426625000
	3426625001
	3426625002
	3426625003
	3426625004
	3426625005
	3426625006
	3426625007
	3426625008
	3426625009
	3426625010
	3426625011
	3426625012
	3426625013
	3426625014
	3426625015
	3426625016
	3426625017
	3426625018
	3426625019
	3426625020
	3426625021
	3426625022
	3426625023
	3426625024
	3426625025
	3426625026
	3426625027
	3426625028
	3426625029
	3426625030
	3426625031
	3426625032
	3426625033
	3426625034
	3426625035
	3426625036
	3426625037
	3426625038
	3426625039
	3426625040
	3426625041
	3426625042
	3426625043
	3426625044
	3426625045
	3426625046
	3426625047
	3426625048
	3426625049
	3426625050
	3426625051
	3426625052
	3426625053
	3426625054
	3426625055
	3426625056
	3426625057
	3426625058
	3426625059
	3426625060
	3426625061
	3426625062
	3426625063
	3426625064
	3426625065
	3426625066
	3426625067
	3426625068
	3426625069
	3426625070
	3426625071
	3426625072
	3426625073
	3426625074
	3426625075
	3426625076
	3426625077
	3426625078
	3426625079
	3426625080
	3426625081
	3426625082
	3426625083
	3426625084
	3426625085
	3426625086
	3426625087
	3426625088
	3426625089
	3426625090
	3426625091
	3426625092
	3426625093
	3426625094
	3426625095
	3426625096
	3426625097
	3426625098
	3426625099
	3426625100
	3426625101
	3426625102
	3426625103
	3426625104
	3426625105
	3426625106
	3426625107
	3426625108
	3426625109
	3426625110
	3426625111
	3426625112
	3426625113
	3426625114
	3426625115
	3426625116
	3426625117
	3426625118
	3426625119
	3426625120
	3426625121
	3426625122
	3426625123
	3426625124
	3426625125
	3426625126
	3426625127
	3426625128
	3426625129
	3426625130
	3426625131
	3426625132
	3426625133
	3426625134
	3426625135
	3426625136
	3426625137
	3426625138
	3426625139
	3426625140
	3426625141
	3426625142
	3426625143
	3426625144
	3426625145
	3426625146
	3426625147
	3426625148
	3426625149
	3426625150
	3426625151
	3426625152
	3426625153
	3426625154
	3426625155
	3426625156
	3426625157
	3426625158
	3426625159
	3426625160
	3426625161
	3426625162
	3426625163
	3426625164
	3426625165
	3426625166
	3426625167
	3426625168
	3426625169
	3426625170
	3426625171
	3426625172
	3426625173
	3426625174
	3426625175
	3426625176
	3426625177
	3426625178
	3426625179
	3426625180
	3426625181
	3426625182
	3426625183
	3426625184
	3426625185
	3426625186
	3426625187
	3426625188
	3426625189
	3426625190
	3426625191
	3426625192
	3426625193
	3426625194
	3426625195
	3426625196
	3426625197
	3426625198
	3426625199
	3426625200
	3426625201
	3426625202
	3426625203
	3426625204
	3426625205
	3426625206
	3426625207
	3426625208
	3426625209
	3426625210
	3426625211
	3426625212
	3426625213
	3426625214
	3426625215
	3426625216
	3426625217
	3426625218
	3426625219
	3426625220
	3426625221
	3426625222
	3426625223
	3426625224
	3426625225
	3426625226
	3426625227
	3426625228
	3426625229
	3426625230
	3426625231
	3426625232
	3426625233
	3426625234
	3426625235
	3426625236
	3426625237
	3426625238
	3426625239
	3426625240
	3426625241
	3426625242
	3426625243
	3426625244
	3426625245
	3426625246
	3426625247
	3426625248
	3426625249
	3426625250
	3426625251
	3426625252
	3426625253
	3426625254
	3426625255
	3426625256
	3426625257
	3426625258
	3426625259
	3426625260
	3426625261
	3426625262
	3426625263
	3426625264
	3426625265
	3426625266
	3426625267
	3426625268
	3426625269
	3426625270
	3426625271
	3426625272
	3426625273
	3426625274
	3426625275
	3426625276
	3426625277
	3426625278
	3426625279
	3426625280
	3426625281
	3426625282
	3426625283
	3426625284
	3426625285
	3426625286
	3426625287
	3426625288
	3426625289
	3426625290
	3426625291
	3426625292
	3426625293
	3426625294
	3426625295
	3426625296
	3426625297
	3426625298
	3426625299
	3426625300
	3426625301
	3426625302
	3426625303
	3426625304
	3426625305
	3426625306
	3426625307
	3426625308
	3426625309
	3426625310
	3426625311
	3426625312
	3426625313
	3426625314
	3426625315
	3426625316
	3426625317
	3426625318
	3426625319
	3426625320
	3426625321
	3426625322
	3426625323
	3426625324
	3426625325
	3426625326
	3426625327
	3426625328
	3426625329
	3426625330
	3426625331
	3426625332
	3426625333
	3426625334
	3426625335
	3426625336
	3426625337
	3426625338
	3426625339
	3426625340
	3426625341
	3426625342
	3426625343
	3426625344
	3426625345
	3426625346
	3426625347
	3426625348
	3426625349
	3426625350
	3426625351
	3426625352
	3426625353
	3426625354
	3426625355
	3426625356
	3426625357
	3426625358
	3426625359
	3426625360
	3426625361
	3426625362
	3426625363
	3426625364
	3426625365
	3426625366
	3426625367
	3426625368
	3426625369
	3426625370
	3426625371
	3426625372
	3426625373
	3426625374
	3426625375
	3426625376
	3426625377
	3426625378
	3426625379
	3426625380
	3426625381
	3426625382
	3426625383
	3426625384
	3426625385
	3426625386
	3426625387
	3426625388
	3426625389
	3426625390
	3426625391
	3426625392
	3426625393
	3426625394
	3426625395
	3426625396
	3426625397
	3426625398
	3426625399
	3426625400
	3426625401
	3426625402
	3426625403
	3426625404
	3426625405
	3426625406
	3426625407
	3426625408
	3426625409
	3426625410
	3426625411
	3426625412
	3426625413
	3426625414
	3426625415
	3426625416
	3426625417
	3426625418
	3426625419
	3426625420
	3426625421
	3426625422
	3426625423
	3426625424
	3426625425
	3426625426
	3426625427
	3426625428
	3426625429
	3426625430
	3426625431
	3426625432
	3426625433
	3426625434
	3426625435
	3426625436
	3426625437
	3426625438
	3426625439
	3426625440
	3426625441
	3426625442
	3426625443
	3426625444
	3426625445
	3426625446
	3426625447
	3426625448
	3426625449
	3426625450
	3426625451
	3426625452
	3426625453
	3426625454
	3426625455
	3426625456
	3426625457
	3426625458
	3426625459
	3426625460
	3426625461
	3426625462
	3426625463
	3426625464
	3426625465
	3426625466
	3426625467
	3426625468
	3426625469
	3426625470
	3426625471
	3426625472
	3426625473
	3426625474
	3426625475
	3426625476
	3426625477
	3426625478
	3426625479
	3426625480
	3426625481
	3426625482
	3426625483
	3426625484
	3426625485
	3426625486
	3426625487
	3426625488
	3426625489
	3426625490
	3426625491
	3426625492
	3426625493
	3426625494
	3426625495
	3426625496
	3426625497
	3426625498
	3426625499
	3426625500
	3426625501
	3426625502
	3426625503
	3426625504
	3426625505
	3426625506
	3426625507
	3426625508
	3426625509
	3426625510
	3426625511
	3426625512
	3426625513
	3426625514
	3426625515
	3426625516
	3426625517
	3426625518
	3426625519
	3426625520
	3426625521
	3426625522
	3426625523
	3426625524
	3426625525
	3426625526
	3426625527
	3426625528
	3426625529
	3426625530
	3426625531
	3426625532
	3426625533
	3426625534
	3426625535
	3426625536
	3426625537
	3426625538
	3426625539
	3426625540
	3426625541
	3426625542
	3426625543
	3426625544
	3426625545
	3426625546
	3426625547
	3426625548
	3426625549
	3426625550
	3426625551
	3426625552
	3426625553
	3426625554
	3426625555
	3426625556
	3426625557
	3426625558
	3426625559
	3426625560
	3426625561
	3426625562
	3426625563
	3426625564
	3426625565
	3426625566
	3426625567
	3426625568
	3426625569
	3426625570
	3426625571
	3426625572
	3426625573
	3426625574
	3426625575
	3426625576
	3426625577
	3426625578
	3426625579
	3426625580
	3426625581
	3426625582
	3426625583
	3426625584
	3426625585
	3426625586
	3426625587
	3426625588
	3426625589
	3426625590
	3426625591
	3426625592
	3426625593
	3426625594
	3426625595
	3426625596
	3426625597
	3426625598
	3426625599
	3426625600
	3426625601
	3426625602
	3426625603
	3426625604
	3426625605
	3426625606
	3426625607
	3426625608
	3426625609
	3426625610
	3426625611
	3426625612
	3426625613
	3426625614
	3426625615
	3426625616
	3426625617
	3426625618
	3426625619
	3426625620
	3426625621
	3426625622
	3426625623
	3426625624
	3426625625
	3426625626
	3426625627
	3426625628
	3426625629
	3426625630
	3426625631
	3426625632
	3426625633
	3426625634
	3426625635
	3426625636
	3426625637
	3426625638
	3426625639
	3426625640
	3426625641
	3426625642
	3426625643
	3426625644
	3426625645
	3426625646
	3426625647
	3426625648
	3426625649
	3426625650
	3426625651
	3426625652
	3426625653
	3426625654
	3426625655
	3426625656
	3426625657
	3426625658
	3426625659
	3426625660
	3426625661
	3426625662
	3426625663
	3426625664
	3426625665
	3426625666
	3426625667
	3426625668
	3426625669
	3426625670
	3426625671
	3426625672
	3426625673
	3426625674
	3426625675
	3426625676
	3426625677
	3426625678
	3426625679
	3426625680
	3426625681
	3426625682
	3426625683
	3426625684
	3426625685
	3426625686
	3426625687
	3426625688
	3426625689
	3426625690
	3426625691
	3426625692
	3426625693
	3426625694
	3426625695
	3426625696
	3426625697
	3426625698
	3426625699
	3426625700
	3426625701
	3426625702
	3426625703
	3426625704
	3426625705
	3426625706
	3426625707
	3426625708
	3426625709
	3426625710
	3426625711
	3426625712
	3426625713
	3426625714
	3426625715
	3426625716
	3426625717
	3426625718
	3426625719
	3426625720
	3426625721
	3426625722
	3426625723
	3426625724
	3426625725
	3426625726
	3426625727
	3426625728
	3426625729
	3426625730
	3426625731
	3426625732
	3426625733
	3426625734
	3426625735
	3426625736
	3426625737
	3426625738
	3426625739
	3426625740
	3426625741
	3426625742
	3426625743
	3426625744
	3426625745
	3426625746
	3426625747
	3426625748
	3426625749
	3426625750
	3426625751
	3426625752
	3426625753
	3426625754
	3426625755
	3426625756
	3426625757
	3426625758
	3426625759
	3426625760
	3426625761
	3426625762
	3426625763
	3426625764
	3426625765
	3426625766
	3426625767
	3426625768
	3426625769
	3426625770
	3426625771
	3426625772
	3426625773
	3426625774
	3426625775
	3426625776
	3426625777
	3426625778
	3426625779
	3426625780
	3426625781
	3426625782
	3426625783
	3426625784
	3426625785
	3426625786
	3426625787
	3426625788
	3426625789
	3426625790
	3426625791
	3426625792
	3426625793
	3426625794
	3426625795
	3426625796
	3426625797
	3426625798
	3426625799
	3426625800
	3426625801
	3426625802
	3426625803
	3426625804
	3426625805
	3426625806
	3426625807
	3426625808
	3426625809
	3426625810
	3426625811
	3426625812
	3426625813
	3426625814
	3426625815
	3426625816
	3426625817
	3426625818
	3426625819
	3426625820
	3426625821
	3426625822
	3426625823
	3426625824
	3426625825
	3426625826
	3426625827
	3426625828
	3426625829
	3426625830
	3426625831
	3426625832
	3426625833
	3426625834
	3426625835
	3426625836
	3426625837
	3426625838
	3426625839
	3426625840
	3426625841
	3426625842
	3426625843
	3426625844
	3426625845
	3426625846
	3426625847
	3426625848
	3426625849
	3426625850
	3426625851
	3426625852
	3426625853
	3426625854
	3426625855
	3426625856
	3426625857
	3426625858
	3426625859
	3426625860
	3426625861
	3426625862
	3426625863
	3426625864
	3426625865
	3426625866
	3426625867
	3426625868
	3426625869
	3426625870
	3426625871
	3426625872
	3426625873
	3426625874
	3426625875
	3426625876
	3426625877
	3426625878
	3426625879
	3426625880
	3426625881
	3426625882
	3426625883
	3426625884
	3426625885
	3426625886
	3426625887
	3426625888
	3426625889
	3426625890
	3426625891
	3426625892
	3426625893
	3426625894
	3426625895
	3426625896
	3426625897
	3426625898
	3426625899
	3426625900
	3426625901
	3426625902
	3426625903
	3426625904
	3426625905
	3426625906
	3426625907
	3426625908
	3426625909
	3426625910
	3426625911
	3426625912
	3426625913
	3426625914
	3426625915
	3426625916
	3426625917
	3426625918
	3426625919
	3426625920
	3426625921
	3426625922
	3426625923
	3426625924
	3426625925
	3426625926
	3426625927
	3426625928
	3426625929
	3426625930
	3426625931
	3426625932
	3426625933
	3426625934
	3426625935
	3426625936
	3426625937
	3426625938
	3426625939
	3426625940
	3426625941
	3426625942
	3426625943
	3426625944
	3426625945
	3426625946
	3426625947
	3426625948
	3426625949
	3426625950
	3426625951
	3426625952
	3426625953
	3426625954
	3426625955
	3426625956
	3426625957
	3426625958
	3426625959
	3426625960
	3426625961
	3426625962
	3426625963
	3426625964
	3426625965
	3426625966
	3426625967
	3426625968
	3426625969
	3426625970
	3426625971
	3426625972
	3426625973
	3426625974
	3426625975
	3426625976
	3426625977
	3426625978
	3426625979
	3426625980
	3426625981
	3426625982
	3426625983
	3426625984
	3426625985
	3426625986
	3426625987
	3426625988
	3426625989
	3426625990
	3426625991
	3426625992
	3426625993
	3426625994
	3426625995
	3426625996
	3426625997
	3426625998
	3426625999
	3426626000
	3426626001
	3426626002
	3426626003
	3426626004
	3426626005
	3426626006
	3426626007
	3426626008
	3426626009
	3426626010
	3426626011
	3426626012
	3426626013
	3426626014
	3426626015
	3426626016
	3426626017
	3426626018
	3426626019
	3426626020
	3426626021
	3426626022
	3426626023
	3426626024
	3426626025
	3426626026
	3426626027
	3426626028
	3426626029
	3426626030
	3426626031
	3426626032
	3426626033
	3426626034
	3426626035
	3426626036
	3426626037
	3426626038
	3426626039
	3426626040
	3426626041
	3426626042
	3426626043
	3426626044
	3426626045
	3426626046
	3426626047
	3426626048
	3426626049
	3426626050
	3426626051
	3426626052
	3426626053
	3426626054
	3426626055
	3426626056
	3426626057
	3426626058
	3426626059
	3426626060
	3426626061
	3426626062
	3426626063
	3426626064
	3426626065
	3426626066
	3426626067
	3426626068
	3426626069
	3426626070
	3426626071
	3426626072
	3426626073
	3426626074
	3426626075
	3426626076
	3426626077
	3426626078
	3426626079
	3426626080
	3426626081
	3426626082
	3426626083
	3426626084
	3426626085
	3426626086
	3426626087
	3426626088
	3426626089
	3426626090
	3426626091
	3426626092
	3426626093
	3426626094
	3426626095
	3426626096
	3426626097
	3426626098
	3426626099
	3426626100
	3426626101
	3426626102
	3426626103
	3426626104
	3426626105
	3426626106
	3426626107
	3426626108
	3426626109
	3426626110
	3426626111
	3426626112
	3426626113
	3426626114
	3426626115
	3426626116
	3426626117
	3426626118
	3426626119
	3426626120
	3426626121
	3426626122
	3426626123
	3426626124
	3426626125
	3426626126
	3426626127
	3426626128
	3426626129
	3426626130
	3426626131
	3426626132
	3426626133
	3426626134
	3426626135
	3426626136
	3426626137
	3426626138
	3426626139
	3426626140
	3426626141
	3426626142
	3426626143
	3426626144
	3426626145
	3426626146
	3426626147
	3426626148
	3426626149
	3426626150
	3426626151
	3426626152
	3426626153
	3426626154
	3426626155
	3426626156
	3426626157
	3426626158
	3426626159
	3426626160
	3426626161
	3426626162
	3426626163
	3426626164
	3426626165
	3426626166
	3426626167
	3426626168
	3426626169
	3426626170
	3426626171
	3426626172
	3426626173
	3426626174
	3426626175
	3426626176
	3426626177
	3426626178
	3426626179
	3426626180
	3426626181
	3426626182
	3426626183
	3426626184
	3426626185
	3426626186
	3426626187
	3426626188
	3426626189
	3426626190
	3426626191
	3426626192
	3426626193
	3426626194
	3426626195
	3426626196
	3426626197
	3426626198
	3426626199
	3426626200
	3426626201
	3426626202
	3426626203
	3426626204
	3426626205
	3426626206
	3426626207
	3426626208
	3426626209
	3426626210
	3426626211
	3426626212
	3426626213
	3426626214
	3426626215
	3426626216
	3426626217
	3426626218
	3426626219
	3426626220
	3426626221
	3426626222
	3426626223
	3426626224
	3426626225
	3426626226
	3426626227
	3426626228
	3426626229
	3426626230
	3426626231
	3426626232
	3426626233
	3426626234
	3426626235
	3426626236
	3426626237
	3426626238
	3426626239
	3426626240
	3426626241
	3426626242
	3426626243
	3426626244
	3426626245
	3426626246
	3426626247
	3426626248
	3426626249
	3426626250
	3426626251
	3426626252
	3426626253
	3426626254
	3426626255
	3426626256
	3426626257
	3426626258
	3426626259
	3426626260
	3426626261
	3426626262
	3426626263
	3426626264
	3426626265
	3426626266
	3426626267
	3426626268
	3426626269
	3426626270
	3426626271
	3426626272
	3426626273
	3426626274
	3426626275
	3426626276
	3426626277
	3426626278
	3426626279
	3426626280
	3426626281
	3426626282
	3426626283
	3426626284
	3426626285
	3426626286
	3426626287
	3426626288
	3426626289
	3426626290
	3426626291
	3426626292
	3426626293
	3426626294
	3426626295
	3426626296
	3426626297
	3426626298
	3426626299
	3426626300
	3426626301
	3426626302
	3426626303
	3426626304
	3426626305
	3426626306
	3426626307
	3426626308
	3426626309
	3426626310
	3426626311
	3426626312
	3426626313
	3426626314
	3426626315
	3426626316
	3426626317
	3426626318
	3426626319
	3426626320
	3426626321
	3426626322
	3426626323
	3426626324
	3426626325
	3426626326
	3426626327
	3426626328
	3426626329
	3426626330
	3426626331
	3426626332
	3426626333
	3426626334
	3426626335
	3426626336
	3426626337
	3426626338
	3426626339
	3426626340
	3426626341
	3426626342
	3426626343
	3426626344
	3426626345
	3426626346
	3426626347
	3426626348
	3426626349
	3426626350
	3426626351
	3426626352
	3426626353
	3426626354
	3426626355
	3426626356
	3426626357
	3426626358
	3426626359
	3426626360
	3426626361
	3426626362
	3426626363
	3426626364
	3426626365
	3426626366
	3426626367
	3426626368
	3426626369
	3426626370
	3426626371
	3426626372
	3426626373
	3426626374
	3426626375
	3426626376
	3426626377
	3426626378
	3426626379
	3426626380
	3426626381
	3426626382
	3426626383
	3426626384
	3426626385
	3426626386
	3426626387
	3426626388
	3426626389
	3426626390
	3426626391
	3426626392
	3426626393
	3426626394
	3426626395
	3426626396
	3426626397
	3426626398
	3426626399
	3426626400
	3426626401
	3426626402
	3426626403
	3426626404
	3426626405
	3426626406
	3426626407
	3426626408
	3426626409
	3426626410
	3426626411
	3426626412
	3426626413
	3426626414
	3426626415
	3426626416
	3426626417
	3426626418
	3426626419
	3426626420
	3426626421
	3426626422
	3426626423
	3426626424
	3426626425
	3426626426
	3426626427
	3426626428
	3426626429
	3426626430
	3426626431
	3426626432
	3426626433
	3426626434
	3426626435
	3426626436
	3426626437
	3426626438
	3426626439
	3426626440
	3426626441
	3426626442
	3426626443
	3426626444
	3426626445
	3426626446
	3426626447
	3426626448
	3426626449
	3426626450
	3426626451
	3426626452
	3426626453
	3426626454
	3426626455
	3426626456
	3426626457
	3426626458
	3426626459
	3426626460
	3426626461
	3426626462
	3426626463
	3426626464
	3426626465
	3426626466
	3426626467
	3426626468
	3426626469
	3426626470
	3426626471
	3426626472
	3426626473
	3426626474
	3426626475
	3426626476
	3426626477
	3426626478
	3426626479
	3426626480
	3426626481
	3426626482
	3426626483
	3426626484
	3426626485
	3426626486
	3426626487
	3426626488
	3426626489
	3426626490
	3426626491
	3426626492
	3426626493
	3426626494
	3426626495
	3426626496
	3426626497
	3426626498
	3426626499
	3426626500
	3426626501
	3426626502
	3426626503
	3426626504
	3426626505
	3426626506
	3426626507
	3426626508
	3426626509
	3426626510
	3426626511
	3426626512
	3426626513
	3426626514
	3426626515
	3426626516
	3426626517
	3426626518
	3426626519
	3426626520
	3426626521
	3426626522
	3426626523
	3426626524
	3426626525
	3426626526
	3426626527
	3426626528
	3426626529
	3426626530
	3426626531
	3426626532
	3426626533
	3426626534
	3426626535
	3426626536
	3426626537
	3426626538
	3426626539
	3426626540
	3426626541
	3426626542
	3426626543
	3426626544
	3426626545
	3426626546
	3426626547
	3426626548
	3426626549
	3426626550
	3426626551
	3426626552
	3426626553
	3426626554
	3426626555
	3426626556
	3426626557
	3426626558
	3426626559
	3426626560
	3426626561
	3426626562
	3426626563
	3426626564
	3426626565
	3426626566
	3426626567
	3426626568
	3426626569
	3426626570
	3426626571
	3426626572
	3426626573
	3426626574
	3426626575
	3426626576
	3426626577
	3426626578
	3426626579
	3426626580
	3426626581
	3426626582
	3426626583
	3426626584
	3426626585
	3426626586
	3426626587
	3426626588
	3426626589
	3426626590
	3426626591
	3426626592
	3426626593
	3426626594
	3426626595
	3426626596
	3426626597
	3426626598
	3426626599
	3426626600
	3426626601
	3426626602
	3426626603
	3426626604
	3426626605
	3426626606
	3426626607
	3426626608
	3426626609
	3426626610
	3426626611
	3426626612
	3426626613
	3426626614
	3426626615
	3426626616
	3426626617
	3426626618
	3426626619
	3426626620
	3426626621
	3426626622
	3426626623
	3426626624
	3426626625
	3426626626
	3426626627
	3426626628
	3426626629
	3426626630
	3426626631
	3426626632
	3426626633
	3426626634
	3426626635
	3426626636
	3426626637
	3426626638
	3426626639
	3426626640
	3426626641
	3426626642
	3426626643
	3426626644
	3426626645
	3426626646
	3426626647
	3426626648
	3426626649
	3426626650
	3426626651
	3426626652
	3426626653
	3426626654
	3426626655
	3426626656
	3426626657
	3426626658
	3426626659
	3426626660
	3426626661
	3426626662
	3426626663
	3426626664
	3426626665
	3426626666
	3426626667
	3426626668
	3426626669
	3426626670
	3426626671
	3426626672
	3426626673
	3426626674
	3426626675
	3426626676
	3426626677
	3426626678
	3426626679
	3426626680
	3426626681
	3426626682
	3426626683
	3426626684
	3426626685
	3426626686
	3426626687
	3426626688
	3426626689
	3426626690
	3426626691
	3426626692
	3426626693
	3426626694
	3426626695
	3426626696
	3426626697
	3426626698
	3426626699
	3426626700
	3426626701
	3426626702
	3426626703
	3426626704
	3426626705
	3426626706
	3426626707
	3426626708
	3426626709
	3426626710
	3426626711
	3426626712
	3426626713
	3426626714
	3426626715
	3426626716
	3426626717
	3426626718
