	3427005409
	3427005409
	3427005410
	3427005411
	3427005412
	3427005413
	3427005414
	3427005415
	3427005416
	3427005417
	3427005418
	3427005419
	3427005420
	3427005421
	3427005422
	3427005423
	3427005424
	3427005425
	3427005426
	3427005427
	3427005428
	3427005429
	3427005430
	3427005431
	3427005432
	3427005433
	3427005434
	3427005435
	3427005436
	3427005437
	3427005438
	3427005439
	3427005440
	3427005441
	3427005442
	3427005443
	3427005444
	3427005445
	3427005446
	3427005447
	3427005448
	3427005449
	3427005450
	3427005451
	3427005452
	3427005453
	3427005454
	3427005455
	3427005456
	3427005457
	3427005458
	3427005459
	3427005460
	3427005461
	3427005462
	3427005463
	3427005464
	3427005465
	3427005466
	3427005467
	3427005468
	3427005469
	3427005470
	3427005471
	3427005472
	3427005473
	3427005474
	3427005475
	3427005476
	3427005477
	3427005478
	3427005479
	3427005480
	3427005481
	3427005482
	3427005483
	3427005484
	3427005485
	3427005486
	3427005487
	3427005488
	3427005489
	3427005490
	3427005491
	3427005492
	3427005493
	3427005494
	3427005495
	3427005496
	3427005497
	3427005498
	3427005499
	3427005500
	3427005501
	3427005502
	3427005503
	3427005504
	3427005505
	3427005506
	3427005507
	3427005508
	3427005509
	3427005510
	3427005511
	3427005512
	3427005513
	3427005514
	3427005515
	3427005516
	3427005517
	3427005518
	3427005519
	3427005520
	3427005521
	3427005522
	3427005523
	3427005524
	3427005525
	3427005526
	3427005527
	3427005528
	3427005529
	3427005530
	3427005531
	3427005532
	3427005533
	3427005534
	3427005535
	3427005536
	3427005537
	3427005538
	3427005539
	3427005540
	3427005541
	3427005542
	3427005543
	3427005544
	3427005545
	3427005546
	3427005547
	3427005548
	3427005549
	3427005550
	3427005551
	3427005552
	3427005553
	3427005554
	3427005555
	3427005556
	3427005557
	3427005558
	3427005559
	3427005560
	3427005561
	3427005562
	3427005563
	3427005564
	3427005565
	3427005566
	3427005567
	3427005568
	3427005569
	3427005570
	3427005571
	3427005572
	3427005573
	3427005574
	3427005575
	3427005576
	3427005577
	3427005578
	3427005579
	3427005580
	3427005581
	3427005582
	3427005583
	3427005584
	3427005585
	3427005586
	3427005587
	3427005588
	3427005589
	3427005590
	3427005591
	3427005592
	3427005593
	3427005594
	3427005595
	3427005596
	3427005597
	3427005598
	3427005599
	3427005600
	3427005601
	3427005602
	3427005603
	3427005604
	3427005605
	3427005606
	3427005607
	3427005608
	3427005609
	3427005610
	3427005611
	3427005612
	3427005613
	3427005614
	3427005615
	3427005616
	3427005617
	3427005618
	3427005619
	3427005620
	3427005621
	3427005622
	3427005623
	3427005624
	3427005625
	3427005626
	3427005627
	3427005628
	3427005629
	3427005630
	3427005631
	3427005632
	3427005633
	3427005634
	3427005635
	3427005636
	3427005637
	3427005638
	3427005639
	3427005640
	3427005641
	3427005642
	3427005643
	3427005644
	3427005645
	3427005646
	3427005647
	3427005648
	3427005649
	3427005650
	3427005651
	3427005652
	3427005653
	3427005654
	3427005655
	3427005656
	3427005657
	3427005658
	3427005659
	3427005660
	3427005661
	3427005662
	3427005663
	3427005664
	3427005665
	3427005666
	3427005667
	3427005668
	3427005669
	3427005670
	3427005671
	3427005672
	3427005673
	3427005674
	3427005675
	3427005676
	3427005677
	3427005678
	3427005679
	3427005680
	3427005681
	3427005682
	3427005683
	3427005684
	3427005685
	3427005686
	3427005687
	3427005688
	3427005689
	3427005690
	3427005691
	3427005692
	3427005693
	3427005694
	3427005695
	3427005696
	3427005697
	3427005698
	3427005699
	3427005700
	3427005701
	3427005702
	3427005703
	3427005704
	3427005705
	3427005706
	3427005707
	3427005708
	3427005709
	3427005710
	3427005711
	3427005712
	3427005713
	3427005714
	3427005715
	3427005716
	3427005717
	3427005718
	3427005719
	3427005720
	3427005721
	3427005722
	3427005723
	3427005724
	3427005725
	3427005726
	3427005727
	3427005728
	3427005729
	3427005730
	3427005731
	3427005732
	3427005733
	3427005734
	3427005735
	3427005736
	3427005737
	3427005738
	3427005739
	3427005740
	3427005741
	3427005742
	3427005743
	3427005744
	3427005745
	3427005746
	3427005747
	3427005748
	3427005749
	3427005750
	3427005751
	3427005752
	3427005753
	3427005754
	3427005755
	3427005756
	3427005757
	3427005758
	3427005759
	3427005760
	3427005761
	3427005762
	3427005763
	3427005764
	3427005765
	3427005766
	3427005767
	3427005768
	3427005769
	3427005770
	3427005771
	3427005772
	3427005773
	3427005774
	3427005775
	3427005776
	3427005777
	3427005778
	3427005779
	3427005780
	3427005781
	3427005782
	3427005783
	3427005784
	3427005785
	3427005786
	3427005787
	3427005788
	3427005789
	3427005790
	3427005791
	3427005792
	3427005793
	3427005794
	3427005795
	3427005796
	3427005797
	3427005798
	3427005799
	3427005800
	3427005801
	3427005802
	3427005803
	3427005804
	3427005805
	3427005806
	3427005807
	3427005808
	3427005809
	3427005810
	3427005811
	3427005812
	3427005813
	3427005814
	3427005815
	3427005816
	3427005817
	3427005818
	3427005819
	3427005820
	3427005821
	3427005822
	3427005823
	3427005824
	3427005825
	3427005826
	3427005827
	3427005828
	3427005829
	3427005830
	3427005831
	3427005832
	3427005833
	3427005834
	3427005835
	3427005836
	3427005837
	3427005838
	3427005839
	3427005840
	3427005841
	3427005842
	3427005843
	3427005844
	3427005845
	3427005846
	3427005847
	3427005848
	3427005849
	3427005850
	3427005851
	3427005852
	3427005853
	3427005854
	3427005855
	3427005856
	3427005857
	3427005858
	3427005859
	3427005860
	3427005861
	3427005862
	3427005863
	3427005864
	3427005865
	3427005866
	3427005867
	3427005868
	3427005869
	3427005870
	3427005871
	3427005872
	3427005873
	3427005874
	3427005875
	3427005876
	3427005877
	3427005878
	3427005879
	3427005880
	3427005881
	3427005882
	3427005883
	3427005884
	3427005885
	3427005886
	3427005887
	3427005888
	3427005889
	3427005890
	3427005891
	3427005892
	3427005893
	3427005894
	3427005895
	3427005896
	3427005897
	3427005898
	3427005899
	3427005900
	3427005901
	3427005902
	3427005903
	3427005904
	3427005905
	3427005906
	3427005907
	3427005908
	3427005909
	3427005910
	3427005911
	3427005912
	3427005913
	3427005914
	3427005915
	3427005916
	3427005917
	3427005918
	3427005919
	3427005920
	3427005921
	3427005922
	3427005923
	3427005924
	3427005925
	3427005926
	3427005927
	3427005928
	3427005929
	3427005930
	3427005931
	3427005932
	3427005933
	3427005934
	3427005935
	3427005936
	3427005937
	3427005938
	3427005939
	3427005940
	3427005941
	3427005942
	3427005943
	3427005944
	3427005945
	3427005946
	3427005947
	3427005948
	3427005949
	3427005950
	3427005951
	3427005952
	3427005953
	3427005954
	3427005955
	3427005956
	3427005957
	3427005958
	3427005959
	3427005960
	3427005961
	3427005962
	3427005963
	3427005964
	3427005965
	3427005966
	3427005967
	3427005968
	3427005969
	3427005970
	3427005971
	3427005972
	3427005973
	3427005974
	3427005975
	3427005976
	3427005977
	3427005978
	3427005979
	3427005980
	3427005981
	3427005982
	3427005983
	3427005984
	3427005985
	3427005986
	3427005987
	3427005988
	3427005989
	3427005990
	3427005991
	3427005992
	3427005993
	3427005994
	3427005995
	3427005996
	3427005997
	3427005998
	3427005999
	3427006000
	3427006001
	3427006002
	3427006003
	3427006004
	3427006005
	3427006006
	3427006007
	3427006008
	3427006009
	3427006010
	3427006011
	3427006012
	3427006013
	3427006014
	3427006015
	3427006016
	3427006017
	3427006018
	3427006019
	3427006020
	3427006021
	3427006022
	3427006023
	3427006024
	3427006025
	3427006026
	3427006027
	3427006028
	3427006029
	3427006030
	3427006031
	3427006032
	3427006033
	3427006034
	3427006035
	3427006036
	3427006037
	3427006038
	3427006039
	3427006040
	3427006041
	3427006042
	3427006043
	3427006044
	3427006045
	3427006046
	3427006047
	3427006048
	3427006049
	3427006050
	3427006051
	3427006052
	3427006053
	3427006054
	3427006055
	3427006056
	3427006057
	3427006058
	3427006059
	3427006060
	3427006061
	3427006062
	3427006063
	3427006064
	3427006065
	3427006066
	3427006067
	3427006068
	3427006069
	3427006070
	3427006071
	3427006072
	3427006073
	3427006074
	3427006075
	3427006076
	3427006077
	3427006078
	3427006079
	3427006080
	3427006081
	3427006082
	3427006083
	3427006084
	3427006085
	3427006086
	3427006087
	3427006088
	3427006089
	3427006090
	3427006091
	3427006092
	3427006093
	3427006094
	3427006095
	3427006096
	3427006097
	3427006098
	3427006099
	3427006100
	3427006101
	3427006102
	3427006103
	3427006104
	3427006105
	3427006106
	3427006107
	3427006108
	3427006109
	3427006110
	3427006111
	3427006112
	3427006113
	3427006114
	3427006115
	3427006116
	3427006117
	3427006118
	3427006119
	3427006120
	3427006121
	3427006122
	3427006123
	3427006124
	3427006125
	3427006126
	3427006127
	3427006128
	3427006129
	3427006130
	3427006131
	3427006132
	3427006133
	3427006134
	3427006135
	3427006136
	3427006137
	3427006138
	3427006139
	3427006140
	3427006141
	3427006142
	3427006143
	3427006144
	3427006145
	3427006146
	3427006147
	3427006148
	3427006149
	3427006150
	3427006151
	3427006152
	3427006153
	3427006154
	3427006155
	3427006156
	3427006157
	3427006158
	3427006159
	3427006160
	3427006161
	3427006162
	3427006163
	3427006164
	3427006165
	3427006166
	3427006167
	3427006168
	3427006169
	3427006170
	3427006171
	3427006172
	3427006173
	3427006174
	3427006175
	3427006176
	3427006177
	3427006178
	3427006179
	3427006180
	3427006181
	3427006182
	3427006183
	3427006184
	3427006185
	3427006186
	3427006187
	3427006188
	3427006189
	3427006190
	3427006191
	3427006192
	3427006193
	3427006194
	3427006195
	3427006196
	3427006197
	3427006198
	3427006199
	3427006200
	3427006201
	3427006202
	3427006203
	3427006204
	3427006205
	3427006206
	3427006207
	3427006208
	3427006209
	3427006210
	3427006211
	3427006212
	3427006213
	3427006214
	3427006215
	3427006216
	3427006217
	3427006218
	3427006219
	3427006220
	3427006221
	3427006222
	3427006223
	3427006224
	3427006225
	3427006226
	3427006227
	3427006228
	3427006229
	3427006230
	3427006231
	3427006232
	3427006233
	3427006234
	3427006235
	3427006236
	3427006237
	3427006238
	3427006239
	3427006240
	3427006241
	3427006242
	3427006243
	3427006244
	3427006245
	3427006246
	3427006247
	3427006248
	3427006249
	3427006250
	3427006251
	3427006252
	3427006253
	3427006254
	3427006255
	3427006256
	3427006257
	3427006258
	3427006259
	3427006260
	3427006261
	3427006262
	3427006263
	3427006264
	3427006265
	3427006266
	3427006267
	3427006268
	3427006269
	3427006270
	3427006271
	3427006272
	3427006273
	3427006274
	3427006275
	3427006276
	3427006277
	3427006278
	3427006279
	3427006280
	3427006281
	3427006282
	3427006283
	3427006284
	3427006285
	3427006286
	3427006287
	3427006288
	3427006289
	3427006290
	3427006291
	3427006292
	3427006293
	3427006294
	3427006295
	3427006296
	3427006297
	3427006298
	3427006299
	3427006300
	3427006301
	3427006302
	3427006303
	3427006304
	3427006305
	3427006306
	3427006307
	3427006308
	3427006309
	3427006310
	3427006311
	3427006312
	3427006313
	3427006314
	3427006315
	3427006316
	3427006317
	3427006318
	3427006319
	3427006320
	3427006321
	3427006322
	3427006323
	3427006324
	3427006325
	3427006326
	3427006327
	3427006328
	3427006329
	3427006330
	3427006331
	3427006332
	3427006333
	3427006334
	3427006335
	3427006336
	3427006337
	3427006338
	3427006339
	3427006340
	3427006341
	3427006342
	3427006343
	3427006344
	3427006345
	3427006346
	3427006347
	3427006348
	3427006349
	3427006350
	3427006351
	3427006352
	3427006353
	3427006354
	3427006355
	3427006356
	3427006357
	3427006358
	3427006359
	3427006360
	3427006361
	3427006362
	3427006363
	3427006364
	3427006365
	3427006366
	3427006367
	3427006368
	3427006369
	3427006370
	3427006371
	3427006372
	3427006373
	3427006374
	3427006375
	3427006376
	3427006377
	3427006378
	3427006379
	3427006380
	3427006381
	3427006382
	3427006383
	3427006384
	3427006385
	3427006386
	3427006387
	3427006388
	3427006389
	3427006390
	3427006391
	3427006392
	3427006393
	3427006394
	3427006395
	3427006396
	3427006397
	3427006398
	3427006399
	3427006400
	3427006401
	3427006402
	3427006403
	3427006404
	3427006405
	3427006406
	3427006407
	3427006408
	3427006409
	3427006410
	3427006411
	3427006412
	3427006413
	3427006414
	3427006415
	3427006416
	3427006417
	3427006418
	3427006419
	3427006420
	3427006421
	3427006422
	3427006423
	3427006424
	3427006425
	3427006426
	3427006427
	3427006428
	3427006429
	3427006430
	3427006431
	3427006432
	3427006433
	3427006434
	3427006435
	3427006436
	3427006437
	3427006438
	3427006439
	3427006440
	3427006441
	3427006442
	3427006443
	3427006444
	3427006445
	3427006446
	3427006447
	3427006448
	3427006449
	3427006450
	3427006451
	3427006452
	3427006453
	3427006454
	3427006455
	3427006456
	3427006457
	3427006458
	3427006459
	3427006460
	3427006461
	3427006462
	3427006463
	3427006464
	3427006465
	3427006466
	3427006467
	3427006468
	3427006469
	3427006470
	3427006471
	3427006472
	3427006473
	3427006474
	3427006475
	3427006476
	3427006477
	3427006478
	3427006479
	3427006480
	3427006481
	3427006482
	3427006483
	3427006484
	3427006485
	3427006486
	3427006487
	3427006488
	3427006489
	3427006490
	3427006491
	3427006492
	3427006493
	3427006494
	3427006495
	3427006496
	3427006497
	3427006498
	3427006499
	3427006500
	3427006501
	3427006502
	3427006503
	3427006504
	3427006505
	3427006506
	3427006507
	3427006508
	3427006509
	3427006510
	3427006511
	3427006512
	3427006513
	3427006514
	3427006515
	3427006516
	3427006517
	3427006518
	3427006519
	3427006520
	3427006521
	3427006522
	3427006523
	3427006524
	3427006525
	3427006526
	3427006527
	3427006528
	3427006529
	3427006530
	3427006531
	3427006532
	3427006533
	3427006534
	3427006535
	3427006536
	3427006537
	3427006538
	3427006539
	3427006540
	3427006541
	3427006542
	3427006543
	3427006544
	3427006545
	3427006546
	3427006547
	3427006548
	3427006549
	3427006550
	3427006551
	3427006552
	3427006553
	3427006554
	3427006555
	3427006556
	3427006557
	3427006558
	3427006559
	3427006560
	3427006561
	3427006562
	3427006563
	3427006564
	3427006565
	3427006566
	3427006567
	3427006568
	3427006569
	3427006570
	3427006571
	3427006572
	3427006573
	3427006574
	3427006575
	3427006576
	3427006577
	3427006578
	3427006579
	3427006580
	3427006581
	3427006582
	3427006583
	3427006584
	3427006585
	3427006586
	3427006587
	3427006588
	3427006589
	3427006590
	3427006591
	3427006592
	3427006593
	3427006594
	3427006595
	3427006596
	3427006597
	3427006598
	3427006599
	3427006600
	3427006601
	3427006602
	3427006603
	3427006604
	3427006605
	3427006606
	3427006607
	3427006608
	3427006609
	3427006610
	3427006611
	3427006612
	3427006613
	3427006614
	3427006615
	3427006616
	3427006617
	3427006618
	3427006619
	3427006620
	3427006621
	3427006622
	3427006623
	3427006624
	3427006625
	3427006626
	3427006627
	3427006628
	3427006629
	3427006630
	3427006631
	3427006632
	3427006633
	3427006634
	3427006635
	3427006636
	3427006637
	3427006638
	3427006639
	3427006640
	3427006641
	3427006642
	3427006643
	3427006644
	3427006645
	3427006646
	3427006647
	3427006648
	3427006649
	3427006650
	3427006651
	3427006652
	3427006653
	3427006654
	3427006655
	3427006656
	3427006657
	3427006658
	3427006659
	3427006660
	3427006661
	3427006662
	3427006663
	3427006664
	3427006665
	3427006666
	3427006667
	3427006668
	3427006669
	3427006670
	3427006671
	3427006672
	3427006673
	3427006674
	3427006675
	3427006676
	3427006677
	3427006678
	3427006679
	3427006680
	3427006681
	3427006682
	3427006683
	3427006684
	3427006685
	3427006686
	3427006687
	3427006688
	3427006689
	3427006690
	3427006691
	3427006692
	3427006693
	3427006694
	3427006695
	3427006696
	3427006697
	3427006698
	3427006699
	3427006700
	3427006701
	3427006702
	3427006703
	3427006704
	3427006705
	3427006706
	3427006707
	3427006708
	3427006709
	3427006710
	3427006711
	3427006712
	3427006713
	3427006714
	3427006715
	3427006716
	3427006717
	3427006718
	3427006719
	3427006720
	3427006721
	3427006722
	3427006723
	3427006724
	3427006725
	3427006726
	3427006727
	3427006728
	3427006729
	3427006730
	3427006731
	3427006732
	3427006733
	3427006734
	3427006735
	3427006736
	3427006737
	3427006738
	3427006739
	3427006740
	3427006741
	3427006742
	3427006743
	3427006744
	3427006745
	3427006746
	3427006747
	3427006748
	3427006749
	3427006750
	3427006751
	3427006752
	3427006753
	3427006754
	3427006755
	3427006756
	3427006757
	3427006758
	3427006759
	3427006760
	3427006761
	3427006762
	3427006763
	3427006764
	3427006765
	3427006766
	3427006767
	3427006768
	3427006769
	3427006770
	3427006771
	3427006772
	3427006773
	3427006774
	3427006775
	3427006776
	3427006777
	3427006778
	3427006779
	3427006780
	3427006781
	3427006782
	3427006783
	3427006784
	3427006785
	3427006786
	3427006787
	3427006788
	3427006789
	3427006790
	3427006791
	3427006792
	3427006793
	3427006794
	3427006795
	3427006796
	3427006797
	3427006798
	3427006799
	3427006800
	3427006801
	3427006802
	3427006803
	3427006804
	3427006805
	3427006806
	3427006807
	3427006808
	3427006809
	3427006810
	3427006811
	3427006812
	3427006813
	3427006814
	3427006815
	3427006816
	3427006817
	3427006818
	3427006819
	3427006820
	3427006821
	3427006822
	3427006823
	3427006824
	3427006825
	3427006826
	3427006827
	3427006828
	3427006829
	3427006830
	3427006831
	3427006832
	3427006833
	3427006834
	3427006835
	3427006836
	3427006837
	3427006838
	3427006839
	3427006840
	3427006841
	3427006842
	3427006843
	3427006844
	3427006845
	3427006846
	3427006847
	3427006848
	3427006849
	3427006850
	3427006851
	3427006852
	3427006853
	3427006854
	3427006855
	3427006856
	3427006857
	3427006858
	3427006859
	3427006860
	3427006861
	3427006862
	3427006863
	3427006864
	3427006865
	3427006866
	3427006867
	3427006868
	3427006869
	3427006870
	3427006871
	3427006872
	3427006873
	3427006874
	3427006875
	3427006876
	3427006877
	3427006878
	3427006879
	3427006880
	3427006881
	3427006882
	3427006883
	3427006884
	3427006885
	3427006886
	3427006887
	3427006888
	3427006889
	3427006890
	3427006891
	3427006892
	3427006893
	3427006894
	3427006895
	3427006896
	3427006897
	3427006898
	3427006899
	3427006900
	3427006901
	3427006902
	3427006903
	3427006904
	3427006905
	3427006906
	3427006907
	3427006908
	3427006909
	3427006910
	3427006911
	3427006912
	3427006913
	3427006914
	3427006915
	3427006916
	3427006917
	3427006918
	3427006919
	3427006920
	3427006921
	3427006922
	3427006923
	3427006924
	3427006925
	3427006926
	3427006927
	3427006928
	3427006929
	3427006930
	3427006931
	3427006932
	3427006933
	3427006934
	3427006935
	3427006936
	3427006937
	3427006938
	3427006939
	3427006940
	3427006941
	3427006942
	3427006943
	3427006944
	3427006945
	3427006946
	3427006947
	3427006948
	3427006949
	3427006950
	3427006951
	3427006952
	3427006953
	3427006954
	3427006955
	3427006956
	3427006957
	3427006958
	3427006959
	3427006960
	3427006961
	3427006962
	3427006963
	3427006964
	3427006965
	3427006966
	3427006967
	3427006968
	3427006969
	3427006970
	3427006971
	3427006972
	3427006973
	3427006974
	3427006975
	3427006976
	3427006977
	3427006978
	3427006979
	3427006980
	3427006981
	3427006982
	3427006983
	3427006984
	3427006985
	3427006986
	3427006987
	3427006988
	3427006989
	3427006990
	3427006991
	3427006992
	3427006993
	3427006994
	3427006995
	3427006996
	3427006997
	3427006998
	3427006999
	3427007000
	3427007001
	3427007002
	3427007003
	3427007004
	3427007005
	3427007006
	3427007007
	3427007008
	3427007009
	3427007010
	3427007011
	3427007012
	3427007013
	3427007014
	3427007015
	3427007016
	3427007017
	3427007018
	3427007019
	3427007020
	3427007021
	3427007022
	3427007023
	3427007024
	3427007025
	3427007026
	3427007027
	3427007028
	3427007029
	3427007030
	3427007031
	3427007032
	3427007033
	3427007034
	3427007035
	3427007036
	3427007037
	3427007038
	3427007039
	3427007040
	3427007041
	3427007042
	3427007043
	3427007044
	3427007045
	3427007046
	3427007047
	3427007048
	3427007049
	3427007050
	3427007051
	3427007052
	3427007053
	3427007054
	3427007055
	3427007056
	3427007057
	3427007058
	3427007059
	3427007060
	3427007061
	3427007062
	3427007063
	3427007064
	3427007065
	3427007066
	3427007067
	3427007068
	3427007069
	3427007070
	3427007071
	3427007072
	3427007073
	3427007074
	3427007075
	3427007076
	3427007077
	3427007078
	3427007079
	3427007080
	3427007081
	3427007082
	3427007083
	3427007084
	3427007085
	3427007086
	3427007087
	3427007088
	3427007089
	3427007090
	3427007091
	3427007092
	3427007093
	3427007094
	3427007095
	3427007096
	3427007097
	3427007098
	3427007099
	3427007100
	3427007101
	3427007102
	3427007103
	3427007104
	3427007105
	3427007106
	3427007107
	3427007108
	3427007109
	3427007110
	3427007111
	3427007112
	3427007113
	3427007114
	3427007115
	3427007116
	3427007117
	3427007118
	3427007119
	3427007120
	3427007121
	3427007122
	3427007123
	3427007124
	3427007125
	3427007126
	3427007127
	3427007128
	3427007129
	3427007130
	3427007131
	3427007132
	3427007133
	3427007134
	3427007135
	3427007136
	3427007137
	3427007138
	3427007139
	3427007140
	3427007141
	3427007142
	3427007143
	3427007144
	3427007145
	3427007146
	3427007147
	3427007148
	3427007149
	3427007150
	3427007151
	3427007152
	3427007153
	3427007154
	3427007155
	3427007156
	3427007157
	3427007158
	3427007159
	3427007160
	3427007161
	3427007162
	3427007163
	3427007164
	3427007165
	3427007166
	3427007167
	3427007168
	3427007169
	3427007170
	3427007171
	3427007172
	3427007173
	3427007174
	3427007175
	3427007176
	3427007177
	3427007178
	3427007179
	3427007180
	3427007181
	3427007182
	3427007183
	3427007184
	3427007185
	3427007186
	3427007187
	3427007188
	3427007189
	3427007190
	3427007191
	3427007192
	3427007193
	3427007194
	3427007195
	3427007196
	3427007197
	3427007198
	3427007199
	3427007200
	3427007201
	3427007202
	3427007203
	3427007204
	3427007205
	3427007206
	3427007207
	3427007208
	3427007209
	3427007210
	3427007211
	3427007212
	3427007213
	3427007214
	3427007215
	3427007216
	3427007217
	3427007218
	3427007219
	3427007220
	3427007221
	3427007222
	3427007223
	3427007224
	3427007225
	3427007226
	3427007227
	3427007228
	3427007229
	3427007230
	3427007231
	3427007232
	3427007233
	3427007234
	3427007235
	3427007236
	3427007237
	3427007238
	3427007239
	3427007240
	3427007241
	3427007242
	3427007243
	3427007244
	3427007245
	3427007246
	3427007247
	3427007248
	3427007249
	3427007250
	3427007251
	3427007252
	3427007253
	3427007254
	3427007255
	3427007256
	3427007257
	3427007258
	3427007259
	3427007260
	3427007261
	3427007262
	3427007263
	3427007264
	3427007265
	3427007266
	3427007267
	3427007268
	3427007269
	3427007270
	3427007271
	3427007272
	3427007273
	3427007274
	3427007275
	3427007276
	3427007277
	3427007278
	3427007279
	3427007280
	3427007281
	3427007282
	3427007283
	3427007284
	3427007285
	3427007286
	3427007287
	3427007288
	3427007289
	3427007290
	3427007291
	3427007292
	3427007293
	3427007294
	3427007295
	3427007296
	3427007297
	3427007298
	3427007299
	3427007300
	3427007301
	3427007302
	3427007303
	3427007304
	3427007305
	3427007306
	3427007307
	3427007308
	3427007309
	3427007310
	3427007311
	3427007312
	3427007313
	3427007314
	3427007315
	3427007316
	3427007317
	3427007318
	3427007319
	3427007320
	3427007321
	3427007322
	3427007323
	3427007324
	3427007325
	3427007326
	3427007327
	3427007328
	3427007329
	3427007330
	3427007331
	3427007332
	3427007333
	3427007334
	3427007335
	3427007336
	3427007337
	3427007338
	3427007339
	3427007340
	3427007341
	3427007342
	3427007343
	3427007344
	3427007345
	3427007346
	3427007347
	3427007348
	3427007349
	3427007350
	3427007351
	3427007352
	3427007353
	3427007354
	3427007355
	3427007356
	3427007357
	3427007358
	3427007359
	3427007360
	3427007361
	3427007362
	3427007363
	3427007364
	3427007365
	3427007366
	3427007367
	3427007368
	3427007369
	3427007370
	3427007371
	3427007372
	3427007373
	3427007374
	3427007375
	3427007376
	3427007377
	3427007378
	3427007379
	3427007380
	3427007381
	3427007382
	3427007383
	3427007384
	3427007385
	3427007386
	3427007387
	3427007388
	3427007389
	3427007390
	3427007391
	3427007392
	3427007393
	3427007394
	3427007395
	3427007396
	3427007397
	3427007398
	3427007399
	3427007400
	3427007401
	3427007402
	3427007403
	3427007404
	3427007405
	3427007406
	3427007407
	3427007408
	3427007409
	3427007410
	3427007411
	3427007412
	3427007413
	3427007414
	3427007415
	3427007416
	3427007417
	3427007418
	3427007419
	3427007420
	3427007421
	3427007422
	3427007423
	3427007424
	3427007425
	3427007426
	3427007427
	3427007428
	3427007429
	3427007430
	3427007431
	3427007432
	3427007433
	3427007434
	3427007435
	3427007436
	3427007437
	3427007438
	3427007439
	3427007440
	3427007441
	3427007442
	3427007443
	3427007444
	3427007445
	3427007446
	3427007447
	3427007448
	3427007449
	3427007450
	3427007451
	3427007452
	3427007453
	3427007454
	3427007455
	3427007456
	3427007457
	3427007458
	3427007459
	3427007460
	3427007461
	3427007462
	3427007463
	3427007464
	3427007465
	3427007466
	3427007467
	3427007468
	3427007469
	3427007470
	3427007471
	3427007472
	3427007473
	3427007474
	3427007475
	3427007476
	3427007477
	3427007478
	3427007479
	3427007480
	3427007481
	3427007482
	3427007483
	3427007484
	3427007485
	3427007486
	3427007487
	3427007488
	3427007489
	3427007490
	3427007491
	3427007492
	3427007493
	3427007494
	3427007495
	3427007496
	3427007497
	3427007498
	3427007499
	3427007500
	3427007501
	3427007502
	3427007503
	3427007504
	3427007505
	3427007506
	3427007507
	3427007508
	3427007509
	3427007510
	3427007511
	3427007512
	3427007513
	3427007514
	3427007515
	3427007516
	3427007517
	3427007518
	3427007519
	3427007520
	3427007521
	3427007522
	3427007523
	3427007524
	3427007525
	3427007526
	3427007527
	3427007528
	3427007529
	3427007530
	3427007531
	3427007532
	3427007533
	3427007534
	3427007535
	3427007536
	3427007537
	3427007538
	3427007539
	3427007540
	3427007541
	3427007542
	3427007543
	3427007544
	3427007545
	3427007546
	3427007547
	3427007548
	3427007549
	3427007550
	3427007551
	3427007552
	3427007553
	3427007554
	3427007555
	3427007556
	3427007557
	3427007558
	3427007559
	3427007560
	3427007561
	3427007562
	3427007563
	3427007564
	3427007565
	3427007566
	3427007567
	3427007568
	3427007569
	3427007570
	3427007571
	3427007572
	3427007573
	3427007574
	3427007575
	3427007576
	3427007577
	3427007578
	3427007579
	3427007580
	3427007581
	3427007582
	3427007583
	3427007584
	3427007585
	3427007586
	3427007587
	3427007588
	3427007589
	3427007590
	3427007591
	3427007592
	3427007593
	3427007594
	3427007595
	3427007596
	3427007597
	3427007598
	3427007599
	3427007600
	3427007601
	3427007602
	3427007603
	3427007604
	3427007605
	3427007606
	3427007607
	3427007608
	3427007609
	3427007610
	3427007611
	3427007612
	3427007613
	3427007614
	3427007615
	3427007616
	3427007617
	3427007618
	3427007619
	3427007620
	3427007621
	3427007622
	3427007623
	3427007624
	3427007625
	3427007626
	3427007627
	3427007628
	3427007629
	3427007630
	3427007631
	3427007632
	3427007633
	3427007634
	3427007635
	3427007636
	3427007637
	3427007638
	3427007639
	3427007640
	3427007641
	3427007642
	3427007643
	3427007644
	3427007645
	3427007646
	3427007647
	3427007648
	3427007649
	3427007650
	3427007651
	3427007652
	3427007653
	3427007654
	3427007655
	3427007656
	3427007657
	3427007658
	3427007659
	3427007660
	3427007661
	3427007662
	3427007663
	3427007664
	3427007665
	3427007666
	3427007667
	3427007668
	3427007669
	3427007670
	3427007671
	3427007672
	3427007673
	3427007674
	3427007675
	3427007676
	3427007677
	3427007678
	3427007679
	3427007680
	3427007681
	3427007682
	3427007683
	3427007684
	3427007685
	3427007686
	3427007687
	3427007688
	3427007689
	3427007690
	3427007691
	3427007692
	3427007693
	3427007694
	3427007695
	3427007696
	3427007697
	3427007698
	3427007699
	3427007700
	3427007701
	3427007702
	3427007703
	3427007704
	3427007705
	3427007706
	3427007707
	3427007708
	3427007709
	3427007710
	3427007711
	3427007712
	3427007713
	3427007714
	3427007715
	3427007716
	3427007717
	3427007718
	3427007719
	3427007720
	3427007721
	3427007722
	3427007723
	3427007724
	3427007725
	3427007726
	3427007727
	3427007728
	3427007729
	3427007730
	3427007731
	3427007732
	3427007733
	3427007734
	3427007735
	3427007736
	3427007737
	3427007738
	3427007739
	3427007740
	3427007741
	3427007742
	3427007743
	3427007744
	3427007745
	3427007746
	3427007747
	3427007748
	3427007749
	3427007750
	3427007751
	3427007752
	3427007753
	3427007754
	3427007755
	3427007756
	3427007757
	3427007758
	3427007759
	3427007760
	3427007761
	3427007762
	3427007763
	3427007764
	3427007765
	3427007766
	3427007767
	3427007768
	3427007769
	3427007770
	3427007771
	3427007772
	3427007773
	3427007774
	3427007775
	3427007776
	3427007777
	3427007778
	3427007779
	3427007780
	3427007781
	3427007782
	3427007783
	3427007784
	3427007785
	3427007786
	3427007787
	3427007788
	3427007789
	3427007790
	3427007791
	3427007792
	3427007793
	3427007794
	3427007795
	3427007796
	3427007797
	3427007798
	3427007799
	3427007800
	3427007801
	3427007802
	3427007803
	3427007804
	3427007805
	3427007806
	3427007807
	3427007808
	3427007809
	3427007810
	3427007811
	3427007812
	3427007813
	3427007814
	3427007815
	3427007816
	3427007817
	3427007818
	3427007819
	3427007820
	3427007821
	3427007822
	3427007823
	3427007824
	3427007825
	3427007826
	3427007827
	3427007828
	3427007829
	3427007830
	3427007831
	3427007832
	3427007833
	3427007834
	3427007835
	3427007836
	3427007837
	3427007838
	3427007839
	3427007840
	3427007841
	3427007842
	3427007843
	3427007844
	3427007845
	3427007846
	3427007847
	3427007848
	3427007849
	3427007850
	3427007851
	3427007852
	3427007853
	3427007854
	3427007855
	3427007856
	3427007857
	3427007858
	3427007859
	3427007860
	3427007861
	3427007862
	3427007863
	3427007864
	3427007865
	3427007866
	3427007867
	3427007868
	3427007869
	3427007870
	3427007871
	3427007872
	3427007873
	3427007874
	3427007875
	3427007876
	3427007877
	3427007878
	3427007879
	3427007880
	3427007881
	3427007882
	3427007883
	3427007884
	3427007885
	3427007886
	3427007887
	3427007888
	3427007889
	3427007890
	3427007891
	3427007892
	3427007893
	3427007894
	3427007895
	3427007896
	3427007897
	3427007898
	3427007899
	3427007900
	3427007901
	3427007902
	3427007903
	3427007904
	3427007905
	3427007906
	3427007907
	3427007908
	3427007909
	3427007910
	3427007911
	3427007912
	3427007913
	3427007914
	3427007915
	3427007916
	3427007917
	3427007918
	3427007919
	3427007920
	3427007921
	3427007922
	3427007923
	3427007924
	3427007925
	3427007926
	3427007927
	3427007928
	3427007929
	3427007930
	3427007931
	3427007932
	3427007933
	3427007934
	3427007935
	3427007936
	3427007937
	3427007938
	3427007939
	3427007940
	3427007941
	3427007942
	3427007943
	3427007944
	3427007945
	3427007946
	3427007947
	3427007948
	3427007949
	3427007950
	3427007951
	3427007952
	3427007953
	3427007954
	3427007955
	3427007956
	3427007957
	3427007958
	3427007959
	3427007960
	3427007961
	3427007962
	3427007963
	3427007964
	3427007965
	3427007966
	3427007967
	3427007968
	3427007969
	3427007970
	3427007971
	3427007972
	3427007973
	3427007974
	3427007975
	3427007976
	3427007977
	3427007978
	3427007979
	3427007980
	3427007981
	3427007982
	3427007983
	3427007984
	3427007985
	3427007986
	3427007987
	3427007988
	3427007989
	3427007990
	3427007991
	3427007992
	3427007993
	3427007994
	3427007995
	3427007996
	3427007997
	3427007998
	3427007999
	3427008000
	3427008001
	3427008002
	3427008003
	3427008004
	3427008005
	3427008006
	3427008007
	3427008008
	3427008009
	3427008010
	3427008011
	3427008012
	3427008013
	3427008014
	3427008015
	3427008016
	3427008017
	3427008018
	3427008019
	3427008020
	3427008021
	3427008022
	3427008023
	3427008024
	3427008025
	3427008026
	3427008027
	3427008028
	3427008029
	3427008030
	3427008031
	3427008032
	3427008033
	3427008034
	3427008035
	3427008036
	3427008037
	3427008038
	3427008039
	3427008040
	3427008041
	3427008042
	3427008043
	3427008044
	3427008045
	3427008046
	3427008047
	3427008048
	3427008049
	3427008050
	3427008051
	3427008052
	3427008053
	3427008054
	3427008055
	3427008056
	3427008057
	3427008058
	3427008059
	3427008060
	3427008061
	3427008062
	3427008063
	3427008064
	3427008065
	3427008066
	3427008067
	3427008068
	3427008069
	3427008070
	3427008071
	3427008072
	3427008073
	3427008074
	3427008075
	3427008076
	3427008077
	3427008078
	3427008079
	3427008080
	3427008081
	3427008082
	3427008083
	3427008084
	3427008085
	3427008086
	3427008087
	3427008088
	3427008089
	3427008090
	3427008091
	3427008092
	3427008093
	3427008094
	3427008095
	3427008096
	3427008097
	3427008098
	3427008099
	3427008100
	3427008101
	3427008102
	3427008103
	3427008104
	3427008105
	3427008106
	3427008107
	3427008108
	3427008109
	3427008110
	3427008111
	3427008112
	3427008113
	3427008114
	3427008115
	3427008116
	3427008117
	3427008118
	3427008119
	3427008120
	3427008121
	3427008122
	3427008123
	3427008124
	3427008125
	3427008126
	3427008127
	3427008128
	3427008129
	3427008130
	3427008131
	3427008132
	3427008133
	3427008134
	3427008135
	3427008136
	3427008137
	3427008138
	3427008139
	3427008140
	3427008141
	3427008142
	3427008143
	3427008144
	3427008145
	3427008146
	3427008147
	3427008148
	3427008149
	3427008150
	3427008151
	3427008152
	3427008153
	3427008154
	3427008155
	3427008156
	3427008157
	3427008158
	3427008159
	3427008160
	3427008161
	3427008162
	3427008163
	3427008164
	3427008165
	3427008166
	3427008167
	3427008168
	3427008169
	3427008170
	3427008171
	3427008172
	3427008173
	3427008174
	3427008175
	3427008176
	3427008177
	3427008178
	3427008179
	3427008180
	3427008181
	3427008182
	3427008183
	3427008184
	3427008185
	3427008186
	3427008187
	3427008188
	3427008189
	3427008190
	3427008191
	3427008192
	3427008193
	3427008194
	3427008195
	3427008196
	3427008197
	3427008198
	3427008199
	3427008200
	3427008201
	3427008202
	3427008203
	3427008204
	3427008205
	3427008206
	3427008207
	3427008208
	3427008209
	3427008210
	3427008211
	3427008212
	3427008213
	3427008214
	3427008215
	3427008216
	3427008217
	3427008218
	3427008219
	3427008220
	3427008221
	3427008222
	3427008223
	3427008224
	3427008225
	3427008226
	3427008227
	3427008228
	3427008229
	3427008230
	3427008231
	3427008232
	3427008233
	3427008234
	3427008235
	3427008236
	3427008237
	3427008238
	3427008239
	3427008240
	3427008241
	3427008242
	3427008243
	3427008244
	3427008245
	3427008246
	3427008247
	3427008248
	3427008249
	3427008250
	3427008251
	3427008252
	3427008253
	3427008254
	3427008255
	3427008256
	3427008257
	3427008258
	3427008259
	3427008260
	3427008261
	3427008262
	3427008263
	3427008264
	3427008265
	3427008266
	3427008267
	3427008268
	3427008269
	3427008270
	3427008271
	3427008272
	3427008273
	3427008274
	3427008275
	3427008276
	3427008277
	3427008278
	3427008279
	3427008280
	3427008281
	3427008282
	3427008283
	3427008284
	3427008285
	3427008286
	3427008287
	3427008288
	3427008289
	3427008290
	3427008291
	3427008292
	3427008293
	3427008294
	3427008295
	3427008296
	3427008297
	3427008298
	3427008299
	3427008300
	3427008301
	3427008302
	3427008303
	3427008304
	3427008305
	3427008306
	3427008307
	3427008308
	3427008309
	3427008310
	3427008311
	3427008312
	3427008313
	3427008314
	3427008315
	3427008316
	3427008317
	3427008318
	3427008319
	3427008320
	3427008321
	3427008322
	3427008323
	3427008324
	3427008325
	3427008326
	3427008327
	3427008328
	3427008329
	3427008330
	3427008331
	3427008332
	3427008333
	3427008334
	3427008335
	3427008336
	3427008337
	3427008338
	3427008339
	3427008340
	3427008341
	3427008342
	3427008343
	3427008344
	3427008345
	3427008346
	3427008347
	3427008348
	3427008349
	3427008350
	3427008351
	3427008352
	3427008353
	3427008354
	3427008355
	3427008356
	3427008357
	3427008358
	3427008359
	3427008360
	3427008361
	3427008362
	3427008363
	3427008364
	3427008365
	3427008366
	3427008367
	3427008368
	3427008369
	3427008370
	3427008371
	3427008372
	3427008373
	3427008374
	3427008375
	3427008376
	3427008377
	3427008378
	3427008379
	3427008380
	3427008381
	3427008382
	3427008383
	3427008384
	3427008385
	3427008386
	3427008387
	3427008388
	3427008389
	3427008390
	3427008391
	3427008392
	3427008393
	3427008394
	3427008395
	3427008396
	3427008397
	3427008398
	3427008399
	3427008400
	3427008401
	3427008402
	3427008403
	3427008404
	3427008405
	3427008406
	3427008407
	3427008408
	3427008409
	3427008410
	3427008411
	3427008412
	3427008413
	3427008414
	3427008415
	3427008416
	3427008417
	3427008418
	3427008419
	3427008420
	3427008421
	3427008422
	3427008423
	3427008424
	3427008425
	3427008426
	3427008427
	3427008428
	3427008429
	3427008430
	3427008431
	3427008432
	3427008433
	3427008434
	3427008435
	3427008436
	3427008437
	3427008438
	3427008439
	3427008440
	3427008441
	3427008442
	3427008443
	3427008444
	3427008445
	3427008446
	3427008447
	3427008448
	3427008449
	3427008450
	3427008451
	3427008452
	3427008453
	3427008454
	3427008455
	3427008456
	3427008457
	3427008458
	3427008459
	3427008460
	3427008461
	3427008462
	3427008463
	3427008464
	3427008465
	3427008466
	3427008467
	3427008468
	3427008469
	3427008470
	3427008471
	3427008472
	3427008473
	3427008474
	3427008475
	3427008476
	3427008477
	3427008478
	3427008479
	3427008480
	3427008481
	3427008482
	3427008483
	3427008484
	3427008485
	3427008486
	3427008487
	3427008488
	3427008489
	3427008490
	3427008491
	3427008492
	3427008493
	3427008494
	3427008495
	3427008496
	3427008497
	3427008498
	3427008499
	3427008500
	3427008501
	3427008502
	3427008503
	3427008504
	3427008505
	3427008506
	3427008507
	3427008508
	3427008509
	3427008510
	3427008511
	3427008512
	3427008513
	3427008514
	3427008515
	3427008516
	3427008517
	3427008518
	3427008519
	3427008520
	3427008521
	3427008522
	3427008523
	3427008524
	3427008525
	3427008526
	3427008527
	3427008528
	3427008529
	3427008530
	3427008531
	3427008532
	3427008533
	3427008534
	3427008535
	3427008536
	3427008537
	3427008538
	3427008539
	3427008540
	3427008541
	3427008542
	3427008543
	3427008544
	3427008545
	3427008546
	3427008547
	3427008548
	3427008549
	3427008550
	3427008551
	3427008552
	3427008553
	3427008554
	3427008555
	3427008556
	3427008557
	3427008558
	3427008559
	3427008560
	3427008561
	3427008562
	3427008563
	3427008564
	3427008565
	3427008566
	3427008567
	3427008568
	3427008569
	3427008570
	3427008571
	3427008572
	3427008573
	3427008574
	3427008575
	3427008576
	3427008577
	3427008578
	3427008579
	3427008580
	3427008581
	3427008582
	3427008583
	3427008584
	3427008585
	3427008586
	3427008587
	3427008588
	3427008589
	3427008590
	3427008591
	3427008592
	3427008593
	3427008594
	3427008595
	3427008596
	3427008597
	3427008598
	3427008599
	3427008600
	3427008601
	3427008602
	3427008603
	3427008604
	3427008605
	3427008606
	3427008607
	3427008608
	3427008609
	3427008610
	3427008611
	3427008612
	3427008613
	3427008614
	3427008615
	3427008616
	3427008617
	3427008618
	3427008619
	3427008620
	3427008621
	3427008622
	3427008623
	3427008624
	3427008625
	3427008626
	3427008627
	3427008628
	3427008629
	3427008630
	3427008631
	3427008632
	3427008633
	3427008634
	3427008635
	3427008636
	3427008637
	3427008638
	3427008639
	3427008640
	3427008641
	3427008642
	3427008643
	3427008644
	3427008645
	3427008646
	3427008647
	3427008648
	3427008649
	3427008650
	3427008651
	3427008652
	3427008653
	3427008654
	3427008655
	3427008656
	3427008657
	3427008658
	3427008659
	3427008660
	3427008661
	3427008662
	3427008663
	3427008664
	3427008665
	3427008666
	3427008667
	3427008668
	3427008669
	3427008670
	3427008671
	3427008672
	3427008673
	3427008674
	3427008675
	3427008676
	3427008677
	3427008678
	3427008679
	3427008680
	3427008681
	3427008682
	3427008683
	3427008684
	3427008685
	3427008686
	3427008687
	3427008688
	3427008689
	3427008690
	3427008691
	3427008692
	3427008693
	3427008694
	3427008695
	3427008696
	3427008697
	3427008698
	3427008699
	3427008700
	3427008701
	3427008702
	3427008703
	3427008704
	3427008705
	3427008706
	3427008707
	3427008708
	3427008709
	3427008710
	3427008711
	3427008712
	3427008713
	3427008714
	3427008715
	3427008716
	3427008717
	3427008718
	3427008719
	3427008720
	3427008721
	3427008722
	3427008723
	3427008724
	3427008725
	3427008726
	3427008727
	3427008728
	3427008729
	3427008730
	3427008731
	3427008732
	3427008733
	3427008734
	3427008735
	3427008736
	3427008737
	3427008738
	3427008739
	3427008740
	3427008741
	3427008742
	3427008743
	3427008744
	3427008745
	3427008746
	3427008747
	3427008748
	3427008749
	3427008750
	3427008751
	3427008752
	3427008753
	3427008754
	3427008755
	3427008756
	3427008757
	3427008758
	3427008759
	3427008760
	3427008761
	3427008762
	3427008763
	3427008764
	3427008765
	3427008766
	3427008767
	3427008768
	3427008769
	3427008770
	3427008771
	3427008772
	3427008773
	3427008774
	3427008775
	3427008776
	3427008777
	3427008778
	3427008779
	3427008780
	3427008781
	3427008782
	3427008783
	3427008784
	3427008785
	3427008786
	3427008787
	3427008788
	3427008789
	3427008790
	3427008791
	3427008792
	3427008793
	3427008794
	3427008795
	3427008796
	3427008797
	3427008798
	3427008799
	3427008800
	3427008801
	3427008802
	3427008803
	3427008804
	3427008805
	3427008806
	3427008807
	3427008808
	3427008809
	3427008810
	3427008811
	3427008812
	3427008813
	3427008814
	3427008815
	3427008816
	3427008817
	3427008818
	3427008819
	3427008820
	3427008821
	3427008822
	3427008823
	3427008824
	3427008825
	3427008826
	3427008827
	3427008828
	3427008829
	3427008830
	3427008831
	3427008832
	3427008833
	3427008834
	3427008835
	3427008836
	3427008837
	3427008838
	3427008839
	3427008840
	3427008841
	3427008842
	3427008843
	3427008844
	3427008845
	3427008846
	3427008847
	3427008848
	3427008849
	3427008850
	3427008851
	3427008852
	3427008853
	3427008854
	3427008855
	3427008856
	3427008857
	3427008858
	3427008859
	3427008860
	3427008861
	3427008862
	3427008863
	3427008864
	3427008865
	3427008866
	3427008867
	3427008868
	3427008869
	3427008870
	3427008871
	3427008872
	3427008873
	3427008874
	3427008875
	3427008876
	3427008877
	3427008878
	3427008879
	3427008880
	3427008881
	3427008882
	3427008883
	3427008884
	3427008885
	3427008886
	3427008887
	3427008888
	3427008889
	3427008890
	3427008891
	3427008892
	3427008893
	3427008894
	3427008895
	3427008896
	3427008897
	3427008898
	3427008899
	3427008900
	3427008901
	3427008902
	3427008903
	3427008904
	3427008905
	3427008906
	3427008907
	3427008908
	3427008909
	3427008910
	3427008911
	3427008912
	3427008913
	3427008914
	3427008915
	3427008916
	3427008917
	3427008918
	3427008919
	3427008920
	3427008921
	3427008922
	3427008923
	3427008924
	3427008925
	3427008926
	3427008927
	3427008928
	3427008929
	3427008930
	3427008931
	3427008932
	3427008933
	3427008934
	3427008935
	3427008936
	3427008937
	3427008938
	3427008939
	3427008940
	3427008941
	3427008942
	3427008943
	3427008944
	3427008945
	3427008946
	3427008947
	3427008948
	3427008949
	3427008950
	3427008951
	3427008952
	3427008953
	3427008954
	3427008955
	3427008956
	3427008957
	3427008958
	3427008959
	3427008960
	3427008961
	3427008962
	3427008963
	3427008964
	3427008965
	3427008966
	3427008967
	3427008968
	3427008969
	3427008970
	3427008971
	3427008972
	3427008973
	3427008974
	3427008975
	3427008976
	3427008977
	3427008978
	3427008979
	3427008980
	3427008981
	3427008982
	3427008983
	3427008984
	3427008985
	3427008986
	3427008987
	3427008988
	3427008989
	3427008990
	3427008991
	3427008992
	3427008993
	3427008994
	3427008995
	3427008996
	3427008997
	3427008998
	3427008999
	3427009000
	3427009001
	3427009002
	3427009003
	3427009004
	3427009005
	3427009006
	3427009007
