	3426848891
	3426848892
	3426848893
	3426848894
	3426848895
	3426848896
	3426848897
	3426848898
	3426848899
	3426848900
	3426848901
	3426848902
	3426848903
	3426848904
	3426848905
	3426848906
	3426848907
	3426848908
	3426848909
	3426848910
	3426848911
	3426848912
	3426848913
	3426848914
	3426848915
	3426848916
	3426848917
	3426848918
	3426848919
	3426848920
	3426848921
	3426848922
	3426848923
	3426848924
	3426848925
	3426848926
	3426848927
	3426848928
	3426848929
	3426848930
	3426848931
	3426848932
	3426848933
	3426848934
	3426848935
	3426848936
	3426848937
	3426848938
	3426848939
	3426848940
	3426848941
	3426848942
	3426848943
	3426848944
	3426848945
	3426848946
	3426848947
	3426848948
	3426848949
	3426848950
	3426848951
	3426848952
	3426848953
	3426848954
	3426848955
	3426848956
	3426848957
	3426848958
	3426848959
	3426848960
	3426848961
	3426848962
	3426848963
	3426848964
	3426848965
	3426848966
	3426848967
	3426848968
	3426848969
	3426848970
	3426848971
	3426848972
	3426848973
	3426848974
	3426848975
	3426848976
	3426848977
	3426848978
	3426848979
	3426848980
	3426848981
	3426848982
	3426848983
	3426848984
	3426848985
	3426848986
	3426848987
	3426848988
	3426848989
	3426848990
	3426848991
	3426848992
	3426848993
	3426848994
	3426848995
	3426848996
	3426848997
	3426848998
	3426848999
	3426849000
	3426849001
	3426849002
	3426849003
	3426849004
	3426849005
	3426849006
	3426849007
	3426849008
	3426849009
	3426849010
	3426849011
	3426849012
	3426849013
	3426849014
	3426849015
	3426849016
	3426849017
	3426849018
	3426849019
	3426849020
	3426849021
	3426849022
	3426849023
	3426849024
	3426849025
	3426849026
	3426849027
	3426849028
	3426849029
	3426849030
	3426849031
	3426849032
	3426849033
	3426849034
	3426849035
	3426849036
	3426849037
	3426849038
	3426849039
	3426849040
	3426849041
	3426849042
	3426849043
	3426849044
	3426849045
	3426849046
	3426849047
	3426849048
	3426849049
	3426849050
	3426849051
	3426849052
	3426849053
	3426849054
	3426849055
	3426849056
	3426849057
	3426849058
	3426849059
	3426849060
	3426849061
	3426849062
	3426849063
	3426849064
	3426849065
	3426849066
	3426849067
	3426849068
	3426849069
	3426849070
	3426849071
	3426849072
	3426849073
	3426849074
	3426849075
	3426849076
	3426849077
	3426849078
	3426849079
	3426849080
	3426849081
	3426849082
	3426849083
	3426849084
	3426849085
	3426849086
	3426849087
	3426849088
	3426849089
	3426849090
	3426849091
	3426849092
	3426849093
	3426849094
	3426849095
	3426849096
	3426849097
	3426849098
	3426849099
	3426849100
	3426849101
	3426849102
	3426849103
	3426849104
	3426849105
	3426849106
	3426849107
	3426849108
	3426849109
	3426849110
	3426849111
	3426849112
	3426849113
	3426849114
	3426849115
	3426849116
	3426849117
	3426849118
	3426849119
	3426849120
	3426849121
	3426849122
	3426849123
	3426849124
	3426849125
	3426849126
	3426849127
	3426849128
	3426849129
	3426849130
	3426849131
	3426849132
	3426849133
	3426849134
	3426849135
	3426849136
	3426849137
	3426849138
	3426849139
	3426849140
	3426849141
	3426849142
	3426849143
	3426849144
	3426849145
	3426849146
	3426849147
	3426849148
	3426849149
	3426849150
	3426849151
	3426849152
	3426849153
	3426849154
	3426849155
	3426849156
	3426849157
	3426849158
	3426849159
	3426849160
	3426849161
	3426849162
	3426849163
	3426849164
	3426849165
	3426849166
	3426849167
	3426849168
	3426849169
	3426849170
	3426849171
	3426849172
	3426849173
	3426849174
	3426849175
	3426849176
	3426849177
	3426849178
	3426849179
	3426849180
	3426849181
	3426849182
	3426849183
	3426849184
	3426849185
	3426849186
	3426849187
	3426849188
	3426849189
	3426849190
	3426849191
	3426849192
	3426849193
	3426849194
	3426849195
	3426849196
	3426849197
	3426849198
	3426849199
	3426849200
	3426849201
	3426849202
	3426849203
	3426849204
	3426849205
	3426849206
	3426849207
	3426849208
	3426849209
	3426849210
	3426849211
	3426849212
	3426849213
	3426849214
	3426849215
	3426849216
	3426849217
	3426849218
	3426849219
	3426849220
	3426849221
	3426849222
	3426849223
	3426849224
	3426849225
	3426849226
	3426849227
	3426849228
	3426849229
	3426849230
	3426849231
	3426849232
	3426849233
	3426849234
	3426849235
	3426849236
	3426849237
	3426849238
	3426849239
	3426849240
	3426849241
	3426849242
	3426849243
	3426849244
	3426849245
	3426849246
	3426849247
	3426849248
	3426849249
	3426849250
	3426849251
	3426849252
	3426849253
	3426849254
	3426849255
	3426849256
	3426849257
	3426849258
	3426849259
	3426849260
	3426849261
	3426849262
	3426849263
	3426849264
	3426849265
	3426849266
	3426849267
	3426849268
	3426849269
	3426849270
	3426849271
	3426849272
	3426849273
	3426849274
	3426849275
	3426849276
	3426849277
	3426849278
	3426849279
	3426849280
	3426849281
	3426849282
	3426849283
	3426849284
	3426849285
	3426849286
	3426849287
	3426849288
	3426849289
	3426849290
	3426849291
	3426849292
	3426849293
	3426849294
	3426849295
	3426849296
	3426849297
	3426849298
	3426849299
	3426849300
	3426849301
	3426849302
	3426849303
	3426849304
	3426849305
	3426849306
	3426849307
	3426849308
	3426849309
	3426849310
	3426849311
	3426849312
	3426849313
	3426849314
	3426849315
	3426849316
	3426849317
	3426849318
	3426849319
	3426849320
	3426849321
	3426849322
	3426849323
	3426849324
	3426849325
	3426849326
	3426849327
	3426849328
	3426849329
	3426849330
	3426849331
	3426849332
	3426849333
	3426849334
	3426849335
	3426849336
	3426849337
	3426849338
	3426849339
	3426849340
	3426849341
	3426849342
	3426849343
	3426849344
	3426849345
	3426849346
	3426849347
	3426849348
	3426849349
	3426849350
	3426849351
	3426849352
	3426849353
	3426849354
	3426849355
	3426849356
	3426849357
	3426849358
	3426849359
	3426849360
	3426849361
	3426849362
	3426849363
	3426849364
	3426849365
	3426849366
	3426849367
	3426849368
	3426849369
	3426849370
	3426849371
	3426849372
	3426849373
	3426849374
	3426849375
	3426849376
	3426849377
	3426849378
	3426849379
	3426849380
	3426849381
	3426849382
	3426849383
	3426849384
	3426849385
	3426849386
	3426849387
	3426849388
	3426849389
	3426849390
	3426849391
	3426849392
	3426849393
	3426849394
	3426849395
	3426849396
	3426849397
	3426849398
	3426849399
	3426849400
	3426849401
	3426849402
	3426849403
	3426849404
	3426849405
	3426849406
	3426849407
	3426849408
	3426849409
	3426849410
	3426849411
	3426849412
	3426849413
	3426849414
	3426849415
	3426849416
	3426849417
	3426849418
	3426849419
	3426849420
	3426849421
	3426849422
	3426849423
	3426849424
	3426849425
	3426849426
	3426849427
	3426849428
	3426849429
	3426849430
	3426849431
	3426849432
	3426849433
	3426849434
	3426849435
	3426849436
	3426849437
	3426849438
	3426849439
	3426849440
	3426849441
	3426849442
	3426849443
	3426849444
	3426849445
	3426849446
	3426849447
	3426849448
	3426849449
	3426849450
	3426849451
	3426849452
	3426849453
	3426849454
	3426849455
	3426849456
	3426849457
	3426849458
	3426849459
	3426849460
	3426849461
	3426849462
	3426849463
	3426849464
	3426849465
	3426849466
	3426849467
	3426849468
	3426849469
	3426849470
	3426849471
	3426849472
	3426849473
	3426849474
	3426849475
	3426849476
	3426849477
	3426849478
	3426849479
	3426849480
	3426849481
	3426849482
	3426849483
	3426849484
	3426849485
	3426849486
	3426849487
	3426849488
	3426849489
	3426849490
	3426849491
	3426849492
	3426849493
	3426849494
	3426849495
	3426849496
	3426849497
	3426849498
	3426849499
	3426849500
	3426849501
	3426849502
	3426849503
	3426849504
	3426849505
	3426849506
	3426849507
	3426849508
	3426849509
	3426849510
	3426849511
	3426849512
	3426849513
	3426849514
	3426849515
	3426849516
	3426849517
	3426849518
	3426849519
	3426849520
	3426849521
	3426849522
	3426849523
	3426849524
	3426849525
	3426849526
	3426849527
	3426849528
	3426849529
	3426849530
	3426849531
	3426849532
	3426849533
	3426849534
	3426849535
	3426849536
	3426849537
	3426849538
	3426849539
	3426849540
	3426849541
	3426849542
	3426849543
	3426849544
	3426849545
	3426849546
	3426849547
	3426849548
	3426849549
	3426849550
	3426849551
	3426849552
	3426849553
	3426849554
	3426849555
	3426849556
	3426849557
	3426849558
	3426849559
	3426849560
	3426849561
	3426849562
	3426849563
	3426849564
	3426849565
	3426849566
	3426849567
	3426849568
	3426849569
	3426849570
	3426849571
	3426849572
	3426849573
	3426849574
	3426849575
	3426849576
	3426849577
	3426849578
	3426849579
	3426849580
	3426849581
	3426849582
	3426849583
	3426849584
	3426849585
	3426849586
	3426849587
	3426849588
	3426849589
	3426849590
	3426849591
	3426849592
	3426849593
	3426849594
	3426849595
	3426849596
	3426849597
	3426849598
	3426849599
	3426849600
	3426849601
	3426849602
	3426849603
	3426849604
	3426849605
	3426849606
	3426849607
	3426849608
	3426849609
	3426849610
	3426849611
	3426849612
	3426849613
	3426849614
	3426849615
	3426849616
	3426849617
	3426849618
	3426849619
	3426849620
	3426849621
	3426849622
	3426849623
	3426849624
	3426849625
	3426849626
	3426849627
	3426849628
	3426849629
	3426849630
	3426849631
	3426849632
	3426849633
	3426849634
	3426849635
	3426849636
	3426849637
	3426849638
	3426849639
	3426849640
	3426849641
	3426849642
	3426849643
	3426849644
	3426849645
	3426849646
	3426849647
	3426849648
	3426849649
	3426849650
	3426849651
	3426849652
	3426849653
	3426849654
	3426849655
	3426849656
	3426849657
	3426849658
	3426849659
	3426849660
	3426849661
	3426849662
	3426849663
	3426849664
	3426849665
	3426849666
	3426849667
	3426849668
	3426849669
	3426849670
	3426849671
	3426849672
	3426849673
	3426849674
	3426849675
	3426849676
	3426849677
	3426849678
	3426849679
	3426849680
	3426849681
	3426849682
	3426849683
	3426849684
	3426849685
	3426849686
	3426849687
	3426849688
	3426849689
	3426849690
	3426849691
	3426849692
	3426849693
	3426849694
	3426849695
	3426849696
	3426849697
	3426849698
	3426849699
	3426849700
	3426849701
	3426849702
	3426849703
	3426849704
	3426849705
	3426849706
	3426849707
	3426849708
	3426849709
	3426849710
	3426849711
	3426849712
	3426849713
	3426849714
	3426849715
	3426849716
	3426849717
	3426849718
	3426849719
	3426849720
	3426849721
	3426849722
	3426849723
	3426849724
	3426849725
	3426849726
	3426849727
	3426849728
	3426849729
	3426849730
	3426849731
	3426849732
	3426849733
	3426849734
	3426849735
	3426849736
	3426849737
	3426849738
	3426849739
	3426849740
	3426849741
	3426849742
	3426849743
	3426849744
	3426849745
	3426849746
	3426849747
	3426849748
	3426849749
	3426849750
	3426849751
	3426849752
	3426849753
	3426849754
	3426849755
	3426849756
	3426849757
	3426849758
	3426849759
	3426849760
	3426849761
	3426849762
	3426849763
	3426849764
	3426849765
	3426849766
	3426849767
	3426849768
	3426849769
	3426849770
	3426849771
	3426849772
	3426849773
	3426849774
	3426849775
	3426849776
	3426849777
	3426849778
	3426849779
	3426849780
	3426849781
	3426849782
	3426849783
	3426849784
	3426849785
	3426849786
	3426849787
	3426849788
	3426849789
	3426849790
	3426849791
	3426849792
	3426849793
	3426849794
	3426849795
	3426849796
	3426849797
	3426849798
	3426849799
	3426849800
	3426849801
	3426849802
	3426849803
	3426849804
	3426849805
	3426849806
	3426849807
	3426849808
	3426849809
	3426849810
	3426849811
	3426849812
	3426849813
	3426849814
	3426849815
	3426849816
	3426849817
	3426849818
	3426849819
	3426849820
	3426849821
	3426849822
	3426849823
	3426849824
	3426849825
	3426849826
	3426849827
	3426849828
	3426849829
	3426849830
	3426849831
	3426849832
	3426849833
	3426849834
	3426849835
	3426849836
	3426849837
	3426849838
	3426849839
	3426849840
	3426849841
	3426849842
	3426849843
	3426849844
	3426849845
	3426849846
	3426849847
	3426849848
	3426849849
	3426849850
	3426849851
	3426849852
	3426849853
	3426849854
	3426849855
	3426849856
	3426849857
	3426849858
	3426849859
	3426849860
	3426849861
	3426849862
	3426849863
	3426849864
	3426849865
	3426849866
	3426849867
	3426849868
	3426849869
	3426849870
	3426849871
	3426849872
	3426849873
	3426849874
	3426849875
	3426849876
	3426849877
	3426849878
	3426849879
	3426849880
	3426849881
	3426849882
	3426849883
	3426849884
	3426849885
	3426849886
	3426849887
	3426849888
	3426849889
	3426849890
	3426849891
	3426849892
	3426849893
	3426849894
	3426849895
	3426849896
	3426849897
	3426849898
	3426849899
	3426849900
	3426849901
	3426849902
	3426849903
	3426849904
	3426849905
	3426849906
	3426849907
	3426849908
	3426849909
	3426849910
	3426849911
	3426849912
	3426849913
	3426849914
	3426849915
	3426849916
	3426849917
	3426849918
	3426849919
	3426849920
	3426849921
	3426849922
	3426849923
	3426849924
	3426849925
	3426849926
	3426849927
	3426849928
	3426849929
	3426849930
	3426849931
	3426849932
	3426849933
	3426849934
	3426849935
	3426849936
	3426849937
	3426849938
	3426849939
	3426849940
	3426849941
	3426849942
	3426849943
	3426849944
	3426849945
	3426849946
	3426849947
	3426849948
	3426849949
	3426849950
	3426849951
	3426849952
	3426849953
	3426849954
	3426849955
	3426849956
	3426849957
	3426849958
	3426849959
	3426849960
	3426849961
	3426849962
	3426849963
	3426849964
	3426849965
	3426849966
	3426849967
	3426849968
	3426849969
	3426849970
	3426849971
	3426849972
	3426849973
	3426849974
	3426849975
	3426849976
	3426849977
	3426849978
	3426849979
	3426849980
	3426849981
	3426849982
	3426849983
	3426849984
	3426849985
	3426849986
	3426849987
	3426849988
	3426849989
	3426849990
	3426849991
	3426849992
	3426849993
	3426849994
	3426849995
	3426849996
	3426849997
	3426849998
	3426849999
	3426850000
	3426850001
	3426850002
	3426850003
	3426850004
	3426850005
	3426850006
	3426850007
	3426850008
	3426850009
	3426850010
	3426850011
	3426850012
	3426850013
	3426850014
	3426850015
	3426850016
	3426850017
	3426850018
	3426850019
	3426850020
	3426850021
	3426850022
	3426850023
	3426850024
	3426850025
	3426850026
	3426850027
	3426850028
	3426850029
	3426850030
	3426850031
	3426850032
	3426850033
	3426850034
	3426850035
	3426850036
	3426850037
	3426850038
	3426850039
	3426850040
	3426850041
	3426850042
	3426850043
	3426850044
	3426850045
	3426850046
	3426850047
	3426850048
	3426850049
	3426850050
	3426850051
	3426850052
	3426850053
	3426850054
	3426850055
	3426850056
	3426850057
	3426850058
	3426850059
	3426850060
	3426850061
	3426850062
	3426850063
	3426850064
	3426850065
	3426850066
	3426850067
	3426850068
	3426850069
	3426850070
	3426850071
	3426850072
	3426850073
	3426850074
	3426850075
	3426850076
	3426850077
	3426850078
	3426850079
	3426850080
	3426850081
	3426850082
	3426850083
	3426850084
	3426850085
	3426850086
	3426850087
	3426850088
	3426850089
	3426850090
	3426850091
	3426850092
	3426850093
	3426850094
	3426850095
	3426850096
	3426850097
	3426850098
	3426850099
	3426850100
	3426850101
	3426850102
	3426850103
	3426850104
	3426850105
	3426850106
	3426850107
	3426850108
	3426850109
	3426850110
	3426850111
	3426850112
	3426850113
	3426850114
	3426850115
	3426850116
	3426850117
	3426850118
	3426850119
	3426850120
	3426850121
	3426850122
	3426850123
	3426850124
	3426850125
	3426850126
	3426850127
	3426850128
	3426850129
	3426850130
	3426850131
	3426850132
	3426850133
	3426850134
	3426850135
	3426850136
	3426850137
	3426850138
	3426850139
	3426850140
	3426850141
	3426850142
	3426850143
	3426850144
	3426850145
	3426850146
	3426850147
	3426850148
	3426850149
	3426850150
	3426850151
	3426850152
	3426850153
	3426850154
	3426850155
	3426850156
	3426850157
	3426850158
	3426850159
	3426850160
	3426850161
	3426850162
	3426850163
	3426850164
	3426850165
	3426850166
	3426850167
	3426850168
	3426850169
	3426850170
	3426850171
	3426850172
	3426850173
	3426850174
	3426850175
	3426850176
	3426850177
	3426850178
	3426850179
	3426850180
	3426850181
	3426850182
	3426850183
	3426850184
	3426850185
	3426850186
	3426850187
	3426850188
	3426850189
	3426850190
	3426850191
	3426850192
	3426850193
	3426850194
	3426850195
	3426850196
	3426850197
	3426850198
	3426850199
	3426850200
	3426850201
	3426850202
	3426850203
	3426850204
	3426850205
	3426850206
	3426850207
	3426850208
	3426850209
	3426850210
	3426850211
	3426850212
	3426850213
	3426850214
	3426850215
	3426850216
	3426850217
	3426850218
	3426850219
	3426850220
	3426850221
	3426850222
	3426850223
	3426850224
	3426850225
	3426850226
	3426850227
	3426850228
	3426850229
	3426850230
	3426850231
	3426850232
	3426850233
	3426850234
	3426850235
	3426850236
	3426850237
	3426850238
	3426850239
	3426850240
	3426850241
	3426850242
	3426850243
	3426850244
	3426850245
	3426850246
	3426850247
	3426850248
	3426850249
	3426850250
	3426850251
	3426850252
	3426850253
	3426850254
	3426850255
	3426850256
	3426850257
	3426850258
	3426850259
	3426850260
	3426850261
	3426850262
	3426850263
	3426850264
	3426850265
	3426850266
	3426850267
	3426850268
	3426850269
	3426850270
	3426850271
	3426850272
	3426850273
	3426850274
	3426850275
	3426850276
	3426850277
	3426850278
	3426850279
	3426850280
	3426850281
	3426850282
	3426850283
	3426850284
	3426850285
	3426850286
	3426850287
	3426850288
	3426850289
	3426850290
	3426850291
	3426850292
	3426850293
	3426850294
	3426850295
	3426850296
	3426850297
	3426850298
	3426850299
	3426850300
	3426850301
	3426850302
	3426850303
	3426850304
	3426850305
	3426850306
	3426850307
	3426850308
	3426850309
	3426850310
	3426850311
	3426850312
	3426850313
	3426850314
	3426850315
	3426850316
	3426850317
	3426850318
	3426850319
	3426850320
	3426850321
	3426850322
	3426850323
	3426850324
	3426850325
	3426850326
	3426850327
	3426850328
	3426850329
	3426850330
	3426850331
	3426850332
	3426850333
	3426850334
	3426850335
	3426850336
	3426850337
	3426850338
	3426850339
	3426850340
	3426850341
	3426850342
	3426850343
	3426850344
	3426850345
	3426850346
	3426850347
	3426850348
	3426850349
	3426850350
	3426850351
	3426850352
	3426850353
	3426850354
	3426850355
	3426850356
	3426850357
	3426850358
	3426850359
	3426850360
	3426850361
	3426850362
	3426850363
	3426850364
	3426850365
	3426850366
	3426850367
	3426850368
	3426850369
	3426850370
	3426850371
	3426850372
	3426850373
	3426850374
	3426850375
	3426850376
	3426850377
	3426850378
	3426850379
	3426850380
	3426850381
	3426850382
	3426850383
	3426850384
	3426850385
	3426850386
	3426850387
	3426850388
	3426850389
	3426850390
	3426850391
	3426850392
	3426850393
	3426850394
	3426850395
	3426850396
	3426850397
	3426850398
	3426850399
	3426850400
	3426850401
	3426850402
	3426850403
	3426850404
	3426850405
	3426850406
	3426850407
	3426850408
	3426850409
	3426850410
	3426850411
	3426850412
	3426850413
	3426850414
	3426850415
	3426850416
	3426850417
	3426850418
	3426850419
	3426850420
	3426850421
	3426850422
	3426850423
	3426850424
	3426850425
	3426850426
	3426850427
	3426850428
	3426850429
	3426850430
	3426850431
	3426850432
	3426850433
	3426850434
	3426850435
	3426850436
	3426850437
	3426850438
	3426850439
	3426850440
	3426850441
	3426850442
	3426850443
	3426850444
	3426850445
	3426850446
	3426850447
	3426850448
	3426850449
	3426850450
	3426850451
	3426850452
	3426850453
	3426850454
	3426850455
	3426850456
	3426850457
	3426850458
	3426850459
	3426850460
	3426850461
	3426850462
	3426850463
	3426850464
	3426850465
	3426850466
	3426850467
	3426850468
	3426850469
	3426850470
	3426850471
	3426850472
	3426850473
	3426850474
	3426850475
	3426850476
	3426850477
	3426850478
	3426850479
	3426850480
	3426850481
	3426850482
	3426850483
	3426850484
	3426850485
	3426850486
	3426850487
	3426850488
	3426850489
	3426850490
	3426850491
	3426850492
	3426850493
	3426850494
	3426850495
	3426850496
	3426850497
	3426850498
	3426850499
	3426850500
	3426850501
	3426850502
	3426850503
	3426850504
	3426850505
	3426850506
	3426850507
	3426850508
	3426850509
	3426850510
	3426850511
	3426850512
	3426850513
	3426850514
	3426850515
	3426850516
	3426850517
	3426850518
	3426850519
	3426850520
	3426850521
	3426850522
	3426850523
	3426850524
	3426850525
	3426850526
	3426850527
	3426850528
	3426850529
	3426850530
	3426850531
	3426850532
	3426850533
	3426850534
	3426850535
	3426850536
	3426850537
	3426850538
	3426850539
	3426850540
	3426850541
	3426850542
	3426850543
	3426850544
	3426850545
	3426850546
	3426850547
	3426850548
	3426850549
	3426850550
	3426850551
	3426850552
	3426850553
	3426850554
	3426850555
	3426850556
	3426850557
	3426850558
	3426850559
	3426850560
	3426850561
	3426850562
	3426850563
	3426850564
	3426850565
	3426850566
	3426850567
	3426850568
	3426850569
	3426850570
	3426850571
	3426850572
	3426850573
	3426850574
	3426850575
	3426850576
	3426850577
	3426850578
	3426850579
	3426850580
	3426850581
	3426850582
	3426850583
	3426850584
	3426850585
	3426850586
	3426850587
	3426850588
	3426850589
	3426850590
	3426850591
	3426850592
	3426850593
	3426850594
	3426850595
	3426850596
	3426850597
	3426850598
	3426850599
	3426850600
	3426850601
	3426850602
	3426850603
	3426850604
	3426850605
	3426850606
	3426850607
	3426850608
	3426850609
	3426850610
	3426850611
	3426850612
	3426850613
	3426850614
	3426850615
	3426850616
	3426850617
	3426850618
	3426850619
	3426850620
	3426850621
	3426850622
	3426850623
	3426850624
	3426850625
	3426850626
	3426850627
	3426850628
	3426850629
	3426850630
	3426850631
	3426850632
	3426850633
	3426850634
	3426850635
	3426850636
	3426850637
	3426850638
	3426850639
	3426850640
	3426850641
	3426850642
	3426850643
	3426850644
	3426850645
	3426850646
	3426850647
	3426850648
	3426850649
	3426850650
	3426850651
	3426850652
	3426850653
	3426850654
	3426850655
	3426850656
	3426850657
	3426850658
	3426850659
	3426850660
	3426850661
	3426850662
	3426850663
	3426850664
	3426850665
	3426850666
	3426850667
	3426850668
	3426850669
	3426850670
	3426850671
	3426850672
	3426850673
	3426850674
	3426850675
	3426850676
	3426850677
	3426850678
	3426850679
	3426850680
	3426850681
	3426850682
	3426850683
	3426850684
	3426850685
	3426850686
	3426850687
	3426850688
	3426850689
	3426850690
	3426850691
	3426850692
	3426850693
	3426850694
	3426850695
	3426850696
	3426850697
	3426850698
	3426850699
	3426850700
	3426850701
	3426850702
	3426850703
	3426850704
	3426850705
	3426850706
	3426850707
	3426850708
	3426850709
	3426850710
	3426850711
	3426850712
	3426850713
	3426850714
	3426850715
	3426850716
	3426850717
	3426850718
	3426850719
	3426850720
	3426850721
	3426850722
	3426850723
	3426850724
	3426850725
	3426850726
	3426850727
	3426850728
	3426850729
	3426850730
	3426850731
	3426850732
	3426850733
	3426850734
	3426850735
	3426850736
	3426850737
	3426850738
	3426850739
	3426850740
	3426850741
	3426850742
	3426850743
	3426850744
	3426850745
	3426850746
	3426850747
	3426850748
	3426850749
	3426850750
	3426850751
	3426850752
	3426850753
	3426850754
	3426850755
	3426850756
	3426850757
	3426850758
	3426850759
	3426850760
	3426850761
	3426850762
	3426850763
	3426850764
	3426850765
	3426850766
	3426850767
	3426850768
	3426850769
	3426850770
	3426850771
	3426850772
	3426850773
	3426850774
	3426850775
	3426850776
	3426850777
	3426850778
	3426850779
	3426850780
	3426850781
	3426850782
	3426850783
	3426850784
	3426850785
	3426850786
	3426850787
	3426850788
	3426850789
	3426850790
	3426850791
	3426850792
	3426850793
	3426850794
	3426850795
	3426850796
	3426850797
	3426850798
	3426850799
	3426850800
	3426850801
	3426850802
	3426850803
	3426850804
	3426850805
	3426850806
	3426850807
	3426850808
	3426850809
	3426850810
	3426850811
	3426850812
	3426850813
	3426850814
	3426850815
	3426850816
	3426850817
	3426850818
	3426850819
	3426850820
	3426850821
	3426850822
	3426850823
	3426850824
	3426850825
	3426850826
	3426850827
	3426850828
	3426850829
	3426850830
	3426850831
	3426850832
	3426850833
	3426850834
	3426850835
	3426850836
	3426850837
	3426850838
	3426850839
	3426850840
	3426850841
	3426850842
	3426850843
	3426850844
	3426850845
	3426850846
	3426850847
	3426850848
	3426850849
	3426850850
	3426850851
	3426850852
	3426850853
	3426850854
	3426850855
	3426850856
	3426850857
	3426850858
	3426850859
	3426850860
	3426850861
	3426850862
	3426850863
	3426850864
	3426850865
	3426850866
	3426850867
	3426850868
	3426850869
	3426850870
	3426850871
	3426850872
	3426850873
	3426850874
	3426850875
	3426850876
	3426850877
	3426850878
	3426850879
	3426850880
	3426850881
	3426850882
	3426850883
	3426850884
	3426850885
	3426850886
	3426850887
	3426850888
	3426850889
	3426850890
	3426850891
	3426850892
	3426850893
	3426850894
	3426850895
	3426850896
	3426850897
	3426850898
	3426850899
	3426850900
	3426850901
	3426850902
	3426850903
	3426850904
	3426850905
	3426850906
	3426850907
	3426850908
	3426850909
	3426850910
	3426850911
	3426850912
	3426850913
	3426850914
	3426850915
	3426850916
	3426850917
	3426850918
	3426850919
	3426850920
	3426850921
	3426850922
	3426850923
	3426850924
	3426850925
	3426850926
	3426850927
	3426850928
	3426850929
	3426850930
	3426850931
	3426850932
	3426850933
	3426850934
	3426850935
	3426850936
	3426850937
	3426850938
	3426850939
	3426850940
	3426850941
	3426850942
	3426850943
	3426850944
	3426850945
	3426850946
	3426850947
	3426850948
	3426850949
	3426850950
	3426850951
	3426850952
	3426850953
	3426850954
	3426850955
	3426850956
	3426850957
	3426850958
	3426850959
	3426850960
	3426850961
	3426850962
	3426850963
	3426850964
	3426850965
	3426850966
	3426850967
	3426850968
	3426850969
	3426850970
	3426850971
	3426850972
	3426850973
	3426850974
	3426850975
	3426850976
	3426850977
	3426850978
	3426850979
	3426850980
	3426850981
	3426850982
	3426850983
	3426850984
	3426850985
	3426850986
	3426850987
	3426850988
	3426850989
	3426850990
	3426850991
	3426850992
	3426850993
	3426850994
	3426850995
	3426850996
	3426850997
	3426850998
	3426850999
	3426851000
	3426851001
	3426851002
	3426851003
	3426851004
	3426851005
	3426851006
	3426851007
	3426851008
	3426851009
	3426851010
	3426851011
	3426851012
	3426851013
	3426851014
	3426851015
	3426851016
	3426851017
	3426851018
	3426851019
	3426851020
	3426851021
	3426851022
	3426851023
	3426851024
	3426851025
	3426851026
	3426851027
	3426851028
	3426851029
	3426851030
	3426851031
	3426851032
	3426851033
	3426851034
	3426851035
	3426851036
	3426851037
	3426851038
	3426851039
	3426851040
	3426851041
	3426851042
	3426851043
	3426851044
	3426851045
	3426851046
	3426851047
	3426851048
	3426851049
	3426851050
	3426851051
	3426851052
	3426851053
	3426851054
	3426851055
	3426851056
	3426851057
	3426851058
	3426851059
	3426851060
	3426851061
	3426851062
	3426851063
	3426851064
	3426851065
	3426851066
	3426851067
	3426851068
	3426851069
	3426851070
	3426851071
	3426851072
	3426851073
	3426851074
	3426851075
	3426851076
	3426851077
	3426851078
	3426851079
	3426851080
	3426851081
	3426851082
	3426851083
	3426851084
	3426851085
	3426851086
	3426851087
	3426851088
	3426851089
	3426851090
	3426851091
	3426851092
	3426851093
	3426851094
	3426851095
	3426851096
	3426851097
	3426851098
	3426851099
	3426851100
	3426851101
	3426851102
	3426851103
	3426851104
	3426851105
	3426851106
	3426851107
	3426851108
	3426851109
	3426851110
	3426851111
	3426851112
	3426851113
	3426851114
	3426851115
	3426851116
	3426851117
	3426851118
	3426851119
	3426851120
	3426851121
	3426851122
	3426851123
	3426851124
	3426851125
	3426851126
	3426851127
	3426851128
	3426851129
	3426851130
	3426851131
	3426851132
	3426851133
	3426851134
	3426851135
	3426851136
	3426851137
	3426851138
	3426851139
	3426851140
	3426851141
	3426851142
	3426851143
	3426851144
	3426851145
	3426851146
	3426851147
	3426851148
	3426851149
	3426851150
	3426851151
	3426851152
	3426851153
	3426851154
	3426851155
	3426851156
	3426851157
	3426851158
	3426851159
	3426851160
	3426851161
	3426851162
	3426851163
	3426851164
	3426851165
	3426851166
	3426851167
	3426851168
	3426851169
	3426851170
	3426851171
	3426851172
	3426851173
	3426851174
	3426851175
	3426851176
	3426851177
	3426851178
	3426851179
	3426851180
	3426851181
	3426851182
	3426851183
	3426851184
	3426851185
	3426851186
	3426851187
	3426851188
	3426851189
	3426851190
	3426851191
	3426851192
	3426851193
	3426851194
	3426851195
	3426851196
	3426851197
	3426851198
	3426851199
	3426851200
	3426851201
	3426851202
	3426851203
	3426851204
	3426851205
	3426851206
	3426851207
	3426851208
	3426851209
	3426851210
	3426851211
	3426851212
	3426851213
	3426851214
	3426851215
	3426851216
	3426851217
	3426851218
	3426851219
	3426851220
	3426851221
	3426851222
	3426851223
	3426851224
	3426851225
	3426851226
	3426851227
	3426851228
	3426851229
	3426851230
	3426851231
	3426851232
	3426851233
	3426851234
	3426851235
	3426851236
	3426851237
	3426851238
	3426851239
	3426851240
	3426851241
	3426851242
	3426851243
	3426851244
	3426851245
	3426851246
	3426851247
	3426851248
	3426851249
	3426851250
	3426851251
	3426851252
	3426851253
	3426851254
	3426851255
	3426851256
	3426851257
	3426851258
	3426851259
	3426851260
	3426851261
	3426851262
	3426851263
	3426851264
	3426851265
	3426851266
	3426851267
	3426851268
	3426851269
	3426851270
	3426851271
	3426851272
	3426851273
	3426851274
	3426851275
	3426851276
	3426851277
	3426851278
	3426851279
	3426851280
	3426851281
	3426851282
	3426851283
	3426851284
	3426851285
	3426851286
	3426851287
	3426851288
	3426851289
	3426851290
	3426851291
	3426851292
	3426851293
	3426851294
	3426851295
	3426851296
	3426851297
	3426851298
	3426851299
	3426851300
	3426851301
	3426851302
	3426851303
	3426851304
	3426851305
	3426851306
	3426851307
	3426851308
	3426851309
	3426851310
	3426851311
	3426851312
	3426851313
	3426851314
	3426851315
	3426851316
	3426851317
	3426851318
	3426851319
	3426851320
	3426851321
	3426851322
	3426851323
	3426851324
	3426851325
	3426851326
	3426851327
	3426851328
	3426851329
	3426851330
	3426851331
	3426851332
	3426851333
	3426851334
	3426851335
	3426851336
	3426851337
	3426851338
	3426851339
	3426851340
	3426851341
	3426851342
	3426851343
	3426851344
	3426851345
	3426851346
	3426851347
	3426851348
	3426851349
	3426851350
	3426851351
	3426851352
	3426851353
	3426851354
	3426851355
	3426851356
	3426851357
	3426851358
	3426851359
	3426851360
	3426851361
	3426851362
	3426851363
	3426851364
	3426851365
	3426851366
	3426851367
	3426851368
	3426851369
	3426851370
	3426851371
	3426851372
	3426851373
	3426851374
	3426851375
	3426851376
	3426851377
	3426851378
	3426851379
	3426851380
	3426851381
	3426851382
	3426851383
	3426851384
	3426851385
	3426851386
	3426851387
	3426851388
	3426851389
	3426851390
	3426851391
	3426851392
	3426851393
	3426851394
	3426851395
	3426851396
	3426851397
	3426851398
	3426851399
	3426851400
	3426851401
	3426851402
	3426851403
	3426851404
	3426851405
	3426851406
	3426851407
	3426851408
	3426851409
	3426851410
	3426851411
	3426851412
	3426851413
	3426851414
	3426851415
	3426851416
	3426851417
	3426851418
	3426851419
	3426851420
	3426851421
	3426851422
	3426851423
	3426851424
	3426851425
	3426851426
	3426851427
	3426851428
	3426851429
	3426851430
	3426851431
	3426851432
	3426851433
	3426851434
	3426851435
	3426851436
	3426851437
	3426851438
	3426851439
	3426851440
	3426851441
	3426851442
	3426851443
	3426851444
	3426851445
	3426851446
	3426851447
	3426851448
	3426851449
	3426851450
	3426851451
	3426851452
	3426851453
	3426851454
	3426851455
	3426851456
	3426851457
	3426851458
	3426851459
	3426851460
	3426851461
	3426851462
	3426851463
	3426851464
	3426851465
	3426851466
	3426851467
	3426851468
	3426851469
	3426851470
	3426851471
	3426851472
	3426851473
	3426851474
	3426851475
	3426851476
	3426851477
	3426851478
	3426851479
	3426851480
	3426851481
	3426851482
	3426851483
	3426851484
	3426851485
	3426851486
	3426851487
	3426851488
	3426851489
	3426851490
	3426851491
	3426851492
	3426851493
	3426851494
	3426851495
	3426851496
	3426851497
	3426851498
	3426851499
	3426851500
	3426851501
	3426851502
	3426851503
	3426851504
	3426851505
	3426851506
	3426851507
	3426851508
	3426851509
	3426851510
	3426851511
	3426851512
	3426851513
	3426851514
	3426851515
	3426851516
	3426851517
	3426851518
	3426851519
	3426851520
	3426851521
	3426851522
	3426851523
	3426851524
	3426851525
	3426851526
	3426851527
	3426851528
	3426851529
	3426851530
	3426851531
	3426851532
	3426851533
	3426851534
	3426851535
	3426851536
	3426851537
	3426851538
	3426851539
	3426851540
	3426851541
	3426851542
	3426851543
	3426851544
	3426851545
	3426851546
	3426851547
	3426851548
	3426851549
	3426851550
	3426851551
	3426851552
	3426851553
	3426851554
	3426851555
	3426851556
	3426851557
	3426851558
	3426851559
	3426851560
	3426851561
	3426851562
	3426851563
	3426851564
	3426851565
	3426851566
	3426851567
	3426851568
	3426851569
	3426851570
	3426851571
	3426851572
	3426851573
	3426851574
	3426851575
	3426851576
	3426851577
	3426851578
	3426851579
	3426851580
	3426851581
	3426851582
	3426851583
	3426851584
	3426851585
	3426851586
	3426851587
	3426851588
	3426851589
	3426851590
	3426851591
	3426851592
	3426851593
	3426851594
	3426851595
	3426851596
	3426851597
	3426851598
	3426851599
	3426851600
	3426851601
	3426851602
	3426851603
	3426851604
	3426851605
	3426851606
	3426851607
	3426851608
	3426851609
	3426851610
	3426851611
	3426851612
	3426851613
	3426851614
	3426851615
	3426851616
	3426851617
	3426851618
	3426851619
	3426851620
	3426851621
	3426851622
	3426851623
	3426851624
	3426851625
	3426851626
	3426851627
	3426851628
	3426851629
	3426851630
	3426851631
	3426851632
	3426851633
	3426851634
	3426851635
	3426851636
	3426851637
	3426851638
	3426851639
	3426851640
	3426851641
	3426851642
	3426851643
	3426851644
	3426851645
	3426851646
	3426851647
	3426851648
	3426851649
	3426851650
	3426851651
	3426851652
	3426851653
	3426851654
	3426851655
	3426851656
	3426851657
	3426851658
	3426851659
	3426851660
	3426851661
	3426851662
	3426851663
	3426851664
	3426851665
	3426851666
	3426851667
	3426851668
	3426851669
	3426851670
	3426851671
	3426851672
	3426851673
	3426851674
	3426851675
	3426851676
	3426851677
	3426851678
	3426851679
	3426851680
	3426851681
	3426851682
	3426851683
	3426851684
	3426851685
	3426851686
	3426851687
	3426851688
	3426851689
	3426851690
	3426851691
	3426851692
	3426851693
	3426851694
	3426851695
	3426851696
	3426851697
	3426851698
	3426851699
	3426851700
	3426851701
	3426851702
	3426851703
	3426851704
	3426851705
	3426851706
	3426851707
	3426851708
	3426851709
	3426851710
	3426851711
	3426851712
	3426851713
	3426851714
	3426851715
	3426851716
	3426851717
	3426851718
	3426851719
	3426851720
	3426851721
	3426851722
	3426851723
	3426851724
	3426851725
	3426851726
	3426851727
	3426851728
	3426851729
	3426851730
	3426851731
	3426851732
	3426851733
	3426851734
	3426851735
	3426851736
	3426851737
	3426851738
	3426851739
	3426851740
	3426851741
	3426851742
	3426851743
	3426851744
	3426851745
	3426851746
	3426851747
	3426851748
	3426851749
	3426851750
	3426851751
	3426851752
	3426851753
	3426851754
	3426851755
	3426851756
	3426851757
	3426851758
	3426851759
	3426851760
	3426851761
	3426851762
	3426851763
	3426851764
	3426851765
	3426851766
	3426851767
	3426851768
	3426851769
	3426851770
	3426851771
	3426851772
	3426851773
	3426851774
	3426851775
	3426851776
	3426851777
	3426851778
	3426851779
	3426851780
	3426851781
	3426851782
	3426851783
	3426851784
	3426851785
	3426851786
	3426851787
	3426851788
	3426851789
	3426851790
	3426851791
	3426851792
	3426851793
	3426851794
	3426851795
	3426851796
	3426851797
	3426851798
	3426851799
	3426851800
	3426851801
	3426851802
	3426851803
	3426851804
	3426851805
	3426851806
	3426851807
	3426851808
	3426851809
	3426851810
	3426851811
	3426851812
	3426851813
	3426851814
	3426851815
	3426851816
	3426851817
	3426851818
	3426851819
	3426851820
	3426851821
	3426851822
	3426851823
	3426851824
	3426851825
	3426851826
	3426851827
	3426851828
	3426851829
	3426851830
	3426851831
	3426851832
	3426851833
	3426851834
	3426851835
	3426851836
	3426851837
	3426851838
	3426851839
	3426851840
	3426851841
	3426851842
	3426851843
	3426851844
	3426851845
	3426851846
	3426851847
	3426851848
	3426851849
	3426851850
	3426851851
	3426851852
	3426851853
	3426851854
	3426851855
	3426851856
	3426851857
	3426851858
	3426851859
	3426851860
	3426851861
	3426851862
	3426851863
	3426851864
	3426851865
	3426851866
	3426851867
	3426851868
	3426851869
	3426851870
	3426851871
	3426851872
	3426851873
	3426851874
	3426851875
	3426851876
	3426851877
	3426851878
	3426851879
	3426851880
	3426851881
	3426851882
	3426851883
	3426851884
	3426851885
	3426851886
	3426851887
	3426851888
	3426851889
	3426851890
	3426851891
	3426851892
	3426851893
	3426851894
	3426851895
	3426851896
	3426851897
	3426851898
	3426851899
	3426851900
	3426851901
	3426851902
	3426851903
	3426851904
	3426851905
	3426851906
	3426851907
	3426851908
	3426851909
	3426851910
	3426851911
	3426851912
	3426851913
	3426851914
	3426851915
	3426851916
	3426851917
	3426851918
	3426851919
	3426851920
	3426851921
	3426851922
	3426851923
	3426851924
	3426851925
	3426851926
	3426851927
	3426851928
	3426851929
	3426851930
	3426851931
	3426851932
	3426851933
	3426851934
	3426851935
	3426851936
	3426851937
	3426851938
	3426851939
	3426851940
	3426851941
	3426851942
	3426851943
	3426851944
	3426851945
	3426851946
	3426851947
	3426851948
	3426851949
	3426851950
	3426851951
	3426851952
	3426851953
	3426851954
	3426851955
	3426851956
	3426851957
	3426851958
	3426851959
	3426851960
	3426851961
	3426851962
	3426851963
	3426851964
	3426851965
	3426851966
	3426851967
	3426851968
	3426851969
	3426851970
	3426851971
	3426851972
	3426851973
	3426851974
	3426851975
	3426851976
	3426851977
	3426851978
	3426851979
	3426851980
	3426851981
	3426851982
	3426851983
	3426851984
	3426851985
	3426851986
	3426851987
	3426851988
	3426851989
	3426851990
	3426851991
	3426851992
	3426851993
	3426851994
	3426851995
	3426851996
	3426851997
	3426851998
	3426851999
	3426852000
	3426852001
	3426852002
	3426852003
	3426852004
	3426852005
	3426852006
	3426852007
	3426852008
	3426852009
	3426852010
	3426852011
	3426852012
	3426852013
	3426852014
	3426852015
	3426852016
	3426852017
	3426852018
	3426852019
	3426852020
	3426852021
	3426852022
	3426852023
	3426852024
	3426852025
	3426852026
	3426852027
	3426852028
	3426852029
	3426852030
	3426852031
	3426852032
	3426852033
	3426852034
	3426852035
	3426852036
	3426852037
	3426852038
	3426852039
	3426852040
	3426852041
	3426852042
	3426852043
	3426852044
	3426852045
	3426852046
	3426852047
	3426852048
	3426852049
	3426852050
	3426852051
	3426852052
	3426852053
	3426852054
	3426852055
	3426852056
	3426852057
	3426852058
	3426852059
	3426852060
	3426852061
	3426852062
	3426852063
	3426852064
	3426852065
	3426852066
	3426852067
	3426852068
	3426852069
	3426852070
	3426852071
	3426852072
	3426852073
	3426852074
	3426852075
	3426852076
	3426852077
	3426852078
	3426852079
	3426852080
	3426852081
	3426852082
	3426852083
	3426852084
	3426852085
	3426852086
	3426852087
	3426852088
	3426852089
	3426852090
	3426852091
	3426852092
	3426852093
	3426852094
	3426852095
	3426852096
	3426852097
	3426852098
	3426852099
	3426852100
	3426852101
	3426852102
	3426852103
	3426852104
	3426852105
	3426852106
	3426852107
	3426852108
	3426852109
	3426852110
	3426852111
	3426852112
	3426852113
	3426852114
	3426852115
	3426852116
	3426852117
	3426852118
	3426852119
	3426852120
	3426852121
	3426852122
	3426852123
	3426852124
	3426852125
	3426852126
	3426852127
	3426852128
	3426852129
	3426852130
	3426852131
	3426852132
	3426852133
	3426852134
	3426852135
	3426852136
	3426852137
	3426852138
	3426852139
	3426852140
	3426852141
	3426852142
	3426852143
	3426852144
	3426852145
	3426852146
	3426852147
	3426852148
	3426852149
	3426852150
	3426852151
	3426852152
	3426852153
	3426852154
	3426852155
	3426852156
	3426852157
	3426852158
	3426852159
	3426852160
	3426852161
	3426852162
	3426852163
	3426852164
	3426852165
	3426852166
	3426852167
	3426852168
	3426852169
	3426852170
	3426852171
	3426852172
	3426852173
	3426852174
	3426852175
	3426852176
	3426852177
	3426852178
	3426852179
	3426852180
	3426852181
	3426852182
	3426852183
	3426852184
	3426852185
	3426852186
	3426852187
	3426852188
	3426852189
	3426852190
	3426852191
	3426852192
	3426852193
	3426852194
	3426852195
	3426852196
	3426852197
	3426852198
	3426852199
	3426852200
	3426852201
	3426852202
	3426852203
	3426852204
	3426852205
	3426852206
	3426852207
	3426852208
	3426852209
	3426852210
	3426852211
	3426852212
	3426852213
	3426852214
	3426852215
	3426852216
	3426852217
	3426852218
	3426852219
	3426852220
	3426852221
	3426852222
	3426852223
	3426852224
	3426852225
	3426852226
	3426852227
	3426852228
	3426852229
	3426852230
	3426852231
	3426852232
	3426852233
	3426852234
	3426852235
	3426852236
	3426852237
	3426852238
	3426852239
	3426852240
	3426852241
	3426852242
	3426852243
	3426852244
	3426852245
	3426852246
	3426852247
	3426852248
	3426852249
	3426852250
	3426852251
	3426852252
	3426852253
	3426852254
	3426852255
	3426852256
	3426852257
	3426852258
	3426852259
	3426852260
	3426852261
	3426852262
	3426852263
	3426852264
	3426852265
	3426852266
	3426852267
	3426852268
	3426852269
	3426852270
	3426852271
	3426852272
	3426852273
	3426852274
	3426852275
	3426852276
	3426852277
	3426852278
	3426852279
	3426852280
	3426852281
	3426852282
	3426852283
	3426852284
	3426852285
	3426852286
	3426852287
	3426852288
	3426852289
	3426852290
	3426852291
	3426852292
	3426852293
	3426852294
	3426852295
	3426852296
	3426852297
	3426852298
	3426852299
	3426852300
	3426852301
	3426852302
	3426852303
	3426852304
	3426852305
	3426852306
	3426852307
	3426852308
	3426852309
	3426852310
	3426852311
	3426852312
	3426852313
	3426852314
	3426852315
	3426852316
	3426852317
	3426852318
	3426852319
	3426852320
	3426852321
	3426852322
	3426852323
	3426852324
	3426852325
	3426852326
	3426852327
	3426852328
	3426852329
	3426852330
	3426852331
	3426852332
	3426852333
	3426852334
	3426852335
	3426852336
	3426852337
	3426852338
	3426852339
	3426852340
	3426852341
	3426852342
	3426852343
	3426852344
	3426852345
	3426852346
	3426852347
	3426852348
	3426852349
	3426852350
	3426852351
	3426852352
	3426852353
	3426852354
	3426852355
	3426852356
	3426852357
	3426852358
	3426852359
	3426852360
	3426852361
	3426852362
	3426852363
	3426852364
	3426852365
	3426852366
	3426852367
	3426852368
	3426852369
	3426852370
	3426852371
	3426852372
	3426852373
	3426852374
	3426852375
	3426852376
	3426852377
	3426852378
	3426852379
	3426852380
	3426852381
	3426852382
	3426852383
	3426852384
	3426852385
	3426852386
	3426852387
	3426852388
	3426852389
	3426852390
	3426852391
	3426852392
	3426852393
	3426852394
	3426852395
	3426852396
	3426852397
	3426852398
	3426852399
	3426852400
	3426852401
	3426852402
	3426852403
	3426852404
	3426852405
	3426852406
	3426852407
	3426852408
	3426852409
	3426852410
	3426852411
	3426852412
	3426852413
	3426852414
	3426852415
	3426852416
	3426852417
	3426852418
	3426852419
	3426852420
	3426852421
	3426852422
	3426852423
	3426852424
	3426852425
	3426852426
	3426852427
	3426852428
	3426852429
	3426852430
	3426852431
	3426852432
	3426852433
	3426852434
	3426852435
	3426852436
	3426852437
	3426852438
	3426852439
	3426852440
	3426852441
	3426852442
	3426852443
	3426852444
	3426852445
	3426852446
	3426852447
	3426852448
	3426852449
	3426852450
	3426852451
	3426852452
	3426852453
	3426852454
	3426852455
	3426852456
	3426852457
	3426852458
	3426852459
	3426852460
	3426852461
	3426852462
	3426852463
	3426852464
	3426852465
	3426852466
	3426852467
	3426852468
	3426852469
	3426852470
	3426852471
	3426852472
	3426852473
	3426852474
	3426852475
	3426852476
	3426852477
	3426852478
	3426852479
	3426852480
	3426852481
	3426852482
	3426852483
	3426852484
	3426852485
	3426852486
	3426852487
	3426852488
	3426852489
	3426852490
