	3427030608
	3427030609
	3427030610
	3427030611
	3427030612
	3427030613
	3427030614
	3427030615
	3427030616
	3427030617
	3427030618
	3427030619
	3427030620
	3427030621
	3427030622
	3427030623
	3427030624
	3427030625
	3427030626
	3427030627
	3427030628
	3427030629
	3427030630
	3427030631
	3427030632
	3427030633
	3427030634
	3427030635
	3427030636
	3427030637
	3427030638
	3427030639
	3427030640
	3427030641
	3427030642
	3427030643
	3427030644
	3427030645
	3427030646
	3427030647
	3427030648
	3427030649
	3427030650
	3427030651
	3427030652
	3427030653
	3427030654
	3427030655
	3427030656
	3427030657
	3427030658
	3427030659
	3427030660
	3427030661
	3427030662
	3427030663
	3427030664
	3427030665
	3427030666
	3427030667
	3427030668
	3427030669
	3427030670
	3427030671
	3427030672
	3427030673
	3427030674
	3427030675
	3427030676
	3427030677
	3427030678
	3427030679
	3427030680
	3427030681
	3427030682
	3427030683
	3427030684
	3427030685
	3427030686
	3427030687
	3427030688
	3427030689
	3427030690
	3427030691
	3427030692
	3427030693
	3427030694
	3427030695
	3427030696
	3427030697
	3427030698
	3427030699
	3427030700
	3427030701
	3427030702
	3427030703
	3427030704
	3427030705
	3427030706
	3427030707
	3427030708
	3427030709
	3427030710
	3427030711
	3427030712
	3427030713
	3427030714
	3427030715
	3427030716
	3427030717
	3427030718
	3427030719
	3427030720
	3427030721
	3427030722
	3427030723
	3427030724
	3427030725
	3427030726
	3427030727
	3427030728
	3427030729
	3427030730
	3427030731
	3427030732
	3427030733
	3427030734
	3427030735
	3427030736
	3427030737
	3427030738
	3427030739
	3427030740
	3427030741
	3427030742
	3427030743
	3427030744
	3427030745
	3427030746
	3427030747
	3427030748
	3427030749
	3427030750
	3427030751
	3427030752
	3427030753
	3427030754
	3427030755
	3427030756
	3427030757
	3427030758
	3427030759
	3427030760
	3427030761
	3427030762
	3427030763
	3427030764
	3427030765
	3427030766
	3427030767
	3427030768
	3427030769
	3427030770
	3427030771
	3427030772
	3427030773
	3427030774
	3427030775
	3427030776
	3427030777
	3427030778
	3427030779
	3427030780
	3427030781
	3427030782
	3427030783
	3427030784
	3427030785
	3427030786
	3427030787
	3427030788
	3427030789
	3427030790
	3427030791
	3427030792
	3427030793
	3427030794
	3427030795
	3427030796
	3427030797
	3427030798
	3427030799
	3427030800
	3427030801
	3427030802
	3427030803
	3427030804
	3427030805
	3427030806
	3427030807
	3427030808
	3427030809
	3427030810
	3427030811
	3427030812
	3427030813
	3427030814
	3427030815
	3427030816
	3427030817
	3427030818
	3427030819
	3427030820
	3427030821
	3427030822
	3427030823
	3427030824
	3427030825
	3427030826
	3427030827
	3427030828
	3427030829
	3427030830
	3427030831
	3427030832
	3427030833
	3427030834
	3427030835
	3427030836
	3427030837
	3427030838
	3427030839
	3427030840
	3427030841
	3427030842
	3427030843
	3427030844
	3427030845
	3427030846
	3427030847
	3427030848
	3427030849
	3427030850
	3427030851
	3427030852
	3427030853
	3427030854
	3427030855
	3427030856
	3427030857
	3427030858
	3427030859
	3427030860
	3427030861
	3427030862
	3427030863
	3427030864
	3427030865
	3427030866
	3427030867
	3427030868
	3427030869
	3427030870
	3427030871
	3427030872
	3427030873
	3427030874
	3427030875
	3427030876
	3427030877
	3427030878
	3427030879
	3427030880
	3427030881
	3427030882
	3427030883
	3427030884
	3427030885
	3427030886
	3427030887
	3427030888
	3427030889
	3427030890
	3427030891
	3427030892
	3427030893
	3427030894
	3427030895
	3427030896
	3427030897
	3427030898
	3427030899
	3427030900
	3427030901
	3427030902
	3427030903
	3427030904
	3427030905
	3427030906
	3427030907
	3427030908
	3427030909
	3427030910
	3427030911
	3427030912
	3427030913
	3427030914
	3427030915
	3427030916
	3427030917
	3427030918
	3427030919
	3427030920
	3427030921
	3427030922
	3427030923
	3427030924
	3427030925
	3427030926
	3427030927
	3427030928
	3427030929
	3427030930
	3427030931
	3427030932
	3427030933
	3427030934
	3427030935
	3427030936
	3427030937
	3427030938
	3427030939
	3427030940
	3427030941
	3427030942
	3427030943
	3427030944
	3427030945
	3427030946
	3427030947
	3427030948
	3427030949
	3427030950
	3427030951
	3427030952
	3427030953
	3427030954
	3427030955
	3427030956
	3427030957
	3427030958
	3427030959
	3427030960
	3427030961
	3427030962
	3427030963
	3427030964
	3427030965
	3427030966
	3427030967
	3427030968
	3427030969
	3427030970
	3427030971
	3427030972
	3427030973
	3427030974
	3427030975
	3427030976
	3427030977
	3427030978
	3427030979
	3427030980
	3427030981
	3427030982
	3427030983
	3427030984
	3427030985
	3427030986
	3427030987
	3427030988
	3427030989
	3427030990
	3427030991
	3427030992
	3427030993
	3427030994
	3427030995
	3427030996
	3427030997
	3427030998
	3427030999
	3427031000
	3427031001
	3427031002
	3427031003
	3427031004
	3427031005
	3427031006
	3427031007
	3427031008
	3427031009
	3427031010
	3427031011
	3427031012
	3427031013
	3427031014
	3427031015
	3427031016
	3427031017
	3427031018
	3427031019
	3427031020
	3427031021
	3427031022
	3427031023
	3427031024
	3427031025
	3427031026
	3427031027
	3427031028
	3427031029
	3427031030
	3427031031
	3427031032
	3427031033
	3427031034
	3427031035
	3427031036
	3427031037
	3427031038
	3427031039
	3427031040
	3427031041
	3427031042
	3427031043
	3427031044
	3427031045
	3427031046
	3427031047
	3427031048
	3427031049
	3427031050
	3427031051
	3427031052
	3427031053
	3427031054
	3427031055
	3427031056
	3427031057
	3427031058
	3427031059
	3427031060
	3427031061
	3427031062
	3427031063
	3427031064
	3427031065
	3427031066
	3427031067
	3427031068
	3427031069
	3427031070
	3427031071
	3427031072
	3427031073
	3427031074
	3427031075
	3427031076
	3427031077
	3427031078
	3427031079
	3427031080
	3427031081
	3427031082
	3427031083
	3427031084
	3427031085
	3427031086
	3427031087
	3427031088
	3427031089
	3427031090
	3427031091
	3427031092
	3427031093
	3427031094
	3427031095
	3427031096
	3427031097
	3427031098
	3427031099
	3427031100
	3427031101
	3427031102
	3427031103
	3427031104
	3427031105
	3427031106
	3427031107
	3427031108
	3427031109
	3427031110
	3427031111
	3427031112
	3427031113
	3427031114
	3427031115
	3427031116
	3427031117
	3427031118
	3427031119
	3427031120
	3427031121
	3427031122
	3427031123
	3427031124
	3427031125
	3427031126
	3427031127
	3427031128
	3427031129
	3427031130
	3427031131
	3427031132
	3427031133
	3427031134
	3427031135
	3427031136
	3427031137
	3427031138
	3427031139
	3427031140
	3427031141
	3427031142
	3427031143
	3427031144
	3427031145
	3427031146
	3427031147
	3427031148
	3427031149
	3427031150
	3427031151
	3427031152
	3427031153
	3427031154
	3427031155
	3427031156
	3427031157
	3427031158
	3427031159
	3427031160
	3427031161
	3427031162
	3427031163
	3427031164
	3427031165
	3427031166
	3427031167
	3427031168
	3427031169
	3427031170
	3427031171
	3427031172
	3427031173
	3427031174
	3427031175
	3427031176
	3427031177
	3427031178
	3427031179
	3427031180
	3427031181
	3427031182
	3427031183
	3427031184
	3427031185
	3427031186
	3427031187
	3427031188
	3427031189
	3427031190
	3427031191
	3427031192
	3427031193
	3427031194
	3427031195
	3427031196
	3427031197
	3427031198
	3427031199
	3427031200
	3427031201
	3427031202
	3427031203
	3427031204
	3427031205
	3427031206
	3427031207
	3427031208
	3427031209
	3427031210
	3427031211
	3427031212
	3427031213
	3427031214
	3427031215
	3427031216
	3427031217
	3427031218
	3427031219
	3427031220
	3427031221
	3427031222
	3427031223
	3427031224
	3427031225
	3427031226
	3427031227
	3427031228
	3427031229
	3427031230
	3427031231
	3427031232
	3427031233
	3427031234
	3427031235
	3427031236
	3427031237
	3427031238
	3427031239
	3427031240
	3427031241
	3427031242
	3427031243
	3427031244
	3427031245
	3427031246
	3427031247
	3427031248
	3427031249
	3427031250
	3427031251
	3427031252
	3427031253
	3427031254
	3427031255
	3427031256
	3427031257
	3427031258
	3427031259
	3427031260
	3427031261
	3427031262
	3427031263
	3427031264
	3427031265
	3427031266
	3427031267
	3427031268
	3427031269
	3427031270
	3427031271
	3427031272
	3427031273
	3427031274
	3427031275
	3427031276
	3427031277
	3427031278
	3427031279
	3427031280
	3427031281
	3427031282
	3427031283
	3427031284
	3427031285
	3427031286
	3427031287
	3427031288
	3427031289
	3427031290
	3427031291
	3427031292
	3427031293
	3427031294
	3427031295
	3427031296
	3427031297
	3427031298
	3427031299
	3427031300
	3427031301
	3427031302
	3427031303
	3427031304
	3427031305
	3427031306
	3427031307
	3427031308
	3427031309
	3427031310
	3427031311
	3427031312
	3427031313
	3427031314
	3427031315
	3427031316
	3427031317
	3427031318
	3427031319
	3427031320
	3427031321
	3427031322
	3427031323
	3427031324
	3427031325
	3427031326
	3427031327
	3427031328
	3427031329
	3427031330
	3427031331
	3427031332
	3427031333
	3427031334
	3427031335
	3427031336
	3427031337
	3427031338
	3427031339
	3427031340
	3427031341
	3427031342
	3427031343
	3427031344
	3427031345
	3427031346
	3427031347
	3427031348
	3427031349
	3427031350
	3427031351
	3427031352
	3427031353
	3427031354
	3427031355
	3427031356
	3427031357
	3427031358
	3427031359
	3427031360
	3427031361
	3427031362
	3427031363
	3427031364
	3427031365
	3427031366
	3427031367
	3427031368
	3427031369
	3427031370
	3427031371
	3427031372
	3427031373
	3427031374
	3427031375
	3427031376
	3427031377
	3427031378
	3427031379
	3427031380
	3427031381
	3427031382
	3427031383
	3427031384
	3427031385
	3427031386
	3427031387
	3427031388
	3427031389
	3427031390
	3427031391
	3427031392
	3427031393
	3427031394
	3427031395
	3427031396
	3427031397
	3427031398
	3427031399
	3427031400
	3427031401
	3427031402
	3427031403
	3427031404
	3427031405
	3427031406
	3427031407
	3427031408
	3427031409
	3427031410
	3427031411
	3427031412
	3427031413
	3427031414
	3427031415
	3427031416
	3427031417
	3427031418
	3427031419
	3427031420
	3427031421
	3427031422
	3427031423
	3427031424
	3427031425
	3427031426
	3427031427
	3427031428
	3427031429
	3427031430
	3427031431
	3427031432
	3427031433
	3427031434
	3427031435
	3427031436
	3427031437
	3427031438
	3427031439
	3427031440
	3427031441
	3427031442
	3427031443
	3427031444
	3427031445
	3427031446
	3427031447
	3427031448
	3427031449
	3427031450
	3427031451
	3427031452
	3427031453
	3427031454
	3427031455
	3427031456
	3427031457
	3427031458
	3427031459
	3427031460
	3427031461
	3427031462
	3427031463
	3427031464
	3427031465
	3427031466
	3427031467
	3427031468
	3427031469
	3427031470
	3427031471
	3427031472
	3427031473
	3427031474
	3427031475
	3427031476
	3427031477
	3427031478
	3427031479
	3427031480
	3427031481
	3427031482
	3427031483
	3427031484
	3427031485
	3427031486
	3427031487
	3427031488
	3427031489
	3427031490
	3427031491
	3427031492
	3427031493
	3427031494
	3427031495
	3427031496
	3427031497
	3427031498
	3427031499
	3427031500
	3427031501
	3427031502
	3427031503
	3427031504
	3427031505
	3427031506
	3427031507
	3427031508
	3427031509
	3427031510
	3427031511
	3427031512
	3427031513
	3427031514
	3427031515
	3427031516
	3427031517
	3427031518
	3427031519
	3427031520
	3427031521
	3427031522
	3427031523
	3427031524
	3427031525
	3427031526
	3427031527
	3427031528
	3427031529
	3427031530
	3427031531
	3427031532
	3427031533
	3427031534
	3427031535
	3427031536
	3427031537
	3427031538
	3427031539
	3427031540
	3427031541
	3427031542
	3427031543
	3427031544
	3427031545
	3427031546
	3427031547
	3427031548
	3427031549
	3427031550
	3427031551
	3427031552
	3427031553
	3427031554
	3427031555
	3427031556
	3427031557
	3427031558
	3427031559
	3427031560
	3427031561
	3427031562
	3427031563
	3427031564
	3427031565
	3427031566
	3427031567
	3427031568
	3427031569
	3427031570
	3427031571
	3427031572
	3427031573
	3427031574
	3427031575
	3427031576
	3427031577
	3427031578
	3427031579
	3427031580
	3427031581
	3427031582
	3427031583
	3427031584
	3427031585
	3427031586
	3427031587
	3427031588
	3427031589
	3427031590
	3427031591
	3427031592
	3427031593
	3427031594
	3427031595
	3427031596
	3427031597
	3427031598
	3427031599
	3427031600
	3427031601
	3427031602
	3427031603
	3427031604
	3427031605
	3427031606
	3427031607
	3427031608
	3427031609
	3427031610
	3427031611
	3427031612
	3427031613
	3427031614
	3427031615
	3427031616
	3427031617
	3427031618
	3427031619
	3427031620
	3427031621
	3427031622
	3427031623
	3427031624
	3427031625
	3427031626
	3427031627
	3427031628
	3427031629
	3427031630
	3427031631
	3427031632
	3427031633
	3427031634
	3427031635
	3427031636
	3427031637
	3427031638
	3427031639
	3427031640
	3427031641
	3427031642
	3427031643
	3427031644
	3427031645
	3427031646
	3427031647
	3427031648
	3427031649
	3427031650
	3427031651
	3427031652
	3427031653
	3427031654
	3427031655
	3427031656
	3427031657
	3427031658
	3427031659
	3427031660
	3427031661
	3427031662
	3427031663
	3427031664
	3427031665
	3427031666
	3427031667
	3427031668
	3427031669
	3427031670
	3427031671
	3427031672
	3427031673
	3427031674
	3427031675
	3427031676
	3427031677
	3427031678
	3427031679
	3427031680
	3427031681
	3427031682
	3427031683
	3427031684
	3427031685
	3427031686
	3427031687
	3427031688
	3427031689
	3427031690
	3427031691
	3427031692
	3427031693
	3427031694
	3427031695
	3427031696
	3427031697
	3427031698
	3427031699
	3427031700
	3427031701
	3427031702
	3427031703
	3427031704
	3427031705
	3427031706
	3427031707
	3427031708
	3427031709
	3427031710
	3427031711
	3427031712
	3427031713
	3427031714
	3427031715
	3427031716
	3427031717
	3427031718
	3427031719
	3427031720
	3427031721
	3427031722
	3427031723
	3427031724
	3427031725
	3427031726
	3427031727
	3427031728
	3427031729
	3427031730
	3427031731
	3427031732
	3427031733
	3427031734
	3427031735
	3427031736
	3427031737
	3427031738
	3427031739
	3427031740
	3427031741
	3427031742
	3427031743
	3427031744
	3427031745
	3427031746
	3427031747
	3427031748
	3427031749
	3427031750
	3427031751
	3427031752
	3427031753
	3427031754
	3427031755
	3427031756
	3427031757
	3427031758
	3427031759
	3427031760
	3427031761
	3427031762
	3427031763
	3427031764
	3427031765
	3427031766
	3427031767
	3427031768
	3427031769
	3427031770
	3427031771
	3427031772
	3427031773
	3427031774
	3427031775
	3427031776
	3427031777
	3427031778
	3427031779
	3427031780
	3427031781
	3427031782
	3427031783
	3427031784
	3427031785
	3427031786
	3427031787
	3427031788
	3427031789
	3427031790
	3427031791
	3427031792
	3427031793
	3427031794
	3427031795
	3427031796
	3427031797
	3427031798
	3427031799
	3427031800
	3427031801
	3427031802
	3427031803
	3427031804
	3427031805
	3427031806
	3427031807
	3427031808
	3427031809
	3427031810
	3427031811
	3427031812
	3427031813
	3427031814
	3427031815
	3427031816
	3427031817
	3427031818
	3427031819
	3427031820
	3427031821
	3427031822
	3427031823
	3427031824
	3427031825
	3427031826
	3427031827
	3427031828
	3427031829
	3427031830
	3427031831
	3427031832
	3427031833
	3427031834
	3427031835
	3427031836
	3427031837
	3427031838
	3427031839
	3427031840
	3427031841
	3427031842
	3427031843
	3427031844
	3427031845
	3427031846
	3427031847
	3427031848
	3427031849
	3427031850
	3427031851
	3427031852
	3427031853
	3427031854
	3427031855
	3427031856
	3427031857
	3427031858
	3427031859
	3427031860
	3427031861
	3427031862
	3427031863
	3427031864
	3427031865
	3427031866
	3427031867
	3427031868
	3427031869
	3427031870
	3427031871
	3427031872
	3427031873
	3427031874
	3427031875
	3427031876
	3427031877
	3427031878
	3427031879
	3427031880
	3427031881
	3427031882
	3427031883
	3427031884
	3427031885
	3427031886
	3427031887
	3427031888
	3427031889
	3427031890
	3427031891
	3427031892
	3427031893
	3427031894
	3427031895
	3427031896
	3427031897
	3427031898
	3427031899
	3427031900
	3427031901
	3427031902
	3427031903
	3427031904
	3427031905
	3427031906
	3427031907
	3427031908
	3427031909
	3427031910
	3427031911
	3427031912
	3427031913
	3427031914
	3427031915
	3427031916
	3427031917
	3427031918
	3427031919
	3427031920
	3427031921
	3427031922
	3427031923
	3427031924
	3427031925
	3427031926
	3427031927
	3427031928
	3427031929
	3427031930
	3427031931
	3427031932
	3427031933
	3427031934
	3427031935
	3427031936
	3427031937
	3427031938
	3427031939
	3427031940
	3427031941
	3427031942
	3427031943
	3427031944
	3427031945
	3427031946
	3427031947
	3427031948
	3427031949
	3427031950
	3427031951
	3427031952
	3427031953
	3427031954
	3427031955
	3427031956
	3427031957
	3427031958
	3427031959
	3427031960
	3427031961
	3427031962
	3427031963
	3427031964
	3427031965
	3427031966
	3427031967
	3427031968
	3427031969
	3427031970
	3427031971
	3427031972
	3427031973
	3427031974
	3427031975
	3427031976
	3427031977
	3427031978
	3427031979
	3427031980
	3427031981
	3427031982
	3427031983
	3427031984
	3427031985
	3427031986
	3427031987
	3427031988
	3427031989
	3427031990
	3427031991
	3427031992
	3427031993
	3427031994
	3427031995
	3427031996
	3427031997
	3427031998
	3427031999
	3427032000
	3427032001
	3427032002
	3427032003
	3427032004
	3427032005
	3427032006
	3427032007
	3427032008
	3427032009
	3427032010
	3427032011
	3427032012
	3427032013
	3427032014
	3427032015
	3427032016
	3427032017
	3427032018
	3427032019
	3427032020
	3427032021
	3427032022
	3427032023
	3427032024
	3427032025
	3427032026
	3427032027
	3427032028
	3427032029
	3427032030
	3427032031
	3427032032
	3427032033
	3427032034
	3427032035
	3427032036
	3427032037
	3427032038
	3427032039
	3427032040
	3427032041
	3427032042
	3427032043
	3427032044
	3427032045
	3427032046
	3427032047
	3427032048
	3427032049
	3427032050
	3427032051
	3427032052
	3427032053
	3427032054
	3427032055
	3427032056
	3427032057
	3427032058
	3427032059
	3427032060
	3427032061
	3427032062
	3427032063
	3427032064
	3427032065
	3427032066
	3427032067
	3427032068
	3427032069
	3427032070
	3427032071
	3427032072
	3427032073
	3427032074
	3427032075
	3427032076
	3427032077
	3427032078
	3427032079
	3427032080
	3427032081
	3427032082
	3427032083
	3427032084
	3427032085
	3427032086
	3427032087
	3427032088
	3427032089
	3427032090
	3427032091
	3427032092
	3427032093
	3427032094
	3427032095
	3427032096
	3427032097
	3427032098
	3427032099
	3427032100
	3427032101
	3427032102
	3427032103
	3427032104
	3427032105
	3427032106
	3427032107
	3427032108
	3427032109
	3427032110
	3427032111
	3427032112
	3427032113
	3427032114
	3427032115
	3427032116
	3427032117
	3427032118
	3427032119
	3427032120
	3427032121
	3427032122
	3427032123
	3427032124
	3427032125
	3427032126
	3427032127
	3427032128
	3427032129
	3427032130
	3427032131
	3427032132
	3427032133
	3427032134
	3427032135
	3427032136
	3427032137
	3427032138
	3427032139
	3427032140
	3427032141
	3427032142
	3427032143
	3427032144
	3427032145
	3427032146
	3427032147
	3427032148
	3427032149
	3427032150
	3427032151
	3427032152
	3427032153
	3427032154
	3427032155
	3427032156
	3427032157
	3427032158
	3427032159
	3427032160
	3427032161
	3427032162
	3427032163
	3427032164
	3427032165
	3427032166
	3427032167
	3427032168
	3427032169
	3427032170
	3427032171
	3427032172
	3427032173
	3427032174
	3427032175
	3427032176
	3427032177
	3427032178
	3427032179
	3427032180
	3427032181
	3427032182
	3427032183
	3427032184
	3427032185
	3427032186
	3427032187
	3427032188
	3427032189
	3427032190
	3427032191
	3427032192
	3427032193
	3427032194
	3427032195
	3427032196
	3427032197
	3427032198
	3427032199
	3427032200
	3427032201
	3427032202
	3427032203
	3427032204
	3427032205
	3427032206
	3427032207
	3427032208
	3427032209
	3427032210
	3427032211
	3427032212
	3427032213
	3427032214
	3427032215
	3427032216
	3427032217
	3427032218
	3427032219
	3427032220
	3427032221
	3427032222
	3427032223
	3427032224
	3427032225
	3427032226
	3427032227
	3427032228
	3427032229
	3427032230
	3427032231
	3427032232
	3427032233
	3427032234
	3427032235
	3427032236
	3427032237
	3427032238
	3427032239
	3427032240
	3427032241
	3427032242
	3427032243
	3427032244
	3427032245
	3427032246
	3427032247
	3427032248
	3427032249
	3427032250
	3427032251
	3427032252
	3427032253
	3427032254
	3427032255
	3427032256
	3427032257
	3427032258
	3427032259
	3427032260
	3427032261
	3427032262
	3427032263
	3427032264
	3427032265
	3427032266
	3427032267
	3427032268
	3427032269
	3427032270
	3427032271
	3427032272
	3427032273
	3427032274
	3427032275
	3427032276
	3427032277
	3427032278
	3427032279
	3427032280
	3427032281
	3427032282
	3427032283
	3427032284
	3427032285
	3427032286
	3427032287
	3427032288
	3427032289
	3427032290
	3427032291
	3427032292
	3427032293
	3427032294
	3427032295
	3427032296
	3427032297
	3427032298
	3427032299
	3427032300
	3427032301
	3427032302
	3427032303
	3427032304
	3427032305
	3427032306
	3427032307
	3427032308
	3427032309
	3427032310
	3427032311
	3427032312
	3427032313
	3427032314
	3427032315
	3427032316
	3427032317
	3427032318
	3427032319
	3427032320
	3427032321
	3427032322
	3427032323
	3427032324
	3427032325
	3427032326
	3427032327
	3427032328
	3427032329
	3427032330
	3427032331
	3427032332
	3427032333
	3427032334
	3427032335
	3427032336
	3427032337
	3427032338
	3427032339
	3427032340
	3427032341
	3427032342
	3427032343
	3427032344
	3427032345
	3427032346
	3427032347
	3427032348
	3427032349
	3427032350
	3427032351
	3427032352
	3427032353
	3427032354
	3427032355
	3427032356
	3427032357
	3427032358
	3427032359
	3427032360
	3427032361
	3427032362
	3427032363
	3427032364
	3427032365
	3427032366
	3427032367
	3427032368
	3427032369
	3427032370
	3427032371
	3427032372
	3427032373
	3427032374
	3427032375
	3427032376
	3427032377
	3427032378
	3427032379
	3427032380
	3427032381
	3427032382
	3427032383
	3427032384
	3427032385
	3427032386
	3427032387
	3427032388
	3427032389
	3427032390
	3427032391
	3427032392
	3427032393
	3427032394
	3427032395
	3427032396
	3427032397
	3427032398
	3427032399
	3427032400
	3427032401
	3427032402
	3427032403
	3427032404
	3427032405
	3427032406
	3427032407
	3427032408
	3427032409
	3427032410
	3427032411
	3427032412
	3427032413
	3427032414
	3427032415
	3427032416
	3427032417
	3427032418
	3427032419
	3427032420
	3427032421
	3427032422
	3427032423
	3427032424
	3427032425
	3427032426
	3427032427
	3427032428
	3427032429
	3427032430
	3427032431
	3427032432
	3427032433
	3427032434
	3427032435
	3427032436
	3427032437
	3427032438
	3427032439
	3427032440
	3427032441
	3427032442
	3427032443
	3427032444
	3427032445
	3427032446
	3427032447
	3427032448
	3427032449
	3427032450
	3427032451
	3427032452
	3427032453
	3427032454
	3427032455
	3427032456
	3427032457
	3427032458
	3427032459
	3427032460
	3427032461
	3427032462
	3427032463
	3427032464
	3427032465
	3427032466
	3427032467
	3427032468
	3427032469
	3427032470
	3427032471
	3427032472
	3427032473
	3427032474
	3427032475
	3427032476
	3427032477
	3427032478
	3427032479
	3427032480
	3427032481
	3427032482
	3427032483
	3427032484
	3427032485
	3427032486
	3427032487
	3427032488
	3427032489
	3427032490
	3427032491
	3427032492
	3427032493
	3427032494
	3427032495
	3427032496
	3427032497
	3427032498
	3427032499
	3427032500
	3427032501
	3427032502
	3427032503
	3427032504
	3427032505
	3427032506
	3427032507
	3427032508
	3427032509
	3427032510
	3427032511
	3427032512
	3427032513
	3427032514
	3427032515
	3427032516
	3427032517
	3427032518
	3427032519
	3427032520
	3427032521
	3427032522
	3427032523
	3427032524
	3427032525
	3427032526
	3427032527
	3427032528
	3427032529
	3427032530
	3427032531
	3427032532
	3427032533
	3427032534
	3427032535
	3427032536
	3427032537
	3427032538
	3427032539
	3427032540
	3427032541
	3427032542
	3427032543
	3427032544
	3427032545
	3427032546
	3427032547
	3427032548
	3427032549
	3427032550
	3427032551
	3427032552
	3427032553
	3427032554
	3427032555
	3427032556
	3427032557
	3427032558
	3427032559
	3427032560
	3427032561
	3427032562
	3427032563
	3427032564
	3427032565
	3427032566
	3427032567
	3427032568
	3427032569
	3427032570
	3427032571
	3427032572
	3427032573
	3427032574
	3427032575
	3427032576
	3427032577
	3427032578
	3427032579
	3427032580
	3427032581
	3427032582
	3427032583
	3427032584
	3427032585
	3427032586
	3427032587
	3427032588
	3427032589
	3427032590
	3427032591
	3427032592
	3427032593
	3427032594
	3427032595
	3427032596
	3427032597
	3427032598
	3427032599
	3427032600
	3427032601
	3427032602
	3427032603
	3427032604
	3427032605
	3427032606
	3427032607
	3427032608
	3427032609
	3427032610
	3427032611
	3427032612
	3427032613
	3427032614
	3427032615
	3427032616
	3427032617
	3427032618
	3427032619
	3427032620
	3427032621
	3427032622
	3427032623
	3427032624
	3427032625
	3427032626
	3427032627
	3427032628
	3427032629
	3427032630
	3427032631
	3427032632
	3427032633
	3427032634
	3427032635
	3427032636
	3427032637
	3427032638
	3427032639
	3427032640
	3427032641
	3427032642
	3427032643
	3427032644
	3427032645
	3427032646
	3427032647
	3427032648
	3427032649
	3427032650
	3427032651
	3427032652
	3427032653
	3427032654
	3427032655
	3427032656
	3427032657
	3427032658
	3427032659
	3427032660
	3427032661
	3427032662
	3427032663
	3427032664
	3427032665
	3427032666
	3427032667
	3427032668
	3427032669
	3427032670
	3427032671
	3427032672
	3427032673
	3427032674
	3427032675
	3427032676
	3427032677
	3427032678
	3427032679
	3427032680
	3427032681
	3427032682
	3427032683
	3427032684
	3427032685
	3427032686
	3427032687
	3427032688
	3427032689
	3427032690
	3427032691
	3427032692
	3427032693
	3427032694
	3427032695
	3427032696
	3427032697
	3427032698
	3427032699
	3427032700
	3427032701
	3427032702
	3427032703
	3427032704
	3427032705
	3427032706
	3427032707
	3427032708
	3427032709
	3427032710
	3427032711
	3427032712
	3427032713
	3427032714
	3427032715
	3427032716
	3427032717
	3427032718
	3427032719
	3427032720
	3427032721
	3427032722
	3427032723
	3427032724
	3427032725
	3427032726
	3427032727
	3427032728
	3427032729
	3427032730
	3427032731
	3427032732
	3427032733
	3427032734
	3427032735
	3427032736
	3427032737
	3427032738
	3427032739
	3427032740
	3427032741
	3427032742
	3427032743
	3427032744
	3427032745
	3427032746
	3427032747
	3427032748
	3427032749
	3427032750
	3427032751
	3427032752
	3427032753
	3427032754
	3427032755
	3427032756
	3427032757
	3427032758
	3427032759
	3427032760
	3427032761
	3427032762
	3427032763
	3427032764
	3427032765
	3427032766
	3427032767
	3427032768
	3427032769
	3427032770
	3427032771
	3427032772
	3427032773
	3427032774
	3427032775
	3427032776
	3427032777
	3427032778
	3427032779
	3427032780
	3427032781
	3427032782
	3427032783
	3427032784
	3427032785
	3427032786
	3427032787
	3427032788
	3427032789
	3427032790
	3427032791
	3427032792
	3427032793
	3427032794
	3427032795
	3427032796
	3427032797
	3427032798
	3427032799
	3427032800
	3427032801
	3427032802
	3427032803
	3427032804
	3427032805
	3427032806
	3427032807
	3427032808
	3427032809
	3427032810
	3427032811
	3427032812
	3427032813
	3427032814
	3427032815
	3427032816
	3427032817
	3427032818
	3427032819
	3427032820
	3427032821
	3427032822
	3427032823
	3427032824
	3427032825
	3427032826
	3427032827
	3427032828
	3427032829
	3427032830
	3427032831
	3427032832
	3427032833
	3427032834
	3427032835
	3427032836
	3427032837
	3427032838
	3427032839
	3427032840
	3427032841
	3427032842
	3427032843
	3427032844
	3427032845
	3427032846
	3427032847
	3427032848
	3427032849
	3427032850
	3427032851
	3427032852
	3427032853
	3427032854
	3427032855
	3427032856
	3427032857
	3427032858
	3427032859
	3427032860
	3427032861
	3427032862
	3427032863
	3427032864
	3427032865
	3427032866
	3427032867
	3427032868
	3427032869
	3427032870
	3427032871
	3427032872
	3427032873
	3427032874
	3427032875
	3427032876
	3427032877
	3427032878
	3427032879
	3427032880
	3427032881
	3427032882
	3427032883
	3427032884
	3427032885
	3427032886
	3427032887
	3427032888
	3427032889
	3427032890
	3427032891
	3427032892
	3427032893
	3427032894
	3427032895
	3427032896
	3427032897
	3427032898
	3427032899
	3427032900
	3427032901
	3427032902
	3427032903
	3427032904
	3427032905
	3427032906
	3427032907
	3427032908
	3427032909
	3427032910
	3427032911
	3427032912
	3427032913
	3427032914
	3427032915
	3427032916
	3427032917
	3427032918
	3427032919
	3427032920
	3427032921
	3427032922
	3427032923
	3427032924
	3427032925
	3427032926
	3427032927
	3427032928
	3427032929
	3427032930
	3427032931
	3427032932
	3427032933
	3427032934
	3427032935
	3427032936
	3427032937
	3427032938
	3427032939
	3427032940
	3427032941
	3427032942
	3427032943
	3427032944
	3427032945
	3427032946
	3427032947
	3427032948
	3427032949
	3427032950
	3427032951
	3427032952
	3427032953
	3427032954
	3427032955
	3427032956
	3427032957
	3427032958
	3427032959
	3427032960
	3427032961
	3427032962
	3427032963
	3427032964
	3427032965
	3427032966
	3427032967
	3427032968
	3427032969
	3427032970
	3427032971
	3427032972
	3427032973
	3427032974
	3427032975
	3427032976
	3427032977
	3427032978
	3427032979
	3427032980
	3427032981
	3427032982
	3427032983
	3427032984
	3427032985
	3427032986
	3427032987
	3427032988
	3427032989
	3427032990
	3427032991
	3427032992
	3427032993
	3427032994
	3427032995
	3427032996
	3427032997
	3427032998
	3427032999
	3427033000
	3427033001
	3427033002
	3427033003
	3427033004
	3427033005
	3427033006
	3427033007
	3427033008
	3427033009
	3427033010
	3427033011
	3427033012
	3427033013
	3427033014
	3427033015
	3427033016
	3427033017
	3427033018
	3427033019
	3427033020
	3427033021
	3427033022
	3427033023
	3427033024
	3427033025
	3427033026
	3427033027
	3427033028
	3427033029
	3427033030
	3427033031
	3427033032
	3427033033
	3427033034
	3427033035
	3427033036
	3427033037
	3427033038
	3427033039
	3427033040
	3427033041
	3427033042
	3427033043
	3427033044
	3427033045
	3427033046
	3427033047
	3427033048
	3427033049
	3427033050
	3427033051
	3427033052
	3427033053
	3427033054
	3427033055
	3427033056
	3427033057
	3427033058
	3427033059
	3427033060
	3427033061
	3427033062
	3427033063
	3427033064
	3427033065
	3427033066
	3427033067
	3427033068
	3427033069
	3427033070
	3427033071
	3427033072
	3427033073
	3427033074
	3427033075
	3427033076
	3427033077
	3427033078
	3427033079
	3427033080
	3427033081
	3427033082
	3427033083
	3427033084
	3427033085
	3427033086
	3427033087
	3427033088
	3427033089
	3427033090
	3427033091
	3427033092
	3427033093
	3427033094
	3427033095
	3427033096
	3427033097
	3427033098
	3427033099
	3427033100
	3427033101
	3427033102
	3427033103
	3427033104
	3427033105
	3427033106
	3427033107
	3427033108
	3427033109
	3427033110
	3427033111
	3427033112
	3427033113
	3427033114
	3427033115
	3427033116
	3427033117
	3427033118
	3427033119
	3427033120
	3427033121
	3427033122
	3427033123
	3427033124
	3427033125
	3427033126
	3427033127
	3427033128
	3427033129
	3427033130
	3427033131
	3427033132
	3427033133
	3427033134
	3427033135
	3427033136
	3427033137
	3427033138
	3427033139
	3427033140
	3427033141
	3427033142
	3427033143
	3427033144
	3427033145
	3427033146
	3427033147
	3427033148
	3427033149
	3427033150
	3427033151
	3427033152
	3427033153
	3427033154
	3427033155
	3427033156
	3427033157
	3427033158
	3427033159
	3427033160
	3427033161
	3427033162
	3427033163
	3427033164
	3427033165
	3427033166
	3427033167
	3427033168
	3427033169
	3427033170
	3427033171
	3427033172
	3427033173
	3427033174
	3427033175
	3427033176
	3427033177
	3427033178
	3427033179
	3427033180
	3427033181
	3427033182
	3427033183
	3427033184
	3427033185
	3427033186
	3427033187
	3427033188
	3427033189
	3427033190
	3427033191
	3427033192
	3427033193
	3427033194
	3427033195
	3427033196
	3427033197
	3427033198
	3427033199
	3427033200
	3427033201
	3427033202
	3427033203
	3427033204
	3427033205
	3427033206
	3427033207
	3427033208
	3427033209
	3427033210
	3427033211
	3427033212
	3427033213
	3427033214
	3427033215
	3427033216
	3427033217
	3427033218
	3427033219
	3427033220
	3427033221
	3427033222
	3427033223
	3427033224
	3427033225
	3427033226
	3427033227
	3427033228
	3427033229
	3427033230
	3427033231
	3427033232
	3427033233
	3427033234
	3427033235
	3427033236
	3427033237
	3427033238
	3427033239
	3427033240
	3427033241
	3427033242
	3427033243
	3427033244
	3427033245
	3427033246
	3427033247
	3427033248
	3427033249
	3427033250
	3427033251
	3427033252
	3427033253
	3427033254
	3427033255
	3427033256
	3427033257
	3427033258
	3427033259
	3427033260
	3427033261
	3427033262
	3427033263
	3427033264
	3427033265
	3427033266
	3427033267
	3427033268
	3427033269
	3427033270
	3427033271
	3427033272
	3427033273
	3427033274
	3427033275
	3427033276
	3427033277
	3427033278
	3427033279
	3427033280
	3427033281
	3427033282
	3427033283
	3427033284
	3427033285
	3427033286
	3427033287
	3427033288
	3427033289
	3427033290
	3427033291
	3427033292
	3427033293
	3427033294
	3427033295
	3427033296
	3427033297
	3427033298
	3427033299
	3427033300
	3427033301
	3427033302
	3427033303
	3427033304
	3427033305
	3427033306
	3427033307
	3427033308
	3427033309
	3427033310
	3427033311
	3427033312
	3427033313
	3427033314
	3427033315
	3427033316
	3427033317
	3427033318
	3427033319
	3427033320
	3427033321
	3427033322
	3427033323
	3427033324
	3427033325
	3427033326
	3427033327
	3427033328
	3427033329
	3427033330
	3427033331
	3427033332
	3427033333
	3427033334
	3427033335
	3427033336
	3427033337
	3427033338
	3427033339
	3427033340
	3427033341
	3427033342
	3427033343
	3427033344
	3427033345
	3427033346
	3427033347
	3427033348
	3427033349
	3427033350
	3427033351
	3427033352
	3427033353
	3427033354
	3427033355
	3427033356
	3427033357
	3427033358
	3427033359
	3427033360
	3427033361
	3427033362
	3427033363
	3427033364
	3427033365
	3427033366
	3427033367
	3427033368
	3427033369
	3427033370
	3427033371
	3427033372
	3427033373
	3427033374
	3427033375
	3427033376
	3427033377
	3427033378
	3427033379
	3427033380
	3427033381
	3427033382
	3427033383
	3427033384
	3427033385
	3427033386
	3427033387
	3427033388
	3427033389
	3427033390
	3427033391
	3427033392
	3427033393
	3427033394
	3427033395
	3427033396
	3427033397
	3427033398
	3427033399
	3427033400
	3427033401
	3427033402
	3427033403
	3427033404
	3427033405
	3427033406
	3427033407
	3427033408
	3427033409
	3427033410
	3427033411
	3427033412
	3427033413
	3427033414
	3427033415
	3427033416
	3427033417
	3427033418
	3427033419
	3427033420
	3427033421
	3427033422
	3427033423
	3427033424
	3427033425
	3427033426
	3427033427
	3427033428
	3427033429
	3427033430
	3427033431
	3427033432
	3427033433
	3427033434
	3427033435
	3427033436
	3427033437
	3427033438
	3427033439
	3427033440
	3427033441
	3427033442
	3427033443
	3427033444
	3427033445
	3427033446
	3427033447
	3427033448
	3427033449
	3427033450
	3427033451
	3427033452
	3427033453
	3427033454
	3427033455
	3427033456
	3427033457
	3427033458
	3427033459
	3427033460
	3427033461
	3427033462
	3427033463
	3427033464
	3427033465
	3427033466
	3427033467
	3427033468
	3427033469
	3427033470
	3427033471
	3427033472
	3427033473
	3427033474
	3427033475
	3427033476
	3427033477
	3427033478
	3427033479
	3427033480
	3427033481
	3427033482
	3427033483
	3427033484
	3427033485
	3427033486
	3427033487
	3427033488
	3427033489
	3427033490
	3427033491
	3427033492
	3427033493
	3427033494
	3427033495
	3427033496
	3427033497
	3427033498
	3427033499
	3427033500
	3427033501
	3427033502
	3427033503
	3427033504
	3427033505
	3427033506
	3427033507
	3427033508
	3427033509
	3427033510
	3427033511
	3427033512
	3427033513
	3427033514
	3427033515
	3427033516
	3427033517
	3427033518
	3427033519
	3427033520
	3427033521
	3427033522
	3427033523
	3427033524
	3427033525
	3427033526
	3427033527
	3427033528
	3427033529
	3427033530
	3427033531
	3427033532
	3427033533
	3427033534
	3427033535
	3427033536
	3427033537
	3427033538
	3427033539
	3427033540
	3427033541
	3427033542
	3427033543
	3427033544
	3427033545
	3427033546
	3427033547
	3427033548
	3427033549
	3427033550
	3427033551
	3427033552
	3427033553
	3427033554
	3427033555
	3427033556
	3427033557
	3427033558
	3427033559
	3427033560
	3427033561
	3427033562
	3427033563
	3427033564
	3427033565
	3427033566
	3427033567
	3427033568
	3427033569
	3427033570
	3427033571
	3427033572
	3427033573
	3427033574
	3427033575
	3427033576
	3427033577
	3427033578
	3427033579
	3427033580
	3427033581
	3427033582
	3427033583
	3427033584
	3427033585
	3427033586
	3427033587
	3427033588
	3427033589
	3427033590
	3427033591
	3427033592
	3427033593
	3427033594
	3427033595
	3427033596
	3427033597
	3427033598
	3427033599
	3427033600
	3427033601
	3427033602
	3427033603
	3427033604
	3427033605
	3427033606
	3427033607
	3427033608
	3427033609
	3427033610
	3427033611
	3427033612
	3427033613
	3427033614
	3427033615
	3427033616
	3427033617
	3427033618
	3427033619
	3427033620
	3427033621
	3427033622
	3427033623
	3427033624
	3427033625
	3427033626
	3427033627
	3427033628
	3427033629
	3427033630
	3427033631
	3427033632
	3427033633
	3427033634
	3427033635
	3427033636
	3427033637
	3427033638
	3427033639
	3427033640
	3427033641
	3427033642
	3427033643
	3427033644
	3427033645
	3427033646
	3427033647
	3427033648
	3427033649
	3427033650
	3427033651
	3427033652
	3427033653
	3427033654
	3427033655
	3427033656
	3427033657
	3427033658
	3427033659
	3427033660
	3427033661
	3427033662
	3427033663
	3427033664
	3427033665
	3427033666
	3427033667
	3427033668
	3427033669
	3427033670
	3427033671
	3427033672
	3427033673
	3427033674
	3427033675
	3427033676
	3427033677
	3427033678
	3427033679
	3427033680
	3427033681
	3427033682
	3427033683
	3427033684
	3427033685
	3427033686
	3427033687
	3427033688
	3427033689
	3427033690
	3427033691
	3427033692
	3427033693
	3427033694
	3427033695
	3427033696
	3427033697
	3427033698
	3427033699
	3427033700
	3427033701
	3427033702
	3427033703
	3427033704
	3427033705
	3427033706
	3427033707
	3427033708
	3427033709
	3427033710
	3427033711
	3427033712
	3427033713
	3427033714
	3427033715
	3427033716
	3427033717
	3427033718
	3427033719
	3427033720
	3427033721
	3427033722
	3427033723
	3427033724
	3427033725
	3427033726
	3427033727
	3427033728
	3427033729
	3427033730
	3427033731
	3427033732
	3427033733
	3427033734
	3427033735
	3427033736
	3427033737
	3427033738
	3427033739
	3427033740
	3427033741
	3427033742
	3427033743
	3427033744
	3427033745
	3427033746
	3427033747
	3427033748
	3427033749
	3427033750
	3427033751
	3427033752
	3427033753
	3427033754
	3427033755
	3427033756
	3427033757
	3427033758
	3427033759
	3427033760
	3427033761
	3427033762
	3427033763
	3427033764
	3427033765
	3427033766
	3427033767
	3427033768
	3427033769
	3427033770
	3427033771
	3427033772
	3427033773
	3427033774
	3427033775
	3427033776
	3427033777
	3427033778
	3427033779
	3427033780
	3427033781
	3427033782
	3427033783
	3427033784
	3427033785
	3427033786
	3427033787
	3427033788
	3427033789
	3427033790
	3427033791
	3427033792
	3427033793
	3427033794
	3427033795
	3427033796
	3427033797
	3427033798
	3427033799
	3427033800
	3427033801
	3427033802
	3427033803
	3427033804
	3427033805
	3427033806
	3427033807
	3427033808
	3427033809
	3427033810
	3427033811
	3427033812
	3427033813
	3427033814
	3427033815
	3427033816
	3427033817
	3427033818
	3427033819
	3427033820
	3427033821
	3427033822
	3427033823
	3427033824
	3427033825
	3427033826
	3427033827
	3427033828
	3427033829
	3427033830
	3427033831
	3427033832
	3427033833
	3427033834
	3427033835
	3427033836
	3427033837
	3427033838
	3427033839
	3427033840
	3427033841
	3427033842
	3427033843
	3427033844
	3427033845
	3427033846
	3427033847
	3427033848
	3427033849
	3427033850
	3427033851
	3427033852
	3427033853
	3427033854
	3427033855
	3427033856
	3427033857
	3427033858
	3427033859
	3427033860
	3427033861
	3427033862
	3427033863
	3427033864
	3427033865
	3427033866
	3427033867
	3427033868
	3427033869
	3427033870
	3427033871
	3427033872
	3427033873
	3427033874
	3427033875
	3427033876
	3427033877
	3427033878
	3427033879
	3427033880
	3427033881
	3427033882
	3427033883
	3427033884
	3427033885
	3427033886
	3427033887
	3427033888
	3427033889
	3427033890
	3427033891
	3427033892
	3427033893
	3427033894
	3427033895
	3427033896
	3427033897
	3427033898
	3427033899
	3427033900
	3427033901
	3427033902
	3427033903
	3427033904
	3427033905
	3427033906
	3427033907
	3427033908
	3427033909
	3427033910
	3427033911
	3427033912
	3427033913
	3427033914
	3427033915
	3427033916
	3427033917
	3427033918
	3427033919
	3427033920
	3427033921
	3427033922
	3427033923
	3427033924
	3427033925
	3427033926
	3427033927
	3427033928
	3427033929
	3427033930
	3427033931
	3427033932
	3427033933
	3427033934
	3427033935
	3427033936
	3427033937
	3427033938
	3427033939
	3427033940
	3427033941
	3427033942
	3427033943
	3427033944
	3427033945
	3427033946
	3427033947
	3427033948
	3427033949
	3427033950
	3427033951
	3427033952
	3427033953
	3427033954
	3427033955
	3427033956
	3427033957
	3427033958
	3427033959
	3427033960
	3427033961
	3427033962
	3427033963
	3427033964
	3427033965
	3427033966
	3427033967
	3427033968
	3427033969
	3427033970
	3427033971
	3427033972
	3427033973
	3427033974
	3427033975
	3427033976
	3427033977
	3427033978
	3427033979
	3427033980
	3427033981
	3427033982
	3427033983
	3427033984
	3427033985
	3427033986
	3427033987
	3427033988
	3427033989
	3427033990
	3427033991
	3427033992
	3427033993
	3427033994
	3427033995
	3427033996
	3427033997
	3427033998
	3427033999
	3427034000
	3427034001
	3427034002
	3427034003
	3427034004
	3427034005
	3427034006
	3427034007
	3427034008
	3427034009
	3427034010
	3427034011
	3427034012
	3427034013
	3427034014
	3427034015
	3427034016
	3427034017
	3427034018
	3427034019
	3427034020
	3427034021
	3427034022
	3427034023
	3427034024
	3427034025
	3427034026
	3427034027
	3427034028
	3427034029
	3427034030
	3427034031
	3427034032
	3427034033
	3427034034
	3427034035
	3427034036
	3427034037
	3427034038
	3427034039
	3427034040
	3427034041
	3427034042
	3427034043
	3427034044
	3427034045
	3427034046
	3427034047
	3427034048
	3427034049
	3427034050
	3427034051
	3427034052
	3427034053
	3427034054
	3427034055
	3427034056
	3427034057
	3427034058
	3427034059
	3427034060
	3427034061
	3427034062
	3427034063
	3427034064
	3427034065
	3427034066
	3427034067
	3427034068
	3427034069
	3427034070
	3427034071
	3427034072
	3427034073
	3427034074
	3427034075
	3427034076
	3427034077
	3427034078
	3427034079
	3427034080
	3427034081
	3427034082
	3427034083
	3427034084
	3427034085
	3427034086
	3427034087
	3427034088
	3427034089
	3427034090
	3427034091
	3427034092
	3427034093
	3427034094
	3427034095
	3427034096
	3427034097
	3427034098
	3427034099
	3427034100
	3427034101
	3427034102
	3427034103
	3427034104
	3427034105
	3427034106
	3427034107
	3427034108
	3427034109
	3427034110
	3427034111
	3427034112
	3427034113
	3427034114
	3427034115
	3427034116
	3427034117
	3427034118
	3427034119
	3427034120
	3427034121
	3427034122
	3427034123
	3427034124
	3427034125
	3427034126
	3427034127
	3427034128
	3427034129
	3427034130
	3427034131
	3427034132
	3427034133
	3427034134
	3427034135
	3427034136
	3427034137
	3427034138
	3427034139
	3427034140
	3427034141
	3427034142
	3427034143
	3427034144
	3427034145
	3427034146
	3427034147
	3427034148
	3427034149
	3427034150
	3427034151
	3427034152
	3427034153
	3427034154
	3427034155
	3427034156
	3427034157
	3427034158
	3427034159
	3427034160
	3427034161
	3427034162
	3427034163
	3427034164
	3427034165
	3427034166
	3427034167
	3427034168
	3427034169
	3427034170
	3427034171
	3427034172
	3427034173
	3427034174
	3427034175
	3427034176
	3427034177
	3427034178
	3427034179
	3427034180
	3427034181
	3427034182
	3427034183
	3427034184
	3427034185
	3427034186
	3427034187
	3427034188
	3427034189
	3427034190
	3427034191
	3427034192
	3427034193
	3427034194
	3427034195
	3427034196
	3427034197
	3427034198
	3427034199
	3427034200
	3427034201
	3427034202
	3427034203
	3427034204
	3427034205
	3427034206
	3427034207
