	3426507061
	3426507062
	3426507063
	3426507064
	3426507065
	3426507066
	3426507067
	3426507068
	3426507069
	3426507070
	3426507071
	3426507072
	3426507073
	3426507074
	3426507075
	3426507076
	3426507077
	3426507078
	3426507079
	3426507080
	3426507081
	3426507082
	3426507083
	3426507084
	3426507085
	3426507086
	3426507087
	3426507088
	3426507089
	3426507090
	3426507091
	3426507092
	3426507093
	3426507094
	3426507095
	3426507096
	3426507097
	3426507098
	3426507099
	3426507100
	3426507101
	3426507102
	3426507103
	3426507104
	3426507105
	3426507106
	3426507107
	3426507108
	3426507109
	3426507110
	3426507111
	3426507112
	3426507113
	3426507114
	3426507115
	3426507116
	3426507117
	3426507118
	3426507119
	3426507120
	3426507121
	3426507122
	3426507123
	3426507124
	3426507125
	3426507126
	3426507127
	3426507128
	3426507129
	3426507130
	3426507131
	3426507132
	3426507133
	3426507134
	3426507135
	3426507136
	3426507137
	3426507138
	3426507139
	3426507140
	3426507141
	3426507142
	3426507143
	3426507144
	3426507145
	3426507146
	3426507147
	3426507148
	3426507149
	3426507150
	3426507151
	3426507152
	3426507153
	3426507154
	3426507155
	3426507156
	3426507157
	3426507158
	3426507159
	3426507160
	3426507161
	3426507162
	3426507163
	3426507164
	3426507165
	3426507166
	3426507167
	3426507168
	3426507169
	3426507170
	3426507171
	3426507172
	3426507173
	3426507174
	3426507175
	3426507176
	3426507177
	3426507178
	3426507179
	3426507180
	3426507181
	3426507182
	3426507183
	3426507184
	3426507185
	3426507186
	3426507187
	3426507188
	3426507189
	3426507190
	3426507191
	3426507192
	3426507193
	3426507194
	3426507195
	3426507196
	3426507197
	3426507198
	3426507199
	3426507200
	3426507201
	3426507202
	3426507203
	3426507204
	3426507205
	3426507206
	3426507207
	3426507208
	3426507209
	3426507210
	3426507211
	3426507212
	3426507213
	3426507214
	3426507215
	3426507216
	3426507217
	3426507218
	3426507219
	3426507220
	3426507221
	3426507222
	3426507223
	3426507224
	3426507225
	3426507226
	3426507227
	3426507228
	3426507229
	3426507230
	3426507231
	3426507232
	3426507233
	3426507234
	3426507235
	3426507236
	3426507237
	3426507238
	3426507239
	3426507240
	3426507241
	3426507242
	3426507243
	3426507244
	3426507245
	3426507246
	3426507247
	3426507248
	3426507249
	3426507250
	3426507251
	3426507252
	3426507253
	3426507254
	3426507255
	3426507256
	3426507257
	3426507258
	3426507259
	3426507260
	3426507261
	3426507262
	3426507263
	3426507264
	3426507265
	3426507266
	3426507267
	3426507268
	3426507269
	3426507270
	3426507271
	3426507272
	3426507273
	3426507274
	3426507275
	3426507276
	3426507277
	3426507278
	3426507279
	3426507280
	3426507281
	3426507282
	3426507283
	3426507284
	3426507285
	3426507286
	3426507287
	3426507288
	3426507289
	3426507290
	3426507291
	3426507292
	3426507293
	3426507294
	3426507295
	3426507296
	3426507297
	3426507298
	3426507299
	3426507300
	3426507301
	3426507302
	3426507303
	3426507304
	3426507305
	3426507306
	3426507307
	3426507308
	3426507309
	3426507310
	3426507311
	3426507312
	3426507313
	3426507314
	3426507315
	3426507316
	3426507317
	3426507318
	3426507319
	3426507320
	3426507321
	3426507322
	3426507323
	3426507324
	3426507325
	3426507326
	3426507327
	3426507328
	3426507329
	3426507330
	3426507331
	3426507332
	3426507333
	3426507334
	3426507335
	3426507336
	3426507337
	3426507338
	3426507339
	3426507340
	3426507341
	3426507342
	3426507343
	3426507344
	3426507345
	3426507346
	3426507347
	3426507348
	3426507349
	3426507350
	3426507351
	3426507352
	3426507353
	3426507354
	3426507355
	3426507356
	3426507357
	3426507358
	3426507359
	3426507360
	3426507361
	3426507362
	3426507363
	3426507364
	3426507365
	3426507366
	3426507367
	3426507368
	3426507369
	3426507370
	3426507371
	3426507372
	3426507373
	3426507374
	3426507375
	3426507376
	3426507377
	3426507378
	3426507379
	3426507380
	3426507381
	3426507382
	3426507383
	3426507384
	3426507385
	3426507386
	3426507387
	3426507388
	3426507389
	3426507390
	3426507391
	3426507392
	3426507393
	3426507394
	3426507395
	3426507396
	3426507397
	3426507398
	3426507399
	3426507400
	3426507401
	3426507402
	3426507403
	3426507404
	3426507405
	3426507406
	3426507407
	3426507408
	3426507409
	3426507410
	3426507411
	3426507412
	3426507413
	3426507414
	3426507415
	3426507416
	3426507417
	3426507418
	3426507419
	3426507420
	3426507421
	3426507422
	3426507423
	3426507424
	3426507425
	3426507426
	3426507427
	3426507428
	3426507429
	3426507430
	3426507431
	3426507432
	3426507433
	3426507434
	3426507435
	3426507436
	3426507437
	3426507438
	3426507439
	3426507440
	3426507441
	3426507442
	3426507443
	3426507444
	3426507445
	3426507446
	3426507447
	3426507448
	3426507449
	3426507450
	3426507451
	3426507452
	3426507453
	3426507454
	3426507455
	3426507456
	3426507457
	3426507458
	3426507459
	3426507460
	3426507461
	3426507462
	3426507463
	3426507464
	3426507465
	3426507466
	3426507467
	3426507468
	3426507469
	3426507470
	3426507471
	3426507472
	3426507473
	3426507474
	3426507475
	3426507476
	3426507477
	3426507478
	3426507479
	3426507480
	3426507481
	3426507482
	3426507483
	3426507484
	3426507485
	3426507486
	3426507487
	3426507488
	3426507489
	3426507490
	3426507491
	3426507492
	3426507493
	3426507494
	3426507495
	3426507496
	3426507497
	3426507498
	3426507499
	3426507500
	3426507501
	3426507502
	3426507503
	3426507504
	3426507505
	3426507506
	3426507507
	3426507508
	3426507509
	3426507510
	3426507511
	3426507512
	3426507513
	3426507514
	3426507515
	3426507516
	3426507517
	3426507518
	3426507519
	3426507520
	3426507521
	3426507522
	3426507523
	3426507524
	3426507525
	3426507526
	3426507527
	3426507528
	3426507529
	3426507530
	3426507531
	3426507532
	3426507533
	3426507534
	3426507535
	3426507536
	3426507537
	3426507538
	3426507539
	3426507540
	3426507541
	3426507542
	3426507543
	3426507544
	3426507545
	3426507546
	3426507547
	3426507548
	3426507549
	3426507550
	3426507551
	3426507552
	3426507553
	3426507554
	3426507555
	3426507556
	3426507557
	3426507558
	3426507559
	3426507560
	3426507561
	3426507562
	3426507563
	3426507564
	3426507565
	3426507566
	3426507567
	3426507568
	3426507569
	3426507570
	3426507571
	3426507572
	3426507573
	3426507574
	3426507575
	3426507576
	3426507577
	3426507578
	3426507579
	3426507580
	3426507581
	3426507582
	3426507583
	3426507584
	3426507585
	3426507586
	3426507587
	3426507588
	3426507589
	3426507590
	3426507591
	3426507592
	3426507593
	3426507594
	3426507595
	3426507596
	3426507597
	3426507598
	3426507599
	3426507600
	3426507601
	3426507602
	3426507603
	3426507604
	3426507605
	3426507606
	3426507607
	3426507608
	3426507609
	3426507610
	3426507611
	3426507612
	3426507613
	3426507614
	3426507615
	3426507616
	3426507617
	3426507618
	3426507619
	3426507620
	3426507621
	3426507622
	3426507623
	3426507624
	3426507625
	3426507626
	3426507627
	3426507628
	3426507629
	3426507630
	3426507631
	3426507632
	3426507633
	3426507634
	3426507635
	3426507636
	3426507637
	3426507638
	3426507639
	3426507640
	3426507641
	3426507642
	3426507643
	3426507644
	3426507645
	3426507646
	3426507647
	3426507648
	3426507649
	3426507650
	3426507651
	3426507652
	3426507653
	3426507654
	3426507655
	3426507656
	3426507657
	3426507658
	3426507659
	3426507660
	3426507661
	3426507662
	3426507663
	3426507664
	3426507665
	3426507666
	3426507667
	3426507668
	3426507669
	3426507670
	3426507671
	3426507672
	3426507673
	3426507674
	3426507675
	3426507676
	3426507677
	3426507678
	3426507679
	3426507680
	3426507681
	3426507682
	3426507683
	3426507684
	3426507685
	3426507686
	3426507687
	3426507688
	3426507689
	3426507690
	3426507691
	3426507692
	3426507693
	3426507694
	3426507695
	3426507696
	3426507697
	3426507698
	3426507699
	3426507700
	3426507701
	3426507702
	3426507703
	3426507704
	3426507705
	3426507706
	3426507707
	3426507708
	3426507709
	3426507710
	3426507711
	3426507712
	3426507713
	3426507714
	3426507715
	3426507716
	3426507717
	3426507718
	3426507719
	3426507720
	3426507721
	3426507722
	3426507723
	3426507724
	3426507725
	3426507726
	3426507727
	3426507728
	3426507729
	3426507730
	3426507731
	3426507732
	3426507733
	3426507734
	3426507735
	3426507736
	3426507737
	3426507738
	3426507739
	3426507740
	3426507741
	3426507742
	3426507743
	3426507744
	3426507745
	3426507746
	3426507747
	3426507748
	3426507749
	3426507750
	3426507751
	3426507752
	3426507753
	3426507754
	3426507755
	3426507756
	3426507757
	3426507758
	3426507759
	3426507760
	3426507761
	3426507762
	3426507763
	3426507764
	3426507765
	3426507766
	3426507767
	3426507768
	3426507769
	3426507770
	3426507771
	3426507772
	3426507773
	3426507774
	3426507775
	3426507776
	3426507777
	3426507778
	3426507779
	3426507780
	3426507781
	3426507782
	3426507783
	3426507784
	3426507785
	3426507786
	3426507787
	3426507788
	3426507789
	3426507790
	3426507791
	3426507792
	3426507793
	3426507794
	3426507795
	3426507796
	3426507797
	3426507798
	3426507799
	3426507800
	3426507801
	3426507802
	3426507803
	3426507804
	3426507805
	3426507806
	3426507807
	3426507808
	3426507809
	3426507810
	3426507811
	3426507812
	3426507813
	3426507814
	3426507815
	3426507816
	3426507817
	3426507818
	3426507819
	3426507820
	3426507821
	3426507822
	3426507823
	3426507824
	3426507825
	3426507826
	3426507827
	3426507828
	3426507829
	3426507830
	3426507831
	3426507832
	3426507833
	3426507834
	3426507835
	3426507836
	3426507837
	3426507838
	3426507839
	3426507840
	3426507841
	3426507842
	3426507843
	3426507844
	3426507845
	3426507846
	3426507847
	3426507848
	3426507849
	3426507850
	3426507851
	3426507852
	3426507853
	3426507854
	3426507855
	3426507856
	3426507857
	3426507858
	3426507859
	3426507860
	3426507861
	3426507862
	3426507863
	3426507864
	3426507865
	3426507866
	3426507867
	3426507868
	3426507869
	3426507870
	3426507871
	3426507872
	3426507873
	3426507874
	3426507875
	3426507876
	3426507877
	3426507878
	3426507879
	3426507880
	3426507881
	3426507882
	3426507883
	3426507884
	3426507885
	3426507886
	3426507887
	3426507888
	3426507889
	3426507890
	3426507891
	3426507892
	3426507893
	3426507894
	3426507895
	3426507896
	3426507897
	3426507898
	3426507899
	3426507900
	3426507901
	3426507902
	3426507903
	3426507904
	3426507905
	3426507906
	3426507907
	3426507908
	3426507909
	3426507910
	3426507911
	3426507912
	3426507913
	3426507914
	3426507915
	3426507916
	3426507917
	3426507918
	3426507919
	3426507920
	3426507921
	3426507922
	3426507923
	3426507924
	3426507925
	3426507926
	3426507927
	3426507928
	3426507929
	3426507930
	3426507931
	3426507932
	3426507933
	3426507934
	3426507935
	3426507936
	3426507937
	3426507938
	3426507939
	3426507940
	3426507941
	3426507942
	3426507943
	3426507944
	3426507945
	3426507946
	3426507947
	3426507948
	3426507949
	3426507950
	3426507951
	3426507952
	3426507953
	3426507954
	3426507955
	3426507956
	3426507957
	3426507958
	3426507959
	3426507960
	3426507961
	3426507962
	3426507963
	3426507964
	3426507965
	3426507966
	3426507967
	3426507968
	3426507969
	3426507970
	3426507971
	3426507972
	3426507973
	3426507974
	3426507975
	3426507976
	3426507977
	3426507978
	3426507979
	3426507980
	3426507981
	3426507982
	3426507983
	3426507984
	3426507985
	3426507986
	3426507987
	3426507988
	3426507989
	3426507990
	3426507991
	3426507992
	3426507993
	3426507994
	3426507995
	3426507996
	3426507997
	3426507998
	3426507999
	3426508000
	3426508001
	3426508002
	3426508003
	3426508004
	3426508005
	3426508006
	3426508007
	3426508008
	3426508009
	3426508010
	3426508011
	3426508012
	3426508013
	3426508014
	3426508015
	3426508016
	3426508017
	3426508018
	3426508019
	3426508020
	3426508021
	3426508022
	3426508023
	3426508024
	3426508025
	3426508026
	3426508027
	3426508028
	3426508029
	3426508030
	3426508031
	3426508032
	3426508033
	3426508034
	3426508035
	3426508036
	3426508037
	3426508038
	3426508039
	3426508040
	3426508041
	3426508042
	3426508043
	3426508044
	3426508045
	3426508046
	3426508047
	3426508048
	3426508049
	3426508050
	3426508051
	3426508052
	3426508053
	3426508054
	3426508055
	3426508056
	3426508057
	3426508058
	3426508059
	3426508060
	3426508061
	3426508062
	3426508063
	3426508064
	3426508065
	3426508066
	3426508067
	3426508068
	3426508069
	3426508070
	3426508071
	3426508072
	3426508073
	3426508074
	3426508075
	3426508076
	3426508077
	3426508078
	3426508079
	3426508080
	3426508081
	3426508082
	3426508083
	3426508084
	3426508085
	3426508086
	3426508087
	3426508088
	3426508089
	3426508090
	3426508091
	3426508092
	3426508093
	3426508094
	3426508095
	3426508096
	3426508097
	3426508098
	3426508099
	3426508100
	3426508101
	3426508102
	3426508103
	3426508104
	3426508105
	3426508106
	3426508107
	3426508108
	3426508109
	3426508110
	3426508111
	3426508112
	3426508113
	3426508114
	3426508115
	3426508116
	3426508117
	3426508118
	3426508119
	3426508120
	3426508121
	3426508122
	3426508123
	3426508124
	3426508125
	3426508126
	3426508127
	3426508128
	3426508129
	3426508130
	3426508131
	3426508132
	3426508133
	3426508134
	3426508135
	3426508136
	3426508137
	3426508138
	3426508139
	3426508140
	3426508141
	3426508142
	3426508143
	3426508144
	3426508145
	3426508146
	3426508147
	3426508148
	3426508149
	3426508150
	3426508151
	3426508152
	3426508153
	3426508154
	3426508155
	3426508156
	3426508157
	3426508158
	3426508159
	3426508160
	3426508161
	3426508162
	3426508163
	3426508164
	3426508165
	3426508166
	3426508167
	3426508168
	3426508169
	3426508170
	3426508171
	3426508172
	3426508173
	3426508174
	3426508175
	3426508176
	3426508177
	3426508178
	3426508179
	3426508180
	3426508181
	3426508182
	3426508183
	3426508184
	3426508185
	3426508186
	3426508187
	3426508188
	3426508189
	3426508190
	3426508191
	3426508192
	3426508193
	3426508194
	3426508195
	3426508196
	3426508197
	3426508198
	3426508199
	3426508200
	3426508201
	3426508202
	3426508203
	3426508204
	3426508205
	3426508206
	3426508207
	3426508208
	3426508209
	3426508210
	3426508211
	3426508212
	3426508213
	3426508214
	3426508215
	3426508216
	3426508217
	3426508218
	3426508219
	3426508220
	3426508221
	3426508222
	3426508223
	3426508224
	3426508225
	3426508226
	3426508227
	3426508228
	3426508229
	3426508230
	3426508231
	3426508232
	3426508233
	3426508234
	3426508235
	3426508236
	3426508237
	3426508238
	3426508239
	3426508240
	3426508241
	3426508242
	3426508243
	3426508244
	3426508245
	3426508246
	3426508247
	3426508248
	3426508249
	3426508250
	3426508251
	3426508252
	3426508253
	3426508254
	3426508255
	3426508256
	3426508257
	3426508258
	3426508259
	3426508260
	3426508261
	3426508262
	3426508263
	3426508264
	3426508265
	3426508266
	3426508267
	3426508268
	3426508269
	3426508270
	3426508271
	3426508272
	3426508273
	3426508274
	3426508275
	3426508276
	3426508277
	3426508278
	3426508279
	3426508280
	3426508281
	3426508282
	3426508283
	3426508284
	3426508285
	3426508286
	3426508287
	3426508288
	3426508289
	3426508290
	3426508291
	3426508292
	3426508293
	3426508294
	3426508295
	3426508296
	3426508297
	3426508298
	3426508299
	3426508300
	3426508301
	3426508302
	3426508303
	3426508304
	3426508305
	3426508306
	3426508307
	3426508308
	3426508309
	3426508310
	3426508311
	3426508312
	3426508313
	3426508314
	3426508315
	3426508316
	3426508317
	3426508318
	3426508319
	3426508320
	3426508321
	3426508322
	3426508323
	3426508324
	3426508325
	3426508326
	3426508327
	3426508328
	3426508329
	3426508330
	3426508331
	3426508332
	3426508333
	3426508334
	3426508335
	3426508336
	3426508337
	3426508338
	3426508339
	3426508340
	3426508341
	3426508342
	3426508343
	3426508344
	3426508345
	3426508346
	3426508347
	3426508348
	3426508349
	3426508350
	3426508351
	3426508352
	3426508353
	3426508354
	3426508355
	3426508356
	3426508357
	3426508358
	3426508359
	3426508360
	3426508361
	3426508362
	3426508363
	3426508364
	3426508365
	3426508366
	3426508367
	3426508368
	3426508369
	3426508370
	3426508371
	3426508372
	3426508373
	3426508374
	3426508375
	3426508376
	3426508377
	3426508378
	3426508379
	3426508380
	3426508381
	3426508382
	3426508383
	3426508384
	3426508385
	3426508386
	3426508387
	3426508388
	3426508389
	3426508390
	3426508391
	3426508392
	3426508393
	3426508394
	3426508395
	3426508396
	3426508397
	3426508398
	3426508399
	3426508400
	3426508401
	3426508402
	3426508403
	3426508404
	3426508405
	3426508406
	3426508407
	3426508408
	3426508409
	3426508410
	3426508411
	3426508412
	3426508413
	3426508414
	3426508415
	3426508416
	3426508417
	3426508418
	3426508419
	3426508420
	3426508421
	3426508422
	3426508423
	3426508424
	3426508425
	3426508426
	3426508427
	3426508428
	3426508429
	3426508430
	3426508431
	3426508432
	3426508433
	3426508434
	3426508435
	3426508436
	3426508437
	3426508438
	3426508439
	3426508440
	3426508441
	3426508442
	3426508443
	3426508444
	3426508445
	3426508446
	3426508447
	3426508448
	3426508449
	3426508450
	3426508451
	3426508452
	3426508453
	3426508454
	3426508455
	3426508456
	3426508457
	3426508458
	3426508459
	3426508460
	3426508461
	3426508462
	3426508463
	3426508464
	3426508465
	3426508466
	3426508467
	3426508468
	3426508469
	3426508470
	3426508471
	3426508472
	3426508473
	3426508474
	3426508475
	3426508476
	3426508477
	3426508478
	3426508479
	3426508480
	3426508481
	3426508482
	3426508483
	3426508484
	3426508485
	3426508486
	3426508487
	3426508488
	3426508489
	3426508490
	3426508491
	3426508492
	3426508493
	3426508494
	3426508495
	3426508496
	3426508497
	3426508498
	3426508499
	3426508500
	3426508501
	3426508502
	3426508503
	3426508504
	3426508505
	3426508506
	3426508507
	3426508508
	3426508509
	3426508510
	3426508511
	3426508512
	3426508513
	3426508514
	3426508515
	3426508516
	3426508517
	3426508518
	3426508519
	3426508520
	3426508521
	3426508522
	3426508523
	3426508524
	3426508525
	3426508526
	3426508527
	3426508528
	3426508529
	3426508530
	3426508531
	3426508532
	3426508533
	3426508534
	3426508535
	3426508536
	3426508537
	3426508538
	3426508539
	3426508540
	3426508541
	3426508542
	3426508543
	3426508544
	3426508545
	3426508546
	3426508547
	3426508548
	3426508549
	3426508550
	3426508551
	3426508552
	3426508553
	3426508554
	3426508555
	3426508556
	3426508557
	3426508558
	3426508559
	3426508560
	3426508561
	3426508562
	3426508563
	3426508564
	3426508565
	3426508566
	3426508567
	3426508568
	3426508569
	3426508570
	3426508571
	3426508572
	3426508573
	3426508574
	3426508575
	3426508576
	3426508577
	3426508578
	3426508579
	3426508580
	3426508581
	3426508582
	3426508583
	3426508584
	3426508585
	3426508586
	3426508587
	3426508588
	3426508589
	3426508590
	3426508591
	3426508592
	3426508593
	3426508594
	3426508595
	3426508596
	3426508597
	3426508598
	3426508599
	3426508600
	3426508601
	3426508602
	3426508603
	3426508604
	3426508605
	3426508606
	3426508607
	3426508608
	3426508609
	3426508610
	3426508611
	3426508612
	3426508613
	3426508614
	3426508615
	3426508616
	3426508617
	3426508618
	3426508619
	3426508620
	3426508621
	3426508622
	3426508623
	3426508624
	3426508625
	3426508626
	3426508627
	3426508628
	3426508629
	3426508630
	3426508631
	3426508632
	3426508633
	3426508634
	3426508635
	3426508636
	3426508637
	3426508638
	3426508639
	3426508640
	3426508641
	3426508642
	3426508643
	3426508644
	3426508645
	3426508646
	3426508647
	3426508648
	3426508649
	3426508650
	3426508651
	3426508652
	3426508653
	3426508654
	3426508655
	3426508656
	3426508657
	3426508658
	3426508659
	3426508660
	3426508661
	3426508662
	3426508663
	3426508664
	3426508665
	3426508666
	3426508667
	3426508668
	3426508669
	3426508670
	3426508671
	3426508672
	3426508673
	3426508674
	3426508675
	3426508676
	3426508677
	3426508678
	3426508679
	3426508680
	3426508681
	3426508682
	3426508683
	3426508684
	3426508685
	3426508686
	3426508687
	3426508688
	3426508689
	3426508690
	3426508691
	3426508692
	3426508693
	3426508694
	3426508695
	3426508696
	3426508697
	3426508698
	3426508699
	3426508700
	3426508701
	3426508702
	3426508703
	3426508704
	3426508705
	3426508706
	3426508707
	3426508708
	3426508709
	3426508710
	3426508711
	3426508712
	3426508713
	3426508714
	3426508715
	3426508716
	3426508717
	3426508718
	3426508719
	3426508720
	3426508721
	3426508722
	3426508723
	3426508724
	3426508725
	3426508726
	3426508727
	3426508728
	3426508729
	3426508730
	3426508731
	3426508732
	3426508733
	3426508734
	3426508735
	3426508736
	3426508737
	3426508738
	3426508739
	3426508740
	3426508741
	3426508742
	3426508743
	3426508744
	3426508745
	3426508746
	3426508747
	3426508748
	3426508749
	3426508750
	3426508751
	3426508752
	3426508753
	3426508754
	3426508755
	3426508756
	3426508757
	3426508758
	3426508759
	3426508760
	3426508761
	3426508762
	3426508763
	3426508764
	3426508765
	3426508766
	3426508767
	3426508768
	3426508769
	3426508770
	3426508771
	3426508772
	3426508773
	3426508774
	3426508775
	3426508776
	3426508777
	3426508778
	3426508779
	3426508780
	3426508781
	3426508782
	3426508783
	3426508784
	3426508785
	3426508786
	3426508787
	3426508788
	3426508789
	3426508790
	3426508791
	3426508792
	3426508793
	3426508794
	3426508795
	3426508796
	3426508797
	3426508798
	3426508799
	3426508800
	3426508801
	3426508802
	3426508803
	3426508804
	3426508805
	3426508806
	3426508807
	3426508808
	3426508809
	3426508810
	3426508811
	3426508812
	3426508813
	3426508814
	3426508815
	3426508816
	3426508817
	3426508818
	3426508819
	3426508820
	3426508821
	3426508822
	3426508823
	3426508824
	3426508825
	3426508826
	3426508827
	3426508828
	3426508829
	3426508830
	3426508831
	3426508832
	3426508833
	3426508834
	3426508835
	3426508836
	3426508837
	3426508838
	3426508839
	3426508840
	3426508841
	3426508842
	3426508843
	3426508844
	3426508845
	3426508846
	3426508847
	3426508848
	3426508849
	3426508850
	3426508851
	3426508852
	3426508853
	3426508854
	3426508855
	3426508856
	3426508857
	3426508858
	3426508859
	3426508860
	3426508861
	3426508862
	3426508863
	3426508864
	3426508865
	3426508866
	3426508867
	3426508868
	3426508869
	3426508870
	3426508871
	3426508872
	3426508873
	3426508874
	3426508875
	3426508876
	3426508877
	3426508878
	3426508879
	3426508880
	3426508881
	3426508882
	3426508883
	3426508884
	3426508885
	3426508886
	3426508887
	3426508888
	3426508889
	3426508890
	3426508891
	3426508892
	3426508893
	3426508894
	3426508895
	3426508896
	3426508897
	3426508898
	3426508899
	3426508900
	3426508901
	3426508902
	3426508903
	3426508904
	3426508905
	3426508906
	3426508907
	3426508908
	3426508909
	3426508910
	3426508911
	3426508912
	3426508913
	3426508914
	3426508915
	3426508916
	3426508917
	3426508918
	3426508919
	3426508920
	3426508921
	3426508922
	3426508923
	3426508924
	3426508925
	3426508926
	3426508927
	3426508928
	3426508929
	3426508930
	3426508931
	3426508932
	3426508933
	3426508934
	3426508935
	3426508936
	3426508937
	3426508938
	3426508939
	3426508940
	3426508941
	3426508942
	3426508943
	3426508944
	3426508945
	3426508946
	3426508947
	3426508948
	3426508949
	3426508950
	3426508951
	3426508952
	3426508953
	3426508954
	3426508955
	3426508956
	3426508957
	3426508958
	3426508959
	3426508960
	3426508961
	3426508962
	3426508963
	3426508964
	3426508965
	3426508966
	3426508967
	3426508968
	3426508969
	3426508970
	3426508971
	3426508972
	3426508973
	3426508974
	3426508975
	3426508976
	3426508977
	3426508978
	3426508979
	3426508980
	3426508981
	3426508982
	3426508983
	3426508984
	3426508985
	3426508986
	3426508987
	3426508988
	3426508989
	3426508990
	3426508991
	3426508992
	3426508993
	3426508994
	3426508995
	3426508996
	3426508997
	3426508998
	3426508999
	3426509000
	3426509001
	3426509002
	3426509003
	3426509004
	3426509005
	3426509006
	3426509007
	3426509008
	3426509009
	3426509010
	3426509011
	3426509012
	3426509013
	3426509014
	3426509015
	3426509016
	3426509017
	3426509018
	3426509019
	3426509020
	3426509021
	3426509022
	3426509023
	3426509024
	3426509025
	3426509026
	3426509027
	3426509028
	3426509029
	3426509030
	3426509031
	3426509032
	3426509033
	3426509034
	3426509035
	3426509036
	3426509037
	3426509038
	3426509039
	3426509040
	3426509041
	3426509042
	3426509043
	3426509044
	3426509045
	3426509046
	3426509047
	3426509048
	3426509049
	3426509050
	3426509051
	3426509052
	3426509053
	3426509054
	3426509055
	3426509056
	3426509057
	3426509058
	3426509059
	3426509060
	3426509061
	3426509062
	3426509063
	3426509064
	3426509065
	3426509066
	3426509067
	3426509068
	3426509069
	3426509070
	3426509071
	3426509072
	3426509073
	3426509074
	3426509075
	3426509076
	3426509077
	3426509078
	3426509079
	3426509080
	3426509081
	3426509082
	3426509083
	3426509084
	3426509085
	3426509086
	3426509087
	3426509088
	3426509089
	3426509090
	3426509091
	3426509092
	3426509093
	3426509094
	3426509095
	3426509096
	3426509097
	3426509098
	3426509099
	3426509100
	3426509101
	3426509102
	3426509103
	3426509104
	3426509105
	3426509106
	3426509107
	3426509108
	3426509109
	3426509110
	3426509111
	3426509112
	3426509113
	3426509114
	3426509115
	3426509116
	3426509117
	3426509118
	3426509119
	3426509120
	3426509121
	3426509122
	3426509123
	3426509124
	3426509125
	3426509126
	3426509127
	3426509128
	3426509129
	3426509130
	3426509131
	3426509132
	3426509133
	3426509134
	3426509135
	3426509136
	3426509137
	3426509138
	3426509139
	3426509140
	3426509141
	3426509142
	3426509143
	3426509144
	3426509145
	3426509146
	3426509147
	3426509148
	3426509149
	3426509150
	3426509151
	3426509152
	3426509153
	3426509154
	3426509155
	3426509156
	3426509157
	3426509158
	3426509159
	3426509160
	3426509161
	3426509162
	3426509163
	3426509164
	3426509165
	3426509166
	3426509167
	3426509168
	3426509169
	3426509170
	3426509171
	3426509172
	3426509173
	3426509174
	3426509175
	3426509176
	3426509177
	3426509178
	3426509179
	3426509180
	3426509181
	3426509182
	3426509183
	3426509184
	3426509185
	3426509186
	3426509187
	3426509188
	3426509189
	3426509190
	3426509191
	3426509192
	3426509193
	3426509194
	3426509195
	3426509196
	3426509197
	3426509198
	3426509199
	3426509200
	3426509201
	3426509202
	3426509203
	3426509204
	3426509205
	3426509206
	3426509207
	3426509208
	3426509209
	3426509210
	3426509211
	3426509212
	3426509213
	3426509214
	3426509215
	3426509216
	3426509217
	3426509218
	3426509219
	3426509220
	3426509221
	3426509222
	3426509223
	3426509224
	3426509225
	3426509226
	3426509227
	3426509228
	3426509229
	3426509230
	3426509231
	3426509232
	3426509233
	3426509234
	3426509235
	3426509236
	3426509237
	3426509238
	3426509239
	3426509240
	3426509241
	3426509242
	3426509243
	3426509244
	3426509245
	3426509246
	3426509247
	3426509248
	3426509249
	3426509250
	3426509251
	3426509252
	3426509253
	3426509254
	3426509255
	3426509256
	3426509257
	3426509258
	3426509259
	3426509260
	3426509261
	3426509262
	3426509263
	3426509264
	3426509265
	3426509266
	3426509267
	3426509268
	3426509269
	3426509270
	3426509271
	3426509272
	3426509273
	3426509274
	3426509275
	3426509276
	3426509277
	3426509278
	3426509279
	3426509280
	3426509281
	3426509282
	3426509283
	3426509284
	3426509285
	3426509286
	3426509287
	3426509288
	3426509289
	3426509290
	3426509291
	3426509292
	3426509293
	3426509294
	3426509295
	3426509296
	3426509297
	3426509298
	3426509299
	3426509300
	3426509301
	3426509302
	3426509303
	3426509304
	3426509305
	3426509306
	3426509307
	3426509308
	3426509309
	3426509310
	3426509311
	3426509312
	3426509313
	3426509314
	3426509315
	3426509316
	3426509317
	3426509318
	3426509319
	3426509320
	3426509321
	3426509322
	3426509323
	3426509324
	3426509325
	3426509326
	3426509327
	3426509328
	3426509329
	3426509330
	3426509331
	3426509332
	3426509333
	3426509334
	3426509335
	3426509336
	3426509337
	3426509338
	3426509339
	3426509340
	3426509341
	3426509342
	3426509343
	3426509344
	3426509345
	3426509346
	3426509347
	3426509348
	3426509349
	3426509350
	3426509351
	3426509352
	3426509353
	3426509354
	3426509355
	3426509356
	3426509357
	3426509358
	3426509359
	3426509360
	3426509361
	3426509362
	3426509363
	3426509364
	3426509365
	3426509366
	3426509367
	3426509368
	3426509369
	3426509370
	3426509371
	3426509372
	3426509373
	3426509374
	3426509375
	3426509376
	3426509377
	3426509378
	3426509379
	3426509380
	3426509381
	3426509382
	3426509383
	3426509384
	3426509385
	3426509386
	3426509387
	3426509388
	3426509389
	3426509390
	3426509391
	3426509392
	3426509393
	3426509394
	3426509395
	3426509396
	3426509397
	3426509398
	3426509399
	3426509400
	3426509401
	3426509402
	3426509403
	3426509404
	3426509405
	3426509406
	3426509407
	3426509408
	3426509409
	3426509410
	3426509411
	3426509412
	3426509413
	3426509414
	3426509415
	3426509416
	3426509417
	3426509418
	3426509419
	3426509420
	3426509421
	3426509422
	3426509423
	3426509424
	3426509425
	3426509426
	3426509427
	3426509428
	3426509429
	3426509430
	3426509431
	3426509432
	3426509433
	3426509434
	3426509435
	3426509436
	3426509437
	3426509438
	3426509439
	3426509440
	3426509441
	3426509442
	3426509443
	3426509444
	3426509445
	3426509446
	3426509447
	3426509448
	3426509449
	3426509450
	3426509451
	3426509452
	3426509453
	3426509454
	3426509455
	3426509456
	3426509457
	3426509458
	3426509459
	3426509460
	3426509461
	3426509462
	3426509463
	3426509464
	3426509465
	3426509466
	3426509467
	3426509468
	3426509469
	3426509470
	3426509471
	3426509472
	3426509473
	3426509474
	3426509475
	3426509476
	3426509477
	3426509478
	3426509479
	3426509480
	3426509481
	3426509482
	3426509483
	3426509484
	3426509485
	3426509486
	3426509487
	3426509488
	3426509489
	3426509490
	3426509491
	3426509492
	3426509493
	3426509494
	3426509495
	3426509496
	3426509497
	3426509498
	3426509499
	3426509500
	3426509501
	3426509502
	3426509503
	3426509504
	3426509505
	3426509506
	3426509507
	3426509508
	3426509509
	3426509510
	3426509511
	3426509512
	3426509513
	3426509514
	3426509515
	3426509516
	3426509517
	3426509518
	3426509519
	3426509520
	3426509521
	3426509522
	3426509523
	3426509524
	3426509525
	3426509526
	3426509527
	3426509528
	3426509529
	3426509530
	3426509531
	3426509532
	3426509533
	3426509534
	3426509535
	3426509536
	3426509537
	3426509538
	3426509539
	3426509540
	3426509541
	3426509542
	3426509543
	3426509544
	3426509545
	3426509546
	3426509547
	3426509548
	3426509549
	3426509550
	3426509551
	3426509552
	3426509553
	3426509554
	3426509555
	3426509556
	3426509557
	3426509558
	3426509559
	3426509560
	3426509561
	3426509562
	3426509563
	3426509564
	3426509565
	3426509566
	3426509567
	3426509568
	3426509569
	3426509570
	3426509571
	3426509572
	3426509573
	3426509574
	3426509575
	3426509576
	3426509577
	3426509578
	3426509579
	3426509580
	3426509581
	3426509582
	3426509583
	3426509584
	3426509585
	3426509586
	3426509587
	3426509588
	3426509589
	3426509590
	3426509591
	3426509592
	3426509593
	3426509594
	3426509595
	3426509596
	3426509597
	3426509598
	3426509599
	3426509600
	3426509601
	3426509602
	3426509603
	3426509604
	3426509605
	3426509606
	3426509607
	3426509608
	3426509609
	3426509610
	3426509611
	3426509612
	3426509613
	3426509614
	3426509615
	3426509616
	3426509617
	3426509618
	3426509619
	3426509620
	3426509621
	3426509622
	3426509623
	3426509624
	3426509625
	3426509626
	3426509627
	3426509628
	3426509629
	3426509630
	3426509631
	3426509632
	3426509633
	3426509634
	3426509635
	3426509636
	3426509637
	3426509638
	3426509639
	3426509640
	3426509641
	3426509642
	3426509643
	3426509644
	3426509645
	3426509646
	3426509647
	3426509648
	3426509649
	3426509650
	3426509651
	3426509652
	3426509653
	3426509654
	3426509655
	3426509656
	3426509657
	3426509658
	3426509659
	3426509660
	3426509661
	3426509662
	3426509663
	3426509664
	3426509665
	3426509666
	3426509667
	3426509668
	3426509669
	3426509670
	3426509671
	3426509672
	3426509673
	3426509674
	3426509675
	3426509676
	3426509677
	3426509678
	3426509679
	3426509680
	3426509681
	3426509682
	3426509683
	3426509684
	3426509685
	3426509686
	3426509687
	3426509688
	3426509689
	3426509690
	3426509691
	3426509692
	3426509693
	3426509694
	3426509695
	3426509696
	3426509697
	3426509698
	3426509699
	3426509700
	3426509701
	3426509702
	3426509703
	3426509704
	3426509705
	3426509706
	3426509707
	3426509708
	3426509709
	3426509710
	3426509711
	3426509712
	3426509713
	3426509714
	3426509715
	3426509716
	3426509717
	3426509718
	3426509719
	3426509720
	3426509721
	3426509722
	3426509723
	3426509724
	3426509725
	3426509726
	3426509727
	3426509728
	3426509729
	3426509730
	3426509731
	3426509732
	3426509733
	3426509734
	3426509735
	3426509736
	3426509737
	3426509738
	3426509739
	3426509740
	3426509741
	3426509742
	3426509743
	3426509744
	3426509745
	3426509746
	3426509747
	3426509748
	3426509749
	3426509750
	3426509751
	3426509752
	3426509753
	3426509754
	3426509755
	3426509756
	3426509757
	3426509758
	3426509759
	3426509760
	3426509761
	3426509762
	3426509763
	3426509764
	3426509765
	3426509766
	3426509767
	3426509768
	3426509769
	3426509770
	3426509771
	3426509772
	3426509773
	3426509774
	3426509775
	3426509776
	3426509777
	3426509778
	3426509779
	3426509780
	3426509781
	3426509782
	3426509783
	3426509784
	3426509785
	3426509786
	3426509787
	3426509788
	3426509789
	3426509790
	3426509791
	3426509792
	3426509793
	3426509794
	3426509795
	3426509796
	3426509797
	3426509798
	3426509799
	3426509800
	3426509801
	3426509802
	3426509803
	3426509804
	3426509805
	3426509806
	3426509807
	3426509808
	3426509809
	3426509810
	3426509811
	3426509812
	3426509813
	3426509814
	3426509815
	3426509816
	3426509817
	3426509818
	3426509819
	3426509820
	3426509821
	3426509822
	3426509823
	3426509824
	3426509825
	3426509826
	3426509827
	3426509828
	3426509829
	3426509830
	3426509831
	3426509832
	3426509833
	3426509834
	3426509835
	3426509836
	3426509837
	3426509838
	3426509839
	3426509840
	3426509841
	3426509842
	3426509843
	3426509844
	3426509845
	3426509846
	3426509847
	3426509848
	3426509849
	3426509850
	3426509851
	3426509852
	3426509853
	3426509854
	3426509855
	3426509856
	3426509857
	3426509858
	3426509859
	3426509860
	3426509861
	3426509862
	3426509863
	3426509864
	3426509865
	3426509866
	3426509867
	3426509868
	3426509869
	3426509870
	3426509871
	3426509872
	3426509873
	3426509874
	3426509875
	3426509876
	3426509877
	3426509878
	3426509879
	3426509880
	3426509881
	3426509882
	3426509883
	3426509884
	3426509885
	3426509886
	3426509887
	3426509888
	3426509889
	3426509890
	3426509891
	3426509892
	3426509893
	3426509894
	3426509895
	3426509896
	3426509897
	3426509898
	3426509899
	3426509900
	3426509901
	3426509902
	3426509903
	3426509904
	3426509905
	3426509906
	3426509907
	3426509908
	3426509909
	3426509910
	3426509911
	3426509912
	3426509913
	3426509914
	3426509915
	3426509916
	3426509917
	3426509918
	3426509919
	3426509920
	3426509921
	3426509922
	3426509923
	3426509924
	3426509925
	3426509926
	3426509927
	3426509928
	3426509929
	3426509930
	3426509931
	3426509932
	3426509933
	3426509934
	3426509935
	3426509936
	3426509937
	3426509938
	3426509939
	3426509940
	3426509941
	3426509942
	3426509943
	3426509944
	3426509945
	3426509946
	3426509947
	3426509948
	3426509949
	3426509950
	3426509951
	3426509952
	3426509953
	3426509954
	3426509955
	3426509956
	3426509957
	3426509958
	3426509959
	3426509960
	3426509961
	3426509962
	3426509963
	3426509964
	3426509965
	3426509966
	3426509967
	3426509968
	3426509969
	3426509970
	3426509971
	3426509972
	3426509973
	3426509974
	3426509975
	3426509976
	3426509977
	3426509978
	3426509979
	3426509980
	3426509981
	3426509982
	3426509983
	3426509984
	3426509985
	3426509986
	3426509987
	3426509988
	3426509989
	3426509990
	3426509991
	3426509992
	3426509993
	3426509994
	3426509995
	3426509996
	3426509997
	3426509998
	3426509999
	3426510000
	3426510001
	3426510002
	3426510003
	3426510004
	3426510005
	3426510006
	3426510007
	3426510008
	3426510009
	3426510010
	3426510011
	3426510012
	3426510013
	3426510014
	3426510015
	3426510016
	3426510017
	3426510018
	3426510019
	3426510020
	3426510021
	3426510022
	3426510023
	3426510024
	3426510025
	3426510026
	3426510027
	3426510028
	3426510029
	3426510030
	3426510031
	3426510032
	3426510033
	3426510034
	3426510035
	3426510036
	3426510037
	3426510038
	3426510039
	3426510040
	3426510041
	3426510042
	3426510043
	3426510044
	3426510045
	3426510046
	3426510047
	3426510048
	3426510049
	3426510050
	3426510051
	3426510052
	3426510053
	3426510054
	3426510055
	3426510056
	3426510057
	3426510058
	3426510059
	3426510060
	3426510061
	3426510062
	3426510063
	3426510064
	3426510065
	3426510066
	3426510067
	3426510068
	3426510069
	3426510070
	3426510071
	3426510072
	3426510073
	3426510074
	3426510075
	3426510076
	3426510077
	3426510078
	3426510079
	3426510080
	3426510081
	3426510082
	3426510083
	3426510084
	3426510085
	3426510086
	3426510087
	3426510088
	3426510089
	3426510090
	3426510091
	3426510092
	3426510093
	3426510094
	3426510095
	3426510096
	3426510097
	3426510098
	3426510099
	3426510100
	3426510101
	3426510102
	3426510103
	3426510104
	3426510105
	3426510106
	3426510107
	3426510108
	3426510109
	3426510110
	3426510111
	3426510112
	3426510113
	3426510114
	3426510115
	3426510116
	3426510117
	3426510118
	3426510119
	3426510120
	3426510121
	3426510122
	3426510123
	3426510124
	3426510125
	3426510126
	3426510127
	3426510128
	3426510129
	3426510130
	3426510131
	3426510132
	3426510133
	3426510134
	3426510135
	3426510136
	3426510137
	3426510138
	3426510139
	3426510140
	3426510141
	3426510142
	3426510143
	3426510144
	3426510145
	3426510146
	3426510147
	3426510148
	3426510149
	3426510150
	3426510151
	3426510152
	3426510153
	3426510154
	3426510155
	3426510156
	3426510157
	3426510158
	3426510159
	3426510160
	3426510161
	3426510162
	3426510163
	3426510164
	3426510165
	3426510166
	3426510167
	3426510168
	3426510169
	3426510170
	3426510171
	3426510172
	3426510173
	3426510174
	3426510175
	3426510176
	3426510177
	3426510178
	3426510179
	3426510180
	3426510181
	3426510182
	3426510183
	3426510184
	3426510185
	3426510186
	3426510187
	3426510188
	3426510189
	3426510190
	3426510191
	3426510192
	3426510193
	3426510194
	3426510195
	3426510196
	3426510197
	3426510198
	3426510199
	3426510200
	3426510201
	3426510202
	3426510203
	3426510204
	3426510205
	3426510206
	3426510207
	3426510208
	3426510209
	3426510210
	3426510211
	3426510212
	3426510213
	3426510214
	3426510215
	3426510216
	3426510217
	3426510218
	3426510219
	3426510220
	3426510221
	3426510222
	3426510223
	3426510224
	3426510225
	3426510226
	3426510227
	3426510228
	3426510229
	3426510230
	3426510231
	3426510232
	3426510233
	3426510234
	3426510235
	3426510236
	3426510237
	3426510238
	3426510239
	3426510240
	3426510241
	3426510242
	3426510243
	3426510244
	3426510245
	3426510246
	3426510247
	3426510248
	3426510249
	3426510250
	3426510251
	3426510252
	3426510253
	3426510254
	3426510255
	3426510256
	3426510257
	3426510258
	3426510259
	3426510260
	3426510261
	3426510262
	3426510263
	3426510264
	3426510265
	3426510266
	3426510267
	3426510268
	3426510269
	3426510270
	3426510271
	3426510272
	3426510273
	3426510274
	3426510275
	3426510276
	3426510277
	3426510278
	3426510279
	3426510280
	3426510281
	3426510282
	3426510283
	3426510284
	3426510285
	3426510286
	3426510287
	3426510288
	3426510289
	3426510290
	3426510291
	3426510292
	3426510293
	3426510294
	3426510295
	3426510296
	3426510297
	3426510298
	3426510299
	3426510300
	3426510301
	3426510302
	3426510303
	3426510304
	3426510305
	3426510306
	3426510307
	3426510308
	3426510309
	3426510310
	3426510311
	3426510312
	3426510313
	3426510314
	3426510315
	3426510316
	3426510317
	3426510318
	3426510319
	3426510320
	3426510321
	3426510322
	3426510323
	3426510324
	3426510325
	3426510326
	3426510327
	3426510328
	3426510329
	3426510330
	3426510331
	3426510332
	3426510333
	3426510334
	3426510335
	3426510336
	3426510337
	3426510338
	3426510339
	3426510340
	3426510341
	3426510342
	3426510343
	3426510344
	3426510345
	3426510346
	3426510347
	3426510348
	3426510349
	3426510350
	3426510351
	3426510352
	3426510353
	3426510354
	3426510355
	3426510356
	3426510357
	3426510358
	3426510359
	3426510360
	3426510361
	3426510362
	3426510363
	3426510364
	3426510365
	3426510366
	3426510367
	3426510368
	3426510369
	3426510370
	3426510371
	3426510372
	3426510373
	3426510374
	3426510375
	3426510376
	3426510377
	3426510378
	3426510379
	3426510380
	3426510381
	3426510382
	3426510383
	3426510384
	3426510385
	3426510386
	3426510387
	3426510388
	3426510389
	3426510390
	3426510391
	3426510392
	3426510393
	3426510394
	3426510395
	3426510396
	3426510397
	3426510398
	3426510399
	3426510400
	3426510401
	3426510402
	3426510403
	3426510404
	3426510405
	3426510406
	3426510407
	3426510408
	3426510409
	3426510410
	3426510411
	3426510412
	3426510413
	3426510414
	3426510415
	3426510416
	3426510417
	3426510418
	3426510419
	3426510420
	3426510421
	3426510422
	3426510423
	3426510424
	3426510425
	3426510426
	3426510427
	3426510428
	3426510429
	3426510430
	3426510431
	3426510432
	3426510433
	3426510434
	3426510435
	3426510436
	3426510437
	3426510438
	3426510439
	3426510440
	3426510441
	3426510442
	3426510443
	3426510444
	3426510445
	3426510446
	3426510447
	3426510448
	3426510449
	3426510450
	3426510451
	3426510452
	3426510453
	3426510454
	3426510455
	3426510456
	3426510457
	3426510458
	3426510459
	3426510460
	3426510461
	3426510462
	3426510463
	3426510464
	3426510465
	3426510466
	3426510467
	3426510468
	3426510469
	3426510470
	3426510471
	3426510472
	3426510473
	3426510474
	3426510475
	3426510476
	3426510477
	3426510478
	3426510479
	3426510480
	3426510481
	3426510482
	3426510483
	3426510484
	3426510485
	3426510486
	3426510487
	3426510488
	3426510489
	3426510490
	3426510491
	3426510492
	3426510493
	3426510494
	3426510495
	3426510496
	3426510497
	3426510498
	3426510499
	3426510500
	3426510501
	3426510502
	3426510503
	3426510504
	3426510505
	3426510506
	3426510507
	3426510508
	3426510509
	3426510510
	3426510511
	3426510512
	3426510513
	3426510514
	3426510515
	3426510516
	3426510517
	3426510518
	3426510519
	3426510520
	3426510521
	3426510522
	3426510523
	3426510524
	3426510525
	3426510526
	3426510527
	3426510528
	3426510529
	3426510530
	3426510531
	3426510532
	3426510533
	3426510534
	3426510535
	3426510536
	3426510537
	3426510538
	3426510539
	3426510540
	3426510541
	3426510542
	3426510543
	3426510544
	3426510545
	3426510546
	3426510547
	3426510548
	3426510549
	3426510550
	3426510551
	3426510552
	3426510553
	3426510554
	3426510555
	3426510556
	3426510557
	3426510558
	3426510559
	3426510560
	3426510561
	3426510562
	3426510563
	3426510564
	3426510565
	3426510566
	3426510567
	3426510568
	3426510569
	3426510570
	3426510571
	3426510572
	3426510573
	3426510574
	3426510575
	3426510576
	3426510577
	3426510578
	3426510579
	3426510580
	3426510581
	3426510582
	3426510583
	3426510584
	3426510585
	3426510586
	3426510587
	3426510588
	3426510589
	3426510590
	3426510591
	3426510592
	3426510593
	3426510594
	3426510595
	3426510596
	3426510597
	3426510598
	3426510599
	3426510600
	3426510601
	3426510602
	3426510603
	3426510604
	3426510605
	3426510606
	3426510607
	3426510608
	3426510609
	3426510610
	3426510611
	3426510612
	3426510613
	3426510614
	3426510615
	3426510616
	3426510617
	3426510618
	3426510619
	3426510620
	3426510621
	3426510622
	3426510623
	3426510624
	3426510625
	3426510626
	3426510627
	3426510628
	3426510629
	3426510630
	3426510631
	3426510632
	3426510633
	3426510634
	3426510635
	3426510636
	3426510637
	3426510638
	3426510639
	3426510640
	3426510641
	3426510642
	3426510643
	3426510644
	3426510645
	3426510646
	3426510647
	3426510648
	3426510649
	3426510650
	3426510651
	3426510652
	3426510653
	3426510654
	3426510655
	3426510656
	3426510657
	3426510658
	3426510659
	3426510660
