	3426852491
	3426852492
	3426852493
	3426852494
	3426852495
	3426852496
	3426852497
	3426852498
	3426852499
	3426852500
	3426852501
	3426852502
	3426852503
	3426852504
	3426852505
	3426852506
	3426852507
	3426852508
	3426852509
	3426852510
	3426852511
	3426852512
	3426852513
	3426852514
	3426852515
	3426852516
	3426852517
	3426852518
	3426852519
	3426852520
	3426852521
	3426852522
	3426852523
	3426852524
	3426852525
	3426852526
	3426852527
	3426852528
	3426852529
	3426852530
	3426852531
	3426852532
	3426852533
	3426852534
	3426852535
	3426852536
	3426852537
	3426852538
	3426852539
	3426852540
	3426852541
	3426852542
	3426852543
	3426852544
	3426852545
	3426852546
	3426852547
	3426852548
	3426852549
	3426852550
	3426852551
	3426852552
	3426852553
	3426852554
	3426852555
	3426852556
	3426852557
	3426852558
	3426852559
	3426852560
	3426852561
	3426852562
	3426852563
	3426852564
	3426852565
	3426852566
	3426852567
	3426852568
	3426852569
	3426852570
	3426852571
	3426852572
	3426852573
	3426852574
	3426852575
	3426852576
	3426852577
	3426852578
	3426852579
	3426852580
	3426852581
	3426852582
	3426852583
	3426852584
	3426852585
	3426852586
	3426852587
	3426852588
	3426852589
	3426852590
	3426852591
	3426852592
	3426852593
	3426852594
	3426852595
	3426852596
	3426852597
	3426852598
	3426852599
	3426852600
	3426852601
	3426852602
	3426852603
	3426852604
	3426852605
	3426852606
	3426852607
	3426852608
	3426852609
	3426852610
	3426852611
	3426852612
	3426852613
	3426852614
	3426852615
	3426852616
	3426852617
	3426852618
	3426852619
	3426852620
	3426852621
	3426852622
	3426852623
	3426852624
	3426852625
	3426852626
	3426852627
	3426852628
	3426852629
	3426852630
	3426852631
	3426852632
	3426852633
	3426852634
	3426852635
	3426852636
	3426852637
	3426852638
	3426852639
	3426852640
	3426852641
	3426852642
	3426852643
	3426852644
	3426852645
	3426852646
	3426852647
	3426852648
	3426852649
	3426852650
	3426852651
	3426852652
	3426852653
	3426852654
	3426852655
	3426852656
	3426852657
	3426852658
	3426852659
	3426852660
	3426852661
	3426852662
	3426852663
	3426852664
	3426852665
	3426852666
	3426852667
	3426852668
	3426852669
	3426852670
	3426852671
	3426852672
	3426852673
	3426852674
	3426852675
	3426852676
	3426852677
	3426852678
	3426852679
	3426852680
	3426852681
	3426852682
	3426852683
	3426852684
	3426852685
	3426852686
	3426852687
	3426852688
	3426852689
	3426852690
	3426852691
	3426852692
	3426852693
	3426852694
	3426852695
	3426852696
	3426852697
	3426852698
	3426852699
	3426852700
	3426852701
	3426852702
	3426852703
	3426852704
	3426852705
	3426852706
	3426852707
	3426852708
	3426852709
	3426852710
	3426852711
	3426852712
	3426852713
	3426852714
	3426852715
	3426852716
	3426852717
	3426852718
	3426852719
	3426852720
	3426852721
	3426852722
	3426852723
	3426852724
	3426852725
	3426852726
	3426852727
	3426852728
	3426852729
	3426852730
	3426852731
	3426852732
	3426852733
	3426852734
	3426852735
	3426852736
	3426852737
	3426852738
	3426852739
	3426852740
	3426852741
	3426852742
	3426852743
	3426852744
	3426852745
	3426852746
	3426852747
	3426852748
	3426852749
	3426852750
	3426852751
	3426852752
	3426852753
	3426852754
	3426852755
	3426852756
	3426852757
	3426852758
	3426852759
	3426852760
	3426852761
	3426852762
	3426852763
	3426852764
	3426852765
	3426852766
	3426852767
	3426852768
	3426852769
	3426852770
	3426852771
	3426852772
	3426852773
	3426852774
	3426852775
	3426852776
	3426852777
	3426852778
	3426852779
	3426852780
	3426852781
	3426852782
	3426852783
	3426852784
	3426852785
	3426852786
	3426852787
	3426852788
	3426852789
	3426852790
	3426852791
	3426852792
	3426852793
	3426852794
	3426852795
	3426852796
	3426852797
	3426852798
	3426852799
	3426852800
	3426852801
	3426852802
	3426852803
	3426852804
	3426852805
	3426852806
	3426852807
	3426852808
	3426852809
	3426852810
	3426852811
	3426852812
	3426852813
	3426852814
	3426852815
	3426852816
	3426852817
	3426852818
	3426852819
	3426852820
	3426852821
	3426852822
	3426852823
	3426852824
	3426852825
	3426852826
	3426852827
	3426852828
	3426852829
	3426852830
	3426852831
	3426852832
	3426852833
	3426852834
	3426852835
	3426852836
	3426852837
	3426852838
	3426852839
	3426852840
	3426852841
	3426852842
	3426852843
	3426852844
	3426852845
	3426852846
	3426852847
	3426852848
	3426852849
	3426852850
	3426852851
	3426852852
	3426852853
	3426852854
	3426852855
	3426852856
	3426852857
	3426852858
	3426852859
	3426852860
	3426852861
	3426852862
	3426852863
	3426852864
	3426852865
	3426852866
	3426852867
	3426852868
	3426852869
	3426852870
	3426852871
	3426852872
	3426852873
	3426852874
	3426852875
	3426852876
	3426852877
	3426852878
	3426852879
	3426852880
	3426852881
	3426852882
	3426852883
	3426852884
	3426852885
	3426852886
	3426852887
	3426852888
	3426852889
	3426852890
	3426852891
	3426852892
	3426852893
	3426852894
	3426852895
	3426852896
	3426852897
	3426852898
	3426852899
	3426852900
	3426852901
	3426852902
	3426852903
	3426852904
	3426852905
	3426852906
	3426852907
	3426852908
	3426852909
	3426852910
	3426852911
	3426852912
	3426852913
	3426852914
	3426852915
	3426852916
	3426852917
	3426852918
	3426852919
	3426852920
	3426852921
	3426852922
	3426852923
	3426852924
	3426852925
	3426852926
	3426852927
	3426852928
	3426852929
	3426852930
	3426852931
	3426852932
	3426852933
	3426852934
	3426852935
	3426852936
	3426852937
	3426852938
	3426852939
	3426852940
	3426852941
	3426852942
	3426852943
	3426852944
	3426852945
	3426852946
	3426852947
	3426852948
	3426852949
	3426852950
	3426852951
	3426852952
	3426852953
	3426852954
	3426852955
	3426852956
	3426852957
	3426852958
	3426852959
	3426852960
	3426852961
	3426852962
	3426852963
	3426852964
	3426852965
	3426852966
	3426852967
	3426852968
	3426852969
	3426852970
	3426852971
	3426852972
	3426852973
	3426852974
	3426852975
	3426852976
	3426852977
	3426852978
	3426852979
	3426852980
	3426852981
	3426852982
	3426852983
	3426852984
	3426852985
	3426852986
	3426852987
	3426852988
	3426852989
	3426852990
	3426852991
	3426852992
	3426852993
	3426852994
	3426852995
	3426852996
	3426852997
	3426852998
	3426852999
	3426853000
	3426853001
	3426853002
	3426853003
	3426853004
	3426853005
	3426853006
	3426853007
	3426853008
	3426853009
	3426853010
	3426853011
	3426853012
	3426853013
	3426853014
	3426853015
	3426853016
	3426853017
	3426853018
	3426853019
	3426853020
	3426853021
	3426853022
	3426853023
	3426853024
	3426853025
	3426853026
	3426853027
	3426853028
	3426853029
	3426853030
	3426853031
	3426853032
	3426853033
	3426853034
	3426853035
	3426853036
	3426853037
	3426853038
	3426853039
	3426853040
	3426853041
	3426853042
	3426853043
	3426853044
	3426853045
	3426853046
	3426853047
	3426853048
	3426853049
	3426853050
	3426853051
	3426853052
	3426853053
	3426853054
	3426853055
	3426853056
	3426853057
	3426853058
	3426853059
	3426853060
	3426853061
	3426853062
	3426853063
	3426853064
	3426853065
	3426853066
	3426853067
	3426853068
	3426853069
	3426853070
	3426853071
	3426853072
	3426853073
	3426853074
	3426853075
	3426853076
	3426853077
	3426853078
	3426853079
	3426853080
	3426853081
	3426853082
	3426853083
	3426853084
	3426853085
	3426853086
	3426853087
	3426853088
	3426853089
	3426853090
	3426853091
	3426853092
	3426853093
	3426853094
	3426853095
	3426853096
	3426853097
	3426853098
	3426853099
	3426853100
	3426853101
	3426853102
	3426853103
	3426853104
	3426853105
	3426853106
	3426853107
	3426853108
	3426853109
	3426853110
	3426853111
	3426853112
	3426853113
	3426853114
	3426853115
	3426853116
	3426853117
	3426853118
	3426853119
	3426853120
	3426853121
	3426853122
	3426853123
	3426853124
	3426853125
	3426853126
	3426853127
	3426853128
	3426853129
	3426853130
	3426853131
	3426853132
	3426853133
	3426853134
	3426853135
	3426853136
	3426853137
	3426853138
	3426853139
	3426853140
	3426853141
	3426853142
	3426853143
	3426853144
	3426853145
	3426853146
	3426853147
	3426853148
	3426853149
	3426853150
	3426853151
	3426853152
	3426853153
	3426853154
	3426853155
	3426853156
	3426853157
	3426853158
	3426853159
	3426853160
	3426853161
	3426853162
	3426853163
	3426853164
	3426853165
	3426853166
	3426853167
	3426853168
	3426853169
	3426853170
	3426853171
	3426853172
	3426853173
	3426853174
	3426853175
	3426853176
	3426853177
	3426853178
	3426853179
	3426853180
	3426853181
	3426853182
	3426853183
	3426853184
	3426853185
	3426853186
	3426853187
	3426853188
	3426853189
	3426853190
	3426853191
	3426853192
	3426853193
	3426853194
	3426853195
	3426853196
	3426853197
	3426853198
	3426853199
	3426853200
	3426853201
	3426853202
	3426853203
	3426853204
	3426853205
	3426853206
	3426853207
	3426853208
	3426853209
	3426853210
	3426853211
	3426853212
	3426853213
	3426853214
	3426853215
	3426853216
	3426853217
	3426853218
	3426853219
	3426853220
	3426853221
	3426853222
	3426853223
	3426853224
	3426853225
	3426853226
	3426853227
	3426853228
	3426853229
	3426853230
	3426853231
	3426853232
	3426853233
	3426853234
	3426853235
	3426853236
	3426853237
	3426853238
	3426853239
	3426853240
	3426853241
	3426853242
	3426853243
	3426853244
	3426853245
	3426853246
	3426853247
	3426853248
	3426853249
	3426853250
	3426853251
	3426853252
	3426853253
	3426853254
	3426853255
	3426853256
	3426853257
	3426853258
	3426853259
	3426853260
	3426853261
	3426853262
	3426853263
	3426853264
	3426853265
	3426853266
	3426853267
	3426853268
	3426853269
	3426853270
	3426853271
	3426853272
	3426853273
	3426853274
	3426853275
	3426853276
	3426853277
	3426853278
	3426853279
	3426853280
	3426853281
	3426853282
	3426853283
	3426853284
	3426853285
	3426853286
	3426853287
	3426853288
	3426853289
	3426853290
	3426853291
	3426853292
	3426853293
	3426853294
	3426853295
	3426853296
	3426853297
	3426853298
	3426853299
	3426853300
	3426853301
	3426853302
	3426853303
	3426853304
	3426853305
	3426853306
	3426853307
	3426853308
	3426853309
	3426853310
	3426853311
	3426853312
	3426853313
	3426853314
	3426853315
	3426853316
	3426853317
	3426853318
	3426853319
	3426853320
	3426853321
	3426853322
	3426853323
	3426853324
	3426853325
	3426853326
	3426853327
	3426853328
	3426853329
	3426853330
	3426853331
	3426853332
	3426853333
	3426853334
	3426853335
	3426853336
	3426853337
	3426853338
	3426853339
	3426853340
	3426853341
	3426853342
	3426853343
	3426853344
	3426853345
	3426853346
	3426853347
	3426853348
	3426853349
	3426853350
	3426853351
	3426853352
	3426853353
	3426853354
	3426853355
	3426853356
	3426853357
	3426853358
	3426853359
	3426853360
	3426853361
	3426853362
	3426853363
	3426853364
	3426853365
	3426853366
	3426853367
	3426853368
	3426853369
	3426853370
	3426853371
	3426853372
	3426853373
	3426853374
	3426853375
	3426853376
	3426853377
	3426853378
	3426853379
	3426853380
	3426853381
	3426853382
	3426853383
	3426853384
	3426853385
	3426853386
	3426853387
	3426853388
	3426853389
	3426853390
	3426853391
	3426853392
	3426853393
	3426853394
	3426853395
	3426853396
	3426853397
	3426853398
	3426853399
	3426853400
	3426853401
	3426853402
	3426853403
	3426853404
	3426853405
	3426853406
	3426853407
	3426853408
	3426853409
	3426853410
	3426853411
	3426853412
	3426853413
	3426853414
	3426853415
	3426853416
	3426853417
	3426853418
	3426853419
	3426853420
	3426853421
	3426853422
	3426853423
	3426853424
	3426853425
	3426853426
	3426853427
	3426853428
	3426853429
	3426853430
	3426853431
	3426853432
	3426853433
	3426853434
	3426853435
	3426853436
	3426853437
	3426853438
	3426853439
	3426853440
	3426853441
	3426853442
	3426853443
	3426853444
	3426853445
	3426853446
	3426853447
	3426853448
	3426853449
	3426853450
	3426853451
	3426853452
	3426853453
	3426853454
	3426853455
	3426853456
	3426853457
	3426853458
	3426853459
	3426853460
	3426853461
	3426853462
	3426853463
	3426853464
	3426853465
	3426853466
	3426853467
	3426853468
	3426853469
	3426853470
	3426853471
	3426853472
	3426853473
	3426853474
	3426853475
	3426853476
	3426853477
	3426853478
	3426853479
	3426853480
	3426853481
	3426853482
	3426853483
	3426853484
	3426853485
	3426853486
	3426853487
	3426853488
	3426853489
	3426853490
	3426853491
	3426853492
	3426853493
	3426853494
	3426853495
	3426853496
	3426853497
	3426853498
	3426853499
	3426853500
	3426853501
	3426853502
	3426853503
	3426853504
	3426853505
	3426853506
	3426853507
	3426853508
	3426853509
	3426853510
	3426853511
	3426853512
	3426853513
	3426853514
	3426853515
	3426853516
	3426853517
	3426853518
	3426853519
	3426853520
	3426853521
	3426853522
	3426853523
	3426853524
	3426853525
	3426853526
	3426853527
	3426853528
	3426853529
	3426853530
	3426853531
	3426853532
	3426853533
	3426853534
	3426853535
	3426853536
	3426853537
	3426853538
	3426853539
	3426853540
	3426853541
	3426853542
	3426853543
	3426853544
	3426853545
	3426853546
	3426853547
	3426853548
	3426853549
	3426853550
	3426853551
	3426853552
	3426853553
	3426853554
	3426853555
	3426853556
	3426853557
	3426853558
	3426853559
	3426853560
	3426853561
	3426853562
	3426853563
	3426853564
	3426853565
	3426853566
	3426853567
	3426853568
	3426853569
	3426853570
	3426853571
	3426853572
	3426853573
	3426853574
	3426853575
	3426853576
	3426853577
	3426853578
	3426853579
	3426853580
	3426853581
	3426853582
	3426853583
	3426853584
	3426853585
	3426853586
	3426853587
	3426853588
	3426853589
	3426853590
	3426853591
	3426853592
	3426853593
	3426853594
	3426853595
	3426853596
	3426853597
	3426853598
	3426853599
	3426853600
	3426853601
	3426853602
	3426853603
	3426853604
	3426853605
	3426853606
	3426853607
	3426853608
	3426853609
	3426853610
	3426853611
	3426853612
	3426853613
	3426853614
	3426853615
	3426853616
	3426853617
	3426853618
	3426853619
	3426853620
	3426853621
	3426853622
	3426853623
	3426853624
	3426853625
	3426853626
	3426853627
	3426853628
	3426853629
	3426853630
	3426853631
	3426853632
	3426853633
	3426853634
	3426853635
	3426853636
	3426853637
	3426853638
	3426853639
	3426853640
	3426853641
	3426853642
	3426853643
	3426853644
	3426853645
	3426853646
	3426853647
	3426853648
	3426853649
	3426853650
	3426853651
	3426853652
	3426853653
	3426853654
	3426853655
	3426853656
	3426853657
	3426853658
	3426853659
	3426853660
	3426853661
	3426853662
	3426853663
	3426853664
	3426853665
	3426853666
	3426853667
	3426853668
	3426853669
	3426853670
	3426853671
	3426853672
	3426853673
	3426853674
	3426853675
	3426853676
	3426853677
	3426853678
	3426853679
	3426853680
	3426853681
	3426853682
	3426853683
	3426853684
	3426853685
	3426853686
	3426853687
	3426853688
	3426853689
	3426853690
	3426853691
	3426853692
	3426853693
	3426853694
	3426853695
	3426853696
	3426853697
	3426853698
	3426853699
	3426853700
	3426853701
	3426853702
	3426853703
	3426853704
	3426853705
	3426853706
	3426853707
	3426853708
	3426853709
	3426853710
	3426853711
	3426853712
	3426853713
	3426853714
	3426853715
	3426853716
	3426853717
	3426853718
	3426853719
	3426853720
	3426853721
	3426853722
	3426853723
	3426853724
	3426853725
	3426853726
	3426853727
	3426853728
	3426853729
	3426853730
	3426853731
	3426853732
	3426853733
	3426853734
	3426853735
	3426853736
	3426853737
	3426853738
	3426853739
	3426853740
	3426853741
	3426853742
	3426853743
	3426853744
	3426853745
	3426853746
	3426853747
	3426853748
	3426853749
	3426853750
	3426853751
	3426853752
	3426853753
	3426853754
	3426853755
	3426853756
	3426853757
	3426853758
	3426853759
	3426853760
	3426853761
	3426853762
	3426853763
	3426853764
	3426853765
	3426853766
	3426853767
	3426853768
	3426853769
	3426853770
	3426853771
	3426853772
	3426853773
	3426853774
	3426853775
	3426853776
	3426853777
	3426853778
	3426853779
	3426853780
	3426853781
	3426853782
	3426853783
	3426853784
	3426853785
	3426853786
	3426853787
	3426853788
	3426853789
	3426853790
	3426853791
	3426853792
	3426853793
	3426853794
	3426853795
	3426853796
	3426853797
	3426853798
	3426853799
	3426853800
	3426853801
	3426853802
	3426853803
	3426853804
	3426853805
	3426853806
	3426853807
	3426853808
	3426853809
	3426853810
	3426853811
	3426853812
	3426853813
	3426853814
	3426853815
	3426853816
	3426853817
	3426853818
	3426853819
	3426853820
	3426853821
	3426853822
	3426853823
	3426853824
	3426853825
	3426853826
	3426853827
	3426853828
	3426853829
	3426853830
	3426853831
	3426853832
	3426853833
	3426853834
	3426853835
	3426853836
	3426853837
	3426853838
	3426853839
	3426853840
	3426853841
	3426853842
	3426853843
	3426853844
	3426853845
	3426853846
	3426853847
	3426853848
	3426853849
	3426853850
	3426853851
	3426853852
	3426853853
	3426853854
	3426853855
	3426853856
	3426853857
	3426853858
	3426853859
	3426853860
	3426853861
	3426853862
	3426853863
	3426853864
	3426853865
	3426853866
	3426853867
	3426853868
	3426853869
	3426853870
	3426853871
	3426853872
	3426853873
	3426853874
	3426853875
	3426853876
	3426853877
	3426853878
	3426853879
	3426853880
	3426853881
	3426853882
	3426853883
	3426853884
	3426853885
	3426853886
	3426853887
	3426853888
	3426853889
	3426853890
	3426853891
	3426853892
	3426853893
	3426853894
	3426853895
	3426853896
	3426853897
	3426853898
	3426853899
	3426853900
	3426853901
	3426853902
	3426853903
	3426853904
	3426853905
	3426853906
	3426853907
	3426853908
	3426853909
	3426853910
	3426853911
	3426853912
	3426853913
	3426853914
	3426853915
	3426853916
	3426853917
	3426853918
	3426853919
	3426853920
	3426853921
	3426853922
	3426853923
	3426853924
	3426853925
	3426853926
	3426853927
	3426853928
	3426853929
	3426853930
	3426853931
	3426853932
	3426853933
	3426853934
	3426853935
	3426853936
	3426853937
	3426853938
	3426853939
	3426853940
	3426853941
	3426853942
	3426853943
	3426853944
	3426853945
	3426853946
	3426853947
	3426853948
	3426853949
	3426853950
	3426853951
	3426853952
	3426853953
	3426853954
	3426853955
	3426853956
	3426853957
	3426853958
	3426853959
	3426853960
	3426853961
	3426853962
	3426853963
	3426853964
	3426853965
	3426853966
	3426853967
	3426853968
	3426853969
	3426853970
	3426853971
	3426853972
	3426853973
	3426853974
	3426853975
	3426853976
	3426853977
	3426853978
	3426853979
	3426853980
	3426853981
	3426853982
	3426853983
	3426853984
	3426853985
	3426853986
	3426853987
	3426853988
	3426853989
	3426853990
	3426853991
	3426853992
	3426853993
	3426853994
	3426853995
	3426853996
	3426853997
	3426853998
	3426853999
	3426854000
	3426854001
	3426854002
	3426854003
	3426854004
	3426854005
	3426854006
	3426854007
	3426854008
	3426854009
	3426854010
	3426854011
	3426854012
	3426854013
	3426854014
	3426854015
	3426854016
	3426854017
	3426854018
	3426854019
	3426854020
	3426854021
	3426854022
	3426854023
	3426854024
	3426854025
	3426854026
	3426854027
	3426854028
	3426854029
	3426854030
	3426854031
	3426854032
	3426854033
	3426854034
	3426854035
	3426854036
	3426854037
	3426854038
	3426854039
	3426854040
	3426854041
	3426854042
	3426854043
	3426854044
	3426854045
	3426854046
	3426854047
	3426854048
	3426854049
	3426854050
	3426854051
	3426854052
	3426854053
	3426854054
	3426854055
	3426854056
	3426854057
	3426854058
	3426854059
	3426854060
	3426854061
	3426854062
	3426854063
	3426854064
	3426854065
	3426854066
	3426854067
	3426854068
	3426854069
	3426854070
	3426854071
	3426854072
	3426854073
	3426854074
	3426854075
	3426854076
	3426854077
	3426854078
	3426854079
	3426854080
	3426854081
	3426854082
	3426854083
	3426854084
	3426854085
	3426854086
	3426854087
	3426854088
	3426854089
	3426854090
	3426854091
	3426854092
	3426854093
	3426854094
	3426854095
	3426854096
	3426854097
	3426854098
	3426854099
	3426854100
	3426854101
	3426854102
	3426854103
	3426854104
	3426854105
	3426854106
	3426854107
	3426854108
	3426854109
	3426854110
	3426854111
	3426854112
	3426854113
	3426854114
	3426854115
	3426854116
	3426854117
	3426854118
	3426854119
	3426854120
	3426854121
	3426854122
	3426854123
	3426854124
	3426854125
	3426854126
	3426854127
	3426854128
	3426854129
	3426854130
	3426854131
	3426854132
	3426854133
	3426854134
	3426854135
	3426854136
	3426854137
	3426854138
	3426854139
	3426854140
	3426854141
	3426854142
	3426854143
	3426854144
	3426854145
	3426854146
	3426854147
	3426854148
	3426854149
	3426854150
	3426854151
	3426854152
	3426854153
	3426854154
	3426854155
	3426854156
	3426854157
	3426854158
	3426854159
	3426854160
	3426854161
	3426854162
	3426854163
	3426854164
	3426854165
	3426854166
	3426854167
	3426854168
	3426854169
	3426854170
	3426854171
	3426854172
	3426854173
	3426854174
	3426854175
	3426854176
	3426854177
	3426854178
	3426854179
	3426854180
	3426854181
	3426854182
	3426854183
	3426854184
	3426854185
	3426854186
	3426854187
	3426854188
	3426854189
	3426854190
	3426854191
	3426854192
	3426854193
	3426854194
	3426854195
	3426854196
	3426854197
	3426854198
	3426854199
	3426854200
	3426854201
	3426854202
	3426854203
	3426854204
	3426854205
	3426854206
	3426854207
	3426854208
	3426854209
	3426854210
	3426854211
	3426854212
	3426854213
	3426854214
	3426854215
	3426854216
	3426854217
	3426854218
	3426854219
	3426854220
	3426854221
	3426854222
	3426854223
	3426854224
	3426854225
	3426854226
	3426854227
	3426854228
	3426854229
	3426854230
	3426854231
	3426854232
	3426854233
	3426854234
	3426854235
	3426854236
	3426854237
	3426854238
	3426854239
	3426854240
	3426854241
	3426854242
	3426854243
	3426854244
	3426854245
	3426854246
	3426854247
	3426854248
	3426854249
	3426854250
	3426854251
	3426854252
	3426854253
	3426854254
	3426854255
	3426854256
	3426854257
	3426854258
	3426854259
	3426854260
	3426854261
	3426854262
	3426854263
	3426854264
	3426854265
	3426854266
	3426854267
	3426854268
	3426854269
	3426854270
	3426854271
	3426854272
	3426854273
	3426854274
	3426854275
	3426854276
	3426854277
	3426854278
	3426854279
	3426854280
	3426854281
	3426854282
	3426854283
	3426854284
	3426854285
	3426854286
	3426854287
	3426854288
	3426854289
	3426854290
	3426854291
	3426854292
	3426854293
	3426854294
	3426854295
	3426854296
	3426854297
	3426854298
	3426854299
	3426854300
	3426854301
	3426854302
	3426854303
	3426854304
	3426854305
	3426854306
	3426854307
	3426854308
	3426854309
	3426854310
	3426854311
	3426854312
	3426854313
	3426854314
	3426854315
	3426854316
	3426854317
	3426854318
	3426854319
	3426854320
	3426854321
	3426854322
	3426854323
	3426854324
	3426854325
	3426854326
	3426854327
	3426854328
	3426854329
	3426854330
	3426854331
	3426854332
	3426854333
	3426854334
	3426854335
	3426854336
	3426854337
	3426854338
	3426854339
	3426854340
	3426854341
	3426854342
	3426854343
	3426854344
	3426854345
	3426854346
	3426854347
	3426854348
	3426854349
	3426854350
	3426854351
	3426854352
	3426854353
	3426854354
	3426854355
	3426854356
	3426854357
	3426854358
	3426854359
	3426854360
	3426854361
	3426854362
	3426854363
	3426854364
	3426854365
	3426854366
	3426854367
	3426854368
	3426854369
	3426854370
	3426854371
	3426854372
	3426854373
	3426854374
	3426854375
	3426854376
	3426854377
	3426854378
	3426854379
	3426854380
	3426854381
	3426854382
	3426854383
	3426854384
	3426854385
	3426854386
	3426854387
	3426854388
	3426854389
	3426854390
	3426854391
	3426854392
	3426854393
	3426854394
	3426854395
	3426854396
	3426854397
	3426854398
	3426854399
	3426854400
	3426854401
	3426854402
	3426854403
	3426854404
	3426854405
	3426854406
	3426854407
	3426854408
	3426854409
	3426854410
	3426854411
	3426854412
	3426854413
	3426854414
	3426854415
	3426854416
	3426854417
	3426854418
	3426854419
	3426854420
	3426854421
	3426854422
	3426854423
	3426854424
	3426854425
	3426854426
	3426854427
	3426854428
	3426854429
	3426854430
	3426854431
	3426854432
	3426854433
	3426854434
	3426854435
	3426854436
	3426854437
	3426854438
	3426854439
	3426854440
	3426854441
	3426854442
	3426854443
	3426854444
	3426854445
	3426854446
	3426854447
	3426854448
	3426854449
	3426854450
	3426854451
	3426854452
	3426854453
	3426854454
	3426854455
	3426854456
	3426854457
	3426854458
	3426854459
	3426854460
	3426854461
	3426854462
	3426854463
	3426854464
	3426854465
	3426854466
	3426854467
	3426854468
	3426854469
	3426854470
	3426854471
	3426854472
	3426854473
	3426854474
	3426854475
	3426854476
	3426854477
	3426854478
	3426854479
	3426854480
	3426854481
	3426854482
	3426854483
	3426854484
	3426854485
	3426854486
	3426854487
	3426854488
	3426854489
	3426854490
	3426854491
	3426854492
	3426854493
	3426854494
	3426854495
	3426854496
	3426854497
	3426854498
	3426854499
	3426854500
	3426854501
	3426854502
	3426854503
	3426854504
	3426854505
	3426854506
	3426854507
	3426854508
	3426854509
	3426854510
	3426854511
	3426854512
	3426854513
	3426854514
	3426854515
	3426854516
	3426854517
	3426854518
	3426854519
	3426854520
	3426854521
	3426854522
	3426854523
	3426854524
	3426854525
	3426854526
	3426854527
	3426854528
	3426854529
	3426854530
	3426854531
	3426854532
	3426854533
	3426854534
	3426854535
	3426854536
	3426854537
	3426854538
	3426854539
	3426854540
	3426854541
	3426854542
	3426854543
	3426854544
	3426854545
	3426854546
	3426854547
	3426854548
	3426854549
	3426854550
	3426854551
	3426854552
	3426854553
	3426854554
	3426854555
	3426854556
	3426854557
	3426854558
	3426854559
	3426854560
	3426854561
	3426854562
	3426854563
	3426854564
	3426854565
	3426854566
	3426854567
	3426854568
	3426854569
	3426854570
	3426854571
	3426854572
	3426854573
	3426854574
	3426854575
	3426854576
	3426854577
	3426854578
	3426854579
	3426854580
	3426854581
	3426854582
	3426854583
	3426854584
	3426854585
	3426854586
	3426854587
	3426854588
	3426854589
	3426854590
	3426854591
	3426854592
	3426854593
	3426854594
	3426854595
	3426854596
	3426854597
	3426854598
	3426854599
	3426854600
	3426854601
	3426854602
	3426854603
	3426854604
	3426854605
	3426854606
	3426854607
	3426854608
	3426854609
	3426854610
	3426854611
	3426854612
	3426854613
	3426854614
	3426854615
	3426854616
	3426854617
	3426854618
	3426854619
	3426854620
	3426854621
	3426854622
	3426854623
	3426854624
	3426854625
	3426854626
	3426854627
	3426854628
	3426854629
	3426854630
	3426854631
	3426854632
	3426854633
	3426854634
	3426854635
	3426854636
	3426854637
	3426854638
	3426854639
	3426854640
	3426854641
	3426854642
	3426854643
	3426854644
	3426854645
	3426854646
	3426854647
	3426854648
	3426854649
	3426854650
	3426854651
	3426854652
	3426854653
	3426854654
	3426854655
	3426854656
	3426854657
	3426854658
	3426854659
	3426854660
	3426854661
	3426854662
	3426854663
	3426854664
	3426854665
	3426854666
	3426854667
	3426854668
	3426854669
	3426854670
	3426854671
	3426854672
	3426854673
	3426854674
	3426854675
	3426854676
	3426854677
	3426854678
	3426854679
	3426854680
	3426854681
	3426854682
	3426854683
	3426854684
	3426854685
	3426854686
	3426854687
	3426854688
	3426854689
	3426854690
	3426854691
	3426854692
	3426854693
	3426854694
	3426854695
	3426854696
	3426854697
	3426854698
	3426854699
	3426854700
	3426854701
	3426854702
	3426854703
	3426854704
	3426854705
	3426854706
	3426854707
	3426854708
	3426854709
	3426854710
	3426854711
	3426854712
	3426854713
	3426854714
	3426854715
	3426854716
	3426854717
	3426854718
	3426854719
	3426854720
	3426854721
	3426854722
	3426854723
	3426854724
	3426854725
	3426854726
	3426854727
	3426854728
	3426854729
	3426854730
	3426854731
	3426854732
	3426854733
	3426854734
	3426854735
	3426854736
	3426854737
	3426854738
	3426854739
	3426854740
	3426854741
	3426854742
	3426854743
	3426854744
	3426854745
	3426854746
	3426854747
	3426854748
	3426854749
	3426854750
	3426854751
	3426854752
	3426854753
	3426854754
	3426854755
	3426854756
	3426854757
	3426854758
	3426854759
	3426854760
	3426854761
	3426854762
	3426854763
	3426854764
	3426854765
	3426854766
	3426854767
	3426854768
	3426854769
	3426854770
	3426854771
	3426854772
	3426854773
	3426854774
	3426854775
	3426854776
	3426854777
	3426854778
	3426854779
	3426854780
	3426854781
	3426854782
	3426854783
	3426854784
	3426854785
	3426854786
	3426854787
	3426854788
	3426854789
	3426854790
	3426854791
	3426854792
	3426854793
	3426854794
	3426854795
	3426854796
	3426854797
	3426854798
	3426854799
	3426854800
	3426854801
	3426854802
	3426854803
	3426854804
	3426854805
	3426854806
	3426854807
	3426854808
	3426854809
	3426854810
	3426854811
	3426854812
	3426854813
	3426854814
	3426854815
	3426854816
	3426854817
	3426854818
	3426854819
	3426854820
	3426854821
	3426854822
	3426854823
	3426854824
	3426854825
	3426854826
	3426854827
	3426854828
	3426854829
	3426854830
	3426854831
	3426854832
	3426854833
	3426854834
	3426854835
	3426854836
	3426854837
	3426854838
	3426854839
	3426854840
	3426854841
	3426854842
	3426854843
	3426854844
	3426854845
	3426854846
	3426854847
	3426854848
	3426854849
	3426854850
	3426854851
	3426854852
	3426854853
	3426854854
	3426854855
	3426854856
	3426854857
	3426854858
	3426854859
	3426854860
	3426854861
	3426854862
	3426854863
	3426854864
	3426854865
	3426854866
	3426854867
	3426854868
	3426854869
	3426854870
	3426854871
	3426854872
	3426854873
	3426854874
	3426854875
	3426854876
	3426854877
	3426854878
	3426854879
	3426854880
	3426854881
	3426854882
	3426854883
	3426854884
	3426854885
	3426854886
	3426854887
	3426854888
	3426854889
	3426854890
	3426854891
	3426854892
	3426854893
	3426854894
	3426854895
	3426854896
	3426854897
	3426854898
	3426854899
	3426854900
	3426854901
	3426854902
	3426854903
	3426854904
	3426854905
	3426854906
	3426854907
	3426854908
	3426854909
	3426854910
	3426854911
	3426854912
	3426854913
	3426854914
	3426854915
	3426854916
	3426854917
	3426854918
	3426854919
	3426854920
	3426854921
	3426854922
	3426854923
	3426854924
	3426854925
	3426854926
	3426854927
	3426854928
	3426854929
	3426854930
	3426854931
	3426854932
	3426854933
	3426854934
	3426854935
	3426854936
	3426854937
	3426854938
	3426854939
	3426854940
	3426854941
	3426854942
	3426854943
	3426854944
	3426854945
	3426854946
	3426854947
	3426854948
	3426854949
	3426854950
	3426854951
	3426854952
	3426854953
	3426854954
	3426854955
	3426854956
	3426854957
	3426854958
	3426854959
	3426854960
	3426854961
	3426854962
	3426854963
	3426854964
	3426854965
	3426854966
	3426854967
	3426854968
	3426854969
	3426854970
	3426854971
	3426854972
	3426854973
	3426854974
	3426854975
	3426854976
	3426854977
	3426854978
	3426854979
	3426854980
	3426854981
	3426854982
	3426854983
	3426854984
	3426854985
	3426854986
	3426854987
	3426854988
	3426854989
	3426854990
	3426854991
	3426854992
	3426854993
	3426854994
	3426854995
	3426854996
	3426854997
	3426854998
	3426854999
	3426855000
	3426855001
	3426855002
	3426855003
	3426855004
	3426855005
	3426855006
	3426855007
	3426855008
	3426855009
	3426855010
	3426855011
	3426855012
	3426855013
	3426855014
	3426855015
	3426855016
	3426855017
	3426855018
	3426855019
	3426855020
	3426855021
	3426855022
	3426855023
	3426855024
	3426855025
	3426855026
	3426855027
	3426855028
	3426855029
	3426855030
	3426855031
	3426855032
	3426855033
	3426855034
	3426855035
	3426855036
	3426855037
	3426855038
	3426855039
	3426855040
	3426855041
	3426855042
	3426855043
	3426855044
	3426855045
	3426855046
	3426855047
	3426855048
	3426855049
	3426855050
	3426855051
	3426855052
	3426855053
	3426855054
	3426855055
	3426855056
	3426855057
	3426855058
	3426855059
	3426855060
	3426855061
	3426855062
	3426855063
	3426855064
	3426855065
	3426855066
	3426855067
	3426855068
	3426855069
	3426855070
	3426855071
	3426855072
	3426855073
	3426855074
	3426855075
	3426855076
	3426855077
	3426855078
	3426855079
	3426855080
	3426855081
	3426855082
	3426855083
	3426855084
	3426855085
	3426855086
	3426855087
	3426855088
	3426855089
	3426855090
	3426855091
	3426855092
	3426855093
	3426855094
	3426855095
	3426855096
	3426855097
	3426855098
	3426855099
	3426855100
	3426855101
	3426855102
	3426855103
	3426855104
	3426855105
	3426855106
	3426855107
	3426855108
	3426855109
	3426855110
	3426855111
	3426855112
	3426855113
	3426855114
	3426855115
	3426855116
	3426855117
	3426855118
	3426855119
	3426855120
	3426855121
	3426855122
	3426855123
	3426855124
	3426855125
	3426855126
	3426855127
	3426855128
	3426855129
	3426855130
	3426855131
	3426855132
	3426855133
	3426855134
	3426855135
	3426855136
	3426855137
	3426855138
	3426855139
	3426855140
	3426855141
	3426855142
	3426855143
	3426855144
	3426855145
	3426855146
	3426855147
	3426855148
	3426855149
	3426855150
	3426855151
	3426855152
	3426855153
	3426855154
	3426855155
	3426855156
	3426855157
	3426855158
	3426855159
	3426855160
	3426855161
	3426855162
	3426855163
	3426855164
	3426855165
	3426855166
	3426855167
	3426855168
	3426855169
	3426855170
	3426855171
	3426855172
	3426855173
	3426855174
	3426855175
	3426855176
	3426855177
	3426855178
	3426855179
	3426855180
	3426855181
	3426855182
	3426855183
	3426855184
	3426855185
	3426855186
	3426855187
	3426855188
	3426855189
	3426855190
	3426855191
	3426855192
	3426855193
	3426855194
	3426855195
	3426855196
	3426855197
	3426855198
	3426855199
	3426855200
	3426855201
	3426855202
	3426855203
	3426855204
	3426855205
	3426855206
	3426855207
	3426855208
	3426855209
	3426855210
	3426855211
	3426855212
	3426855213
	3426855214
	3426855215
	3426855216
	3426855217
	3426855218
	3426855219
	3426855220
	3426855221
	3426855222
	3426855223
	3426855224
	3426855225
	3426855226
	3426855227
	3426855228
	3426855229
	3426855230
	3426855231
	3426855232
	3426855233
	3426855234
	3426855235
	3426855236
	3426855237
	3426855238
	3426855239
	3426855240
	3426855241
	3426855242
	3426855243
	3426855244
	3426855245
	3426855246
	3426855247
	3426855248
	3426855249
	3426855250
	3426855251
	3426855252
	3426855253
	3426855254
	3426855255
	3426855256
	3426855257
	3426855258
	3426855259
	3426855260
	3426855261
	3426855262
	3426855263
	3426855264
	3426855265
	3426855266
	3426855267
	3426855268
	3426855269
	3426855270
	3426855271
	3426855272
	3426855273
	3426855274
	3426855275
	3426855276
	3426855277
	3426855278
	3426855279
	3426855280
	3426855281
	3426855282
	3426855283
	3426855284
	3426855285
	3426855286
	3426855287
	3426855288
	3426855289
	3426855290
	3426855291
	3426855292
	3426855293
	3426855294
	3426855295
	3426855296
	3426855297
	3426855298
	3426855299
	3426855300
	3426855301
	3426855302
	3426855303
	3426855304
	3426855305
	3426855306
	3426855307
	3426855308
	3426855309
	3426855310
	3426855311
	3426855312
	3426855313
	3426855314
	3426855315
	3426855316
	3426855317
	3426855318
	3426855319
	3426855320
	3426855321
	3426855322
	3426855323
	3426855324
	3426855325
	3426855326
	3426855327
	3426855328
	3426855329
	3426855330
	3426855331
	3426855332
	3426855333
	3426855334
	3426855335
	3426855336
	3426855337
	3426855338
	3426855339
	3426855340
	3426855341
	3426855342
	3426855343
	3426855344
	3426855345
	3426855346
	3426855347
	3426855348
	3426855349
	3426855350
	3426855351
	3426855352
	3426855353
	3426855354
	3426855355
	3426855356
	3426855357
	3426855358
	3426855359
	3426855360
	3426855361
	3426855362
	3426855363
	3426855364
	3426855365
	3426855366
	3426855367
	3426855368
	3426855369
	3426855370
	3426855371
	3426855372
	3426855373
	3426855374
	3426855375
	3426855376
	3426855377
	3426855378
	3426855379
	3426855380
	3426855381
	3426855382
	3426855383
	3426855384
	3426855385
	3426855386
	3426855387
	3426855388
	3426855389
	3426855390
	3426855391
	3426855392
	3426855393
	3426855394
	3426855395
	3426855396
	3426855397
	3426855398
	3426855399
	3426855400
	3426855401
	3426855402
	3426855403
	3426855404
	3426855405
	3426855406
	3426855407
	3426855408
	3426855409
	3426855410
	3426855411
	3426855412
	3426855413
	3426855414
	3426855415
	3426855416
	3426855417
	3426855418
	3426855419
	3426855420
	3426855421
	3426855422
	3426855423
	3426855424
	3426855425
	3426855426
	3426855427
	3426855428
	3426855429
	3426855430
	3426855431
	3426855432
	3426855433
	3426855434
	3426855435
	3426855436
	3426855437
	3426855438
	3426855439
	3426855440
	3426855441
	3426855442
	3426855443
	3426855444
	3426855445
	3426855446
	3426855447
	3426855448
	3426855449
	3426855450
	3426855451
	3426855452
	3426855453
	3426855454
	3426855455
	3426855456
	3426855457
	3426855458
	3426855459
	3426855460
	3426855461
	3426855462
	3426855463
	3426855464
	3426855465
	3426855466
	3426855467
	3426855468
	3426855469
	3426855470
	3426855471
	3426855472
	3426855473
	3426855474
	3426855475
	3426855476
	3426855477
	3426855478
	3426855479
	3426855480
	3426855481
	3426855482
	3426855483
	3426855484
	3426855485
	3426855486
	3426855487
	3426855488
	3426855489
	3426855490
	3426855491
	3426855492
	3426855493
	3426855494
	3426855495
	3426855496
	3426855497
	3426855498
	3426855499
	3426855500
	3426855501
	3426855502
	3426855503
	3426855504
	3426855505
	3426855506
	3426855507
	3426855508
	3426855509
	3426855510
	3426855511
	3426855512
	3426855513
	3426855514
	3426855515
	3426855516
	3426855517
	3426855518
	3426855519
	3426855520
	3426855521
	3426855522
	3426855523
	3426855524
	3426855525
	3426855526
	3426855527
	3426855528
	3426855529
	3426855530
	3426855531
	3426855532
	3426855533
	3426855534
	3426855535
	3426855536
	3426855537
	3426855538
	3426855539
	3426855540
	3426855541
	3426855542
	3426855543
	3426855544
	3426855545
	3426855546
	3426855547
	3426855548
	3426855549
	3426855550
	3426855551
	3426855552
	3426855553
	3426855554
	3426855555
	3426855556
	3426855557
	3426855558
	3426855559
	3426855560
	3426855561
	3426855562
	3426855563
	3426855564
	3426855565
	3426855566
	3426855567
	3426855568
	3426855569
	3426855570
	3426855571
	3426855572
	3426855573
	3426855574
	3426855575
	3426855576
	3426855577
	3426855578
	3426855579
	3426855580
	3426855581
	3426855582
	3426855583
	3426855584
	3426855585
	3426855586
	3426855587
	3426855588
	3426855589
	3426855590
	3426855591
	3426855592
	3426855593
	3426855594
	3426855595
	3426855596
	3426855597
	3426855598
	3426855599
	3426855600
	3426855601
	3426855602
	3426855603
	3426855604
	3426855605
	3426855606
	3426855607
	3426855608
	3426855609
	3426855610
	3426855611
	3426855612
	3426855613
	3426855614
	3426855615
	3426855616
	3426855617
	3426855618
	3426855619
	3426855620
	3426855621
	3426855622
	3426855623
	3426855624
	3426855625
	3426855626
	3426855627
	3426855628
	3426855629
	3426855630
	3426855631
	3426855632
	3426855633
	3426855634
	3426855635
	3426855636
	3426855637
	3426855638
	3426855639
	3426855640
	3426855641
	3426855642
	3426855643
	3426855644
	3426855645
	3426855646
	3426855647
	3426855648
	3426855649
	3426855650
	3426855651
	3426855652
	3426855653
	3426855654
	3426855655
	3426855656
	3426855657
	3426855658
	3426855659
	3426855660
	3426855661
	3426855662
	3426855663
	3426855664
	3426855665
	3426855666
	3426855667
	3426855668
	3426855669
	3426855670
	3426855671
	3426855672
	3426855673
	3426855674
	3426855675
	3426855676
	3426855677
	3426855678
	3426855679
	3426855680
	3426855681
	3426855682
	3426855683
	3426855684
	3426855685
	3426855686
	3426855687
	3426855688
	3426855689
	3426855690
	3426855691
	3426855692
	3426855693
	3426855694
	3426855695
	3426855696
	3426855697
	3426855698
	3426855699
	3426855700
	3426855701
	3426855702
	3426855703
	3426855704
	3426855705
	3426855706
	3426855707
	3426855708
	3426855709
	3426855710
	3426855711
	3426855712
	3426855713
	3426855714
	3426855715
	3426855716
	3426855717
	3426855718
	3426855719
	3426855720
	3426855721
	3426855722
	3426855723
	3426855724
	3426855725
	3426855726
	3426855727
	3426855728
	3426855729
	3426855730
	3426855731
	3426855732
	3426855733
	3426855734
	3426855735
	3426855736
	3426855737
	3426855738
	3426855739
	3426855740
	3426855741
	3426855742
	3426855743
	3426855744
	3426855745
	3426855746
	3426855747
	3426855748
	3426855749
	3426855750
	3426855751
	3426855752
	3426855753
	3426855754
	3426855755
	3426855756
	3426855757
	3426855758
	3426855759
	3426855760
	3426855761
	3426855762
	3426855763
	3426855764
	3426855765
	3426855766
	3426855767
	3426855768
	3426855769
	3426855770
	3426855771
	3426855772
	3426855773
	3426855774
	3426855775
	3426855776
	3426855777
	3426855778
	3426855779
	3426855780
	3426855781
	3426855782
	3426855783
	3426855784
	3426855785
	3426855786
	3426855787
	3426855788
	3426855789
	3426855790
	3426855791
	3426855792
	3426855793
	3426855794
	3426855795
	3426855796
	3426855797
	3426855798
	3426855799
	3426855800
	3426855801
	3426855802
	3426855803
	3426855804
	3426855805
	3426855806
	3426855807
	3426855808
	3426855809
	3426855810
	3426855811
	3426855812
	3426855813
	3426855814
	3426855815
	3426855816
	3426855817
	3426855818
	3426855819
	3426855820
	3426855821
	3426855822
	3426855823
	3426855824
	3426855825
	3426855826
	3426855827
	3426855828
	3426855829
	3426855830
	3426855831
	3426855832
	3426855833
	3426855834
	3426855835
	3426855836
	3426855837
	3426855838
	3426855839
	3426855840
	3426855841
	3426855842
	3426855843
	3426855844
	3426855845
	3426855846
	3426855847
	3426855848
	3426855849
	3426855850
	3426855851
	3426855852
	3426855853
	3426855854
	3426855855
	3426855856
	3426855857
	3426855858
	3426855859
	3426855860
	3426855861
	3426855862
	3426855863
	3426855864
	3426855865
	3426855866
	3426855867
	3426855868
	3426855869
	3426855870
	3426855871
	3426855872
	3426855873
	3426855874
	3426855875
	3426855876
	3426855877
	3426855878
	3426855879
	3426855880
	3426855881
	3426855882
	3426855883
	3426855884
	3426855885
	3426855886
	3426855887
	3426855888
	3426855889
	3426855890
	3426855891
	3426855892
	3426855893
	3426855894
	3426855895
	3426855896
	3426855897
	3426855898
	3426855899
	3426855900
	3426855901
	3426855902
	3426855903
	3426855904
	3426855905
	3426855906
	3426855907
	3426855908
	3426855909
	3426855910
	3426855911
	3426855912
	3426855913
	3426855914
	3426855915
	3426855916
	3426855917
	3426855918
	3426855919
	3426855920
	3426855921
	3426855922
	3426855923
	3426855924
	3426855925
	3426855926
	3426855927
	3426855928
	3426855929
	3426855930
	3426855931
	3426855932
	3426855933
	3426855934
	3426855935
	3426855936
	3426855937
	3426855938
	3426855939
	3426855940
	3426855941
	3426855942
	3426855943
	3426855944
	3426855945
	3426855946
	3426855947
	3426855948
	3426855949
	3426855950
	3426855951
	3426855952
	3426855953
	3426855954
	3426855955
	3426855956
	3426855957
	3426855958
	3426855959
	3426855960
	3426855961
	3426855962
	3426855963
	3426855964
	3426855965
	3426855966
	3426855967
	3426855968
	3426855969
	3426855970
	3426855971
	3426855972
	3426855973
	3426855974
	3426855975
	3426855976
	3426855977
	3426855978
	3426855979
	3426855980
	3426855981
	3426855982
	3426855983
	3426855984
	3426855985
	3426855986
	3426855987
	3426855988
	3426855989
	3426855990
	3426855991
	3426855992
	3426855993
	3426855994
	3426855995
	3426855996
	3426855997
	3426855998
	3426855999
	3426856000
	3426856001
	3426856002
	3426856003
	3426856004
	3426856005
	3426856006
	3426856007
	3426856008
	3426856009
	3426856010
	3426856011
	3426856012
	3426856013
	3426856014
	3426856015
	3426856016
	3426856017
	3426856018
	3426856019
	3426856020
	3426856021
	3426856022
	3426856023
	3426856024
	3426856025
	3426856026
	3426856027
	3426856028
	3426856029
	3426856030
	3426856031
	3426856032
	3426856033
	3426856034
	3426856035
	3426856036
	3426856037
	3426856038
	3426856039
	3426856040
	3426856041
	3426856042
	3426856043
	3426856044
	3426856045
	3426856046
	3426856047
	3426856048
	3426856049
	3426856050
	3426856051
	3426856052
	3426856053
	3426856054
	3426856055
	3426856056
	3426856057
	3426856058
	3426856059
	3426856060
	3426856061
	3426856062
	3426856063
	3426856064
	3426856065
	3426856066
	3426856067
	3426856068
	3426856069
	3426856070
	3426856071
	3426856072
	3426856073
	3426856074
	3426856075
	3426856076
	3426856077
	3426856078
	3426856079
	3426856080
	3426856081
	3426856082
	3426856083
	3426856084
	3426856085
	3426856086
	3426856087
	3426856088
	3426856089
	3426856090
