	3426583519
	3426583520
	3426583521
	3426583522
	3426583523
	3426583524
	3426583525
	3426583526
	3426583527
	3426583528
	3426583529
	3426583530
	3426583531
	3426583532
	3426583533
	3426583534
	3426583535
	3426583536
	3426583537
	3426583538
	3426583539
	3426583540
	3426583541
	3426583542
	3426583543
	3426583544
	3426583545
	3426583546
	3426583547
	3426583548
	3426583549
	3426583550
	3426583551
	3426583552
	3426583553
	3426583554
	3426583555
	3426583556
	3426583557
	3426583558
	3426583559
	3426583560
	3426583561
	3426583562
	3426583563
	3426583564
	3426583565
	3426583566
	3426583567
	3426583568
	3426583569
	3426583570
	3426583571
	3426583572
	3426583573
	3426583574
	3426583575
	3426583576
	3426583577
	3426583578
	3426583579
	3426583580
	3426583581
	3426583582
	3426583583
	3426583584
	3426583585
	3426583586
	3426583587
	3426583588
	3426583589
	3426583590
	3426583591
	3426583592
	3426583593
	3426583594
	3426583595
	3426583596
	3426583597
	3426583598
	3426583599
	3426583600
	3426583601
	3426583602
	3426583603
	3426583604
	3426583605
	3426583606
	3426583607
	3426583608
	3426583609
	3426583610
	3426583611
	3426583612
	3426583613
	3426583614
	3426583615
	3426583616
	3426583617
	3426583618
	3426583619
	3426583620
	3426583621
	3426583622
	3426583623
	3426583624
	3426583625
	3426583626
	3426583627
	3426583628
	3426583629
	3426583630
	3426583631
	3426583632
	3426583633
	3426583634
	3426583635
	3426583636
	3426583637
	3426583638
	3426583639
	3426583640
	3426583641
	3426583642
	3426583643
	3426583644
	3426583645
	3426583646
	3426583647
	3426583648
	3426583649
	3426583650
	3426583651
	3426583652
	3426583653
	3426583654
	3426583655
	3426583656
	3426583657
	3426583658
	3426583659
	3426583660
	3426583661
	3426583662
	3426583663
	3426583664
	3426583665
	3426583666
	3426583667
	3426583668
	3426583669
	3426583670
	3426583671
	3426583672
	3426583673
	3426583674
	3426583675
	3426583676
	3426583677
	3426583678
	3426583679
	3426583680
	3426583681
	3426583682
	3426583683
	3426583684
	3426583685
	3426583686
	3426583687
	3426583688
	3426583689
	3426583690
	3426583691
	3426583692
	3426583693
	3426583694
	3426583695
	3426583696
	3426583697
	3426583698
	3426583699
	3426583700
	3426583701
	3426583702
	3426583703
	3426583704
	3426583705
	3426583706
	3426583707
	3426583708
	3426583709
	3426583710
	3426583711
	3426583712
	3426583713
	3426583714
	3426583715
	3426583716
	3426583717
	3426583718
	3426583719
	3426583720
	3426583721
	3426583722
	3426583723
	3426583724
	3426583725
	3426583726
	3426583727
	3426583728
	3426583729
	3426583730
	3426583731
	3426583732
	3426583733
	3426583734
	3426583735
	3426583736
	3426583737
	3426583738
	3426583739
	3426583740
	3426583741
	3426583742
	3426583743
	3426583744
	3426583745
	3426583746
	3426583747
	3426583748
	3426583749
	3426583750
	3426583751
	3426583752
	3426583753
	3426583754
	3426583755
	3426583756
	3426583757
	3426583758
	3426583759
	3426583760
	3426583761
	3426583762
	3426583763
	3426583764
	3426583765
	3426583766
	3426583767
	3426583768
	3426583769
	3426583770
	3426583771
	3426583772
	3426583773
	3426583774
	3426583775
	3426583776
	3426583777
	3426583778
	3426583779
	3426583780
	3426583781
	3426583782
	3426583783
	3426583784
	3426583785
	3426583786
	3426583787
	3426583788
	3426583789
	3426583790
	3426583791
	3426583792
	3426583793
	3426583794
	3426583795
	3426583796
	3426583797
	3426583798
	3426583799
	3426583800
	3426583801
	3426583802
	3426583803
	3426583804
	3426583805
	3426583806
	3426583807
	3426583808
	3426583809
	3426583810
	3426583811
	3426583812
	3426583813
	3426583814
	3426583815
	3426583816
	3426583817
	3426583818
	3426583819
	3426583820
	3426583821
	3426583822
	3426583823
	3426583824
	3426583825
	3426583826
	3426583827
	3426583828
	3426583829
	3426583830
	3426583831
	3426583832
	3426583833
	3426583834
	3426583835
	3426583836
	3426583837
	3426583838
	3426583839
	3426583840
	3426583841
	3426583842
	3426583843
	3426583844
	3426583845
	3426583846
	3426583847
	3426583848
	3426583849
	3426583850
	3426583851
	3426583852
	3426583853
	3426583854
	3426583855
	3426583856
	3426583857
	3426583858
	3426583859
	3426583860
	3426583861
	3426583862
	3426583863
	3426583864
	3426583865
	3426583866
	3426583867
	3426583868
	3426583869
	3426583870
	3426583871
	3426583872
	3426583873
	3426583874
	3426583875
	3426583876
	3426583877
	3426583878
	3426583879
	3426583880
	3426583881
	3426583882
	3426583883
	3426583884
	3426583885
	3426583886
	3426583887
	3426583888
	3426583889
	3426583890
	3426583891
	3426583892
	3426583893
	3426583894
	3426583895
	3426583896
	3426583897
	3426583898
	3426583899
	3426583900
	3426583901
	3426583902
	3426583903
	3426583904
	3426583905
	3426583906
	3426583907
	3426583908
	3426583909
	3426583910
	3426583911
	3426583912
	3426583913
	3426583914
	3426583915
	3426583916
	3426583917
	3426583918
	3426583919
	3426583920
	3426583921
	3426583922
	3426583923
	3426583924
	3426583925
	3426583926
	3426583927
	3426583928
	3426583929
	3426583930
	3426583931
	3426583932
	3426583933
	3426583934
	3426583935
	3426583936
	3426583937
	3426583938
	3426583939
	3426583940
	3426583941
	3426583942
	3426583943
	3426583944
	3426583945
	3426583946
	3426583947
	3426583948
	3426583949
	3426583950
	3426583951
	3426583952
	3426583953
	3426583954
	3426583955
	3426583956
	3426583957
	3426583958
	3426583959
	3426583960
	3426583961
	3426583962
	3426583963
	3426583964
	3426583965
	3426583966
	3426583967
	3426583968
	3426583969
	3426583970
	3426583971
	3426583972
	3426583973
	3426583974
	3426583975
	3426583976
	3426583977
	3426583978
	3426583979
	3426583980
	3426583981
	3426583982
	3426583983
	3426583984
	3426583985
	3426583986
	3426583987
	3426583988
	3426583989
	3426583990
	3426583991
	3426583992
	3426583993
	3426583994
	3426583995
	3426583996
	3426583997
	3426583998
	3426583999
	3426584000
	3426584001
	3426584002
	3426584003
	3426584004
	3426584005
	3426584006
	3426584007
	3426584008
	3426584009
	3426584010
	3426584011
	3426584012
	3426584013
	3426584014
	3426584015
	3426584016
	3426584017
	3426584018
	3426584019
	3426584020
	3426584021
	3426584022
	3426584023
	3426584024
	3426584025
	3426584026
	3426584027
	3426584028
	3426584029
	3426584030
	3426584031
	3426584032
	3426584033
	3426584034
	3426584035
	3426584036
	3426584037
	3426584038
	3426584039
	3426584040
	3426584041
	3426584042
	3426584043
	3426584044
	3426584045
	3426584046
	3426584047
	3426584048
	3426584049
	3426584050
	3426584051
	3426584052
	3426584053
	3426584054
	3426584055
	3426584056
	3426584057
	3426584058
	3426584059
	3426584060
	3426584061
	3426584062
	3426584063
	3426584064
	3426584065
	3426584066
	3426584067
	3426584068
	3426584069
	3426584070
	3426584071
	3426584072
	3426584073
	3426584074
	3426584075
	3426584076
	3426584077
	3426584078
	3426584079
	3426584080
	3426584081
	3426584082
	3426584083
	3426584084
	3426584085
	3426584086
	3426584087
	3426584088
	3426584089
	3426584090
	3426584091
	3426584092
	3426584093
	3426584094
	3426584095
	3426584096
	3426584097
	3426584098
	3426584099
	3426584100
	3426584101
	3426584102
	3426584103
	3426584104
	3426584105
	3426584106
	3426584107
	3426584108
	3426584109
	3426584110
	3426584111
	3426584112
	3426584113
	3426584114
	3426584115
	3426584116
	3426584117
	3426584118
	3426584119
	3426584120
	3426584121
	3426584122
	3426584123
	3426584124
	3426584125
	3426584126
	3426584127
	3426584128
	3426584129
	3426584130
	3426584131
	3426584132
	3426584133
	3426584134
	3426584135
	3426584136
	3426584137
	3426584138
	3426584139
	3426584140
	3426584141
	3426584142
	3426584143
	3426584144
	3426584145
	3426584146
	3426584147
	3426584148
	3426584149
	3426584150
	3426584151
	3426584152
	3426584153
	3426584154
	3426584155
	3426584156
	3426584157
	3426584158
	3426584159
	3426584160
	3426584161
	3426584162
	3426584163
	3426584164
	3426584165
	3426584166
	3426584167
	3426584168
	3426584169
	3426584170
	3426584171
	3426584172
	3426584173
	3426584174
	3426584175
	3426584176
	3426584177
	3426584178
	3426584179
	3426584180
	3426584181
	3426584182
	3426584183
	3426584184
	3426584185
	3426584186
	3426584187
	3426584188
	3426584189
	3426584190
	3426584191
	3426584192
	3426584193
	3426584194
	3426584195
	3426584196
	3426584197
	3426584198
	3426584199
	3426584200
	3426584201
	3426584202
	3426584203
	3426584204
	3426584205
	3426584206
	3426584207
	3426584208
	3426584209
	3426584210
	3426584211
	3426584212
	3426584213
	3426584214
	3426584215
	3426584216
	3426584217
	3426584218
	3426584219
	3426584220
	3426584221
	3426584222
	3426584223
	3426584224
	3426584225
	3426584226
	3426584227
	3426584228
	3426584229
	3426584230
	3426584231
	3426584232
	3426584233
	3426584234
	3426584235
	3426584236
	3426584237
	3426584238
	3426584239
	3426584240
	3426584241
	3426584242
	3426584243
	3426584244
	3426584245
	3426584246
	3426584247
	3426584248
	3426584249
	3426584250
	3426584251
	3426584252
	3426584253
	3426584254
	3426584255
	3426584256
	3426584257
	3426584258
	3426584259
	3426584260
	3426584261
	3426584262
	3426584263
	3426584264
	3426584265
	3426584266
	3426584267
	3426584268
	3426584269
	3426584270
	3426584271
	3426584272
	3426584273
	3426584274
	3426584275
	3426584276
	3426584277
	3426584278
	3426584279
	3426584280
	3426584281
	3426584282
	3426584283
	3426584284
	3426584285
	3426584286
	3426584287
	3426584288
	3426584289
	3426584290
	3426584291
	3426584292
	3426584293
	3426584294
	3426584295
	3426584296
	3426584297
	3426584298
	3426584299
	3426584300
	3426584301
	3426584302
	3426584303
	3426584304
	3426584305
	3426584306
	3426584307
	3426584308
	3426584309
	3426584310
	3426584311
	3426584312
	3426584313
	3426584314
	3426584315
	3426584316
	3426584317
	3426584318
	3426584319
	3426584320
	3426584321
	3426584322
	3426584323
	3426584324
	3426584325
	3426584326
	3426584327
	3426584328
	3426584329
	3426584330
	3426584331
	3426584332
	3426584333
	3426584334
	3426584335
	3426584336
	3426584337
	3426584338
	3426584339
	3426584340
	3426584341
	3426584342
	3426584343
	3426584344
	3426584345
	3426584346
	3426584347
	3426584348
	3426584349
	3426584350
	3426584351
	3426584352
	3426584353
	3426584354
	3426584355
	3426584356
	3426584357
	3426584358
	3426584359
	3426584360
	3426584361
	3426584362
	3426584363
	3426584364
	3426584365
	3426584366
	3426584367
	3426584368
	3426584369
	3426584370
	3426584371
	3426584372
	3426584373
	3426584374
	3426584375
	3426584376
	3426584377
	3426584378
	3426584379
	3426584380
	3426584381
	3426584382
	3426584383
	3426584384
	3426584385
	3426584386
	3426584387
	3426584388
	3426584389
	3426584390
	3426584391
	3426584392
	3426584393
	3426584394
	3426584395
	3426584396
	3426584397
	3426584398
	3426584399
	3426584400
	3426584401
	3426584402
	3426584403
	3426584404
	3426584405
	3426584406
	3426584407
	3426584408
	3426584409
	3426584410
	3426584411
	3426584412
	3426584413
	3426584414
	3426584415
	3426584416
	3426584417
	3426584418
	3426584419
	3426584420
	3426584421
	3426584422
	3426584423
	3426584424
	3426584425
	3426584426
	3426584427
	3426584428
	3426584429
	3426584430
	3426584431
	3426584432
	3426584433
	3426584434
	3426584435
	3426584436
	3426584437
	3426584438
	3426584439
	3426584440
	3426584441
	3426584442
	3426584443
	3426584444
	3426584445
	3426584446
	3426584447
	3426584448
	3426584449
	3426584450
	3426584451
	3426584452
	3426584453
	3426584454
	3426584455
	3426584456
	3426584457
	3426584458
	3426584459
	3426584460
	3426584461
	3426584462
	3426584463
	3426584464
	3426584465
	3426584466
	3426584467
	3426584468
	3426584469
	3426584470
	3426584471
	3426584472
	3426584473
	3426584474
	3426584475
	3426584476
	3426584477
	3426584478
	3426584479
	3426584480
	3426584481
	3426584482
	3426584483
	3426584484
	3426584485
	3426584486
	3426584487
	3426584488
	3426584489
	3426584490
	3426584491
	3426584492
	3426584493
	3426584494
	3426584495
	3426584496
	3426584497
	3426584498
	3426584499
	3426584500
	3426584501
	3426584502
	3426584503
	3426584504
	3426584505
	3426584506
	3426584507
	3426584508
	3426584509
	3426584510
	3426584511
	3426584512
	3426584513
	3426584514
	3426584515
	3426584516
	3426584517
	3426584518
	3426584519
	3426584520
	3426584521
	3426584522
	3426584523
	3426584524
	3426584525
	3426584526
	3426584527
	3426584528
	3426584529
	3426584530
	3426584531
	3426584532
	3426584533
	3426584534
	3426584535
	3426584536
	3426584537
	3426584538
	3426584539
	3426584540
	3426584541
	3426584542
	3426584543
	3426584544
	3426584545
	3426584546
	3426584547
	3426584548
	3426584549
	3426584550
	3426584551
	3426584552
	3426584553
	3426584554
	3426584555
	3426584556
	3426584557
	3426584558
	3426584559
	3426584560
	3426584561
	3426584562
	3426584563
	3426584564
	3426584565
	3426584566
	3426584567
	3426584568
	3426584569
	3426584570
	3426584571
	3426584572
	3426584573
	3426584574
	3426584575
	3426584576
	3426584577
	3426584578
	3426584579
	3426584580
	3426584581
	3426584582
	3426584583
	3426584584
	3426584585
	3426584586
	3426584587
	3426584588
	3426584589
	3426584590
	3426584591
	3426584592
	3426584593
	3426584594
	3426584595
	3426584596
	3426584597
	3426584598
	3426584599
	3426584600
	3426584601
	3426584602
	3426584603
	3426584604
	3426584605
	3426584606
	3426584607
	3426584608
	3426584609
	3426584610
	3426584611
	3426584612
	3426584613
	3426584614
	3426584615
	3426584616
	3426584617
	3426584618
	3426584619
	3426584620
	3426584621
	3426584622
	3426584623
	3426584624
	3426584625
	3426584626
	3426584627
	3426584628
	3426584629
	3426584630
	3426584631
	3426584632
	3426584633
	3426584634
	3426584635
	3426584636
	3426584637
	3426584638
	3426584639
	3426584640
	3426584641
	3426584642
	3426584643
	3426584644
	3426584645
	3426584646
	3426584647
	3426584648
	3426584649
	3426584650
	3426584651
	3426584652
	3426584653
	3426584654
	3426584655
	3426584656
	3426584657
	3426584658
	3426584659
	3426584660
	3426584661
	3426584662
	3426584663
	3426584664
	3426584665
	3426584666
	3426584667
	3426584668
	3426584669
	3426584670
	3426584671
	3426584672
	3426584673
	3426584674
	3426584675
	3426584676
	3426584677
	3426584678
	3426584679
	3426584680
	3426584681
	3426584682
	3426584683
	3426584684
	3426584685
	3426584686
	3426584687
	3426584688
	3426584689
	3426584690
	3426584691
	3426584692
	3426584693
	3426584694
	3426584695
	3426584696
	3426584697
	3426584698
	3426584699
	3426584700
	3426584701
	3426584702
	3426584703
	3426584704
	3426584705
	3426584706
	3426584707
	3426584708
	3426584709
	3426584710
	3426584711
	3426584712
	3426584713
	3426584714
	3426584715
	3426584716
	3426584717
	3426584718
	3426584719
	3426584720
	3426584721
	3426584722
	3426584723
	3426584724
	3426584725
	3426584726
	3426584727
	3426584728
	3426584729
	3426584730
	3426584731
	3426584732
	3426584733
	3426584734
	3426584735
	3426584736
	3426584737
	3426584738
	3426584739
	3426584740
	3426584741
	3426584742
	3426584743
	3426584744
	3426584745
	3426584746
	3426584747
	3426584748
	3426584749
	3426584750
	3426584751
	3426584752
	3426584753
	3426584754
	3426584755
	3426584756
	3426584757
	3426584758
	3426584759
	3426584760
	3426584761
	3426584762
	3426584763
	3426584764
	3426584765
	3426584766
	3426584767
	3426584768
	3426584769
	3426584770
	3426584771
	3426584772
	3426584773
	3426584774
	3426584775
	3426584776
	3426584777
	3426584778
	3426584779
	3426584780
	3426584781
	3426584782
	3426584783
	3426584784
	3426584785
	3426584786
	3426584787
	3426584788
	3426584789
	3426584790
	3426584791
	3426584792
	3426584793
	3426584794
	3426584795
	3426584796
	3426584797
	3426584798
	3426584799
	3426584800
	3426584801
	3426584802
	3426584803
	3426584804
	3426584805
	3426584806
	3426584807
	3426584808
	3426584809
	3426584810
	3426584811
	3426584812
	3426584813
	3426584814
	3426584815
	3426584816
	3426584817
	3426584818
	3426584819
	3426584820
	3426584821
	3426584822
	3426584823
	3426584824
	3426584825
	3426584826
	3426584827
	3426584828
	3426584829
	3426584830
	3426584831
	3426584832
	3426584833
	3426584834
	3426584835
	3426584836
	3426584837
	3426584838
	3426584839
	3426584840
	3426584841
	3426584842
	3426584843
	3426584844
	3426584845
	3426584846
	3426584847
	3426584848
	3426584849
	3426584850
	3426584851
	3426584852
	3426584853
	3426584854
	3426584855
	3426584856
	3426584857
	3426584858
	3426584859
	3426584860
	3426584861
	3426584862
	3426584863
	3426584864
	3426584865
	3426584866
	3426584867
	3426584868
	3426584869
	3426584870
	3426584871
	3426584872
	3426584873
	3426584874
	3426584875
	3426584876
	3426584877
	3426584878
	3426584879
	3426584880
	3426584881
	3426584882
	3426584883
	3426584884
	3426584885
	3426584886
	3426584887
	3426584888
	3426584889
	3426584890
	3426584891
	3426584892
	3426584893
	3426584894
	3426584895
	3426584896
	3426584897
	3426584898
	3426584899
	3426584900
	3426584901
	3426584902
	3426584903
	3426584904
	3426584905
	3426584906
	3426584907
	3426584908
	3426584909
	3426584910
	3426584911
	3426584912
	3426584913
	3426584914
	3426584915
	3426584916
	3426584917
	3426584918
	3426584919
	3426584920
	3426584921
	3426584922
	3426584923
	3426584924
	3426584925
	3426584926
	3426584927
	3426584928
	3426584929
	3426584930
	3426584931
	3426584932
	3426584933
	3426584934
	3426584935
	3426584936
	3426584937
	3426584938
	3426584939
	3426584940
	3426584941
	3426584942
	3426584943
	3426584944
	3426584945
	3426584946
	3426584947
	3426584948
	3426584949
	3426584950
	3426584951
	3426584952
	3426584953
	3426584954
	3426584955
	3426584956
	3426584957
	3426584958
	3426584959
	3426584960
	3426584961
	3426584962
	3426584963
	3426584964
	3426584965
	3426584966
	3426584967
	3426584968
	3426584969
	3426584970
	3426584971
	3426584972
	3426584973
	3426584974
	3426584975
	3426584976
	3426584977
	3426584978
	3426584979
	3426584980
	3426584981
	3426584982
	3426584983
	3426584984
	3426584985
	3426584986
	3426584987
	3426584988
	3426584989
	3426584990
	3426584991
	3426584992
	3426584993
	3426584994
	3426584995
	3426584996
	3426584997
	3426584998
	3426584999
	3426585000
	3426585001
	3426585002
	3426585003
	3426585004
	3426585005
	3426585006
	3426585007
	3426585008
	3426585009
	3426585010
	3426585011
	3426585012
	3426585013
	3426585014
	3426585015
	3426585016
	3426585017
	3426585018
	3426585019
	3426585020
	3426585021
	3426585022
	3426585023
	3426585024
	3426585025
	3426585026
	3426585027
	3426585028
	3426585029
	3426585030
	3426585031
	3426585032
	3426585033
	3426585034
	3426585035
	3426585036
	3426585037
	3426585038
	3426585039
	3426585040
	3426585041
	3426585042
	3426585043
	3426585044
	3426585045
	3426585046
	3426585047
	3426585048
	3426585049
	3426585050
	3426585051
	3426585052
	3426585053
	3426585054
	3426585055
	3426585056
	3426585057
	3426585058
	3426585059
	3426585060
	3426585061
	3426585062
	3426585063
	3426585064
	3426585065
	3426585066
	3426585067
	3426585068
	3426585069
	3426585070
	3426585071
	3426585072
	3426585073
	3426585074
	3426585075
	3426585076
	3426585077
	3426585078
	3426585079
	3426585080
	3426585081
	3426585082
	3426585083
	3426585084
	3426585085
	3426585086
	3426585087
	3426585088
	3426585089
	3426585090
	3426585091
	3426585092
	3426585093
	3426585094
	3426585095
	3426585096
	3426585097
	3426585098
	3426585099
	3426585100
	3426585101
	3426585102
	3426585103
	3426585104
	3426585105
	3426585106
	3426585107
	3426585108
	3426585109
	3426585110
	3426585111
	3426585112
	3426585113
	3426585114
	3426585115
	3426585116
	3426585117
	3426585118
	3426585119
	3426585120
	3426585121
	3426585122
	3426585123
	3426585124
	3426585125
	3426585126
	3426585127
	3426585128
	3426585129
	3426585130
	3426585131
	3426585132
	3426585133
	3426585134
	3426585135
	3426585136
	3426585137
	3426585138
	3426585139
	3426585140
	3426585141
	3426585142
	3426585143
	3426585144
	3426585145
	3426585146
	3426585147
	3426585148
	3426585149
	3426585150
	3426585151
	3426585152
	3426585153
	3426585154
	3426585155
	3426585156
	3426585157
	3426585158
	3426585159
	3426585160
	3426585161
	3426585162
	3426585163
	3426585164
	3426585165
	3426585166
	3426585167
	3426585168
	3426585169
	3426585170
	3426585171
	3426585172
	3426585173
	3426585174
	3426585175
	3426585176
	3426585177
	3426585178
	3426585179
	3426585180
	3426585181
	3426585182
	3426585183
	3426585184
	3426585185
	3426585186
	3426585187
	3426585188
	3426585189
	3426585190
	3426585191
	3426585192
	3426585193
	3426585194
	3426585195
	3426585196
	3426585197
	3426585198
	3426585199
	3426585200
	3426585201
	3426585202
	3426585203
	3426585204
	3426585205
	3426585206
	3426585207
	3426585208
	3426585209
	3426585210
	3426585211
	3426585212
	3426585213
	3426585214
	3426585215
	3426585216
	3426585217
	3426585218
	3426585219
	3426585220
	3426585221
	3426585222
	3426585223
	3426585224
	3426585225
	3426585226
	3426585227
	3426585228
	3426585229
	3426585230
	3426585231
	3426585232
	3426585233
	3426585234
	3426585235
	3426585236
	3426585237
	3426585238
	3426585239
	3426585240
	3426585241
	3426585242
	3426585243
	3426585244
	3426585245
	3426585246
	3426585247
	3426585248
	3426585249
	3426585250
	3426585251
	3426585252
	3426585253
	3426585254
	3426585255
	3426585256
	3426585257
	3426585258
	3426585259
	3426585260
	3426585261
	3426585262
	3426585263
	3426585264
	3426585265
	3426585266
	3426585267
	3426585268
	3426585269
	3426585270
	3426585271
	3426585272
	3426585273
	3426585274
	3426585275
	3426585276
	3426585277
	3426585278
	3426585279
	3426585280
	3426585281
	3426585282
	3426585283
	3426585284
	3426585285
	3426585286
	3426585287
	3426585288
	3426585289
	3426585290
	3426585291
	3426585292
	3426585293
	3426585294
	3426585295
	3426585296
	3426585297
	3426585298
	3426585299
	3426585300
	3426585301
	3426585302
	3426585303
	3426585304
	3426585305
	3426585306
	3426585307
	3426585308
	3426585309
	3426585310
	3426585311
	3426585312
	3426585313
	3426585314
	3426585315
	3426585316
	3426585317
	3426585318
	3426585319
	3426585320
	3426585321
	3426585322
	3426585323
	3426585324
	3426585325
	3426585326
	3426585327
	3426585328
	3426585329
	3426585330
	3426585331
	3426585332
	3426585333
	3426585334
	3426585335
	3426585336
	3426585337
	3426585338
	3426585339
	3426585340
	3426585341
	3426585342
	3426585343
	3426585344
	3426585345
	3426585346
	3426585347
	3426585348
	3426585349
	3426585350
	3426585351
	3426585352
	3426585353
	3426585354
	3426585355
	3426585356
	3426585357
	3426585358
	3426585359
	3426585360
	3426585361
	3426585362
	3426585363
	3426585364
	3426585365
	3426585366
	3426585367
	3426585368
	3426585369
	3426585370
	3426585371
	3426585372
	3426585373
	3426585374
	3426585375
	3426585376
	3426585377
	3426585378
	3426585379
	3426585380
	3426585381
	3426585382
	3426585383
	3426585384
	3426585385
	3426585386
	3426585387
	3426585388
	3426585389
	3426585390
	3426585391
	3426585392
	3426585393
	3426585394
	3426585395
	3426585396
	3426585397
	3426585398
	3426585399
	3426585400
	3426585401
	3426585402
	3426585403
	3426585404
	3426585405
	3426585406
	3426585407
	3426585408
	3426585409
	3426585410
	3426585411
	3426585412
	3426585413
	3426585414
	3426585415
	3426585416
	3426585417
	3426585418
	3426585419
	3426585420
	3426585421
	3426585422
	3426585423
	3426585424
	3426585425
	3426585426
	3426585427
	3426585428
	3426585429
	3426585430
	3426585431
	3426585432
	3426585433
	3426585434
	3426585435
	3426585436
	3426585437
	3426585438
	3426585439
	3426585440
	3426585441
	3426585442
	3426585443
	3426585444
	3426585445
	3426585446
	3426585447
	3426585448
	3426585449
	3426585450
	3426585451
	3426585452
	3426585453
	3426585454
	3426585455
	3426585456
	3426585457
	3426585458
	3426585459
	3426585460
	3426585461
	3426585462
	3426585463
	3426585464
	3426585465
	3426585466
	3426585467
	3426585468
	3426585469
	3426585470
	3426585471
	3426585472
	3426585473
	3426585474
	3426585475
	3426585476
	3426585477
	3426585478
	3426585479
	3426585480
	3426585481
	3426585482
	3426585483
	3426585484
	3426585485
	3426585486
	3426585487
	3426585488
	3426585489
	3426585490
	3426585491
	3426585492
	3426585493
	3426585494
	3426585495
	3426585496
	3426585497
	3426585498
	3426585499
	3426585500
	3426585501
	3426585502
	3426585503
	3426585504
	3426585505
	3426585506
	3426585507
	3426585508
	3426585509
	3426585510
	3426585511
	3426585512
	3426585513
	3426585514
	3426585515
	3426585516
	3426585517
	3426585518
	3426585519
	3426585520
	3426585521
	3426585522
	3426585523
	3426585524
	3426585525
	3426585526
	3426585527
	3426585528
	3426585529
	3426585530
	3426585531
	3426585532
	3426585533
	3426585534
	3426585535
	3426585536
	3426585537
	3426585538
	3426585539
	3426585540
	3426585541
	3426585542
	3426585543
	3426585544
	3426585545
	3426585546
	3426585547
	3426585548
	3426585549
	3426585550
	3426585551
	3426585552
	3426585553
	3426585554
	3426585555
	3426585556
	3426585557
	3426585558
	3426585559
	3426585560
	3426585561
	3426585562
	3426585563
	3426585564
	3426585565
	3426585566
	3426585567
	3426585568
	3426585569
	3426585570
	3426585571
	3426585572
	3426585573
	3426585574
	3426585575
	3426585576
	3426585577
	3426585578
	3426585579
	3426585580
	3426585581
	3426585582
	3426585583
	3426585584
	3426585585
	3426585586
	3426585587
	3426585588
	3426585589
	3426585590
	3426585591
	3426585592
	3426585593
	3426585594
	3426585595
	3426585596
	3426585597
	3426585598
	3426585599
	3426585600
	3426585601
	3426585602
	3426585603
	3426585604
	3426585605
	3426585606
	3426585607
	3426585608
	3426585609
	3426585610
	3426585611
	3426585612
	3426585613
	3426585614
	3426585615
	3426585616
	3426585617
	3426585618
	3426585619
	3426585620
	3426585621
	3426585622
	3426585623
	3426585624
	3426585625
	3426585626
	3426585627
	3426585628
	3426585629
	3426585630
	3426585631
	3426585632
	3426585633
	3426585634
	3426585635
	3426585636
	3426585637
	3426585638
	3426585639
	3426585640
	3426585641
	3426585642
	3426585643
	3426585644
	3426585645
	3426585646
	3426585647
	3426585648
	3426585649
	3426585650
	3426585651
	3426585652
	3426585653
	3426585654
	3426585655
	3426585656
	3426585657
	3426585658
	3426585659
	3426585660
	3426585661
	3426585662
	3426585663
	3426585664
	3426585665
	3426585666
	3426585667
	3426585668
	3426585669
	3426585670
	3426585671
	3426585672
	3426585673
	3426585674
	3426585675
	3426585676
	3426585677
	3426585678
	3426585679
	3426585680
	3426585681
	3426585682
	3426585683
	3426585684
	3426585685
	3426585686
	3426585687
	3426585688
	3426585689
	3426585690
	3426585691
	3426585692
	3426585693
	3426585694
	3426585695
	3426585696
	3426585697
	3426585698
	3426585699
	3426585700
	3426585701
	3426585702
	3426585703
	3426585704
	3426585705
	3426585706
	3426585707
	3426585708
	3426585709
	3426585710
	3426585711
	3426585712
	3426585713
	3426585714
	3426585715
	3426585716
	3426585717
	3426585718
	3426585719
	3426585720
	3426585721
	3426585722
	3426585723
	3426585724
	3426585725
	3426585726
	3426585727
	3426585728
	3426585729
	3426585730
	3426585731
	3426585732
	3426585733
	3426585734
	3426585735
	3426585736
	3426585737
	3426585738
	3426585739
	3426585740
	3426585741
	3426585742
	3426585743
	3426585744
	3426585745
	3426585746
	3426585747
	3426585748
	3426585749
	3426585750
	3426585751
	3426585752
	3426585753
	3426585754
	3426585755
	3426585756
	3426585757
	3426585758
	3426585759
	3426585760
	3426585761
	3426585762
	3426585763
	3426585764
	3426585765
	3426585766
	3426585767
	3426585768
	3426585769
	3426585770
	3426585771
	3426585772
	3426585773
	3426585774
	3426585775
	3426585776
	3426585777
	3426585778
	3426585779
	3426585780
	3426585781
	3426585782
	3426585783
	3426585784
	3426585785
	3426585786
	3426585787
	3426585788
	3426585789
	3426585790
	3426585791
	3426585792
	3426585793
	3426585794
	3426585795
	3426585796
	3426585797
	3426585798
	3426585799
	3426585800
	3426585801
	3426585802
	3426585803
	3426585804
	3426585805
	3426585806
	3426585807
	3426585808
	3426585809
	3426585810
	3426585811
	3426585812
	3426585813
	3426585814
	3426585815
	3426585816
	3426585817
	3426585818
	3426585819
	3426585820
	3426585821
	3426585822
	3426585823
	3426585824
	3426585825
	3426585826
	3426585827
	3426585828
	3426585829
	3426585830
	3426585831
	3426585832
	3426585833
	3426585834
	3426585835
	3426585836
	3426585837
	3426585838
	3426585839
	3426585840
	3426585841
	3426585842
	3426585843
	3426585844
	3426585845
	3426585846
	3426585847
	3426585848
	3426585849
	3426585850
	3426585851
	3426585852
	3426585853
	3426585854
	3426585855
	3426585856
	3426585857
	3426585858
	3426585859
	3426585860
	3426585861
	3426585862
	3426585863
	3426585864
	3426585865
	3426585866
	3426585867
	3426585868
	3426585869
	3426585870
	3426585871
	3426585872
	3426585873
	3426585874
	3426585875
	3426585876
	3426585877
	3426585878
	3426585879
	3426585880
	3426585881
	3426585882
	3426585883
	3426585884
	3426585885
	3426585886
	3426585887
	3426585888
	3426585889
	3426585890
	3426585891
	3426585892
	3426585893
	3426585894
	3426585895
	3426585896
	3426585897
	3426585898
	3426585899
	3426585900
	3426585901
	3426585902
	3426585903
	3426585904
	3426585905
	3426585906
	3426585907
	3426585908
	3426585909
	3426585910
	3426585911
	3426585912
	3426585913
	3426585914
	3426585915
	3426585916
	3426585917
	3426585918
	3426585919
	3426585920
	3426585921
	3426585922
	3426585923
	3426585924
	3426585925
	3426585926
	3426585927
	3426585928
	3426585929
	3426585930
	3426585931
	3426585932
	3426585933
	3426585934
	3426585935
	3426585936
	3426585937
	3426585938
	3426585939
	3426585940
	3426585941
	3426585942
	3426585943
	3426585944
	3426585945
	3426585946
	3426585947
	3426585948
	3426585949
	3426585950
	3426585951
	3426585952
	3426585953
	3426585954
	3426585955
	3426585956
	3426585957
	3426585958
	3426585959
	3426585960
	3426585961
	3426585962
	3426585963
	3426585964
	3426585965
	3426585966
	3426585967
	3426585968
	3426585969
	3426585970
	3426585971
	3426585972
	3426585973
	3426585974
	3426585975
	3426585976
	3426585977
	3426585978
	3426585979
	3426585980
	3426585981
	3426585982
	3426585983
	3426585984
	3426585985
	3426585986
	3426585987
	3426585988
	3426585989
	3426585990
	3426585991
	3426585992
	3426585993
	3426585994
	3426585995
	3426585996
	3426585997
	3426585998
	3426585999
	3426586000
	3426586001
	3426586002
	3426586003
	3426586004
	3426586005
	3426586006
	3426586007
	3426586008
	3426586009
	3426586010
	3426586011
	3426586012
	3426586013
	3426586014
	3426586015
	3426586016
	3426586017
	3426586018
	3426586019
	3426586020
	3426586021
	3426586022
	3426586023
	3426586024
	3426586025
	3426586026
	3426586027
	3426586028
	3426586029
	3426586030
	3426586031
	3426586032
	3426586033
	3426586034
	3426586035
	3426586036
	3426586037
	3426586038
	3426586039
	3426586040
	3426586041
	3426586042
	3426586043
	3426586044
	3426586045
	3426586046
	3426586047
	3426586048
	3426586049
	3426586050
	3426586051
	3426586052
	3426586053
	3426586054
	3426586055
	3426586056
	3426586057
	3426586058
	3426586059
	3426586060
	3426586061
	3426586062
	3426586063
	3426586064
	3426586065
	3426586066
	3426586067
	3426586068
	3426586069
	3426586070
	3426586071
	3426586072
	3426586073
	3426586074
	3426586075
	3426586076
	3426586077
	3426586078
	3426586079
	3426586080
	3426586081
	3426586082
	3426586083
	3426586084
	3426586085
	3426586086
	3426586087
	3426586088
	3426586089
	3426586090
	3426586091
	3426586092
	3426586093
	3426586094
	3426586095
	3426586096
	3426586097
	3426586098
	3426586099
	3426586100
	3426586101
	3426586102
	3426586103
	3426586104
	3426586105
	3426586106
	3426586107
	3426586108
	3426586109
	3426586110
	3426586111
	3426586112
	3426586113
	3426586114
	3426586115
	3426586116
	3426586117
	3426586118
	3426586119
	3426586120
	3426586121
	3426586122
	3426586123
	3426586124
	3426586125
	3426586126
	3426586127
	3426586128
	3426586129
	3426586130
	3426586131
	3426586132
	3426586133
	3426586134
	3426586135
	3426586136
	3426586137
	3426586138
	3426586139
	3426586140
	3426586141
	3426586142
	3426586143
	3426586144
	3426586145
	3426586146
	3426586147
	3426586148
	3426586149
	3426586150
	3426586151
	3426586152
	3426586153
	3426586154
	3426586155
	3426586156
	3426586157
	3426586158
	3426586159
	3426586160
	3426586161
	3426586162
	3426586163
	3426586164
	3426586165
	3426586166
	3426586167
	3426586168
	3426586169
	3426586170
	3426586171
	3426586172
	3426586173
	3426586174
	3426586175
	3426586176
	3426586177
	3426586178
	3426586179
	3426586180
	3426586181
	3426586182
	3426586183
	3426586184
	3426586185
	3426586186
	3426586187
	3426586188
	3426586189
	3426586190
	3426586191
	3426586192
	3426586193
	3426586194
	3426586195
	3426586196
	3426586197
	3426586198
	3426586199
	3426586200
	3426586201
	3426586202
	3426586203
	3426586204
	3426586205
	3426586206
	3426586207
	3426586208
	3426586209
	3426586210
	3426586211
	3426586212
	3426586213
	3426586214
	3426586215
	3426586216
	3426586217
	3426586218
	3426586219
	3426586220
	3426586221
	3426586222
	3426586223
	3426586224
	3426586225
	3426586226
	3426586227
	3426586228
	3426586229
	3426586230
	3426586231
	3426586232
	3426586233
	3426586234
	3426586235
	3426586236
	3426586237
	3426586238
	3426586239
	3426586240
	3426586241
	3426586242
	3426586243
	3426586244
	3426586245
	3426586246
	3426586247
	3426586248
	3426586249
	3426586250
	3426586251
	3426586252
	3426586253
	3426586254
	3426586255
	3426586256
	3426586257
	3426586258
	3426586259
	3426586260
	3426586261
	3426586262
	3426586263
	3426586264
	3426586265
	3426586266
	3426586267
	3426586268
	3426586269
	3426586270
	3426586271
	3426586272
	3426586273
	3426586274
	3426586275
	3426586276
	3426586277
	3426586278
	3426586279
	3426586280
	3426586281
	3426586282
	3426586283
	3426586284
	3426586285
	3426586286
	3426586287
	3426586288
	3426586289
	3426586290
	3426586291
	3426586292
	3426586293
	3426586294
	3426586295
	3426586296
	3426586297
	3426586298
	3426586299
	3426586300
	3426586301
	3426586302
	3426586303
	3426586304
	3426586305
	3426586306
	3426586307
	3426586308
	3426586309
	3426586310
	3426586311
	3426586312
	3426586313
	3426586314
	3426586315
	3426586316
	3426586317
	3426586318
	3426586319
	3426586320
	3426586321
	3426586322
	3426586323
	3426586324
	3426586325
	3426586326
	3426586327
	3426586328
	3426586329
	3426586330
	3426586331
	3426586332
	3426586333
	3426586334
	3426586335
	3426586336
	3426586337
	3426586338
	3426586339
	3426586340
	3426586341
	3426586342
	3426586343
	3426586344
	3426586345
	3426586346
	3426586347
	3426586348
	3426586349
	3426586350
	3426586351
	3426586352
	3426586353
	3426586354
	3426586355
	3426586356
	3426586357
	3426586358
	3426586359
	3426586360
	3426586361
	3426586362
	3426586363
	3426586364
	3426586365
	3426586366
	3426586367
	3426586368
	3426586369
	3426586370
	3426586371
	3426586372
	3426586373
	3426586374
	3426586375
	3426586376
	3426586377
	3426586378
	3426586379
	3426586380
	3426586381
	3426586382
	3426586383
	3426586384
	3426586385
	3426586386
	3426586387
	3426586388
	3426586389
	3426586390
	3426586391
	3426586392
	3426586393
	3426586394
	3426586395
	3426586396
	3426586397
	3426586398
	3426586399
	3426586400
	3426586401
	3426586402
	3426586403
	3426586404
	3426586405
	3426586406
	3426586407
	3426586408
	3426586409
	3426586410
	3426586411
	3426586412
	3426586413
	3426586414
	3426586415
	3426586416
	3426586417
	3426586418
	3426586419
	3426586420
	3426586421
	3426586422
	3426586423
	3426586424
	3426586425
	3426586426
	3426586427
	3426586428
	3426586429
	3426586430
	3426586431
	3426586432
	3426586433
	3426586434
	3426586435
	3426586436
	3426586437
	3426586438
	3426586439
	3426586440
	3426586441
	3426586442
	3426586443
	3426586444
	3426586445
	3426586446
	3426586447
	3426586448
	3426586449
	3426586450
	3426586451
	3426586452
	3426586453
	3426586454
	3426586455
	3426586456
	3426586457
	3426586458
	3426586459
	3426586460
	3426586461
	3426586462
	3426586463
	3426586464
	3426586465
	3426586466
	3426586467
	3426586468
	3426586469
	3426586470
	3426586471
	3426586472
	3426586473
	3426586474
	3426586475
	3426586476
	3426586477
	3426586478
	3426586479
	3426586480
	3426586481
	3426586482
	3426586483
	3426586484
	3426586485
	3426586486
	3426586487
	3426586488
	3426586489
	3426586490
	3426586491
	3426586492
	3426586493
	3426586494
	3426586495
	3426586496
	3426586497
	3426586498
	3426586499
	3426586500
	3426586501
	3426586502
	3426586503
	3426586504
	3426586505
	3426586506
	3426586507
	3426586508
	3426586509
	3426586510
	3426586511
	3426586512
	3426586513
	3426586514
	3426586515
	3426586516
	3426586517
	3426586518
	3426586519
	3426586520
	3426586521
	3426586522
	3426586523
	3426586524
	3426586525
	3426586526
	3426586527
	3426586528
	3426586529
	3426586530
	3426586531
	3426586532
	3426586533
	3426586534
	3426586535
	3426586536
	3426586537
	3426586538
	3426586539
	3426586540
	3426586541
	3426586542
	3426586543
	3426586544
	3426586545
	3426586546
	3426586547
	3426586548
	3426586549
	3426586550
	3426586551
	3426586552
	3426586553
	3426586554
	3426586555
	3426586556
	3426586557
	3426586558
	3426586559
	3426586560
	3426586561
	3426586562
	3426586563
	3426586564
	3426586565
	3426586566
	3426586567
	3426586568
	3426586569
	3426586570
	3426586571
	3426586572
	3426586573
	3426586574
	3426586575
	3426586576
	3426586577
	3426586578
	3426586579
	3426586580
	3426586581
	3426586582
	3426586583
	3426586584
	3426586585
	3426586586
	3426586587
	3426586588
	3426586589
	3426586590
	3426586591
	3426586592
	3426586593
	3426586594
	3426586595
	3426586596
	3426586597
	3426586598
	3426586599
	3426586600
	3426586601
	3426586602
	3426586603
	3426586604
	3426586605
	3426586606
	3426586607
	3426586608
	3426586609
	3426586610
	3426586611
	3426586612
	3426586613
	3426586614
	3426586615
	3426586616
	3426586617
	3426586618
	3426586619
	3426586620
	3426586621
	3426586622
	3426586623
	3426586624
	3426586625
	3426586626
	3426586627
	3426586628
	3426586629
	3426586630
	3426586631
	3426586632
	3426586633
	3426586634
	3426586635
	3426586636
	3426586637
	3426586638
	3426586639
	3426586640
	3426586641
	3426586642
	3426586643
	3426586644
	3426586645
	3426586646
	3426586647
	3426586648
	3426586649
	3426586650
	3426586651
	3426586652
	3426586653
	3426586654
	3426586655
	3426586656
	3426586657
	3426586658
	3426586659
	3426586660
	3426586661
	3426586662
	3426586663
	3426586664
	3426586665
	3426586666
	3426586667
	3426586668
	3426586669
	3426586670
	3426586671
	3426586672
	3426586673
	3426586674
	3426586675
	3426586676
	3426586677
	3426586678
	3426586679
	3426586680
	3426586681
	3426586682
	3426586683
	3426586684
	3426586685
	3426586686
	3426586687
	3426586688
	3426586689
	3426586690
	3426586691
	3426586692
	3426586693
	3426586694
	3426586695
	3426586696
	3426586697
	3426586698
	3426586699
	3426586700
	3426586701
	3426586702
	3426586703
	3426586704
	3426586705
	3426586706
	3426586707
	3426586708
	3426586709
	3426586710
	3426586711
	3426586712
	3426586713
	3426586714
	3426586715
	3426586716
	3426586717
	3426586718
	3426586719
	3426586720
	3426586721
	3426586722
	3426586723
	3426586724
	3426586725
	3426586726
	3426586727
	3426586728
	3426586729
	3426586730
	3426586731
	3426586732
	3426586733
	3426586734
	3426586735
	3426586736
	3426586737
	3426586738
	3426586739
	3426586740
	3426586741
	3426586742
	3426586743
	3426586744
	3426586745
	3426586746
	3426586747
	3426586748
	3426586749
	3426586750
	3426586751
	3426586752
	3426586753
	3426586754
	3426586755
	3426586756
	3426586757
	3426586758
	3426586759
	3426586760
	3426586761
	3426586762
	3426586763
	3426586764
	3426586765
	3426586766
	3426586767
	3426586768
	3426586769
	3426586770
	3426586771
	3426586772
	3426586773
	3426586774
	3426586775
	3426586776
	3426586777
	3426586778
	3426586779
	3426586780
	3426586781
	3426586782
	3426586783
	3426586784
	3426586785
	3426586786
	3426586787
	3426586788
	3426586789
	3426586790
	3426586791
	3426586792
	3426586793
	3426586794
	3426586795
	3426586796
	3426586797
	3426586798
	3426586799
	3426586800
	3426586801
	3426586802
	3426586803
	3426586804
	3426586805
	3426586806
	3426586807
	3426586808
	3426586809
	3426586810
	3426586811
	3426586812
	3426586813
	3426586814
	3426586815
	3426586816
	3426586817
	3426586818
	3426586819
	3426586820
	3426586821
	3426586822
	3426586823
	3426586824
	3426586825
	3426586826
	3426586827
	3426586828
	3426586829
	3426586830
	3426586831
	3426586832
	3426586833
	3426586834
	3426586835
	3426586836
	3426586837
	3426586838
	3426586839
	3426586840
	3426586841
	3426586842
	3426586843
	3426586844
	3426586845
	3426586846
	3426586847
	3426586848
	3426586849
	3426586850
	3426586851
	3426586852
	3426586853
	3426586854
	3426586855
	3426586856
	3426586857
	3426586858
	3426586859
	3426586860
	3426586861
	3426586862
	3426586863
	3426586864
	3426586865
	3426586866
	3426586867
	3426586868
	3426586869
	3426586870
	3426586871
	3426586872
	3426586873
	3426586874
	3426586875
	3426586876
	3426586877
	3426586878
	3426586879
	3426586880
	3426586881
	3426586882
	3426586883
	3426586884
	3426586885
	3426586886
	3426586887
	3426586888
	3426586889
	3426586890
	3426586891
	3426586892
	3426586893
	3426586894
	3426586895
	3426586896
	3426586897
	3426586898
	3426586899
	3426586900
	3426586901
	3426586902
	3426586903
	3426586904
	3426586905
	3426586906
	3426586907
	3426586908
	3426586909
	3426586910
	3426586911
	3426586912
	3426586913
	3426586914
	3426586915
	3426586916
	3426586917
	3426586918
	3426586919
	3426586920
	3426586921
	3426586922
	3426586923
	3426586924
	3426586925
	3426586926
	3426586927
	3426586928
	3426586929
	3426586930
	3426586931
	3426586932
	3426586933
	3426586934
	3426586935
	3426586936
	3426586937
	3426586938
	3426586939
	3426586940
	3426586941
	3426586942
	3426586943
	3426586944
	3426586945
	3426586946
	3426586947
	3426586948
	3426586949
	3426586950
	3426586951
	3426586952
	3426586953
	3426586954
	3426586955
	3426586956
	3426586957
	3426586958
	3426586959
	3426586960
	3426586961
	3426586962
	3426586963
	3426586964
	3426586965
	3426586966
	3426586967
	3426586968
	3426586969
	3426586970
	3426586971
	3426586972
	3426586973
	3426586974
	3426586975
	3426586976
	3426586977
	3426586978
	3426586979
	3426586980
	3426586981
	3426586982
	3426586983
	3426586984
	3426586985
	3426586986
	3426586987
	3426586988
	3426586989
	3426586990
	3426586991
	3426586992
	3426586993
	3426586994
	3426586995
	3426586996
	3426586997
	3426586998
	3426586999
	3426587000
	3426587001
	3426587002
	3426587003
	3426587004
	3426587005
	3426587006
	3426587007
	3426587008
	3426587009
	3426587010
	3426587011
	3426587012
	3426587013
	3426587014
	3426587015
	3426587016
	3426587017
	3426587018
	3426587019
	3426587020
	3426587021
	3426587022
	3426587023
	3426587024
	3426587025
	3426587026
	3426587027
	3426587028
	3426587029
	3426587030
	3426587031
	3426587032
	3426587033
	3426587034
	3426587035
	3426587036
	3426587037
	3426587038
	3426587039
	3426587040
	3426587041
	3426587042
	3426587043
	3426587044
	3426587045
	3426587046
	3426587047
	3426587048
	3426587049
	3426587050
	3426587051
	3426587052
	3426587053
	3426587054
	3426587055
	3426587056
	3426587057
	3426587058
	3426587059
	3426587060
	3426587061
	3426587062
	3426587063
	3426587064
	3426587065
	3426587066
	3426587067
	3426587068
	3426587069
	3426587070
	3426587071
	3426587072
	3426587073
	3426587074
	3426587075
	3426587076
	3426587077
	3426587078
	3426587079
	3426587080
	3426587081
	3426587082
	3426587083
	3426587084
	3426587085
	3426587086
	3426587087
	3426587088
	3426587089
	3426587090
	3426587091
	3426587092
	3426587093
	3426587094
	3426587095
	3426587096
	3426587097
	3426587098
	3426587099
	3426587100
	3426587101
	3426587102
	3426587103
	3426587104
	3426587105
	3426587106
	3426587107
	3426587108
	3426587109
	3426587110
	3426587111
	3426587112
	3426587113
	3426587114
	3426587115
	3426587116
	3426587117
	3426587118
