	3426546661
	3426546662
	3426546663
	3426546664
	3426546665
	3426546666
	3426546667
	3426546668
	3426546669
	3426546670
	3426546671
	3426546672
	3426546673
	3426546674
	3426546675
	3426546676
	3426546677
	3426546678
	3426546679
	3426546680
	3426546681
	3426546682
	3426546683
	3426546684
	3426546685
	3426546686
	3426546687
	3426546688
	3426546689
	3426546690
	3426546691
	3426546692
	3426546693
	3426546694
	3426546695
	3426546696
	3426546697
	3426546698
	3426546699
	3426546700
	3426546701
	3426546702
	3426546703
	3426546704
	3426546705
	3426546706
	3426546707
	3426546708
	3426546709
	3426546710
	3426546711
	3426546712
	3426546713
	3426546714
	3426546715
	3426546716
	3426546717
	3426546718
	3426546719
	3426546720
	3426546721
	3426546722
	3426546723
	3426546724
	3426546725
	3426546726
	3426546727
	3426546728
	3426546729
	3426546730
	3426546731
	3426546732
	3426546733
	3426546734
	3426546735
	3426546736
	3426546737
	3426546738
	3426546739
	3426546740
	3426546741
	3426546742
	3426546743
	3426546744
	3426546745
	3426546746
	3426546747
	3426546748
	3426546749
	3426546750
	3426546751
	3426546752
	3426546753
	3426546754
	3426546755
	3426546756
	3426546757
	3426546758
	3426546759
	3426546760
	3426546761
	3426546762
	3426546763
	3426546764
	3426546765
	3426546766
	3426546767
	3426546768
	3426546769
	3426546770
	3426546771
	3426546772
	3426546773
	3426546774
	3426546775
	3426546776
	3426546777
	3426546778
	3426546779
	3426546780
	3426546781
	3426546782
	3426546783
	3426546784
	3426546785
	3426546786
	3426546787
	3426546788
	3426546789
	3426546790
	3426546791
	3426546792
	3426546793
	3426546794
	3426546795
	3426546796
	3426546797
	3426546798
	3426546799
	3426546800
	3426546801
	3426546802
	3426546803
	3426546804
	3426546805
	3426546806
	3426546807
	3426546808
	3426546809
	3426546810
	3426546811
	3426546812
	3426546813
	3426546814
	3426546815
	3426546816
	3426546817
	3426546818
	3426546819
	3426546820
	3426546821
	3426546822
	3426546823
	3426546824
	3426546825
	3426546826
	3426546827
	3426546828
	3426546829
	3426546830
	3426546831
	3426546832
	3426546833
	3426546834
	3426546835
	3426546836
	3426546837
	3426546838
	3426546839
	3426546840
	3426546841
	3426546842
	3426546843
	3426546844
	3426546845
	3426546846
	3426546847
	3426546848
	3426546849
	3426546850
	3426546851
	3426546852
	3426546853
	3426546854
	3426546855
	3426546856
	3426546857
	3426546858
	3426546859
	3426546860
	3426546861
	3426546862
	3426546863
	3426546864
	3426546865
	3426546866
	3426546867
	3426546868
	3426546869
	3426546870
	3426546871
	3426546872
	3426546873
	3426546874
	3426546875
	3426546876
	3426546877
	3426546878
	3426546879
	3426546880
	3426546881
	3426546882
	3426546883
	3426546884
	3426546885
	3426546886
	3426546887
	3426546888
	3426546889
	3426546890
	3426546891
	3426546892
	3426546893
	3426546894
	3426546895
	3426546896
	3426546897
	3426546898
	3426546899
	3426546900
	3426546901
	3426546902
	3426546903
	3426546904
	3426546905
	3426546906
	3426546907
	3426546908
	3426546909
	3426546910
	3426546911
	3426546912
	3426546913
	3426546914
	3426546915
	3426546916
	3426546917
	3426546918
	3426546919
	3426546920
	3426546921
	3426546922
	3426546923
	3426546924
	3426546925
	3426546926
	3426546927
	3426546928
	3426546929
	3426546930
	3426546931
	3426546932
	3426546933
	3426546934
	3426546935
	3426546936
	3426546937
	3426546938
	3426546939
	3426546940
	3426546941
	3426546942
	3426546943
	3426546944
	3426546945
	3426546946
	3426546947
	3426546948
	3426546949
	3426546950
	3426546951
	3426546952
	3426546953
	3426546954
	3426546955
	3426546956
	3426546957
	3426546958
	3426546959
	3426546960
	3426546961
	3426546962
	3426546963
	3426546964
	3426546965
	3426546966
	3426546967
	3426546968
	3426546969
	3426546970
	3426546971
	3426546972
	3426546973
	3426546974
	3426546975
	3426546976
	3426546977
	3426546978
	3426546979
	3426546980
	3426546981
	3426546982
	3426546983
	3426546984
	3426546985
	3426546986
	3426546987
	3426546988
	3426546989
	3426546990
	3426546991
	3426546992
	3426546993
	3426546994
	3426546995
	3426546996
	3426546997
	3426546998
	3426546999
	3426547000
	3426547001
	3426547002
	3426547003
	3426547004
	3426547005
	3426547006
	3426547007
	3426547008
	3426547009
	3426547010
	3426547011
	3426547012
	3426547013
	3426547014
	3426547015
	3426547016
	3426547017
	3426547018
	3426547019
	3426547020
	3426547021
	3426547022
	3426547023
	3426547024
	3426547025
	3426547026
	3426547027
	3426547028
	3426547029
	3426547030
	3426547031
	3426547032
	3426547033
	3426547034
	3426547035
	3426547036
	3426547037
	3426547038
	3426547039
	3426547040
	3426547041
	3426547042
	3426547043
	3426547044
	3426547045
	3426547046
	3426547047
	3426547048
	3426547049
	3426547050
	3426547051
	3426547052
	3426547053
	3426547054
	3426547055
	3426547056
	3426547057
	3426547058
	3426547059
	3426547060
	3426547061
	3426547062
	3426547063
	3426547064
	3426547065
	3426547066
	3426547067
	3426547068
	3426547069
	3426547070
	3426547071
	3426547072
	3426547073
	3426547074
	3426547075
	3426547076
	3426547077
	3426547078
	3426547079
	3426547080
	3426547081
	3426547082
	3426547083
	3426547084
	3426547085
	3426547086
	3426547087
	3426547088
	3426547089
	3426547090
	3426547091
	3426547092
	3426547093
	3426547094
	3426547095
	3426547096
	3426547097
	3426547098
	3426547099
	3426547100
	3426547101
	3426547102
	3426547103
	3426547104
	3426547105
	3426547106
	3426547107
	3426547108
	3426547109
	3426547110
	3426547111
	3426547112
	3426547113
	3426547114
	3426547115
	3426547116
	3426547117
	3426547118
	3426547119
	3426547120
	3426547121
	3426547122
	3426547123
	3426547124
	3426547125
	3426547126
	3426547127
	3426547128
	3426547129
	3426547130
	3426547131
	3426547132
	3426547133
	3426547134
	3426547135
	3426547136
	3426547137
	3426547138
	3426547139
	3426547140
	3426547141
	3426547142
	3426547143
	3426547144
	3426547145
	3426547146
	3426547147
	3426547148
	3426547149
	3426547150
	3426547151
	3426547152
	3426547153
	3426547154
	3426547155
	3426547156
	3426547157
	3426547158
	3426547159
	3426547160
	3426547161
	3426547162
	3426547163
	3426547164
	3426547165
	3426547166
	3426547167
	3426547168
	3426547169
	3426547170
	3426547171
	3426547172
	3426547173
	3426547174
	3426547175
	3426547176
	3426547177
	3426547178
	3426547179
	3426547180
	3426547181
	3426547182
	3426547183
	3426547184
	3426547185
	3426547186
	3426547187
	3426547188
	3426547189
	3426547190
	3426547191
	3426547192
	3426547193
	3426547194
	3426547195
	3426547196
	3426547197
	3426547198
	3426547199
	3426547200
	3426547201
	3426547202
	3426547203
	3426547204
	3426547205
	3426547206
	3426547207
	3426547208
	3426547209
	3426547210
	3426547211
	3426547212
	3426547213
	3426547214
	3426547215
	3426547216
	3426547217
	3426547218
	3426547219
	3426547220
	3426547221
	3426547222
	3426547223
	3426547224
	3426547225
	3426547226
	3426547227
	3426547228
	3426547229
	3426547230
	3426547231
	3426547232
	3426547233
	3426547234
	3426547235
	3426547236
	3426547237
	3426547238
	3426547239
	3426547240
	3426547241
	3426547242
	3426547243
	3426547244
	3426547245
	3426547246
	3426547247
	3426547248
	3426547249
	3426547250
	3426547251
	3426547252
	3426547253
	3426547254
	3426547255
	3426547256
	3426547257
	3426547258
	3426547259
	3426547260
	3426547261
	3426547262
	3426547263
	3426547264
	3426547265
	3426547266
	3426547267
	3426547268
	3426547269
	3426547270
	3426547271
	3426547272
	3426547273
	3426547274
	3426547275
	3426547276
	3426547277
	3426547278
	3426547279
	3426547280
	3426547281
	3426547282
	3426547283
	3426547284
	3426547285
	3426547286
	3426547287
	3426547288
	3426547289
	3426547290
	3426547291
	3426547292
	3426547293
	3426547294
	3426547295
	3426547296
	3426547297
	3426547298
	3426547299
	3426547300
	3426547301
	3426547302
	3426547303
	3426547304
	3426547305
	3426547306
	3426547307
	3426547308
	3426547309
	3426547310
	3426547311
	3426547312
	3426547313
	3426547314
	3426547315
	3426547316
	3426547317
	3426547318
	3426547319
	3426547320
	3426547321
	3426547322
	3426547323
	3426547324
	3426547325
	3426547326
	3426547327
	3426547328
	3426547329
	3426547330
	3426547331
	3426547332
	3426547333
	3426547334
	3426547335
	3426547336
	3426547337
	3426547338
	3426547339
	3426547340
	3426547341
	3426547342
	3426547343
	3426547344
	3426547345
	3426547346
	3426547347
	3426547348
	3426547349
	3426547350
	3426547351
	3426547352
	3426547353
	3426547354
	3426547355
	3426547356
	3426547357
	3426547358
	3426547359
	3426547360
	3426547361
	3426547362
	3426547363
	3426547364
	3426547365
	3426547366
	3426547367
	3426547368
	3426547369
	3426547370
	3426547371
	3426547372
	3426547373
	3426547374
	3426547375
	3426547376
	3426547377
	3426547378
	3426547379
	3426547380
	3426547381
	3426547382
	3426547383
	3426547384
	3426547385
	3426547386
	3426547387
	3426547388
	3426547389
	3426547390
	3426547391
	3426547392
	3426547393
	3426547394
	3426547395
	3426547396
	3426547397
	3426547398
	3426547399
	3426547400
	3426547401
	3426547402
	3426547403
	3426547404
	3426547405
	3426547406
	3426547407
	3426547408
	3426547409
	3426547410
	3426547411
	3426547412
	3426547413
	3426547414
	3426547415
	3426547416
	3426547417
	3426547418
	3426547419
	3426547420
	3426547421
	3426547422
	3426547423
	3426547424
	3426547425
	3426547426
	3426547427
	3426547428
	3426547429
	3426547430
	3426547431
	3426547432
	3426547433
	3426547434
	3426547435
	3426547436
	3426547437
	3426547438
	3426547439
	3426547440
	3426547441
	3426547442
	3426547443
	3426547444
	3426547445
	3426547446
	3426547447
	3426547448
	3426547449
	3426547450
	3426547451
	3426547452
	3426547453
	3426547454
	3426547455
	3426547456
	3426547457
	3426547458
	3426547459
	3426547460
	3426547461
	3426547462
	3426547463
	3426547464
	3426547465
	3426547466
	3426547467
	3426547468
	3426547469
	3426547470
	3426547471
	3426547472
	3426547473
	3426547474
	3426547475
	3426547476
	3426547477
	3426547478
	3426547479
	3426547480
	3426547481
	3426547482
	3426547483
	3426547484
	3426547485
	3426547486
	3426547487
	3426547488
	3426547489
	3426547490
	3426547491
	3426547492
	3426547493
	3426547494
	3426547495
	3426547496
	3426547497
	3426547498
	3426547499
	3426547500
	3426547501
	3426547502
	3426547503
	3426547504
	3426547505
	3426547506
	3426547507
	3426547508
	3426547509
	3426547510
	3426547511
	3426547512
	3426547513
	3426547514
	3426547515
	3426547516
	3426547517
	3426547518
	3426547519
	3426547520
	3426547521
	3426547522
	3426547523
	3426547524
	3426547525
	3426547526
	3426547527
	3426547528
	3426547529
	3426547530
	3426547531
	3426547532
	3426547533
	3426547534
	3426547535
	3426547536
	3426547537
	3426547538
	3426547539
	3426547540
	3426547541
	3426547542
	3426547543
	3426547544
	3426547545
	3426547546
	3426547547
	3426547548
	3426547549
	3426547550
	3426547551
	3426547552
	3426547553
	3426547554
	3426547555
	3426547556
	3426547557
	3426547558
	3426547559
	3426547560
	3426547561
	3426547562
	3426547563
	3426547564
	3426547565
	3426547566
	3426547567
	3426547568
	3426547569
	3426547570
	3426547571
	3426547572
	3426547573
	3426547574
	3426547575
	3426547576
	3426547577
	3426547578
	3426547579
	3426547580
	3426547581
	3426547582
	3426547583
	3426547584
	3426547585
	3426547586
	3426547587
	3426547588
	3426547589
	3426547590
	3426547591
	3426547592
	3426547593
	3426547594
	3426547595
	3426547596
	3426547597
	3426547598
	3426547599
	3426547600
	3426547601
	3426547602
	3426547603
	3426547604
	3426547605
	3426547606
	3426547607
	3426547608
	3426547609
	3426547610
	3426547611
	3426547612
	3426547613
	3426547614
	3426547615
	3426547616
	3426547617
	3426547618
	3426547619
	3426547620
	3426547621
	3426547622
	3426547623
	3426547624
	3426547625
	3426547626
	3426547627
	3426547628
	3426547629
	3426547630
	3426547631
	3426547632
	3426547633
	3426547634
	3426547635
	3426547636
	3426547637
	3426547638
	3426547639
	3426547640
	3426547641
	3426547642
	3426547643
	3426547644
	3426547645
	3426547646
	3426547647
	3426547648
	3426547649
	3426547650
	3426547651
	3426547652
	3426547653
	3426547654
	3426547655
	3426547656
	3426547657
	3426547658
	3426547659
	3426547660
	3426547661
	3426547662
	3426547663
	3426547664
	3426547665
	3426547666
	3426547667
	3426547668
	3426547669
	3426547670
	3426547671
	3426547672
	3426547673
	3426547674
	3426547675
	3426547676
	3426547677
	3426547678
	3426547679
	3426547680
	3426547681
	3426547682
	3426547683
	3426547684
	3426547685
	3426547686
	3426547687
	3426547688
	3426547689
	3426547690
	3426547691
	3426547692
	3426547693
	3426547694
	3426547695
	3426547696
	3426547697
	3426547698
	3426547699
	3426547700
	3426547701
	3426547702
	3426547703
	3426547704
	3426547705
	3426547706
	3426547707
	3426547708
	3426547709
	3426547710
	3426547711
	3426547712
	3426547713
	3426547714
	3426547715
	3426547716
	3426547717
	3426547718
	3426547719
	3426547720
	3426547721
	3426547722
	3426547723
	3426547724
	3426547725
	3426547726
	3426547727
	3426547728
	3426547729
	3426547730
	3426547731
	3426547732
	3426547733
	3426547734
	3426547735
	3426547736
	3426547737
	3426547738
	3426547739
	3426547740
	3426547741
	3426547742
	3426547743
	3426547744
	3426547745
	3426547746
	3426547747
	3426547748
	3426547749
	3426547750
	3426547751
	3426547752
	3426547753
	3426547754
	3426547755
	3426547756
	3426547757
	3426547758
	3426547759
	3426547760
	3426547761
	3426547762
	3426547763
	3426547764
	3426547765
	3426547766
	3426547767
	3426547768
	3426547769
	3426547770
	3426547771
	3426547772
	3426547773
	3426547774
	3426547775
	3426547776
	3426547777
	3426547778
	3426547779
	3426547780
	3426547781
	3426547782
	3426547783
	3426547784
	3426547785
	3426547786
	3426547787
	3426547788
	3426547789
	3426547790
	3426547791
	3426547792
	3426547793
	3426547794
	3426547795
	3426547796
	3426547797
	3426547798
	3426547799
	3426547800
	3426547801
	3426547802
	3426547803
	3426547804
	3426547805
	3426547806
	3426547807
	3426547808
	3426547809
	3426547810
	3426547811
	3426547812
	3426547813
	3426547814
	3426547815
	3426547816
	3426547817
	3426547818
	3426547819
	3426547820
	3426547821
	3426547822
	3426547823
	3426547824
	3426547825
	3426547826
	3426547827
	3426547828
	3426547829
	3426547830
	3426547831
	3426547832
	3426547833
	3426547834
	3426547835
	3426547836
	3426547837
	3426547838
	3426547839
	3426547840
	3426547841
	3426547842
	3426547843
	3426547844
	3426547845
	3426547846
	3426547847
	3426547848
	3426547849
	3426547850
	3426547851
	3426547852
	3426547853
	3426547854
	3426547855
	3426547856
	3426547857
	3426547858
	3426547859
	3426547860
	3426547861
	3426547862
	3426547863
	3426547864
	3426547865
	3426547866
	3426547867
	3426547868
	3426547869
	3426547870
	3426547871
	3426547872
	3426547873
	3426547874
	3426547875
	3426547876
	3426547877
	3426547878
	3426547879
	3426547880
	3426547881
	3426547882
	3426547883
	3426547884
	3426547885
	3426547886
	3426547887
	3426547888
	3426547889
	3426547890
	3426547891
	3426547892
	3426547893
	3426547894
	3426547895
	3426547896
	3426547897
	3426547898
	3426547899
	3426547900
	3426547901
	3426547902
	3426547903
	3426547904
	3426547905
	3426547906
	3426547907
	3426547908
	3426547909
	3426547910
	3426547911
	3426547912
	3426547913
	3426547914
	3426547915
	3426547916
	3426547917
	3426547918
	3426547919
	3426547920
	3426547921
	3426547922
	3426547923
	3426547924
	3426547925
	3426547926
	3426547927
	3426547928
	3426547929
	3426547930
	3426547931
	3426547932
	3426547933
	3426547934
	3426547935
	3426547936
	3426547937
	3426547938
	3426547939
	3426547940
	3426547941
	3426547942
	3426547943
	3426547944
	3426547945
	3426547946
	3426547947
	3426547948
	3426547949
	3426547950
	3426547951
	3426547952
	3426547953
	3426547954
	3426547955
	3426547956
	3426547957
	3426547958
	3426547959
	3426547960
	3426547961
	3426547962
	3426547963
	3426547964
	3426547965
	3426547966
	3426547967
	3426547968
	3426547969
	3426547970
	3426547971
	3426547972
	3426547973
	3426547974
	3426547975
	3426547976
	3426547977
	3426547978
	3426547979
	3426547980
	3426547981
	3426547982
	3426547983
	3426547984
	3426547985
	3426547986
	3426547987
	3426547988
	3426547989
	3426547990
	3426547991
	3426547992
	3426547993
	3426547994
	3426547995
	3426547996
	3426547997
	3426547998
	3426547999
	3426548000
	3426548001
	3426548002
	3426548003
	3426548004
	3426548005
	3426548006
	3426548007
	3426548008
	3426548009
	3426548010
	3426548011
	3426548012
	3426548013
	3426548014
	3426548015
	3426548016
	3426548017
	3426548018
	3426548019
	3426548020
	3426548021
	3426548022
	3426548023
	3426548024
	3426548025
	3426548026
	3426548027
	3426548028
	3426548029
	3426548030
	3426548031
	3426548032
	3426548033
	3426548034
	3426548035
	3426548036
	3426548037
	3426548038
	3426548039
	3426548040
	3426548041
	3426548042
	3426548043
	3426548044
	3426548045
	3426548046
	3426548047
	3426548048
	3426548049
	3426548050
	3426548051
	3426548052
	3426548053
	3426548054
	3426548055
	3426548056
	3426548057
	3426548058
	3426548059
	3426548060
	3426548061
	3426548062
	3426548063
	3426548064
	3426548065
	3426548066
	3426548067
	3426548068
	3426548069
	3426548070
	3426548071
	3426548072
	3426548073
	3426548074
	3426548075
	3426548076
	3426548077
	3426548078
	3426548079
	3426548080
	3426548081
	3426548082
	3426548083
	3426548084
	3426548085
	3426548086
	3426548087
	3426548088
	3426548089
	3426548090
	3426548091
	3426548092
	3426548093
	3426548094
	3426548095
	3426548096
	3426548097
	3426548098
	3426548099
	3426548100
	3426548101
	3426548102
	3426548103
	3426548104
	3426548105
	3426548106
	3426548107
	3426548108
	3426548109
	3426548110
	3426548111
	3426548112
	3426548113
	3426548114
	3426548115
	3426548116
	3426548117
	3426548118
	3426548119
	3426548120
	3426548121
	3426548122
	3426548123
	3426548124
	3426548125
	3426548126
	3426548127
	3426548128
	3426548129
	3426548130
	3426548131
	3426548132
	3426548133
	3426548134
	3426548135
	3426548136
	3426548137
	3426548138
	3426548139
	3426548140
	3426548141
	3426548142
	3426548143
	3426548144
	3426548145
	3426548146
	3426548147
	3426548148
	3426548149
	3426548150
	3426548151
	3426548152
	3426548153
	3426548154
	3426548155
	3426548156
	3426548157
	3426548158
	3426548159
	3426548160
	3426548161
	3426548162
	3426548163
	3426548164
	3426548165
	3426548166
	3426548167
	3426548168
	3426548169
	3426548170
	3426548171
	3426548172
	3426548173
	3426548174
	3426548175
	3426548176
	3426548177
	3426548178
	3426548179
	3426548180
	3426548181
	3426548182
	3426548183
	3426548184
	3426548185
	3426548186
	3426548187
	3426548188
	3426548189
	3426548190
	3426548191
	3426548192
	3426548193
	3426548194
	3426548195
	3426548196
	3426548197
	3426548198
	3426548199
	3426548200
	3426548201
	3426548202
	3426548203
	3426548204
	3426548205
	3426548206
	3426548207
	3426548208
	3426548209
	3426548210
	3426548211
	3426548212
	3426548213
	3426548214
	3426548215
	3426548216
	3426548217
	3426548218
	3426548219
	3426548220
	3426548221
	3426548222
	3426548223
	3426548224
	3426548225
	3426548226
	3426548227
	3426548228
	3426548229
	3426548230
	3426548231
	3426548232
	3426548233
	3426548234
	3426548235
	3426548236
	3426548237
	3426548238
	3426548239
	3426548240
	3426548241
	3426548242
	3426548243
	3426548244
	3426548245
	3426548246
	3426548247
	3426548248
	3426548249
	3426548250
	3426548251
	3426548252
	3426548253
	3426548254
	3426548255
	3426548256
	3426548257
	3426548258
	3426548259
	3426548260
	3426548261
	3426548262
	3426548263
	3426548264
	3426548265
	3426548266
	3426548267
	3426548268
	3426548269
	3426548270
	3426548271
	3426548272
	3426548273
	3426548274
	3426548275
	3426548276
	3426548277
	3426548278
	3426548279
	3426548280
	3426548281
	3426548282
	3426548283
	3426548284
	3426548285
	3426548286
	3426548287
	3426548288
	3426548289
	3426548290
	3426548291
	3426548292
	3426548293
	3426548294
	3426548295
	3426548296
	3426548297
	3426548298
	3426548299
	3426548300
	3426548301
	3426548302
	3426548303
	3426548304
	3426548305
	3426548306
	3426548307
	3426548308
	3426548309
	3426548310
	3426548311
	3426548312
	3426548313
	3426548314
	3426548315
	3426548316
	3426548317
	3426548318
	3426548319
	3426548320
	3426548321
	3426548322
	3426548323
	3426548324
	3426548325
	3426548326
	3426548327
	3426548328
	3426548329
	3426548330
	3426548331
	3426548332
	3426548333
	3426548334
	3426548335
	3426548336
	3426548337
	3426548338
	3426548339
	3426548340
	3426548341
	3426548342
	3426548343
	3426548344
	3426548345
	3426548346
	3426548347
	3426548348
	3426548349
	3426548350
	3426548351
	3426548352
	3426548353
	3426548354
	3426548355
	3426548356
	3426548357
	3426548358
	3426548359
	3426548360
	3426548361
	3426548362
	3426548363
	3426548364
	3426548365
	3426548366
	3426548367
	3426548368
	3426548369
	3426548370
	3426548371
	3426548372
	3426548373
	3426548374
	3426548375
	3426548376
	3426548377
	3426548378
	3426548379
	3426548380
	3426548381
	3426548382
	3426548383
	3426548384
	3426548385
	3426548386
	3426548387
	3426548388
	3426548389
	3426548390
	3426548391
	3426548392
	3426548393
	3426548394
	3426548395
	3426548396
	3426548397
	3426548398
	3426548399
	3426548400
	3426548401
	3426548402
	3426548403
	3426548404
	3426548405
	3426548406
	3426548407
	3426548408
	3426548409
	3426548410
	3426548411
	3426548412
	3426548413
	3426548414
	3426548415
	3426548416
	3426548417
	3426548418
	3426548419
	3426548420
	3426548421
	3426548422
	3426548423
	3426548424
	3426548425
	3426548426
	3426548427
	3426548428
	3426548429
	3426548430
	3426548431
	3426548432
	3426548433
	3426548434
	3426548435
	3426548436
	3426548437
	3426548438
	3426548439
	3426548440
	3426548441
	3426548442
	3426548443
	3426548444
	3426548445
	3426548446
	3426548447
	3426548448
	3426548449
	3426548450
	3426548451
	3426548452
	3426548453
	3426548454
	3426548455
	3426548456
	3426548457
	3426548458
	3426548459
	3426548460
	3426548461
	3426548462
	3426548463
	3426548464
	3426548465
	3426548466
	3426548467
	3426548468
	3426548469
	3426548470
	3426548471
	3426548472
	3426548473
	3426548474
	3426548475
	3426548476
	3426548477
	3426548478
	3426548479
	3426548480
	3426548481
	3426548482
	3426548483
	3426548484
	3426548485
	3426548486
	3426548487
	3426548488
	3426548489
	3426548490
	3426548491
	3426548492
	3426548493
	3426548494
	3426548495
	3426548496
	3426548497
	3426548498
	3426548499
	3426548500
	3426548501
	3426548502
	3426548503
	3426548504
	3426548505
	3426548506
	3426548507
	3426548508
	3426548509
	3426548510
	3426548511
	3426548512
	3426548513
	3426548514
	3426548515
	3426548516
	3426548517
	3426548518
	3426548519
	3426548520
	3426548521
	3426548522
	3426548523
	3426548524
	3426548525
	3426548526
	3426548527
	3426548528
	3426548529
	3426548530
	3426548531
	3426548532
	3426548533
	3426548534
	3426548535
	3426548536
	3426548537
	3426548538
	3426548539
	3426548540
	3426548541
	3426548542
	3426548543
	3426548544
	3426548545
	3426548546
	3426548547
	3426548548
	3426548549
	3426548550
	3426548551
	3426548552
	3426548553
	3426548554
	3426548555
	3426548556
	3426548557
	3426548558
	3426548559
	3426548560
	3426548561
	3426548562
	3426548563
	3426548564
	3426548565
	3426548566
	3426548567
	3426548568
	3426548569
	3426548570
	3426548571
	3426548572
	3426548573
	3426548574
	3426548575
	3426548576
	3426548577
	3426548578
	3426548579
	3426548580
	3426548581
	3426548582
	3426548583
	3426548584
	3426548585
	3426548586
	3426548587
	3426548588
	3426548589
	3426548590
	3426548591
	3426548592
	3426548593
	3426548594
	3426548595
	3426548596
	3426548597
	3426548598
	3426548599
	3426548600
	3426548601
	3426548602
	3426548603
	3426548604
	3426548605
	3426548606
	3426548607
	3426548608
	3426548609
	3426548610
	3426548611
	3426548612
	3426548613
	3426548614
	3426548615
	3426548616
	3426548617
	3426548618
	3426548619
	3426548620
	3426548621
	3426548622
	3426548623
	3426548624
	3426548625
	3426548626
	3426548627
	3426548628
	3426548629
	3426548630
	3426548631
	3426548632
	3426548633
	3426548634
	3426548635
	3426548636
	3426548637
	3426548638
	3426548639
	3426548640
	3426548641
	3426548642
	3426548643
	3426548644
	3426548645
	3426548646
	3426548647
	3426548648
	3426548649
	3426548650
	3426548651
	3426548652
	3426548653
	3426548654
	3426548655
	3426548656
	3426548657
	3426548658
	3426548659
	3426548660
	3426548661
	3426548662
	3426548663
	3426548664
	3426548665
	3426548666
	3426548667
	3426548668
	3426548669
	3426548670
	3426548671
	3426548672
	3426548673
	3426548674
	3426548675
	3426548676
	3426548677
	3426548678
	3426548679
	3426548680
	3426548681
	3426548682
	3426548683
	3426548684
	3426548685
	3426548686
	3426548687
	3426548688
	3426548689
	3426548690
	3426548691
	3426548692
	3426548693
	3426548694
	3426548695
	3426548696
	3426548697
	3426548698
	3426548699
	3426548700
	3426548701
	3426548702
	3426548703
	3426548704
	3426548705
	3426548706
	3426548707
	3426548708
	3426548709
	3426548710
	3426548711
	3426548712
	3426548713
	3426548714
	3426548715
	3426548716
	3426548717
	3426548718
	3426548719
	3426548720
	3426548721
	3426548722
	3426548723
	3426548724
	3426548725
	3426548726
	3426548727
	3426548728
	3426548729
	3426548730
	3426548731
	3426548732
	3426548733
	3426548734
	3426548735
	3426548736
	3426548737
	3426548738
	3426548739
	3426548740
	3426548741
	3426548742
	3426548743
	3426548744
	3426548745
	3426548746
	3426548747
	3426548748
	3426548749
	3426548750
	3426548751
	3426548752
	3426548753
	3426548754
	3426548755
	3426548756
	3426548757
	3426548758
	3426548759
	3426548760
	3426548761
	3426548762
	3426548763
	3426548764
	3426548765
	3426548766
	3426548767
	3426548768
	3426548769
	3426548770
	3426548771
	3426548772
	3426548773
	3426548774
	3426548775
	3426548776
	3426548777
	3426548778
	3426548779
	3426548780
	3426548781
	3426548782
	3426548783
	3426548784
	3426548785
	3426548786
	3426548787
	3426548788
	3426548789
	3426548790
	3426548791
	3426548792
	3426548793
	3426548794
	3426548795
	3426548796
	3426548797
	3426548798
	3426548799
	3426548800
	3426548801
	3426548802
	3426548803
	3426548804
	3426548805
	3426548806
	3426548807
	3426548808
	3426548809
	3426548810
	3426548811
	3426548812
	3426548813
	3426548814
	3426548815
	3426548816
	3426548817
	3426548818
	3426548819
	3426548820
	3426548821
	3426548822
	3426548823
	3426548824
	3426548825
	3426548826
	3426548827
	3426548828
	3426548829
	3426548830
	3426548831
	3426548832
	3426548833
	3426548834
	3426548835
	3426548836
	3426548837
	3426548838
	3426548839
	3426548840
	3426548841
	3426548842
	3426548843
	3426548844
	3426548845
	3426548846
	3426548847
	3426548848
	3426548849
	3426548850
	3426548851
	3426548852
	3426548853
	3426548854
	3426548855
	3426548856
	3426548857
	3426548858
	3426548859
	3426548860
	3426548861
	3426548862
	3426548863
	3426548864
	3426548865
	3426548866
	3426548867
	3426548868
	3426548869
	3426548870
	3426548871
	3426548872
	3426548873
	3426548874
	3426548875
	3426548876
	3426548877
	3426548878
	3426548879
	3426548880
	3426548881
	3426548882
	3426548883
	3426548884
	3426548885
	3426548886
	3426548887
	3426548888
	3426548889
	3426548890
	3426548891
	3426548892
	3426548893
	3426548894
	3426548895
	3426548896
	3426548897
	3426548898
	3426548899
	3426548900
	3426548901
	3426548902
	3426548903
	3426548904
	3426548905
	3426548906
	3426548907
	3426548908
	3426548909
	3426548910
	3426548911
	3426548912
	3426548913
	3426548914
	3426548915
	3426548916
	3426548917
	3426548918
	3426548919
	3426548920
	3426548921
	3426548922
	3426548923
	3426548924
	3426548925
	3426548926
	3426548927
	3426548928
	3426548929
	3426548930
	3426548931
	3426548932
	3426548933
	3426548934
	3426548935
	3426548936
	3426548937
	3426548938
	3426548939
	3426548940
	3426548941
	3426548942
	3426548943
	3426548944
	3426548945
	3426548946
	3426548947
	3426548948
	3426548949
	3426548950
	3426548951
	3426548952
	3426548953
	3426548954
	3426548955
	3426548956
	3426548957
	3426548958
	3426548959
	3426548960
	3426548961
	3426548962
	3426548963
	3426548964
	3426548965
	3426548966
	3426548967
	3426548968
	3426548969
	3426548970
	3426548971
	3426548972
	3426548973
	3426548974
	3426548975
	3426548976
	3426548977
	3426548978
	3426548979
	3426548980
	3426548981
	3426548982
	3426548983
	3426548984
	3426548985
	3426548986
	3426548987
	3426548988
	3426548989
	3426548990
	3426548991
	3426548992
	3426548993
	3426548994
	3426548995
	3426548996
	3426548997
	3426548998
	3426548999
	3426549000
	3426549001
	3426549002
	3426549003
	3426549004
	3426549005
	3426549006
	3426549007
	3426549008
	3426549009
	3426549010
	3426549011
	3426549012
	3426549013
	3426549014
	3426549015
	3426549016
	3426549017
	3426549018
	3426549019
	3426549020
	3426549021
	3426549022
	3426549023
	3426549024
	3426549025
	3426549026
	3426549027
	3426549028
	3426549029
	3426549030
	3426549031
	3426549032
	3426549033
	3426549034
	3426549035
	3426549036
	3426549037
	3426549038
	3426549039
	3426549040
	3426549041
	3426549042
	3426549043
	3426549044
	3426549045
	3426549046
	3426549047
	3426549048
	3426549049
	3426549050
	3426549051
	3426549052
	3426549053
	3426549054
	3426549055
	3426549056
	3426549057
	3426549058
	3426549059
	3426549060
	3426549061
	3426549062
	3426549063
	3426549064
	3426549065
	3426549066
	3426549067
	3426549068
	3426549069
	3426549070
	3426549071
	3426549072
	3426549073
	3426549074
	3426549075
	3426549076
	3426549077
	3426549078
	3426549079
	3426549080
	3426549081
	3426549082
	3426549083
	3426549084
	3426549085
	3426549086
	3426549087
	3426549088
	3426549089
	3426549090
	3426549091
	3426549092
	3426549093
	3426549094
	3426549095
	3426549096
	3426549097
	3426549098
	3426549099
	3426549100
	3426549101
	3426549102
	3426549103
	3426549104
	3426549105
	3426549106
	3426549107
	3426549108
	3426549109
	3426549110
	3426549111
	3426549112
	3426549113
	3426549114
	3426549115
	3426549116
	3426549117
	3426549118
	3426549119
	3426549120
	3426549121
	3426549122
	3426549123
	3426549124
	3426549125
	3426549126
	3426549127
	3426549128
	3426549129
	3426549130
	3426549131
	3426549132
	3426549133
	3426549134
	3426549135
	3426549136
	3426549137
	3426549138
	3426549139
	3426549140
	3426549141
	3426549142
	3426549143
	3426549144
	3426549145
	3426549146
	3426549147
	3426549148
	3426549149
	3426549150
	3426549151
	3426549152
	3426549153
	3426549154
	3426549155
	3426549156
	3426549157
	3426549158
	3426549159
	3426549160
	3426549161
	3426549162
	3426549163
	3426549164
	3426549165
	3426549166
	3426549167
	3426549168
	3426549169
	3426549170
	3426549171
	3426549172
	3426549173
	3426549174
	3426549175
	3426549176
	3426549177
	3426549178
	3426549179
	3426549180
	3426549181
	3426549182
	3426549183
	3426549184
	3426549185
	3426549186
	3426549187
	3426549188
	3426549189
	3426549190
	3426549191
	3426549192
	3426549193
	3426549194
	3426549195
	3426549196
	3426549197
	3426549198
	3426549199
	3426549200
	3426549201
	3426549202
	3426549203
	3426549204
	3426549205
	3426549206
	3426549207
	3426549208
	3426549209
	3426549210
	3426549211
	3426549212
	3426549213
	3426549214
	3426549215
	3426549216
	3426549217
	3426549218
	3426549219
	3426549220
	3426549221
	3426549222
	3426549223
	3426549224
	3426549225
	3426549226
	3426549227
	3426549228
	3426549229
	3426549230
	3426549231
	3426549232
	3426549233
	3426549234
	3426549235
	3426549236
	3426549237
	3426549238
	3426549239
	3426549240
	3426549241
	3426549242
	3426549243
	3426549244
	3426549245
	3426549246
	3426549247
	3426549248
	3426549249
	3426549250
	3426549251
	3426549252
	3426549253
	3426549254
	3426549255
	3426549256
	3426549257
	3426549258
	3426549259
	3426549260
	3426549261
	3426549262
	3426549263
	3426549264
	3426549265
	3426549266
	3426549267
	3426549268
	3426549269
	3426549270
	3426549271
	3426549272
	3426549273
	3426549274
	3426549275
	3426549276
	3426549277
	3426549278
	3426549279
	3426549280
	3426549281
	3426549282
	3426549283
	3426549284
	3426549285
	3426549286
	3426549287
	3426549288
	3426549289
	3426549290
	3426549291
	3426549292
	3426549293
	3426549294
	3426549295
	3426549296
	3426549297
	3426549298
	3426549299
	3426549300
	3426549301
	3426549302
	3426549303
	3426549304
	3426549305
	3426549306
	3426549307
	3426549308
	3426549309
	3426549310
	3426549311
	3426549312
	3426549313
	3426549314
	3426549315
	3426549316
	3426549317
	3426549318
	3426549319
	3426549320
	3426549321
	3426549322
	3426549323
	3426549324
	3426549325
	3426549326
	3426549327
	3426549328
	3426549329
	3426549330
	3426549331
	3426549332
	3426549333
	3426549334
	3426549335
	3426549336
	3426549337
	3426549338
	3426549339
	3426549340
	3426549341
	3426549342
	3426549343
	3426549344
	3426549345
	3426549346
	3426549347
	3426549348
	3426549349
	3426549350
	3426549351
	3426549352
	3426549353
	3426549354
	3426549355
	3426549356
	3426549357
	3426549358
	3426549359
	3426549360
	3426549361
	3426549362
	3426549363
	3426549364
	3426549365
	3426549366
	3426549367
	3426549368
	3426549369
	3426549370
	3426549371
	3426549372
	3426549373
	3426549374
	3426549375
	3426549376
	3426549377
	3426549378
	3426549379
	3426549380
	3426549381
	3426549382
	3426549383
	3426549384
	3426549385
	3426549386
	3426549387
	3426549388
	3426549389
	3426549390
	3426549391
	3426549392
	3426549393
	3426549394
	3426549395
	3426549396
	3426549397
	3426549398
	3426549399
	3426549400
	3426549401
	3426549402
	3426549403
	3426549404
	3426549405
	3426549406
	3426549407
	3426549408
	3426549409
	3426549410
	3426549411
	3426549412
	3426549413
	3426549414
	3426549415
	3426549416
	3426549417
	3426549418
	3426549419
	3426549420
	3426549421
	3426549422
	3426549423
	3426549424
	3426549425
	3426549426
	3426549427
	3426549428
	3426549429
	3426549430
	3426549431
	3426549432
	3426549433
	3426549434
	3426549435
	3426549436
	3426549437
	3426549438
	3426549439
	3426549440
	3426549441
	3426549442
	3426549443
	3426549444
	3426549445
	3426549446
	3426549447
	3426549448
	3426549449
	3426549450
	3426549451
	3426549452
	3426549453
	3426549454
	3426549455
	3426549456
	3426549457
	3426549458
	3426549459
	3426549460
	3426549461
	3426549462
	3426549463
	3426549464
	3426549465
	3426549466
	3426549467
	3426549468
	3426549469
	3426549470
	3426549471
	3426549472
	3426549473
	3426549474
	3426549475
	3426549476
	3426549477
	3426549478
	3426549479
	3426549480
	3426549481
	3426549482
	3426549483
	3426549484
	3426549485
	3426549486
	3426549487
	3426549488
	3426549489
	3426549490
	3426549491
	3426549492
	3426549493
	3426549494
	3426549495
	3426549496
	3426549497
	3426549498
	3426549499
	3426549500
	3426549501
	3426549502
	3426549503
	3426549504
	3426549505
	3426549506
	3426549507
	3426549508
	3426549509
	3426549510
	3426549511
	3426549512
	3426549513
	3426549514
	3426549515
	3426549516
	3426549517
	3426549518
	3426549519
	3426549520
	3426549521
	3426549522
	3426549523
	3426549524
	3426549525
	3426549526
	3426549527
	3426549528
	3426549529
	3426549530
	3426549531
	3426549532
	3426549533
	3426549534
	3426549535
	3426549536
	3426549537
	3426549538
	3426549539
	3426549540
	3426549541
	3426549542
	3426549543
	3426549544
	3426549545
	3426549546
	3426549547
	3426549548
	3426549549
	3426549550
	3426549551
	3426549552
	3426549553
	3426549554
	3426549555
	3426549556
	3426549557
	3426549558
	3426549559
	3426549560
	3426549561
	3426549562
	3426549563
	3426549564
	3426549565
	3426549566
	3426549567
	3426549568
	3426549569
	3426549570
	3426549571
	3426549572
	3426549573
	3426549574
	3426549575
	3426549576
	3426549577
	3426549578
	3426549579
	3426549580
	3426549581
	3426549582
	3426549583
	3426549584
	3426549585
	3426549586
	3426549587
	3426549588
	3426549589
	3426549590
	3426549591
	3426549592
	3426549593
	3426549594
	3426549595
	3426549596
	3426549597
	3426549598
	3426549599
	3426549600
	3426549601
	3426549602
	3426549603
	3426549604
	3426549605
	3426549606
	3426549607
	3426549608
	3426549609
	3426549610
	3426549611
	3426549612
	3426549613
	3426549614
	3426549615
	3426549616
	3426549617
	3426549618
	3426549619
	3426549620
	3426549621
	3426549622
	3426549623
	3426549624
	3426549625
	3426549626
	3426549627
	3426549628
	3426549629
	3426549630
	3426549631
	3426549632
	3426549633
	3426549634
	3426549635
	3426549636
	3426549637
	3426549638
	3426549639
	3426549640
	3426549641
	3426549642
	3426549643
	3426549644
	3426549645
	3426549646
	3426549647
	3426549648
	3426549649
	3426549650
	3426549651
	3426549652
	3426549653
	3426549654
	3426549655
	3426549656
	3426549657
	3426549658
	3426549659
	3426549660
	3426549661
	3426549662
	3426549663
	3426549664
	3426549665
	3426549666
	3426549667
	3426549668
	3426549669
	3426549670
	3426549671
	3426549672
	3426549673
	3426549674
	3426549675
	3426549676
	3426549677
	3426549678
	3426549679
	3426549680
	3426549681
	3426549682
	3426549683
	3426549684
	3426549685
	3426549686
	3426549687
	3426549688
	3426549689
	3426549690
	3426549691
	3426549692
	3426549693
	3426549694
	3426549695
	3426549696
	3426549697
	3426549698
	3426549699
	3426549700
	3426549701
	3426549702
	3426549703
	3426549704
	3426549705
	3426549706
	3426549707
	3426549708
	3426549709
	3426549710
	3426549711
	3426549712
	3426549713
	3426549714
	3426549715
	3426549716
	3426549717
	3426549718
	3426549719
	3426549720
	3426549721
	3426549722
	3426549723
	3426549724
	3426549725
	3426549726
	3426549727
	3426549728
	3426549729
	3426549730
	3426549731
	3426549732
	3426549733
	3426549734
	3426549735
	3426549736
	3426549737
	3426549738
	3426549739
	3426549740
	3426549741
	3426549742
	3426549743
	3426549744
	3426549745
	3426549746
	3426549747
	3426549748
	3426549749
	3426549750
	3426549751
	3426549752
	3426549753
	3426549754
	3426549755
	3426549756
	3426549757
	3426549758
	3426549759
	3426549760
	3426549761
	3426549762
	3426549763
	3426549764
	3426549765
	3426549766
	3426549767
	3426549768
	3426549769
	3426549770
	3426549771
	3426549772
	3426549773
	3426549774
	3426549775
	3426549776
	3426549777
	3426549778
	3426549779
	3426549780
	3426549781
	3426549782
	3426549783
	3426549784
	3426549785
	3426549786
	3426549787
	3426549788
	3426549789
	3426549790
	3426549791
	3426549792
	3426549793
	3426549794
	3426549795
	3426549796
	3426549797
	3426549798
	3426549799
	3426549800
	3426549801
	3426549802
	3426549803
	3426549804
	3426549805
	3426549806
	3426549807
	3426549808
	3426549809
	3426549810
	3426549811
	3426549812
	3426549813
	3426549814
	3426549815
	3426549816
	3426549817
	3426549818
	3426549819
	3426549820
	3426549821
	3426549822
	3426549823
	3426549824
	3426549825
	3426549826
	3426549827
	3426549828
	3426549829
	3426549830
	3426549831
	3426549832
	3426549833
	3426549834
	3426549835
	3426549836
	3426549837
	3426549838
	3426549839
	3426549840
	3426549841
	3426549842
	3426549843
	3426549844
	3426549845
	3426549846
	3426549847
	3426549848
	3426549849
	3426549850
	3426549851
	3426549852
	3426549853
	3426549854
	3426549855
	3426549856
	3426549857
	3426549858
	3426549859
	3426549860
	3426549861
	3426549862
	3426549863
	3426549864
	3426549865
	3426549866
	3426549867
	3426549868
	3426549869
	3426549870
	3426549871
	3426549872
	3426549873
	3426549874
	3426549875
	3426549876
	3426549877
	3426549878
	3426549879
	3426549880
	3426549881
	3426549882
	3426549883
	3426549884
	3426549885
	3426549886
	3426549887
	3426549888
	3426549889
	3426549890
	3426549891
	3426549892
	3426549893
	3426549894
	3426549895
	3426549896
	3426549897
	3426549898
	3426549899
	3426549900
	3426549901
	3426549902
	3426549903
	3426549904
	3426549905
	3426549906
	3426549907
	3426549908
	3426549909
	3426549910
	3426549911
	3426549912
	3426549913
	3426549914
	3426549915
	3426549916
	3426549917
	3426549918
	3426549919
	3426549920
	3426549921
	3426549922
	3426549923
	3426549924
	3426549925
	3426549926
	3426549927
	3426549928
	3426549929
	3426549930
	3426549931
	3426549932
	3426549933
	3426549934
	3426549935
	3426549936
	3426549937
	3426549938
	3426549939
	3426549940
	3426549941
	3426549942
	3426549943
	3426549944
	3426549945
	3426549946
	3426549947
	3426549948
	3426549949
	3426549950
	3426549951
	3426549952
	3426549953
	3426549954
	3426549955
	3426549956
	3426549957
	3426549958
	3426549959
	3426549960
	3426549961
	3426549962
	3426549963
	3426549964
	3426549965
	3426549966
	3426549967
	3426549968
	3426549969
	3426549970
	3426549971
	3426549972
	3426549973
	3426549974
	3426549975
	3426549976
	3426549977
	3426549978
	3426549979
	3426549980
	3426549981
	3426549982
	3426549983
	3426549984
	3426549985
	3426549986
	3426549987
	3426549988
	3426549989
	3426549990
	3426549991
	3426549992
	3426549993
	3426549994
	3426549995
	3426549996
	3426549997
	3426549998
	3426549999
	3426550000
	3426550001
	3426550002
	3426550003
	3426550004
	3426550005
	3426550006
	3426550007
	3426550008
	3426550009
	3426550010
	3426550011
	3426550012
	3426550013
	3426550014
	3426550015
	3426550016
	3426550017
	3426550018
	3426550019
	3426550020
	3426550021
	3426550022
	3426550023
	3426550024
	3426550025
	3426550026
	3426550027
	3426550028
	3426550029
	3426550030
	3426550031
	3426550032
	3426550033
	3426550034
	3426550035
	3426550036
	3426550037
	3426550038
	3426550039
	3426550040
	3426550041
	3426550042
	3426550043
	3426550044
	3426550045
	3426550046
	3426550047
	3426550048
	3426550049
	3426550050
	3426550051
	3426550052
	3426550053
	3426550054
	3426550055
	3426550056
	3426550057
	3426550058
	3426550059
	3426550060
	3426550061
	3426550062
	3426550063
	3426550064
	3426550065
	3426550066
	3426550067
	3426550068
	3426550069
	3426550070
	3426550071
	3426550072
	3426550073
	3426550074
	3426550075
	3426550076
	3426550077
	3426550078
	3426550079
	3426550080
	3426550081
	3426550082
	3426550083
	3426550084
	3426550085
	3426550086
	3426550087
	3426550088
	3426550089
	3426550090
	3426550091
	3426550092
	3426550093
	3426550094
	3426550095
	3426550096
	3426550097
	3426550098
	3426550099
	3426550100
	3426550101
	3426550102
	3426550103
	3426550104
	3426550105
	3426550106
	3426550107
	3426550108
	3426550109
	3426550110
	3426550111
	3426550112
	3426550113
	3426550114
	3426550115
	3426550116
	3426550117
	3426550118
	3426550119
	3426550120
	3426550121
	3426550122
	3426550123
	3426550124
	3426550125
	3426550126
	3426550127
	3426550128
	3426550129
	3426550130
	3426550131
	3426550132
	3426550133
	3426550134
	3426550135
	3426550136
	3426550137
	3426550138
	3426550139
	3426550140
	3426550141
	3426550142
	3426550143
	3426550144
	3426550145
	3426550146
	3426550147
	3426550148
	3426550149
	3426550150
	3426550151
	3426550152
	3426550153
	3426550154
	3426550155
	3426550156
	3426550157
	3426550158
	3426550159
	3426550160
	3426550161
	3426550162
	3426550163
	3426550164
	3426550165
	3426550166
	3426550167
	3426550168
	3426550169
	3426550170
	3426550171
	3426550172
	3426550173
	3426550174
	3426550175
	3426550176
	3426550177
	3426550178
	3426550179
	3426550180
	3426550181
	3426550182
	3426550183
	3426550184
	3426550185
	3426550186
	3426550187
	3426550188
	3426550189
	3426550190
	3426550191
	3426550192
	3426550193
	3426550194
	3426550195
	3426550196
	3426550197
	3426550198
	3426550199
	3426550200
	3426550201
	3426550202
	3426550203
	3426550204
	3426550205
	3426550206
	3426550207
	3426550208
	3426550209
	3426550210
	3426550211
	3426550212
	3426550213
	3426550214
	3426550215
	3426550216
	3426550217
	3426550218
	3426550219
	3426550220
	3426550221
	3426550222
	3426550223
	3426550224
	3426550225
	3426550226
	3426550227
	3426550228
	3426550229
	3426550230
	3426550231
	3426550232
	3426550233
	3426550234
	3426550235
	3426550236
	3426550237
	3426550238
	3426550239
	3426550240
	3426550241
	3426550242
	3426550243
	3426550244
	3426550245
	3426550246
	3426550247
	3426550248
	3426550249
	3426550250
	3426550251
	3426550252
	3426550253
	3426550254
	3426550255
	3426550256
	3426550257
	3426550258
	3426550259
	3426550260
