	3426739179
	3426739180
	3426739181
	3426739182
	3426739183
	3426739184
	3426739185
	3426739186
	3426739187
	3426739188
	3426739189
	3426739190
	3426739191
	3426739192
	3426739193
	3426739194
	3426739195
	3426739196
	3426739197
	3426739198
	3426739199
	3426739200
	3426739201
	3426739202
	3426739203
	3426739204
	3426739205
	3426739206
	3426739207
	3426739208
	3426739209
	3426739210
	3426739211
	3426739212
	3426739213
	3426739214
	3426739215
	3426739216
	3426739217
	3426739218
	3426739219
	3426739220
	3426739221
	3426739222
	3426739223
	3426739224
	3426739225
	3426739226
	3426739227
	3426739228
	3426739229
	3426739230
	3426739231
	3426739232
	3426739233
	3426739234
	3426739235
	3426739236
	3426739237
	3426739238
	3426739239
	3426739240
	3426739241
	3426739242
	3426739243
	3426739244
	3426739245
	3426739246
	3426739247
	3426739248
	3426739249
	3426739250
	3426739251
	3426739252
	3426739253
	3426739254
	3426739255
	3426739256
	3426739257
	3426739258
	3426739259
	3426739260
	3426739261
	3426739262
	3426739263
	3426739264
	3426739265
	3426739266
	3426739267
	3426739268
	3426739269
	3426739270
	3426739271
	3426739272
	3426739273
	3426739274
	3426739275
	3426739276
	3426739277
	3426739278
	3426739279
	3426739280
	3426739281
	3426739282
	3426739283
	3426739284
	3426739285
	3426739286
	3426739287
	3426739288
	3426739289
	3426739290
	3426739291
	3426739292
	3426739293
	3426739294
	3426739295
	3426739296
	3426739297
	3426739298
	3426739299
	3426739300
	3426739301
	3426739302
	3426739303
	3426739304
	3426739305
	3426739306
	3426739307
	3426739308
	3426739309
	3426739310
	3426739311
	3426739312
	3426739313
	3426739314
	3426739315
	3426739316
	3426739317
	3426739318
	3426739319
	3426739320
	3426739321
	3426739322
	3426739323
	3426739324
	3426739325
	3426739326
	3426739327
	3426739328
	3426739329
	3426739330
	3426739331
	3426739332
	3426739333
	3426739334
	3426739335
	3426739336
	3426739337
	3426739338
	3426739339
	3426739340
	3426739341
	3426739342
	3426739343
	3426739344
	3426739345
	3426739346
	3426739347
	3426739348
	3426739349
	3426739350
	3426739351
	3426739352
	3426739353
	3426739354
	3426739355
	3426739356
	3426739357
	3426739358
	3426739359
	3426739360
	3426739361
	3426739362
	3426739363
	3426739364
	3426739365
	3426739366
	3426739367
	3426739368
	3426739369
	3426739370
	3426739371
	3426739372
	3426739373
	3426739374
	3426739375
	3426739376
	3426739377
	3426739378
	3426739379
	3426739380
	3426739381
	3426739382
	3426739383
	3426739384
	3426739385
	3426739386
	3426739387
	3426739388
	3426739389
	3426739390
	3426739391
	3426739392
	3426739393
	3426739394
	3426739395
	3426739396
	3426739397
	3426739398
	3426739399
	3426739400
	3426739401
	3426739402
	3426739403
	3426739404
	3426739405
	3426739406
	3426739407
	3426739408
	3426739409
	3426739410
	3426739411
	3426739412
	3426739413
	3426739414
	3426739415
	3426739416
	3426739417
	3426739418
	3426739419
	3426739420
	3426739421
	3426739422
	3426739423
	3426739424
	3426739425
	3426739426
	3426739427
	3426739428
	3426739429
	3426739430
	3426739431
	3426739432
	3426739433
	3426739434
	3426739435
	3426739436
	3426739437
	3426739438
	3426739439
	3426739440
	3426739441
	3426739442
	3426739443
	3426739444
	3426739445
	3426739446
	3426739447
	3426739448
	3426739449
	3426739450
	3426739451
	3426739452
	3426739453
	3426739454
	3426739455
	3426739456
	3426739457
	3426739458
	3426739459
	3426739460
	3426739461
	3426739462
	3426739463
	3426739464
	3426739465
	3426739466
	3426739467
	3426739468
	3426739469
	3426739470
	3426739471
	3426739472
	3426739473
	3426739474
	3426739475
	3426739476
	3426739477
	3426739478
	3426739479
	3426739480
	3426739481
	3426739482
	3426739483
	3426739484
	3426739485
	3426739486
	3426739487
	3426739488
	3426739489
	3426739490
	3426739491
	3426739492
	3426739493
	3426739494
	3426739495
	3426739496
	3426739497
	3426739498
	3426739499
	3426739500
	3426739501
	3426739502
	3426739503
	3426739504
	3426739505
	3426739506
	3426739507
	3426739508
	3426739509
	3426739510
	3426739511
	3426739512
	3426739513
	3426739514
	3426739515
	3426739516
	3426739517
	3426739518
	3426739519
	3426739520
	3426739521
	3426739522
	3426739523
	3426739524
	3426739525
	3426739526
	3426739527
	3426739528
	3426739529
	3426739530
	3426739531
	3426739532
	3426739533
	3426739534
	3426739535
	3426739536
	3426739537
	3426739538
	3426739539
	3426739540
	3426739541
	3426739542
	3426739543
	3426739544
	3426739545
	3426739546
	3426739547
	3426739548
	3426739549
	3426739550
	3426739551
	3426739552
	3426739553
	3426739554
	3426739555
	3426739556
	3426739557
	3426739558
	3426739559
	3426739560
	3426739561
	3426739562
	3426739563
	3426739564
	3426739565
	3426739566
	3426739567
	3426739568
	3426739569
	3426739570
	3426739571
	3426739572
	3426739573
	3426739574
	3426739575
	3426739576
	3426739577
	3426739578
	3426739579
	3426739580
	3426739581
	3426739582
	3426739583
	3426739584
	3426739585
	3426739586
	3426739587
	3426739588
	3426739589
	3426739590
	3426739591
	3426739592
	3426739593
	3426739594
	3426739595
	3426739596
	3426739597
	3426739598
	3426739599
	3426739600
	3426739601
	3426739602
	3426739603
	3426739604
	3426739605
	3426739606
	3426739607
	3426739608
	3426739609
	3426739610
	3426739611
	3426739612
	3426739613
	3426739614
	3426739615
	3426739616
	3426739617
	3426739618
	3426739619
	3426739620
	3426739621
	3426739622
	3426739623
	3426739624
	3426739625
	3426739626
	3426739627
	3426739628
	3426739629
	3426739630
	3426739631
	3426739632
	3426739633
	3426739634
	3426739635
	3426739636
	3426739637
	3426739638
	3426739639
	3426739640
	3426739641
	3426739642
	3426739643
	3426739644
	3426739645
	3426739646
	3426739647
	3426739648
	3426739649
	3426739650
	3426739651
	3426739652
	3426739653
	3426739654
	3426739655
	3426739656
	3426739657
	3426739658
	3426739659
	3426739660
	3426739661
	3426739662
	3426739663
	3426739664
	3426739665
	3426739666
	3426739667
	3426739668
	3426739669
	3426739670
	3426739671
	3426739672
	3426739673
	3426739674
	3426739675
	3426739676
	3426739677
	3426739678
	3426739679
	3426739680
	3426739681
	3426739682
	3426739683
	3426739684
	3426739685
	3426739686
	3426739687
	3426739688
	3426739689
	3426739690
	3426739691
	3426739692
	3426739693
	3426739694
	3426739695
	3426739696
	3426739697
	3426739698
	3426739699
	3426739700
	3426739701
	3426739702
	3426739703
	3426739704
	3426739705
	3426739706
	3426739707
	3426739708
	3426739709
	3426739710
	3426739711
	3426739712
	3426739713
	3426739714
	3426739715
	3426739716
	3426739717
	3426739718
	3426739719
	3426739720
	3426739721
	3426739722
	3426739723
	3426739724
	3426739725
	3426739726
	3426739727
	3426739728
	3426739729
	3426739730
	3426739731
	3426739732
	3426739733
	3426739734
	3426739735
	3426739736
	3426739737
	3426739738
	3426739739
	3426739740
	3426739741
	3426739742
	3426739743
	3426739744
	3426739745
	3426739746
	3426739747
	3426739748
	3426739749
	3426739750
	3426739751
	3426739752
	3426739753
	3426739754
	3426739755
	3426739756
	3426739757
	3426739758
	3426739759
	3426739760
	3426739761
	3426739762
	3426739763
	3426739764
	3426739765
	3426739766
	3426739767
	3426739768
	3426739769
	3426739770
	3426739771
	3426739772
	3426739773
	3426739774
	3426739775
	3426739776
	3426739777
	3426739778
	3426739779
	3426739780
	3426739781
	3426739782
	3426739783
	3426739784
	3426739785
	3426739786
	3426739787
	3426739788
	3426739789
	3426739790
	3426739791
	3426739792
	3426739793
	3426739794
	3426739795
	3426739796
	3426739797
	3426739798
	3426739799
	3426739800
	3426739801
	3426739802
	3426739803
	3426739804
	3426739805
	3426739806
	3426739807
	3426739808
	3426739809
	3426739810
	3426739811
	3426739812
	3426739813
	3426739814
	3426739815
	3426739816
	3426739817
	3426739818
	3426739819
	3426739820
	3426739821
	3426739822
	3426739823
	3426739824
	3426739825
	3426739826
	3426739827
	3426739828
	3426739829
	3426739830
	3426739831
	3426739832
	3426739833
	3426739834
	3426739835
	3426739836
	3426739837
	3426739838
	3426739839
	3426739840
	3426739841
	3426739842
	3426739843
	3426739844
	3426739845
	3426739846
	3426739847
	3426739848
	3426739849
	3426739850
	3426739851
	3426739852
	3426739853
	3426739854
	3426739855
	3426739856
	3426739857
	3426739858
	3426739859
	3426739860
	3426739861
	3426739862
	3426739863
	3426739864
	3426739865
	3426739866
	3426739867
	3426739868
	3426739869
	3426739870
	3426739871
	3426739872
	3426739873
	3426739874
	3426739875
	3426739876
	3426739877
	3426739878
	3426739879
	3426739880
	3426739881
	3426739882
	3426739883
	3426739884
	3426739885
	3426739886
	3426739887
	3426739888
	3426739889
	3426739890
	3426739891
	3426739892
	3426739893
	3426739894
	3426739895
	3426739896
	3426739897
	3426739898
	3426739899
	3426739900
	3426739901
	3426739902
	3426739903
	3426739904
	3426739905
	3426739906
	3426739907
	3426739908
	3426739909
	3426739910
	3426739911
	3426739912
	3426739913
	3426739914
	3426739915
	3426739916
	3426739917
	3426739918
	3426739919
	3426739920
	3426739921
	3426739922
	3426739923
	3426739924
	3426739925
	3426739926
	3426739927
	3426739928
	3426739929
	3426739930
	3426739931
	3426739932
	3426739933
	3426739934
	3426739935
	3426739936
	3426739937
	3426739938
	3426739939
	3426739940
	3426739941
	3426739942
	3426739943
	3426739944
	3426739945
	3426739946
	3426739947
	3426739948
	3426739949
	3426739950
	3426739951
	3426739952
	3426739953
	3426739954
	3426739955
	3426739956
	3426739957
	3426739958
	3426739959
	3426739960
	3426739961
	3426739962
	3426739963
	3426739964
	3426739965
	3426739966
	3426739967
	3426739968
	3426739969
	3426739970
	3426739971
	3426739972
	3426739973
	3426739974
	3426739975
	3426739976
	3426739977
	3426739978
	3426739979
	3426739980
	3426739981
	3426739982
	3426739983
	3426739984
	3426739985
	3426739986
	3426739987
	3426739988
	3426739989
	3426739990
	3426739991
	3426739992
	3426739993
	3426739994
	3426739995
	3426739996
	3426739997
	3426739998
	3426739999
	3426740000
	3426740001
	3426740002
	3426740003
	3426740004
	3426740005
	3426740006
	3426740007
	3426740008
	3426740009
	3426740010
	3426740011
	3426740012
	3426740013
	3426740014
	3426740015
	3426740016
	3426740017
	3426740018
	3426740019
	3426740020
	3426740021
	3426740022
	3426740023
	3426740024
	3426740025
	3426740026
	3426740027
	3426740028
	3426740029
	3426740030
	3426740031
	3426740032
	3426740033
	3426740034
	3426740035
	3426740036
	3426740037
	3426740038
	3426740039
	3426740040
	3426740041
	3426740042
	3426740043
	3426740044
	3426740045
	3426740046
	3426740047
	3426740048
	3426740049
	3426740050
	3426740051
	3426740052
	3426740053
	3426740054
	3426740055
	3426740056
	3426740057
	3426740058
	3426740059
	3426740060
	3426740061
	3426740062
	3426740063
	3426740064
	3426740065
	3426740066
	3426740067
	3426740068
	3426740069
	3426740070
	3426740071
	3426740072
	3426740073
	3426740074
	3426740075
	3426740076
	3426740077
	3426740078
	3426740079
	3426740080
	3426740081
	3426740082
	3426740083
	3426740084
	3426740085
	3426740086
	3426740087
	3426740088
	3426740089
	3426740090
	3426740091
	3426740092
	3426740093
	3426740094
	3426740095
	3426740096
	3426740097
	3426740098
	3426740099
	3426740100
	3426740101
	3426740102
	3426740103
	3426740104
	3426740105
	3426740106
	3426740107
	3426740108
	3426740109
	3426740110
	3426740111
	3426740112
	3426740113
	3426740114
	3426740115
	3426740116
	3426740117
	3426740118
	3426740119
	3426740120
	3426740121
	3426740122
	3426740123
	3426740124
	3426740125
	3426740126
	3426740127
	3426740128
	3426740129
	3426740130
	3426740131
	3426740132
	3426740133
	3426740134
	3426740135
	3426740136
	3426740137
	3426740138
	3426740139
	3426740140
	3426740141
	3426740142
	3426740143
	3426740144
	3426740145
	3426740146
	3426740147
	3426740148
	3426740149
	3426740150
	3426740151
	3426740152
	3426740153
	3426740154
	3426740155
	3426740156
	3426740157
	3426740158
	3426740159
	3426740160
	3426740161
	3426740162
	3426740163
	3426740164
	3426740165
	3426740166
	3426740167
	3426740168
	3426740169
	3426740170
	3426740171
	3426740172
	3426740173
	3426740174
	3426740175
	3426740176
	3426740177
	3426740178
	3426740179
	3426740180
	3426740181
	3426740182
	3426740183
	3426740184
	3426740185
	3426740186
	3426740187
	3426740188
	3426740189
	3426740190
	3426740191
	3426740192
	3426740193
	3426740194
	3426740195
	3426740196
	3426740197
	3426740198
	3426740199
	3426740200
	3426740201
	3426740202
	3426740203
	3426740204
	3426740205
	3426740206
	3426740207
	3426740208
	3426740209
	3426740210
	3426740211
	3426740212
	3426740213
	3426740214
	3426740215
	3426740216
	3426740217
	3426740218
	3426740219
	3426740220
	3426740221
	3426740222
	3426740223
	3426740224
	3426740225
	3426740226
	3426740227
	3426740228
	3426740229
	3426740230
	3426740231
	3426740232
	3426740233
	3426740234
	3426740235
	3426740236
	3426740237
	3426740238
	3426740239
	3426740240
	3426740241
	3426740242
	3426740243
	3426740244
	3426740245
	3426740246
	3426740247
	3426740248
	3426740249
	3426740250
	3426740251
	3426740252
	3426740253
	3426740254
	3426740255
	3426740256
	3426740257
	3426740258
	3426740259
	3426740260
	3426740261
	3426740262
	3426740263
	3426740264
	3426740265
	3426740266
	3426740267
	3426740268
	3426740269
	3426740270
	3426740271
	3426740272
	3426740273
	3426740274
	3426740275
	3426740276
	3426740277
	3426740278
	3426740279
	3426740280
	3426740281
	3426740282
	3426740283
	3426740284
	3426740285
	3426740286
	3426740287
	3426740288
	3426740289
	3426740290
	3426740291
	3426740292
	3426740293
	3426740294
	3426740295
	3426740296
	3426740297
	3426740298
	3426740299
	3426740300
	3426740301
	3426740302
	3426740303
	3426740304
	3426740305
	3426740306
	3426740307
	3426740308
	3426740309
	3426740310
	3426740311
	3426740312
	3426740313
	3426740314
	3426740315
	3426740316
	3426740317
	3426740318
	3426740319
	3426740320
	3426740321
	3426740322
	3426740323
	3426740324
	3426740325
	3426740326
	3426740327
	3426740328
	3426740329
	3426740330
	3426740331
	3426740332
	3426740333
	3426740334
	3426740335
	3426740336
	3426740337
	3426740338
	3426740339
	3426740340
	3426740341
	3426740342
	3426740343
	3426740344
	3426740345
	3426740346
	3426740347
	3426740348
	3426740349
	3426740350
	3426740351
	3426740352
	3426740353
	3426740354
	3426740355
	3426740356
	3426740357
	3426740358
	3426740359
	3426740360
	3426740361
	3426740362
	3426740363
	3426740364
	3426740365
	3426740366
	3426740367
	3426740368
	3426740369
	3426740370
	3426740371
	3426740372
	3426740373
	3426740374
	3426740375
	3426740376
	3426740377
	3426740378
	3426740379
	3426740380
	3426740381
	3426740382
	3426740383
	3426740384
	3426740385
	3426740386
	3426740387
	3426740388
	3426740389
	3426740390
	3426740391
	3426740392
	3426740393
	3426740394
	3426740395
	3426740396
	3426740397
	3426740398
	3426740399
	3426740400
	3426740401
	3426740402
	3426740403
	3426740404
	3426740405
	3426740406
	3426740407
	3426740408
	3426740409
	3426740410
	3426740411
	3426740412
	3426740413
	3426740414
	3426740415
	3426740416
	3426740417
	3426740418
	3426740419
	3426740420
	3426740421
	3426740422
	3426740423
	3426740424
	3426740425
	3426740426
	3426740427
	3426740428
	3426740429
	3426740430
	3426740431
	3426740432
	3426740433
	3426740434
	3426740435
	3426740436
	3426740437
	3426740438
	3426740439
	3426740440
	3426740441
	3426740442
	3426740443
	3426740444
	3426740445
	3426740446
	3426740447
	3426740448
	3426740449
	3426740450
	3426740451
	3426740452
	3426740453
	3426740454
	3426740455
	3426740456
	3426740457
	3426740458
	3426740459
	3426740460
	3426740461
	3426740462
	3426740463
	3426740464
	3426740465
	3426740466
	3426740467
	3426740468
	3426740469
	3426740470
	3426740471
	3426740472
	3426740473
	3426740474
	3426740475
	3426740476
	3426740477
	3426740478
	3426740479
	3426740480
	3426740481
	3426740482
	3426740483
	3426740484
	3426740485
	3426740486
	3426740487
	3426740488
	3426740489
	3426740490
	3426740491
	3426740492
	3426740493
	3426740494
	3426740495
	3426740496
	3426740497
	3426740498
	3426740499
	3426740500
	3426740501
	3426740502
	3426740503
	3426740504
	3426740505
	3426740506
	3426740507
	3426740508
	3426740509
	3426740510
	3426740511
	3426740512
	3426740513
	3426740514
	3426740515
	3426740516
	3426740517
	3426740518
	3426740519
	3426740520
	3426740521
	3426740522
	3426740523
	3426740524
	3426740525
	3426740526
	3426740527
	3426740528
	3426740529
	3426740530
	3426740531
	3426740532
	3426740533
	3426740534
	3426740535
	3426740536
	3426740537
	3426740538
	3426740539
	3426740540
	3426740541
	3426740542
	3426740543
	3426740544
	3426740545
	3426740546
	3426740547
	3426740548
	3426740549
	3426740550
	3426740551
	3426740552
	3426740553
	3426740554
	3426740555
	3426740556
	3426740557
	3426740558
	3426740559
	3426740560
	3426740561
	3426740562
	3426740563
	3426740564
	3426740565
	3426740566
	3426740567
	3426740568
	3426740569
	3426740570
	3426740571
	3426740572
	3426740573
	3426740574
	3426740575
	3426740576
	3426740577
	3426740578
	3426740579
	3426740580
	3426740581
	3426740582
	3426740583
	3426740584
	3426740585
	3426740586
	3426740587
	3426740588
	3426740589
	3426740590
	3426740591
	3426740592
	3426740593
	3426740594
	3426740595
	3426740596
	3426740597
	3426740598
	3426740599
	3426740600
	3426740601
	3426740602
	3426740603
	3426740604
	3426740605
	3426740606
	3426740607
	3426740608
	3426740609
	3426740610
	3426740611
	3426740612
	3426740613
	3426740614
	3426740615
	3426740616
	3426740617
	3426740618
	3426740619
	3426740620
	3426740621
	3426740622
	3426740623
	3426740624
	3426740625
	3426740626
	3426740627
	3426740628
	3426740629
	3426740630
	3426740631
	3426740632
	3426740633
	3426740634
	3426740635
	3426740636
	3426740637
	3426740638
	3426740639
	3426740640
	3426740641
	3426740642
	3426740643
	3426740644
	3426740645
	3426740646
	3426740647
	3426740648
	3426740649
	3426740650
	3426740651
	3426740652
	3426740653
	3426740654
	3426740655
	3426740656
	3426740657
	3426740658
	3426740659
	3426740660
	3426740661
	3426740662
	3426740663
	3426740664
	3426740665
	3426740666
	3426740667
	3426740668
	3426740669
	3426740670
	3426740671
	3426740672
	3426740673
	3426740674
	3426740675
	3426740676
	3426740677
	3426740678
	3426740679
	3426740680
	3426740681
	3426740682
	3426740683
	3426740684
	3426740685
	3426740686
	3426740687
	3426740688
	3426740689
	3426740690
	3426740691
	3426740692
	3426740693
	3426740694
	3426740695
	3426740696
	3426740697
	3426740698
	3426740699
	3426740700
	3426740701
	3426740702
	3426740703
	3426740704
	3426740705
	3426740706
	3426740707
	3426740708
	3426740709
	3426740710
	3426740711
	3426740712
	3426740713
	3426740714
	3426740715
	3426740716
	3426740717
	3426740718
	3426740719
	3426740720
	3426740721
	3426740722
	3426740723
	3426740724
	3426740725
	3426740726
	3426740727
	3426740728
	3426740729
	3426740730
	3426740731
	3426740732
	3426740733
	3426740734
	3426740735
	3426740736
	3426740737
	3426740738
	3426740739
	3426740740
	3426740741
	3426740742
	3426740743
	3426740744
	3426740745
	3426740746
	3426740747
	3426740748
	3426740749
	3426740750
	3426740751
	3426740752
	3426740753
	3426740754
	3426740755
	3426740756
	3426740757
	3426740758
	3426740759
	3426740760
	3426740761
	3426740762
	3426740763
	3426740764
	3426740765
	3426740766
	3426740767
	3426740768
	3426740769
	3426740770
	3426740771
	3426740772
	3426740773
	3426740774
	3426740775
	3426740776
	3426740777
	3426740778
	3426740779
	3426740780
	3426740781
	3426740782
	3426740783
	3426740784
	3426740785
	3426740786
	3426740787
	3426740788
	3426740789
	3426740790
	3426740791
	3426740792
	3426740793
	3426740794
	3426740795
	3426740796
	3426740797
	3426740798
	3426740799
	3426740800
	3426740801
	3426740802
	3426740803
	3426740804
	3426740805
	3426740806
	3426740807
	3426740808
	3426740809
	3426740810
	3426740811
	3426740812
	3426740813
	3426740814
	3426740815
	3426740816
	3426740817
	3426740818
	3426740819
	3426740820
	3426740821
	3426740822
	3426740823
	3426740824
	3426740825
	3426740826
	3426740827
	3426740828
	3426740829
	3426740830
	3426740831
	3426740832
	3426740833
	3426740834
	3426740835
	3426740836
	3426740837
	3426740838
	3426740839
	3426740840
	3426740841
	3426740842
	3426740843
	3426740844
	3426740845
	3426740846
	3426740847
	3426740848
	3426740849
	3426740850
	3426740851
	3426740852
	3426740853
	3426740854
	3426740855
	3426740856
	3426740857
	3426740858
	3426740859
	3426740860
	3426740861
	3426740862
	3426740863
	3426740864
	3426740865
	3426740866
	3426740867
	3426740868
	3426740869
	3426740870
	3426740871
	3426740872
	3426740873
	3426740874
	3426740875
	3426740876
	3426740877
	3426740878
	3426740879
	3426740880
	3426740881
	3426740882
	3426740883
	3426740884
	3426740885
	3426740886
	3426740887
	3426740888
	3426740889
	3426740890
	3426740891
	3426740892
	3426740893
	3426740894
	3426740895
	3426740896
	3426740897
	3426740898
	3426740899
	3426740900
	3426740901
	3426740902
	3426740903
	3426740904
	3426740905
	3426740906
	3426740907
	3426740908
	3426740909
	3426740910
	3426740911
	3426740912
	3426740913
	3426740914
	3426740915
	3426740916
	3426740917
	3426740918
	3426740919
	3426740920
	3426740921
	3426740922
	3426740923
	3426740924
	3426740925
	3426740926
	3426740927
	3426740928
	3426740929
	3426740930
	3426740931
	3426740932
	3426740933
	3426740934
	3426740935
	3426740936
	3426740937
	3426740938
	3426740939
	3426740940
	3426740941
	3426740942
	3426740943
	3426740944
	3426740945
	3426740946
	3426740947
	3426740948
	3426740949
	3426740950
	3426740951
	3426740952
	3426740953
	3426740954
	3426740955
	3426740956
	3426740957
	3426740958
	3426740959
	3426740960
	3426740961
	3426740962
	3426740963
	3426740964
	3426740965
	3426740966
	3426740967
	3426740968
	3426740969
	3426740970
	3426740971
	3426740972
	3426740973
	3426740974
	3426740975
	3426740976
	3426740977
	3426740978
	3426740979
	3426740980
	3426740981
	3426740982
	3426740983
	3426740984
	3426740985
	3426740986
	3426740987
	3426740988
	3426740989
	3426740990
	3426740991
	3426740992
	3426740993
	3426740994
	3426740995
	3426740996
	3426740997
	3426740998
	3426740999
	3426741000
	3426741001
	3426741002
	3426741003
	3426741004
	3426741005
	3426741006
	3426741007
	3426741008
	3426741009
	3426741010
	3426741011
	3426741012
	3426741013
	3426741014
	3426741015
	3426741016
	3426741017
	3426741018
	3426741019
	3426741020
	3426741021
	3426741022
	3426741023
	3426741024
	3426741025
	3426741026
	3426741027
	3426741028
	3426741029
	3426741030
	3426741031
	3426741032
	3426741033
	3426741034
	3426741035
	3426741036
	3426741037
	3426741038
	3426741039
	3426741040
	3426741041
	3426741042
	3426741043
	3426741044
	3426741045
	3426741046
	3426741047
	3426741048
	3426741049
	3426741050
	3426741051
	3426741052
	3426741053
	3426741054
	3426741055
	3426741056
	3426741057
	3426741058
	3426741059
	3426741060
	3426741061
	3426741062
	3426741063
	3426741064
	3426741065
	3426741066
	3426741067
	3426741068
	3426741069
	3426741070
	3426741071
	3426741072
	3426741073
	3426741074
	3426741075
	3426741076
	3426741077
	3426741078
	3426741079
	3426741080
	3426741081
	3426741082
	3426741083
	3426741084
	3426741085
	3426741086
	3426741087
	3426741088
	3426741089
	3426741090
	3426741091
	3426741092
	3426741093
	3426741094
	3426741095
	3426741096
	3426741097
	3426741098
	3426741099
	3426741100
	3426741101
	3426741102
	3426741103
	3426741104
	3426741105
	3426741106
	3426741107
	3426741108
	3426741109
	3426741110
	3426741111
	3426741112
	3426741113
	3426741114
	3426741115
	3426741116
	3426741117
	3426741118
	3426741119
	3426741120
	3426741121
	3426741122
	3426741123
	3426741124
	3426741125
	3426741126
	3426741127
	3426741128
	3426741129
	3426741130
	3426741131
	3426741132
	3426741133
	3426741134
	3426741135
	3426741136
	3426741137
	3426741138
	3426741139
	3426741140
	3426741141
	3426741142
	3426741143
	3426741144
	3426741145
	3426741146
	3426741147
	3426741148
	3426741149
	3426741150
	3426741151
	3426741152
	3426741153
	3426741154
	3426741155
	3426741156
	3426741157
	3426741158
	3426741159
	3426741160
	3426741161
	3426741162
	3426741163
	3426741164
	3426741165
	3426741166
	3426741167
	3426741168
	3426741169
	3426741170
	3426741171
	3426741172
	3426741173
	3426741174
	3426741175
	3426741176
	3426741177
	3426741178
	3426741179
	3426741180
	3426741181
	3426741182
	3426741183
	3426741184
	3426741185
	3426741186
	3426741187
	3426741188
	3426741189
	3426741190
	3426741191
	3426741192
	3426741193
	3426741194
	3426741195
	3426741196
	3426741197
	3426741198
	3426741199
	3426741200
	3426741201
	3426741202
	3426741203
	3426741204
	3426741205
	3426741206
	3426741207
	3426741208
	3426741209
	3426741210
	3426741211
	3426741212
	3426741213
	3426741214
	3426741215
	3426741216
	3426741217
	3426741218
	3426741219
	3426741220
	3426741221
	3426741222
	3426741223
	3426741224
	3426741225
	3426741226
	3426741227
	3426741228
	3426741229
	3426741230
	3426741231
	3426741232
	3426741233
	3426741234
	3426741235
	3426741236
	3426741237
	3426741238
	3426741239
	3426741240
	3426741241
	3426741242
	3426741243
	3426741244
	3426741245
	3426741246
	3426741247
	3426741248
	3426741249
	3426741250
	3426741251
	3426741252
	3426741253
	3426741254
	3426741255
	3426741256
	3426741257
	3426741258
	3426741259
	3426741260
	3426741261
	3426741262
	3426741263
	3426741264
	3426741265
	3426741266
	3426741267
	3426741268
	3426741269
	3426741270
	3426741271
	3426741272
	3426741273
	3426741274
	3426741275
	3426741276
	3426741277
	3426741278
	3426741279
	3426741280
	3426741281
	3426741282
	3426741283
	3426741284
	3426741285
	3426741286
	3426741287
	3426741288
	3426741289
	3426741290
	3426741291
	3426741292
	3426741293
	3426741294
	3426741295
	3426741296
	3426741297
	3426741298
	3426741299
	3426741300
	3426741301
	3426741302
	3426741303
	3426741304
	3426741305
	3426741306
	3426741307
	3426741308
	3426741309
	3426741310
	3426741311
	3426741312
	3426741313
	3426741314
	3426741315
	3426741316
	3426741317
	3426741318
	3426741319
	3426741320
	3426741321
	3426741322
	3426741323
	3426741324
	3426741325
	3426741326
	3426741327
	3426741328
	3426741329
	3426741330
	3426741331
	3426741332
	3426741333
	3426741334
	3426741335
	3426741336
	3426741337
	3426741338
	3426741339
	3426741340
	3426741341
	3426741342
	3426741343
	3426741344
	3426741345
	3426741346
	3426741347
	3426741348
	3426741349
	3426741350
	3426741351
	3426741352
	3426741353
	3426741354
	3426741355
	3426741356
	3426741357
	3426741358
	3426741359
	3426741360
	3426741361
	3426741362
	3426741363
	3426741364
	3426741365
	3426741366
	3426741367
	3426741368
	3426741369
	3426741370
	3426741371
	3426741372
	3426741373
	3426741374
	3426741375
	3426741376
	3426741377
	3426741378
	3426741379
	3426741380
	3426741381
	3426741382
	3426741383
	3426741384
	3426741385
	3426741386
	3426741387
	3426741388
	3426741389
	3426741390
	3426741391
	3426741392
	3426741393
	3426741394
	3426741395
	3426741396
	3426741397
	3426741398
	3426741399
	3426741400
	3426741401
	3426741402
	3426741403
	3426741404
	3426741405
	3426741406
	3426741407
	3426741408
	3426741409
	3426741410
	3426741411
	3426741412
	3426741413
	3426741414
	3426741415
	3426741416
	3426741417
	3426741418
	3426741419
	3426741420
	3426741421
	3426741422
	3426741423
	3426741424
	3426741425
	3426741426
	3426741427
	3426741428
	3426741429
	3426741430
	3426741431
	3426741432
	3426741433
	3426741434
	3426741435
	3426741436
	3426741437
	3426741438
	3426741439
	3426741440
	3426741441
	3426741442
	3426741443
	3426741444
	3426741445
	3426741446
	3426741447
	3426741448
	3426741449
	3426741450
	3426741451
	3426741452
	3426741453
	3426741454
	3426741455
	3426741456
	3426741457
	3426741458
	3426741459
	3426741460
	3426741461
	3426741462
	3426741463
	3426741464
	3426741465
	3426741466
	3426741467
	3426741468
	3426741469
	3426741470
	3426741471
	3426741472
	3426741473
	3426741474
	3426741475
	3426741476
	3426741477
	3426741478
	3426741479
	3426741480
	3426741481
	3426741482
	3426741483
	3426741484
	3426741485
	3426741486
	3426741487
	3426741488
	3426741489
	3426741490
	3426741491
	3426741492
	3426741493
	3426741494
	3426741495
	3426741496
	3426741497
	3426741498
	3426741499
	3426741500
	3426741501
	3426741502
	3426741503
	3426741504
	3426741505
	3426741506
	3426741507
	3426741508
	3426741509
	3426741510
	3426741511
	3426741512
	3426741513
	3426741514
	3426741515
	3426741516
	3426741517
	3426741518
	3426741519
	3426741520
	3426741521
	3426741522
	3426741523
	3426741524
	3426741525
	3426741526
	3426741527
	3426741528
	3426741529
	3426741530
	3426741531
	3426741532
	3426741533
	3426741534
	3426741535
	3426741536
	3426741537
	3426741538
	3426741539
	3426741540
	3426741541
	3426741542
	3426741543
	3426741544
	3426741545
	3426741546
	3426741547
	3426741548
	3426741549
	3426741550
	3426741551
	3426741552
	3426741553
	3426741554
	3426741555
	3426741556
	3426741557
	3426741558
	3426741559
	3426741560
	3426741561
	3426741562
	3426741563
	3426741564
	3426741565
	3426741566
	3426741567
	3426741568
	3426741569
	3426741570
	3426741571
	3426741572
	3426741573
	3426741574
	3426741575
	3426741576
	3426741577
	3426741578
	3426741579
	3426741580
	3426741581
	3426741582
	3426741583
	3426741584
	3426741585
	3426741586
	3426741587
	3426741588
	3426741589
	3426741590
	3426741591
	3426741592
	3426741593
	3426741594
	3426741595
	3426741596
	3426741597
	3426741598
	3426741599
	3426741600
	3426741601
	3426741602
	3426741603
	3426741604
	3426741605
	3426741606
	3426741607
	3426741608
	3426741609
	3426741610
	3426741611
	3426741612
	3426741613
	3426741614
	3426741615
	3426741616
	3426741617
	3426741618
	3426741619
	3426741620
	3426741621
	3426741622
	3426741623
	3426741624
	3426741625
	3426741626
	3426741627
	3426741628
	3426741629
	3426741630
	3426741631
	3426741632
	3426741633
	3426741634
	3426741635
	3426741636
	3426741637
	3426741638
	3426741639
	3426741640
	3426741641
	3426741642
	3426741643
	3426741644
	3426741645
	3426741646
	3426741647
	3426741648
	3426741649
	3426741650
	3426741651
	3426741652
	3426741653
	3426741654
	3426741655
	3426741656
	3426741657
	3426741658
	3426741659
	3426741660
	3426741661
	3426741662
	3426741663
	3426741664
	3426741665
	3426741666
	3426741667
	3426741668
	3426741669
	3426741670
	3426741671
	3426741672
	3426741673
	3426741674
	3426741675
	3426741676
	3426741677
	3426741678
	3426741679
	3426741680
	3426741681
	3426741682
	3426741683
	3426741684
	3426741685
	3426741686
	3426741687
	3426741688
	3426741689
	3426741690
	3426741691
	3426741692
	3426741693
	3426741694
	3426741695
	3426741696
	3426741697
	3426741698
	3426741699
	3426741700
	3426741701
	3426741702
	3426741703
	3426741704
	3426741705
	3426741706
	3426741707
	3426741708
	3426741709
	3426741710
	3426741711
	3426741712
	3426741713
	3426741714
	3426741715
	3426741716
	3426741717
	3426741718
	3426741719
	3426741720
	3426741721
	3426741722
	3426741723
	3426741724
	3426741725
	3426741726
	3426741727
	3426741728
	3426741729
	3426741730
	3426741731
	3426741732
	3426741733
	3426741734
	3426741735
	3426741736
	3426741737
	3426741738
	3426741739
	3426741740
	3426741741
	3426741742
	3426741743
	3426741744
	3426741745
	3426741746
	3426741747
	3426741748
	3426741749
	3426741750
	3426741751
	3426741752
	3426741753
	3426741754
	3426741755
	3426741756
	3426741757
	3426741758
	3426741759
	3426741760
	3426741761
	3426741762
	3426741763
	3426741764
	3426741765
	3426741766
	3426741767
	3426741768
	3426741769
	3426741770
	3426741771
	3426741772
	3426741773
	3426741774
	3426741775
	3426741776
	3426741777
	3426741778
	3426741779
	3426741780
	3426741781
	3426741782
	3426741783
	3426741784
	3426741785
	3426741786
	3426741787
	3426741788
	3426741789
	3426741790
	3426741791
	3426741792
	3426741793
	3426741794
	3426741795
	3426741796
	3426741797
	3426741798
	3426741799
	3426741800
	3426741801
	3426741802
	3426741803
	3426741804
	3426741805
	3426741806
	3426741807
	3426741808
	3426741809
	3426741810
	3426741811
	3426741812
	3426741813
	3426741814
	3426741815
	3426741816
	3426741817
	3426741818
	3426741819
	3426741820
	3426741821
	3426741822
	3426741823
	3426741824
	3426741825
	3426741826
	3426741827
	3426741828
	3426741829
	3426741830
	3426741831
	3426741832
	3426741833
	3426741834
	3426741835
	3426741836
	3426741837
	3426741838
	3426741839
	3426741840
	3426741841
	3426741842
	3426741843
	3426741844
	3426741845
	3426741846
	3426741847
	3426741848
	3426741849
	3426741850
	3426741851
	3426741852
	3426741853
	3426741854
	3426741855
	3426741856
	3426741857
	3426741858
	3426741859
	3426741860
	3426741861
	3426741862
	3426741863
	3426741864
	3426741865
	3426741866
	3426741867
	3426741868
	3426741869
	3426741870
	3426741871
	3426741872
	3426741873
	3426741874
	3426741875
	3426741876
	3426741877
	3426741878
	3426741879
	3426741880
	3426741881
	3426741882
	3426741883
	3426741884
	3426741885
	3426741886
	3426741887
	3426741888
	3426741889
	3426741890
	3426741891
	3426741892
	3426741893
	3426741894
	3426741895
	3426741896
	3426741897
	3426741898
	3426741899
	3426741900
	3426741901
	3426741902
	3426741903
	3426741904
	3426741905
	3426741906
	3426741907
	3426741908
	3426741909
	3426741910
	3426741911
	3426741912
	3426741913
	3426741914
	3426741915
	3426741916
	3426741917
	3426741918
	3426741919
	3426741920
	3426741921
	3426741922
	3426741923
	3426741924
	3426741925
	3426741926
	3426741927
	3426741928
	3426741929
	3426741930
	3426741931
	3426741932
	3426741933
	3426741934
	3426741935
	3426741936
	3426741937
	3426741938
	3426741939
	3426741940
	3426741941
	3426741942
	3426741943
	3426741944
	3426741945
	3426741946
	3426741947
	3426741948
	3426741949
	3426741950
	3426741951
	3426741952
	3426741953
	3426741954
	3426741955
	3426741956
	3426741957
	3426741958
	3426741959
	3426741960
	3426741961
	3426741962
	3426741963
	3426741964
	3426741965
	3426741966
	3426741967
	3426741968
	3426741969
	3426741970
	3426741971
	3426741972
	3426741973
	3426741974
	3426741975
	3426741976
	3426741977
	3426741978
	3426741979
	3426741980
	3426741981
	3426741982
	3426741983
	3426741984
	3426741985
	3426741986
	3426741987
	3426741988
	3426741989
	3426741990
	3426741991
	3426741992
	3426741993
	3426741994
	3426741995
	3426741996
	3426741997
	3426741998
	3426741999
	3426742000
	3426742001
	3426742002
	3426742003
	3426742004
	3426742005
	3426742006
	3426742007
	3426742008
	3426742009
	3426742010
	3426742011
	3426742012
	3426742013
	3426742014
	3426742015
	3426742016
	3426742017
	3426742018
	3426742019
	3426742020
	3426742021
	3426742022
	3426742023
	3426742024
	3426742025
	3426742026
	3426742027
	3426742028
	3426742029
	3426742030
	3426742031
	3426742032
	3426742033
	3426742034
	3426742035
	3426742036
	3426742037
	3426742038
	3426742039
	3426742040
	3426742041
	3426742042
	3426742043
	3426742044
	3426742045
	3426742046
	3426742047
	3426742048
	3426742049
	3426742050
	3426742051
	3426742052
	3426742053
	3426742054
	3426742055
	3426742056
	3426742057
	3426742058
	3426742059
	3426742060
	3426742061
	3426742062
	3426742063
	3426742064
	3426742065
	3426742066
	3426742067
	3426742068
	3426742069
	3426742070
	3426742071
	3426742072
	3426742073
	3426742074
	3426742075
	3426742076
	3426742077
	3426742078
	3426742079
	3426742080
	3426742081
	3426742082
	3426742083
	3426742084
	3426742085
	3426742086
	3426742087
	3426742088
	3426742089
	3426742090
	3426742091
	3426742092
	3426742093
	3426742094
	3426742095
	3426742096
	3426742097
	3426742098
	3426742099
	3426742100
	3426742101
	3426742102
	3426742103
	3426742104
	3426742105
	3426742106
	3426742107
	3426742108
	3426742109
	3426742110
	3426742111
	3426742112
	3426742113
	3426742114
	3426742115
	3426742116
	3426742117
	3426742118
	3426742119
	3426742120
	3426742121
	3426742122
	3426742123
	3426742124
	3426742125
	3426742126
	3426742127
	3426742128
	3426742129
	3426742130
	3426742131
	3426742132
	3426742133
	3426742134
	3426742135
	3426742136
	3426742137
	3426742138
	3426742139
	3426742140
	3426742141
	3426742142
	3426742143
	3426742144
	3426742145
	3426742146
	3426742147
	3426742148
	3426742149
	3426742150
	3426742151
	3426742152
	3426742153
	3426742154
	3426742155
	3426742156
	3426742157
	3426742158
	3426742159
	3426742160
	3426742161
	3426742162
	3426742163
	3426742164
	3426742165
	3426742166
	3426742167
	3426742168
	3426742169
	3426742170
	3426742171
	3426742172
	3426742173
	3426742174
	3426742175
	3426742176
	3426742177
	3426742178
	3426742179
	3426742180
	3426742181
	3426742182
	3426742183
	3426742184
	3426742185
	3426742186
	3426742187
	3426742188
	3426742189
	3426742190
	3426742191
	3426742192
	3426742193
	3426742194
	3426742195
	3426742196
	3426742197
	3426742198
	3426742199
	3426742200
	3426742201
	3426742202
	3426742203
	3426742204
	3426742205
	3426742206
	3426742207
	3426742208
	3426742209
	3426742210
	3426742211
	3426742212
	3426742213
	3426742214
	3426742215
	3426742216
	3426742217
	3426742218
	3426742219
	3426742220
	3426742221
	3426742222
	3426742223
	3426742224
	3426742225
	3426742226
	3426742227
	3426742228
	3426742229
	3426742230
	3426742231
	3426742232
	3426742233
	3426742234
	3426742235
	3426742236
	3426742237
	3426742238
	3426742239
	3426742240
	3426742241
	3426742242
	3426742243
	3426742244
	3426742245
	3426742246
	3426742247
	3426742248
	3426742249
	3426742250
	3426742251
	3426742252
	3426742253
	3426742254
	3426742255
	3426742256
	3426742257
	3426742258
	3426742259
	3426742260
	3426742261
	3426742262
	3426742263
	3426742264
	3426742265
	3426742266
	3426742267
	3426742268
	3426742269
	3426742270
	3426742271
	3426742272
	3426742273
	3426742274
	3426742275
	3426742276
	3426742277
	3426742278
	3426742279
	3426742280
	3426742281
	3426742282
	3426742283
	3426742284
	3426742285
	3426742286
	3426742287
	3426742288
	3426742289
	3426742290
	3426742291
	3426742292
	3426742293
	3426742294
	3426742295
	3426742296
	3426742297
	3426742298
	3426742299
	3426742300
	3426742301
	3426742302
	3426742303
	3426742304
	3426742305
	3426742306
	3426742307
	3426742308
	3426742309
	3426742310
	3426742311
	3426742312
	3426742313
	3426742314
	3426742315
	3426742316
	3426742317
	3426742318
	3426742319
	3426742320
	3426742321
	3426742322
	3426742323
	3426742324
	3426742325
	3426742326
	3426742327
	3426742328
	3426742329
	3426742330
	3426742331
	3426742332
	3426742333
	3426742334
	3426742335
	3426742336
	3426742337
	3426742338
	3426742339
	3426742340
	3426742341
	3426742342
	3426742343
	3426742344
	3426742345
	3426742346
	3426742347
	3426742348
	3426742349
	3426742350
	3426742351
	3426742352
	3426742353
	3426742354
	3426742355
	3426742356
	3426742357
	3426742358
	3426742359
	3426742360
	3426742361
	3426742362
	3426742363
	3426742364
	3426742365
	3426742366
	3426742367
	3426742368
	3426742369
	3426742370
	3426742371
	3426742372
	3426742373
	3426742374
	3426742375
	3426742376
	3426742377
	3426742378
	3426742379
	3426742380
	3426742381
	3426742382
	3426742383
	3426742384
	3426742385
	3426742386
	3426742387
	3426742388
	3426742389
	3426742390
	3426742391
	3426742392
	3426742393
	3426742394
	3426742395
	3426742396
	3426742397
	3426742398
	3426742399
	3426742400
	3426742401
	3426742402
	3426742403
	3426742404
	3426742405
	3426742406
	3426742407
	3426742408
	3426742409
	3426742410
	3426742411
	3426742412
	3426742413
	3426742414
	3426742415
	3426742416
	3426742417
	3426742418
	3426742419
	3426742420
	3426742421
	3426742422
	3426742423
	3426742424
	3426742425
	3426742426
	3426742427
	3426742428
	3426742429
	3426742430
	3426742431
	3426742432
	3426742433
	3426742434
	3426742435
	3426742436
	3426742437
	3426742438
	3426742439
	3426742440
	3426742441
	3426742442
	3426742443
	3426742444
	3426742445
	3426742446
	3426742447
	3426742448
	3426742449
	3426742450
	3426742451
	3426742452
	3426742453
	3426742454
	3426742455
	3426742456
	3426742457
	3426742458
	3426742459
	3426742460
	3426742461
	3426742462
	3426742463
	3426742464
	3426742465
	3426742466
	3426742467
	3426742468
	3426742469
	3426742470
	3426742471
	3426742472
	3426742473
	3426742474
	3426742475
	3426742476
	3426742477
	3426742478
	3426742479
	3426742480
	3426742481
	3426742482
	3426742483
	3426742484
	3426742485
	3426742486
	3426742487
	3426742488
	3426742489
	3426742490
	3426742491
	3426742492
	3426742493
	3426742494
	3426742495
	3426742496
	3426742497
	3426742498
	3426742499
	3426742500
	3426742501
	3426742502
	3426742503
	3426742504
	3426742505
	3426742506
	3426742507
	3426742508
	3426742509
	3426742510
	3426742511
	3426742512
	3426742513
	3426742514
	3426742515
	3426742516
	3426742517
	3426742518
	3426742519
	3426742520
	3426742521
	3426742522
	3426742523
	3426742524
	3426742525
	3426742526
	3426742527
	3426742528
	3426742529
	3426742530
	3426742531
	3426742532
	3426742533
	3426742534
	3426742535
	3426742536
	3426742537
	3426742538
	3426742539
	3426742540
	3426742541
	3426742542
	3426742543
	3426742544
	3426742545
	3426742546
	3426742547
	3426742548
	3426742549
	3426742550
	3426742551
	3426742552
	3426742553
	3426742554
	3426742555
	3426742556
	3426742557
	3426742558
	3426742559
	3426742560
	3426742561
	3426742562
	3426742563
	3426742564
	3426742565
	3426742566
	3426742567
	3426742568
	3426742569
	3426742570
	3426742571
	3426742572
	3426742573
	3426742574
	3426742575
	3426742576
	3426742577
	3426742578
	3426742579
	3426742580
	3426742581
	3426742582
	3426742583
	3426742584
	3426742585
	3426742586
	3426742587
	3426742588
	3426742589
	3426742590
	3426742591
	3426742592
	3426742593
	3426742594
	3426742595
	3426742596
	3426742597
	3426742598
	3426742599
	3426742600
	3426742601
	3426742602
	3426742603
	3426742604
	3426742605
	3426742606
	3426742607
	3426742608
	3426742609
	3426742610
	3426742611
	3426742612
	3426742613
	3426742614
	3426742615
	3426742616
	3426742617
	3426742618
	3426742619
	3426742620
	3426742621
	3426742622
	3426742623
	3426742624
	3426742625
	3426742626
	3426742627
	3426742628
	3426742629
	3426742630
	3426742631
	3426742632
	3426742633
	3426742634
	3426742635
	3426742636
	3426742637
	3426742638
	3426742639
	3426742640
	3426742641
	3426742642
	3426742643
	3426742644
	3426742645
	3426742646
	3426742647
	3426742648
	3426742649
	3426742650
	3426742651
	3426742652
	3426742653
	3426742654
	3426742655
	3426742656
	3426742657
	3426742658
	3426742659
	3426742660
	3426742661
	3426742662
	3426742663
	3426742664
	3426742665
	3426742666
	3426742667
	3426742668
	3426742669
	3426742670
	3426742671
	3426742672
	3426742673
	3426742674
	3426742675
	3426742676
	3426742677
	3426742678
	3426742679
	3426742680
	3426742681
	3426742682
	3426742683
	3426742684
	3426742685
	3426742686
	3426742687
	3426742688
	3426742689
	3426742690
	3426742691
	3426742692
	3426742693
	3426742694
	3426742695
	3426742696
	3426742697
	3426742698
	3426742699
	3426742700
	3426742701
	3426742702
	3426742703
	3426742704
	3426742705
	3426742706
	3426742707
	3426742708
	3426742709
	3426742710
	3426742711
	3426742712
	3426742713
	3426742714
	3426742715
	3426742716
	3426742717
	3426742718
	3426742719
	3426742720
	3426742721
	3426742722
	3426742723
	3426742724
	3426742725
	3426742726
	3426742727
	3426742728
	3426742729
	3426742730
	3426742731
	3426742732
	3426742733
	3426742734
	3426742735
	3426742736
	3426742737
	3426742738
	3426742739
	3426742740
	3426742741
	3426742742
	3426742743
	3426742744
	3426742745
	3426742746
	3426742747
	3426742748
	3426742749
	3426742750
	3426742751
	3426742752
	3426742753
	3426742754
	3426742755
	3426742756
	3426742757
	3426742758
	3426742759
	3426742760
	3426742761
	3426742762
	3426742763
	3426742764
	3426742765
	3426742766
	3426742767
	3426742768
	3426742769
	3426742770
	3426742771
	3426742772
	3426742773
	3426742774
	3426742775
	3426742776
	3426742777
	3426742778
