	3426913691
	3426913692
	3426913693
	3426913694
	3426913695
	3426913696
	3426913697
	3426913698
	3426913699
	3426913700
	3426913701
	3426913702
	3426913703
	3426913704
	3426913705
	3426913706
	3426913707
	3426913708
	3426913709
	3426913710
	3426913711
	3426913712
	3426913713
	3426913714
	3426913715
	3426913716
	3426913717
	3426913718
	3426913719
	3426913720
	3426913721
	3426913722
	3426913723
	3426913724
	3426913725
	3426913726
	3426913727
	3426913728
	3426913729
	3426913730
	3426913731
	3426913732
	3426913733
	3426913734
	3426913735
	3426913736
	3426913737
	3426913738
	3426913739
	3426913740
	3426913741
	3426913742
	3426913743
	3426913744
	3426913745
	3426913746
	3426913747
	3426913748
	3426913749
	3426913750
	3426913751
	3426913752
	3426913753
	3426913754
	3426913755
	3426913756
	3426913757
	3426913758
	3426913759
	3426913760
	3426913761
	3426913762
	3426913763
	3426913764
	3426913765
	3426913766
	3426913767
	3426913768
	3426913769
	3426913770
	3426913771
	3426913772
	3426913773
	3426913774
	3426913775
	3426913776
	3426913777
	3426913778
	3426913779
	3426913780
	3426913781
	3426913782
	3426913783
	3426913784
	3426913785
	3426913786
	3426913787
	3426913788
	3426913789
	3426913790
	3426913791
	3426913792
	3426913793
	3426913794
	3426913795
	3426913796
	3426913797
	3426913798
	3426913799
	3426913800
	3426913801
	3426913802
	3426913803
	3426913804
	3426913805
	3426913806
	3426913807
	3426913808
	3426913809
	3426913810
	3426913811
	3426913812
	3426913813
	3426913814
	3426913815
	3426913816
	3426913817
	3426913818
	3426913819
	3426913820
	3426913821
	3426913822
	3426913823
	3426913824
	3426913825
	3426913826
	3426913827
	3426913828
	3426913829
	3426913830
	3426913831
	3426913832
	3426913833
	3426913834
	3426913835
	3426913836
	3426913837
	3426913838
	3426913839
	3426913840
	3426913841
	3426913842
	3426913843
	3426913844
	3426913845
	3426913846
	3426913847
	3426913848
	3426913849
	3426913850
	3426913851
	3426913852
	3426913853
	3426913854
	3426913855
	3426913856
	3426913857
	3426913858
	3426913859
	3426913860
	3426913861
	3426913862
	3426913863
	3426913864
	3426913865
	3426913866
	3426913867
	3426913868
	3426913869
	3426913870
	3426913871
	3426913872
	3426913873
	3426913874
	3426913875
	3426913876
	3426913877
	3426913878
	3426913879
	3426913880
	3426913881
	3426913882
	3426913883
	3426913884
	3426913885
	3426913886
	3426913887
	3426913888
	3426913889
	3426913890
	3426913891
	3426913892
	3426913893
	3426913894
	3426913895
	3426913896
	3426913897
	3426913898
	3426913899
	3426913900
	3426913901
	3426913902
	3426913903
	3426913904
	3426913905
	3426913906
	3426913907
	3426913908
	3426913909
	3426913910
	3426913911
	3426913912
	3426913913
	3426913914
	3426913915
	3426913916
	3426913917
	3426913918
	3426913919
	3426913920
	3426913921
	3426913922
	3426913923
	3426913924
	3426913925
	3426913926
	3426913927
	3426913928
	3426913929
	3426913930
	3426913931
	3426913932
	3426913933
	3426913934
	3426913935
	3426913936
	3426913937
	3426913938
	3426913939
	3426913940
	3426913941
	3426913942
	3426913943
	3426913944
	3426913945
	3426913946
	3426913947
	3426913948
	3426913949
	3426913950
	3426913951
	3426913952
	3426913953
	3426913954
	3426913955
	3426913956
	3426913957
	3426913958
	3426913959
	3426913960
	3426913961
	3426913962
	3426913963
	3426913964
	3426913965
	3426913966
	3426913967
	3426913968
	3426913969
	3426913970
	3426913971
	3426913972
	3426913973
	3426913974
	3426913975
	3426913976
	3426913977
	3426913978
	3426913979
	3426913980
	3426913981
	3426913982
	3426913983
	3426913984
	3426913985
	3426913986
	3426913987
	3426913988
	3426913989
	3426913990
	3426913991
	3426913992
	3426913993
	3426913994
	3426913995
	3426913996
	3426913997
	3426913998
	3426913999
	3426914000
	3426914001
	3426914002
	3426914003
	3426914004
	3426914005
	3426914006
	3426914007
	3426914008
	3426914009
	3426914010
	3426914011
	3426914012
	3426914013
	3426914014
	3426914015
	3426914016
	3426914017
	3426914018
	3426914019
	3426914020
	3426914021
	3426914022
	3426914023
	3426914024
	3426914025
	3426914026
	3426914027
	3426914028
	3426914029
	3426914030
	3426914031
	3426914032
	3426914033
	3426914034
	3426914035
	3426914036
	3426914037
	3426914038
	3426914039
	3426914040
	3426914041
	3426914042
	3426914043
	3426914044
	3426914045
	3426914046
	3426914047
	3426914048
	3426914049
	3426914050
	3426914051
	3426914052
	3426914053
	3426914054
	3426914055
	3426914056
	3426914057
	3426914058
	3426914059
	3426914060
	3426914061
	3426914062
	3426914063
	3426914064
	3426914065
	3426914066
	3426914067
	3426914068
	3426914069
	3426914070
	3426914071
	3426914072
	3426914073
	3426914074
	3426914075
	3426914076
	3426914077
	3426914078
	3426914079
	3426914080
	3426914081
	3426914082
	3426914083
	3426914084
	3426914085
	3426914086
	3426914087
	3426914088
	3426914089
	3426914090
	3426914091
	3426914092
	3426914093
	3426914094
	3426914095
	3426914096
	3426914097
	3426914098
	3426914099
	3426914100
	3426914101
	3426914102
	3426914103
	3426914104
	3426914105
	3426914106
	3426914107
	3426914108
	3426914109
	3426914110
	3426914111
	3426914112
	3426914113
	3426914114
	3426914115
	3426914116
	3426914117
	3426914118
	3426914119
	3426914120
	3426914121
	3426914122
	3426914123
	3426914124
	3426914125
	3426914126
	3426914127
	3426914128
	3426914129
	3426914130
	3426914131
	3426914132
	3426914133
	3426914134
	3426914135
	3426914136
	3426914137
	3426914138
	3426914139
	3426914140
	3426914141
	3426914142
	3426914143
	3426914144
	3426914145
	3426914146
	3426914147
	3426914148
	3426914149
	3426914150
	3426914151
	3426914152
	3426914153
	3426914154
	3426914155
	3426914156
	3426914157
	3426914158
	3426914159
	3426914160
	3426914161
	3426914162
	3426914163
	3426914164
	3426914165
	3426914166
	3426914167
	3426914168
	3426914169
	3426914170
	3426914171
	3426914172
	3426914173
	3426914174
	3426914175
	3426914176
	3426914177
	3426914178
	3426914179
	3426914180
	3426914181
	3426914182
	3426914183
	3426914184
	3426914185
	3426914186
	3426914187
	3426914188
	3426914189
	3426914190
	3426914191
	3426914192
	3426914193
	3426914194
	3426914195
	3426914196
	3426914197
	3426914198
	3426914199
	3426914200
	3426914201
	3426914202
	3426914203
	3426914204
	3426914205
	3426914206
	3426914207
	3426914208
	3426914209
	3426914210
	3426914211
	3426914212
	3426914213
	3426914214
	3426914215
	3426914216
	3426914217
	3426914218
	3426914219
	3426914220
	3426914221
	3426914222
	3426914223
	3426914224
	3426914225
	3426914226
	3426914227
	3426914228
	3426914229
	3426914230
	3426914231
	3426914232
	3426914233
	3426914234
	3426914235
	3426914236
	3426914237
	3426914238
	3426914239
	3426914240
	3426914241
	3426914242
	3426914243
	3426914244
	3426914245
	3426914246
	3426914247
	3426914248
	3426914249
	3426914250
	3426914251
	3426914252
	3426914253
	3426914254
	3426914255
	3426914256
	3426914257
	3426914258
	3426914259
	3426914260
	3426914261
	3426914262
	3426914263
	3426914264
	3426914265
	3426914266
	3426914267
	3426914268
	3426914269
	3426914270
	3426914271
	3426914272
	3426914273
	3426914274
	3426914275
	3426914276
	3426914277
	3426914278
	3426914279
	3426914280
	3426914281
	3426914282
	3426914283
	3426914284
	3426914285
	3426914286
	3426914287
	3426914288
	3426914289
	3426914290
	3426914291
	3426914292
	3426914293
	3426914294
	3426914295
	3426914296
	3426914297
	3426914298
	3426914299
	3426914300
	3426914301
	3426914302
	3426914303
	3426914304
	3426914305
	3426914306
	3426914307
	3426914308
	3426914309
	3426914310
	3426914311
	3426914312
	3426914313
	3426914314
	3426914315
	3426914316
	3426914317
	3426914318
	3426914319
	3426914320
	3426914321
	3426914322
	3426914323
	3426914324
	3426914325
	3426914326
	3426914327
	3426914328
	3426914329
	3426914330
	3426914331
	3426914332
	3426914333
	3426914334
	3426914335
	3426914336
	3426914337
	3426914338
	3426914339
	3426914340
	3426914341
	3426914342
	3426914343
	3426914344
	3426914345
	3426914346
	3426914347
	3426914348
	3426914349
	3426914350
	3426914351
	3426914352
	3426914353
	3426914354
	3426914355
	3426914356
	3426914357
	3426914358
	3426914359
	3426914360
	3426914361
	3426914362
	3426914363
	3426914364
	3426914365
	3426914366
	3426914367
	3426914368
	3426914369
	3426914370
	3426914371
	3426914372
	3426914373
	3426914374
	3426914375
	3426914376
	3426914377
	3426914378
	3426914379
	3426914380
	3426914381
	3426914382
	3426914383
	3426914384
	3426914385
	3426914386
	3426914387
	3426914388
	3426914389
	3426914390
	3426914391
	3426914392
	3426914393
	3426914394
	3426914395
	3426914396
	3426914397
	3426914398
	3426914399
	3426914400
	3426914401
	3426914402
	3426914403
	3426914404
	3426914405
	3426914406
	3426914407
	3426914408
	3426914409
	3426914410
	3426914411
	3426914412
	3426914413
	3426914414
	3426914415
	3426914416
	3426914417
	3426914418
	3426914419
	3426914420
	3426914421
	3426914422
	3426914423
	3426914424
	3426914425
	3426914426
	3426914427
	3426914428
	3426914429
	3426914430
	3426914431
	3426914432
	3426914433
	3426914434
	3426914435
	3426914436
	3426914437
	3426914438
	3426914439
	3426914440
	3426914441
	3426914442
	3426914443
	3426914444
	3426914445
	3426914446
	3426914447
	3426914448
	3426914449
	3426914450
	3426914451
	3426914452
	3426914453
	3426914454
	3426914455
	3426914456
	3426914457
	3426914458
	3426914459
	3426914460
	3426914461
	3426914462
	3426914463
	3426914464
	3426914465
	3426914466
	3426914467
	3426914468
	3426914469
	3426914470
	3426914471
	3426914472
	3426914473
	3426914474
	3426914475
	3426914476
	3426914477
	3426914478
	3426914479
	3426914480
	3426914481
	3426914482
	3426914483
	3426914484
	3426914485
	3426914486
	3426914487
	3426914488
	3426914489
	3426914490
	3426914491
	3426914492
	3426914493
	3426914494
	3426914495
	3426914496
	3426914497
	3426914498
	3426914499
	3426914500
	3426914501
	3426914502
	3426914503
	3426914504
	3426914505
	3426914506
	3426914507
	3426914508
	3426914509
	3426914510
	3426914511
	3426914512
	3426914513
	3426914514
	3426914515
	3426914516
	3426914517
	3426914518
	3426914519
	3426914520
	3426914521
	3426914522
	3426914523
	3426914524
	3426914525
	3426914526
	3426914527
	3426914528
	3426914529
	3426914530
	3426914531
	3426914532
	3426914533
	3426914534
	3426914535
	3426914536
	3426914537
	3426914538
	3426914539
	3426914540
	3426914541
	3426914542
	3426914543
	3426914544
	3426914545
	3426914546
	3426914547
	3426914548
	3426914549
	3426914550
	3426914551
	3426914552
	3426914553
	3426914554
	3426914555
	3426914556
	3426914557
	3426914558
	3426914559
	3426914560
	3426914561
	3426914562
	3426914563
	3426914564
	3426914565
	3426914566
	3426914567
	3426914568
	3426914569
	3426914570
	3426914571
	3426914572
	3426914573
	3426914574
	3426914575
	3426914576
	3426914577
	3426914578
	3426914579
	3426914580
	3426914581
	3426914582
	3426914583
	3426914584
	3426914585
	3426914586
	3426914587
	3426914588
	3426914589
	3426914590
	3426914591
	3426914592
	3426914593
	3426914594
	3426914595
	3426914596
	3426914597
	3426914598
	3426914599
	3426914600
	3426914601
	3426914602
	3426914603
	3426914604
	3426914605
	3426914606
	3426914607
	3426914608
	3426914609
	3426914610
	3426914611
	3426914612
	3426914613
	3426914614
	3426914615
	3426914616
	3426914617
	3426914618
	3426914619
	3426914620
	3426914621
	3426914622
	3426914623
	3426914624
	3426914625
	3426914626
	3426914627
	3426914628
	3426914629
	3426914630
	3426914631
	3426914632
	3426914633
	3426914634
	3426914635
	3426914636
	3426914637
	3426914638
	3426914639
	3426914640
	3426914641
	3426914642
	3426914643
	3426914644
	3426914645
	3426914646
	3426914647
	3426914648
	3426914649
	3426914650
	3426914651
	3426914652
	3426914653
	3426914654
	3426914655
	3426914656
	3426914657
	3426914658
	3426914659
	3426914660
	3426914661
	3426914662
	3426914663
	3426914664
	3426914665
	3426914666
	3426914667
	3426914668
	3426914669
	3426914670
	3426914671
	3426914672
	3426914673
	3426914674
	3426914675
	3426914676
	3426914677
	3426914678
	3426914679
	3426914680
	3426914681
	3426914682
	3426914683
	3426914684
	3426914685
	3426914686
	3426914687
	3426914688
	3426914689
	3426914690
	3426914691
	3426914692
	3426914693
	3426914694
	3426914695
	3426914696
	3426914697
	3426914698
	3426914699
	3426914700
	3426914701
	3426914702
	3426914703
	3426914704
	3426914705
	3426914706
	3426914707
	3426914708
	3426914709
	3426914710
	3426914711
	3426914712
	3426914713
	3426914714
	3426914715
	3426914716
	3426914717
	3426914718
	3426914719
	3426914720
	3426914721
	3426914722
	3426914723
	3426914724
	3426914725
	3426914726
	3426914727
	3426914728
	3426914729
	3426914730
	3426914731
	3426914732
	3426914733
	3426914734
	3426914735
	3426914736
	3426914737
	3426914738
	3426914739
	3426914740
	3426914741
	3426914742
	3426914743
	3426914744
	3426914745
	3426914746
	3426914747
	3426914748
	3426914749
	3426914750
	3426914751
	3426914752
	3426914753
	3426914754
	3426914755
	3426914756
	3426914757
	3426914758
	3426914759
	3426914760
	3426914761
	3426914762
	3426914763
	3426914764
	3426914765
	3426914766
	3426914767
	3426914768
	3426914769
	3426914770
	3426914771
	3426914772
	3426914773
	3426914774
	3426914775
	3426914776
	3426914777
	3426914778
	3426914779
	3426914780
	3426914781
	3426914782
	3426914783
	3426914784
	3426914785
	3426914786
	3426914787
	3426914788
	3426914789
	3426914790
	3426914791
	3426914792
	3426914793
	3426914794
	3426914795
	3426914796
	3426914797
	3426914798
	3426914799
	3426914800
	3426914801
	3426914802
	3426914803
	3426914804
	3426914805
	3426914806
	3426914807
	3426914808
	3426914809
	3426914810
	3426914811
	3426914812
	3426914813
	3426914814
	3426914815
	3426914816
	3426914817
	3426914818
	3426914819
	3426914820
	3426914821
	3426914822
	3426914823
	3426914824
	3426914825
	3426914826
	3426914827
	3426914828
	3426914829
	3426914830
	3426914831
	3426914832
	3426914833
	3426914834
	3426914835
	3426914836
	3426914837
	3426914838
	3426914839
	3426914840
	3426914841
	3426914842
	3426914843
	3426914844
	3426914845
	3426914846
	3426914847
	3426914848
	3426914849
	3426914850
	3426914851
	3426914852
	3426914853
	3426914854
	3426914855
	3426914856
	3426914857
	3426914858
	3426914859
	3426914860
	3426914861
	3426914862
	3426914863
	3426914864
	3426914865
	3426914866
	3426914867
	3426914868
	3426914869
	3426914870
	3426914871
	3426914872
	3426914873
	3426914874
	3426914875
	3426914876
	3426914877
	3426914878
	3426914879
	3426914880
	3426914881
	3426914882
	3426914883
	3426914884
	3426914885
	3426914886
	3426914887
	3426914888
	3426914889
	3426914890
	3426914891
	3426914892
	3426914893
	3426914894
	3426914895
	3426914896
	3426914897
	3426914898
	3426914899
	3426914900
	3426914901
	3426914902
	3426914903
	3426914904
	3426914905
	3426914906
	3426914907
	3426914908
	3426914909
	3426914910
	3426914911
	3426914912
	3426914913
	3426914914
	3426914915
	3426914916
	3426914917
	3426914918
	3426914919
	3426914920
	3426914921
	3426914922
	3426914923
	3426914924
	3426914925
	3426914926
	3426914927
	3426914928
	3426914929
	3426914930
	3426914931
	3426914932
	3426914933
	3426914934
	3426914935
	3426914936
	3426914937
	3426914938
	3426914939
	3426914940
	3426914941
	3426914942
	3426914943
	3426914944
	3426914945
	3426914946
	3426914947
	3426914948
	3426914949
	3426914950
	3426914951
	3426914952
	3426914953
	3426914954
	3426914955
	3426914956
	3426914957
	3426914958
	3426914959
	3426914960
	3426914961
	3426914962
	3426914963
	3426914964
	3426914965
	3426914966
	3426914967
	3426914968
	3426914969
	3426914970
	3426914971
	3426914972
	3426914973
	3426914974
	3426914975
	3426914976
	3426914977
	3426914978
	3426914979
	3426914980
	3426914981
	3426914982
	3426914983
	3426914984
	3426914985
	3426914986
	3426914987
	3426914988
	3426914989
	3426914990
	3426914991
	3426914992
	3426914993
	3426914994
	3426914995
	3426914996
	3426914997
	3426914998
	3426914999
	3426915000
	3426915001
	3426915002
	3426915003
	3426915004
	3426915005
	3426915006
	3426915007
	3426915008
	3426915009
	3426915010
	3426915011
	3426915012
	3426915013
	3426915014
	3426915015
	3426915016
	3426915017
	3426915018
	3426915019
	3426915020
	3426915021
	3426915022
	3426915023
	3426915024
	3426915025
	3426915026
	3426915027
	3426915028
	3426915029
	3426915030
	3426915031
	3426915032
	3426915033
	3426915034
	3426915035
	3426915036
	3426915037
	3426915038
	3426915039
	3426915040
	3426915041
	3426915042
	3426915043
	3426915044
	3426915045
	3426915046
	3426915047
	3426915048
	3426915049
	3426915050
	3426915051
	3426915052
	3426915053
	3426915054
	3426915055
	3426915056
	3426915057
	3426915058
	3426915059
	3426915060
	3426915061
	3426915062
	3426915063
	3426915064
	3426915065
	3426915066
	3426915067
	3426915068
	3426915069
	3426915070
	3426915071
	3426915072
	3426915073
	3426915074
	3426915075
	3426915076
	3426915077
	3426915078
	3426915079
	3426915080
	3426915081
	3426915082
	3426915083
	3426915084
	3426915085
	3426915086
	3426915087
	3426915088
	3426915089
	3426915090
	3426915091
	3426915092
	3426915093
	3426915094
	3426915095
	3426915096
	3426915097
	3426915098
	3426915099
	3426915100
	3426915101
	3426915102
	3426915103
	3426915104
	3426915105
	3426915106
	3426915107
	3426915108
	3426915109
	3426915110
	3426915111
	3426915112
	3426915113
	3426915114
	3426915115
	3426915116
	3426915117
	3426915118
	3426915119
	3426915120
	3426915121
	3426915122
	3426915123
	3426915124
	3426915125
	3426915126
	3426915127
	3426915128
	3426915129
	3426915130
	3426915131
	3426915132
	3426915133
	3426915134
	3426915135
	3426915136
	3426915137
	3426915138
	3426915139
	3426915140
	3426915141
	3426915142
	3426915143
	3426915144
	3426915145
	3426915146
	3426915147
	3426915148
	3426915149
	3426915150
	3426915151
	3426915152
	3426915153
	3426915154
	3426915155
	3426915156
	3426915157
	3426915158
	3426915159
	3426915160
	3426915161
	3426915162
	3426915163
	3426915164
	3426915165
	3426915166
	3426915167
	3426915168
	3426915169
	3426915170
	3426915171
	3426915172
	3426915173
	3426915174
	3426915175
	3426915176
	3426915177
	3426915178
	3426915179
	3426915180
	3426915181
	3426915182
	3426915183
	3426915184
	3426915185
	3426915186
	3426915187
	3426915188
	3426915189
	3426915190
	3426915191
	3426915192
	3426915193
	3426915194
	3426915195
	3426915196
	3426915197
	3426915198
	3426915199
	3426915200
	3426915201
	3426915202
	3426915203
	3426915204
	3426915205
	3426915206
	3426915207
	3426915208
	3426915209
	3426915210
	3426915211
	3426915212
	3426915213
	3426915214
	3426915215
	3426915216
	3426915217
	3426915218
	3426915219
	3426915220
	3426915221
	3426915222
	3426915223
	3426915224
	3426915225
	3426915226
	3426915227
	3426915228
	3426915229
	3426915230
	3426915231
	3426915232
	3426915233
	3426915234
	3426915235
	3426915236
	3426915237
	3426915238
	3426915239
	3426915240
	3426915241
	3426915242
	3426915243
	3426915244
	3426915245
	3426915246
	3426915247
	3426915248
	3426915249
	3426915250
	3426915251
	3426915252
	3426915253
	3426915254
	3426915255
	3426915256
	3426915257
	3426915258
	3426915259
	3426915260
	3426915261
	3426915262
	3426915263
	3426915264
	3426915265
	3426915266
	3426915267
	3426915268
	3426915269
	3426915270
	3426915271
	3426915272
	3426915273
	3426915274
	3426915275
	3426915276
	3426915277
	3426915278
	3426915279
	3426915280
	3426915281
	3426915282
	3426915283
	3426915284
	3426915285
	3426915286
	3426915287
	3426915288
	3426915289
	3426915290
	3426915291
	3426915292
	3426915293
	3426915294
	3426915295
	3426915296
	3426915297
	3426915298
	3426915299
	3426915300
	3426915301
	3426915302
	3426915303
	3426915304
	3426915305
	3426915306
	3426915307
	3426915308
	3426915309
	3426915310
	3426915311
	3426915312
	3426915313
	3426915314
	3426915315
	3426915316
	3426915317
	3426915318
	3426915319
	3426915320
	3426915321
	3426915322
	3426915323
	3426915324
	3426915325
	3426915326
	3426915327
	3426915328
	3426915329
	3426915330
	3426915331
	3426915332
	3426915333
	3426915334
	3426915335
	3426915336
	3426915337
	3426915338
	3426915339
	3426915340
	3426915341
	3426915342
	3426915343
	3426915344
	3426915345
	3426915346
	3426915347
	3426915348
	3426915349
	3426915350
	3426915351
	3426915352
	3426915353
	3426915354
	3426915355
	3426915356
	3426915357
	3426915358
	3426915359
	3426915360
	3426915361
	3426915362
	3426915363
	3426915364
	3426915365
	3426915366
	3426915367
	3426915368
	3426915369
	3426915370
	3426915371
	3426915372
	3426915373
	3426915374
	3426915375
	3426915376
	3426915377
	3426915378
	3426915379
	3426915380
	3426915381
	3426915382
	3426915383
	3426915384
	3426915385
	3426915386
	3426915387
	3426915388
	3426915389
	3426915390
	3426915391
	3426915392
	3426915393
	3426915394
	3426915395
	3426915396
	3426915397
	3426915398
	3426915399
	3426915400
	3426915401
	3426915402
	3426915403
	3426915404
	3426915405
	3426915406
	3426915407
	3426915408
	3426915409
	3426915410
	3426915411
	3426915412
	3426915413
	3426915414
	3426915415
	3426915416
	3426915417
	3426915418
	3426915419
	3426915420
	3426915421
	3426915422
	3426915423
	3426915424
	3426915425
	3426915426
	3426915427
	3426915428
	3426915429
	3426915430
	3426915431
	3426915432
	3426915433
	3426915434
	3426915435
	3426915436
	3426915437
	3426915438
	3426915439
	3426915440
	3426915441
	3426915442
	3426915443
	3426915444
	3426915445
	3426915446
	3426915447
	3426915448
	3426915449
	3426915450
	3426915451
	3426915452
	3426915453
	3426915454
	3426915455
	3426915456
	3426915457
	3426915458
	3426915459
	3426915460
	3426915461
	3426915462
	3426915463
	3426915464
	3426915465
	3426915466
	3426915467
	3426915468
	3426915469
	3426915470
	3426915471
	3426915472
	3426915473
	3426915474
	3426915475
	3426915476
	3426915477
	3426915478
	3426915479
	3426915480
	3426915481
	3426915482
	3426915483
	3426915484
	3426915485
	3426915486
	3426915487
	3426915488
	3426915489
	3426915490
	3426915491
	3426915492
	3426915493
	3426915494
	3426915495
	3426915496
	3426915497
	3426915498
	3426915499
	3426915500
	3426915501
	3426915502
	3426915503
	3426915504
	3426915505
	3426915506
	3426915507
	3426915508
	3426915509
	3426915510
	3426915511
	3426915512
	3426915513
	3426915514
	3426915515
	3426915516
	3426915517
	3426915518
	3426915519
	3426915520
	3426915521
	3426915522
	3426915523
	3426915524
	3426915525
	3426915526
	3426915527
	3426915528
	3426915529
	3426915530
	3426915531
	3426915532
	3426915533
	3426915534
	3426915535
	3426915536
	3426915537
	3426915538
	3426915539
	3426915540
	3426915541
	3426915542
	3426915543
	3426915544
	3426915545
	3426915546
	3426915547
	3426915548
	3426915549
	3426915550
	3426915551
	3426915552
	3426915553
	3426915554
	3426915555
	3426915556
	3426915557
	3426915558
	3426915559
	3426915560
	3426915561
	3426915562
	3426915563
	3426915564
	3426915565
	3426915566
	3426915567
	3426915568
	3426915569
	3426915570
	3426915571
	3426915572
	3426915573
	3426915574
	3426915575
	3426915576
	3426915577
	3426915578
	3426915579
	3426915580
	3426915581
	3426915582
	3426915583
	3426915584
	3426915585
	3426915586
	3426915587
	3426915588
	3426915589
	3426915590
	3426915591
	3426915592
	3426915593
	3426915594
	3426915595
	3426915596
	3426915597
	3426915598
	3426915599
	3426915600
	3426915601
	3426915602
	3426915603
	3426915604
	3426915605
	3426915606
	3426915607
	3426915608
	3426915609
	3426915610
	3426915611
	3426915612
	3426915613
	3426915614
	3426915615
	3426915616
	3426915617
	3426915618
	3426915619
	3426915620
	3426915621
	3426915622
	3426915623
	3426915624
	3426915625
	3426915626
	3426915627
	3426915628
	3426915629
	3426915630
	3426915631
	3426915632
	3426915633
	3426915634
	3426915635
	3426915636
	3426915637
	3426915638
	3426915639
	3426915640
	3426915641
	3426915642
	3426915643
	3426915644
	3426915645
	3426915646
	3426915647
	3426915648
	3426915649
	3426915650
	3426915651
	3426915652
	3426915653
	3426915654
	3426915655
	3426915656
	3426915657
	3426915658
	3426915659
	3426915660
	3426915661
	3426915662
	3426915663
	3426915664
	3426915665
	3426915666
	3426915667
	3426915668
	3426915669
	3426915670
	3426915671
	3426915672
	3426915673
	3426915674
	3426915675
	3426915676
	3426915677
	3426915678
	3426915679
	3426915680
	3426915681
	3426915682
	3426915683
	3426915684
	3426915685
	3426915686
	3426915687
	3426915688
	3426915689
	3426915690
	3426915691
	3426915692
	3426915693
	3426915694
	3426915695
	3426915696
	3426915697
	3426915698
	3426915699
	3426915700
	3426915701
	3426915702
	3426915703
	3426915704
	3426915705
	3426915706
	3426915707
	3426915708
	3426915709
	3426915710
	3426915711
	3426915712
	3426915713
	3426915714
	3426915715
	3426915716
	3426915717
	3426915718
	3426915719
	3426915720
	3426915721
	3426915722
	3426915723
	3426915724
	3426915725
	3426915726
	3426915727
	3426915728
	3426915729
	3426915730
	3426915731
	3426915732
	3426915733
	3426915734
	3426915735
	3426915736
	3426915737
	3426915738
	3426915739
	3426915740
	3426915741
	3426915742
	3426915743
	3426915744
	3426915745
	3426915746
	3426915747
	3426915748
	3426915749
	3426915750
	3426915751
	3426915752
	3426915753
	3426915754
	3426915755
	3426915756
	3426915757
	3426915758
	3426915759
	3426915760
	3426915761
	3426915762
	3426915763
	3426915764
	3426915765
	3426915766
	3426915767
	3426915768
	3426915769
	3426915770
	3426915771
	3426915772
	3426915773
	3426915774
	3426915775
	3426915776
	3426915777
	3426915778
	3426915779
	3426915780
	3426915781
	3426915782
	3426915783
	3426915784
	3426915785
	3426915786
	3426915787
	3426915788
	3426915789
	3426915790
	3426915791
	3426915792
	3426915793
	3426915794
	3426915795
	3426915796
	3426915797
	3426915798
	3426915799
	3426915800
	3426915801
	3426915802
	3426915803
	3426915804
	3426915805
	3426915806
	3426915807
	3426915808
	3426915809
	3426915810
	3426915811
	3426915812
	3426915813
	3426915814
	3426915815
	3426915816
	3426915817
	3426915818
	3426915819
	3426915820
	3426915821
	3426915822
	3426915823
	3426915824
	3426915825
	3426915826
	3426915827
	3426915828
	3426915829
	3426915830
	3426915831
	3426915832
	3426915833
	3426915834
	3426915835
	3426915836
	3426915837
	3426915838
	3426915839
	3426915840
	3426915841
	3426915842
	3426915843
	3426915844
	3426915845
	3426915846
	3426915847
	3426915848
	3426915849
	3426915850
	3426915851
	3426915852
	3426915853
	3426915854
	3426915855
	3426915856
	3426915857
	3426915858
	3426915859
	3426915860
	3426915861
	3426915862
	3426915863
	3426915864
	3426915865
	3426915866
	3426915867
	3426915868
	3426915869
	3426915870
	3426915871
	3426915872
	3426915873
	3426915874
	3426915875
	3426915876
	3426915877
	3426915878
	3426915879
	3426915880
	3426915881
	3426915882
	3426915883
	3426915884
	3426915885
	3426915886
	3426915887
	3426915888
	3426915889
	3426915890
	3426915891
	3426915892
	3426915893
	3426915894
	3426915895
	3426915896
	3426915897
	3426915898
	3426915899
	3426915900
	3426915901
	3426915902
	3426915903
	3426915904
	3426915905
	3426915906
	3426915907
	3426915908
	3426915909
	3426915910
	3426915911
	3426915912
	3426915913
	3426915914
	3426915915
	3426915916
	3426915917
	3426915918
	3426915919
	3426915920
	3426915921
	3426915922
	3426915923
	3426915924
	3426915925
	3426915926
	3426915927
	3426915928
	3426915929
	3426915930
	3426915931
	3426915932
	3426915933
	3426915934
	3426915935
	3426915936
	3426915937
	3426915938
	3426915939
	3426915940
	3426915941
	3426915942
	3426915943
	3426915944
	3426915945
	3426915946
	3426915947
	3426915948
	3426915949
	3426915950
	3426915951
	3426915952
	3426915953
	3426915954
	3426915955
	3426915956
	3426915957
	3426915958
	3426915959
	3426915960
	3426915961
	3426915962
	3426915963
	3426915964
	3426915965
	3426915966
	3426915967
	3426915968
	3426915969
	3426915970
	3426915971
	3426915972
	3426915973
	3426915974
	3426915975
	3426915976
	3426915977
	3426915978
	3426915979
	3426915980
	3426915981
	3426915982
	3426915983
	3426915984
	3426915985
	3426915986
	3426915987
	3426915988
	3426915989
	3426915990
	3426915991
	3426915992
	3426915993
	3426915994
	3426915995
	3426915996
	3426915997
	3426915998
	3426915999
	3426916000
	3426916001
	3426916002
	3426916003
	3426916004
	3426916005
	3426916006
	3426916007
	3426916008
	3426916009
	3426916010
	3426916011
	3426916012
	3426916013
	3426916014
	3426916015
	3426916016
	3426916017
	3426916018
	3426916019
	3426916020
	3426916021
	3426916022
	3426916023
	3426916024
	3426916025
	3426916026
	3426916027
	3426916028
	3426916029
	3426916030
	3426916031
	3426916032
	3426916033
	3426916034
	3426916035
	3426916036
	3426916037
	3426916038
	3426916039
	3426916040
	3426916041
	3426916042
	3426916043
	3426916044
	3426916045
	3426916046
	3426916047
	3426916048
	3426916049
	3426916050
	3426916051
	3426916052
	3426916053
	3426916054
	3426916055
	3426916056
	3426916057
	3426916058
	3426916059
	3426916060
	3426916061
	3426916062
	3426916063
	3426916064
	3426916065
	3426916066
	3426916067
	3426916068
	3426916069
	3426916070
	3426916071
	3426916072
	3426916073
	3426916074
	3426916075
	3426916076
	3426916077
	3426916078
	3426916079
	3426916080
	3426916081
	3426916082
	3426916083
	3426916084
	3426916085
	3426916086
	3426916087
	3426916088
	3426916089
	3426916090
	3426916091
	3426916092
	3426916093
	3426916094
	3426916095
	3426916096
	3426916097
	3426916098
	3426916099
	3426916100
	3426916101
	3426916102
	3426916103
	3426916104
	3426916105
	3426916106
	3426916107
	3426916108
	3426916109
	3426916110
	3426916111
	3426916112
	3426916113
	3426916114
	3426916115
	3426916116
	3426916117
	3426916118
	3426916119
	3426916120
	3426916121
	3426916122
	3426916123
	3426916124
	3426916125
	3426916126
	3426916127
	3426916128
	3426916129
	3426916130
	3426916131
	3426916132
	3426916133
	3426916134
	3426916135
	3426916136
	3426916137
	3426916138
	3426916139
	3426916140
	3426916141
	3426916142
	3426916143
	3426916144
	3426916145
	3426916146
	3426916147
	3426916148
	3426916149
	3426916150
	3426916151
	3426916152
	3426916153
	3426916154
	3426916155
	3426916156
	3426916157
	3426916158
	3426916159
	3426916160
	3426916161
	3426916162
	3426916163
	3426916164
	3426916165
	3426916166
	3426916167
	3426916168
	3426916169
	3426916170
	3426916171
	3426916172
	3426916173
	3426916174
	3426916175
	3426916176
	3426916177
	3426916178
	3426916179
	3426916180
	3426916181
	3426916182
	3426916183
	3426916184
	3426916185
	3426916186
	3426916187
	3426916188
	3426916189
	3426916190
	3426916191
	3426916192
	3426916193
	3426916194
	3426916195
	3426916196
	3426916197
	3426916198
	3426916199
	3426916200
	3426916201
	3426916202
	3426916203
	3426916204
	3426916205
	3426916206
	3426916207
	3426916208
	3426916209
	3426916210
	3426916211
	3426916212
	3426916213
	3426916214
	3426916215
	3426916216
	3426916217
	3426916218
	3426916219
	3426916220
	3426916221
	3426916222
	3426916223
	3426916224
	3426916225
	3426916226
	3426916227
	3426916228
	3426916229
	3426916230
	3426916231
	3426916232
	3426916233
	3426916234
	3426916235
	3426916236
	3426916237
	3426916238
	3426916239
	3426916240
	3426916241
	3426916242
	3426916243
	3426916244
	3426916245
	3426916246
	3426916247
	3426916248
	3426916249
	3426916250
	3426916251
	3426916252
	3426916253
	3426916254
	3426916255
	3426916256
	3426916257
	3426916258
	3426916259
	3426916260
	3426916261
	3426916262
	3426916263
	3426916264
	3426916265
	3426916266
	3426916267
	3426916268
	3426916269
	3426916270
	3426916271
	3426916272
	3426916273
	3426916274
	3426916275
	3426916276
	3426916277
	3426916278
	3426916279
	3426916280
	3426916281
	3426916282
	3426916283
	3426916284
	3426916285
	3426916286
	3426916287
	3426916288
	3426916289
	3426916290
	3426916291
	3426916292
	3426916293
	3426916294
	3426916295
	3426916296
	3426916297
	3426916298
	3426916299
	3426916300
	3426916301
	3426916302
	3426916303
	3426916304
	3426916305
	3426916306
	3426916307
	3426916308
	3426916309
	3426916310
	3426916311
	3426916312
	3426916313
	3426916314
	3426916315
	3426916316
	3426916317
	3426916318
	3426916319
	3426916320
	3426916321
	3426916322
	3426916323
	3426916324
	3426916325
	3426916326
	3426916327
	3426916328
	3426916329
	3426916330
	3426916331
	3426916332
	3426916333
	3426916334
	3426916335
	3426916336
	3426916337
	3426916338
	3426916339
	3426916340
	3426916341
	3426916342
	3426916343
	3426916344
	3426916345
	3426916346
	3426916347
	3426916348
	3426916349
	3426916350
	3426916351
	3426916352
	3426916353
	3426916354
	3426916355
	3426916356
	3426916357
	3426916358
	3426916359
	3426916360
	3426916361
	3426916362
	3426916363
	3426916364
	3426916365
	3426916366
	3426916367
	3426916368
	3426916369
	3426916370
	3426916371
	3426916372
	3426916373
	3426916374
	3426916375
	3426916376
	3426916377
	3426916378
	3426916379
	3426916380
	3426916381
	3426916382
	3426916383
	3426916384
	3426916385
	3426916386
	3426916387
	3426916388
	3426916389
	3426916390
	3426916391
	3426916392
	3426916393
	3426916394
	3426916395
	3426916396
	3426916397
	3426916398
	3426916399
	3426916400
	3426916401
	3426916402
	3426916403
	3426916404
	3426916405
	3426916406
	3426916407
	3426916408
	3426916409
	3426916410
	3426916411
	3426916412
	3426916413
	3426916414
	3426916415
	3426916416
	3426916417
	3426916418
	3426916419
	3426916420
	3426916421
	3426916422
	3426916423
	3426916424
	3426916425
	3426916426
	3426916427
	3426916428
	3426916429
	3426916430
	3426916431
	3426916432
	3426916433
	3426916434
	3426916435
	3426916436
	3426916437
	3426916438
	3426916439
	3426916440
	3426916441
	3426916442
	3426916443
	3426916444
	3426916445
	3426916446
	3426916447
	3426916448
	3426916449
	3426916450
	3426916451
	3426916452
	3426916453
	3426916454
	3426916455
	3426916456
	3426916457
	3426916458
	3426916459
	3426916460
	3426916461
	3426916462
	3426916463
	3426916464
	3426916465
	3426916466
	3426916467
	3426916468
	3426916469
	3426916470
	3426916471
	3426916472
	3426916473
	3426916474
	3426916475
	3426916476
	3426916477
	3426916478
	3426916479
	3426916480
	3426916481
	3426916482
	3426916483
	3426916484
	3426916485
	3426916486
	3426916487
	3426916488
	3426916489
	3426916490
	3426916491
	3426916492
	3426916493
	3426916494
	3426916495
	3426916496
	3426916497
	3426916498
	3426916499
	3426916500
	3426916501
	3426916502
	3426916503
	3426916504
	3426916505
	3426916506
	3426916507
	3426916508
	3426916509
	3426916510
	3426916511
	3426916512
	3426916513
	3426916514
	3426916515
	3426916516
	3426916517
	3426916518
	3426916519
	3426916520
	3426916521
	3426916522
	3426916523
	3426916524
	3426916525
	3426916526
	3426916527
	3426916528
	3426916529
	3426916530
	3426916531
	3426916532
	3426916533
	3426916534
	3426916535
	3426916536
	3426916537
	3426916538
	3426916539
	3426916540
	3426916541
	3426916542
	3426916543
	3426916544
	3426916545
	3426916546
	3426916547
	3426916548
	3426916549
	3426916550
	3426916551
	3426916552
	3426916553
	3426916554
	3426916555
	3426916556
	3426916557
	3426916558
	3426916559
	3426916560
	3426916561
	3426916562
	3426916563
	3426916564
	3426916565
	3426916566
	3426916567
	3426916568
	3426916569
	3426916570
	3426916571
	3426916572
	3426916573
	3426916574
	3426916575
	3426916576
	3426916577
	3426916578
	3426916579
	3426916580
	3426916581
	3426916582
	3426916583
	3426916584
	3426916585
	3426916586
	3426916587
	3426916588
	3426916589
	3426916590
	3426916591
	3426916592
	3426916593
	3426916594
	3426916595
	3426916596
	3426916597
	3426916598
	3426916599
	3426916600
	3426916601
	3426916602
	3426916603
	3426916604
	3426916605
	3426916606
	3426916607
	3426916608
	3426916609
	3426916610
	3426916611
	3426916612
	3426916613
	3426916614
	3426916615
	3426916616
	3426916617
	3426916618
	3426916619
	3426916620
	3426916621
	3426916622
	3426916623
	3426916624
	3426916625
	3426916626
	3426916627
	3426916628
	3426916629
	3426916630
	3426916631
	3426916632
	3426916633
	3426916634
	3426916635
	3426916636
	3426916637
	3426916638
	3426916639
	3426916640
	3426916641
	3426916642
	3426916643
	3426916644
	3426916645
	3426916646
	3426916647
	3426916648
	3426916649
	3426916650
	3426916651
	3426916652
	3426916653
	3426916654
	3426916655
	3426916656
	3426916657
	3426916658
	3426916659
	3426916660
	3426916661
	3426916662
	3426916663
	3426916664
	3426916665
	3426916666
	3426916667
	3426916668
	3426916669
	3426916670
	3426916671
	3426916672
	3426916673
	3426916674
	3426916675
	3426916676
	3426916677
	3426916678
	3426916679
	3426916680
	3426916681
	3426916682
	3426916683
	3426916684
	3426916685
	3426916686
	3426916687
	3426916688
	3426916689
	3426916690
	3426916691
	3426916692
	3426916693
	3426916694
	3426916695
	3426916696
	3426916697
	3426916698
	3426916699
	3426916700
	3426916701
	3426916702
	3426916703
	3426916704
	3426916705
	3426916706
	3426916707
	3426916708
	3426916709
	3426916710
	3426916711
	3426916712
	3426916713
	3426916714
	3426916715
	3426916716
	3426916717
	3426916718
	3426916719
	3426916720
	3426916721
	3426916722
	3426916723
	3426916724
	3426916725
	3426916726
	3426916727
	3426916728
	3426916729
	3426916730
	3426916731
	3426916732
	3426916733
	3426916734
	3426916735
	3426916736
	3426916737
	3426916738
	3426916739
	3426916740
	3426916741
	3426916742
	3426916743
	3426916744
	3426916745
	3426916746
	3426916747
	3426916748
	3426916749
	3426916750
	3426916751
	3426916752
	3426916753
	3426916754
	3426916755
	3426916756
	3426916757
	3426916758
	3426916759
	3426916760
	3426916761
	3426916762
	3426916763
	3426916764
	3426916765
	3426916766
	3426916767
	3426916768
	3426916769
	3426916770
	3426916771
	3426916772
	3426916773
	3426916774
	3426916775
	3426916776
	3426916777
	3426916778
	3426916779
	3426916780
	3426916781
	3426916782
	3426916783
	3426916784
	3426916785
	3426916786
	3426916787
	3426916788
	3426916789
	3426916790
	3426916791
	3426916792
	3426916793
	3426916794
	3426916795
	3426916796
	3426916797
	3426916798
	3426916799
	3426916800
	3426916801
	3426916802
	3426916803
	3426916804
	3426916805
	3426916806
	3426916807
	3426916808
	3426916809
	3426916810
	3426916811
	3426916812
	3426916813
	3426916814
	3426916815
	3426916816
	3426916817
	3426916818
	3426916819
	3426916820
	3426916821
	3426916822
	3426916823
	3426916824
	3426916825
	3426916826
	3426916827
	3426916828
	3426916829
	3426916830
	3426916831
	3426916832
	3426916833
	3426916834
	3426916835
	3426916836
	3426916837
	3426916838
	3426916839
	3426916840
	3426916841
	3426916842
	3426916843
	3426916844
	3426916845
	3426916846
	3426916847
	3426916848
	3426916849
	3426916850
	3426916851
	3426916852
	3426916853
	3426916854
	3426916855
	3426916856
	3426916857
	3426916858
	3426916859
	3426916860
	3426916861
	3426916862
	3426916863
	3426916864
	3426916865
	3426916866
	3426916867
	3426916868
	3426916869
	3426916870
	3426916871
	3426916872
	3426916873
	3426916874
	3426916875
	3426916876
	3426916877
	3426916878
	3426916879
	3426916880
	3426916881
	3426916882
	3426916883
	3426916884
	3426916885
	3426916886
	3426916887
	3426916888
	3426916889
	3426916890
	3426916891
	3426916892
	3426916893
	3426916894
	3426916895
	3426916896
	3426916897
	3426916898
	3426916899
	3426916900
	3426916901
	3426916902
	3426916903
	3426916904
	3426916905
	3426916906
	3426916907
	3426916908
	3426916909
	3426916910
	3426916911
	3426916912
	3426916913
	3426916914
	3426916915
	3426916916
	3426916917
	3426916918
	3426916919
	3426916920
	3426916921
	3426916922
	3426916923
	3426916924
	3426916925
	3426916926
	3426916927
	3426916928
	3426916929
	3426916930
	3426916931
	3426916932
	3426916933
	3426916934
	3426916935
	3426916936
	3426916937
	3426916938
	3426916939
	3426916940
	3426916941
	3426916942
	3426916943
	3426916944
	3426916945
	3426916946
	3426916947
	3426916948
	3426916949
	3426916950
	3426916951
	3426916952
	3426916953
	3426916954
	3426916955
	3426916956
	3426916957
	3426916958
	3426916959
	3426916960
	3426916961
	3426916962
	3426916963
	3426916964
	3426916965
	3426916966
	3426916967
	3426916968
	3426916969
	3426916970
	3426916971
	3426916972
	3426916973
	3426916974
	3426916975
	3426916976
	3426916977
	3426916978
	3426916979
	3426916980
	3426916981
	3426916982
	3426916983
	3426916984
	3426916985
	3426916986
	3426916987
	3426916988
	3426916989
	3426916990
	3426916991
	3426916992
	3426916993
	3426916994
	3426916995
	3426916996
	3426916997
	3426916998
	3426916999
	3426917000
	3426917001
	3426917002
	3426917003
	3426917004
	3426917005
	3426917006
	3426917007
	3426917008
	3426917009
	3426917010
	3426917011
	3426917012
	3426917013
	3426917014
	3426917015
	3426917016
	3426917017
	3426917018
	3426917019
	3426917020
	3426917021
	3426917022
	3426917023
	3426917024
	3426917025
	3426917026
	3426917027
	3426917028
	3426917029
	3426917030
	3426917031
	3426917032
	3426917033
	3426917034
	3426917035
	3426917036
	3426917037
	3426917038
	3426917039
	3426917040
	3426917041
	3426917042
	3426917043
	3426917044
	3426917045
	3426917046
	3426917047
	3426917048
	3426917049
	3426917050
	3426917051
	3426917052
	3426917053
	3426917054
	3426917055
	3426917056
	3426917057
	3426917058
	3426917059
	3426917060
	3426917061
	3426917062
	3426917063
	3426917064
	3426917065
	3426917066
	3426917067
	3426917068
	3426917069
	3426917070
	3426917071
	3426917072
	3426917073
	3426917074
	3426917075
	3426917076
	3426917077
	3426917078
	3426917079
	3426917080
	3426917081
	3426917082
	3426917083
	3426917084
	3426917085
	3426917086
	3426917087
	3426917088
	3426917089
	3426917090
	3426917091
	3426917092
	3426917093
	3426917094
	3426917095
	3426917096
	3426917097
	3426917098
	3426917099
	3426917100
	3426917101
	3426917102
	3426917103
	3426917104
	3426917105
	3426917106
	3426917107
	3426917108
	3426917109
	3426917110
	3426917111
	3426917112
	3426917113
	3426917114
	3426917115
	3426917116
	3426917117
	3426917118
	3426917119
	3426917120
	3426917121
	3426917122
	3426917123
	3426917124
	3426917125
	3426917126
	3426917127
	3426917128
	3426917129
	3426917130
	3426917131
	3426917132
	3426917133
	3426917134
	3426917135
	3426917136
	3426917137
	3426917138
	3426917139
	3426917140
	3426917141
	3426917142
	3426917143
	3426917144
	3426917145
	3426917146
	3426917147
	3426917148
	3426917149
	3426917150
	3426917151
	3426917152
	3426917153
	3426917154
	3426917155
	3426917156
	3426917157
	3426917158
	3426917159
	3426917160
	3426917161
	3426917162
	3426917163
	3426917164
	3426917165
	3426917166
	3426917167
	3426917168
	3426917169
	3426917170
	3426917171
	3426917172
	3426917173
	3426917174
	3426917175
	3426917176
	3426917177
	3426917178
	3426917179
	3426917180
	3426917181
	3426917182
	3426917183
	3426917184
	3426917185
	3426917186
	3426917187
	3426917188
	3426917189
	3426917190
	3426917191
	3426917192
	3426917193
	3426917194
	3426917195
	3426917196
	3426917197
	3426917198
	3426917199
	3426917200
	3426917201
	3426917202
	3426917203
	3426917204
	3426917205
	3426917206
	3426917207
	3426917208
	3426917209
	3426917210
	3426917211
	3426917212
	3426917213
	3426917214
	3426917215
	3426917216
	3426917217
	3426917218
	3426917219
	3426917220
	3426917221
	3426917222
	3426917223
	3426917224
	3426917225
	3426917226
	3426917227
	3426917228
	3426917229
	3426917230
	3426917231
	3426917232
	3426917233
	3426917234
	3426917235
	3426917236
	3426917237
	3426917238
	3426917239
	3426917240
	3426917241
	3426917242
	3426917243
	3426917244
	3426917245
	3426917246
	3426917247
	3426917248
	3426917249
	3426917250
	3426917251
	3426917252
	3426917253
	3426917254
	3426917255
	3426917256
	3426917257
	3426917258
	3426917259
	3426917260
	3426917261
	3426917262
	3426917263
	3426917264
	3426917265
	3426917266
	3426917267
	3426917268
	3426917269
	3426917270
	3426917271
	3426917272
	3426917273
	3426917274
	3426917275
	3426917276
	3426917277
	3426917278
	3426917279
	3426917280
	3426917281
	3426917282
	3426917283
	3426917284
	3426917285
	3426917286
	3426917287
	3426917288
	3426917289
	3426917290
