	3426532261
	3426532262
	3426532263
	3426532264
	3426532265
	3426532266
	3426532267
	3426532268
	3426532269
	3426532270
	3426532271
	3426532272
	3426532273
	3426532274
	3426532275
	3426532276
	3426532277
	3426532278
	3426532279
	3426532280
	3426532281
	3426532282
	3426532283
	3426532284
	3426532285
	3426532286
	3426532287
	3426532288
	3426532289
	3426532290
	3426532291
	3426532292
	3426532293
	3426532294
	3426532295
	3426532296
	3426532297
	3426532298
	3426532299
	3426532300
	3426532301
	3426532302
	3426532303
	3426532304
	3426532305
	3426532306
	3426532307
	3426532308
	3426532309
	3426532310
	3426532311
	3426532312
	3426532313
	3426532314
	3426532315
	3426532316
	3426532317
	3426532318
	3426532319
	3426532320
	3426532321
	3426532322
	3426532323
	3426532324
	3426532325
	3426532326
	3426532327
	3426532328
	3426532329
	3426532330
	3426532331
	3426532332
	3426532333
	3426532334
	3426532335
	3426532336
	3426532337
	3426532338
	3426532339
	3426532340
	3426532341
	3426532342
	3426532343
	3426532344
	3426532345
	3426532346
	3426532347
	3426532348
	3426532349
	3426532350
	3426532351
	3426532352
	3426532353
	3426532354
	3426532355
	3426532356
	3426532357
	3426532358
	3426532359
	3426532360
	3426532361
	3426532362
	3426532363
	3426532364
	3426532365
	3426532366
	3426532367
	3426532368
	3426532369
	3426532370
	3426532371
	3426532372
	3426532373
	3426532374
	3426532375
	3426532376
	3426532377
	3426532378
	3426532379
	3426532380
	3426532381
	3426532382
	3426532383
	3426532384
	3426532385
	3426532386
	3426532387
	3426532388
	3426532389
	3426532390
	3426532391
	3426532392
	3426532393
	3426532394
	3426532395
	3426532396
	3426532397
	3426532398
	3426532399
	3426532400
	3426532401
	3426532402
	3426532403
	3426532404
	3426532405
	3426532406
	3426532407
	3426532408
	3426532409
	3426532410
	3426532411
	3426532412
	3426532413
	3426532414
	3426532415
	3426532416
	3426532417
	3426532418
	3426532419
	3426532420
	3426532421
	3426532422
	3426532423
	3426532424
	3426532425
	3426532426
	3426532427
	3426532428
	3426532429
	3426532430
	3426532431
	3426532432
	3426532433
	3426532434
	3426532435
	3426532436
	3426532437
	3426532438
	3426532439
	3426532440
	3426532441
	3426532442
	3426532443
	3426532444
	3426532445
	3426532446
	3426532447
	3426532448
	3426532449
	3426532450
	3426532451
	3426532452
	3426532453
	3426532454
	3426532455
	3426532456
	3426532457
	3426532458
	3426532459
	3426532460
	3426532461
	3426532462
	3426532463
	3426532464
	3426532465
	3426532466
	3426532467
	3426532468
	3426532469
	3426532470
	3426532471
	3426532472
	3426532473
	3426532474
	3426532475
	3426532476
	3426532477
	3426532478
	3426532479
	3426532480
	3426532481
	3426532482
	3426532483
	3426532484
	3426532485
	3426532486
	3426532487
	3426532488
	3426532489
	3426532490
	3426532491
	3426532492
	3426532493
	3426532494
	3426532495
	3426532496
	3426532497
	3426532498
	3426532499
	3426532500
	3426532501
	3426532502
	3426532503
	3426532504
	3426532505
	3426532506
	3426532507
	3426532508
	3426532509
	3426532510
	3426532511
	3426532512
	3426532513
	3426532514
	3426532515
	3426532516
	3426532517
	3426532518
	3426532519
	3426532520
	3426532521
	3426532522
	3426532523
	3426532524
	3426532525
	3426532526
	3426532527
	3426532528
	3426532529
	3426532530
	3426532531
	3426532532
	3426532533
	3426532534
	3426532535
	3426532536
	3426532537
	3426532538
	3426532539
	3426532540
	3426532541
	3426532542
	3426532543
	3426532544
	3426532545
	3426532546
	3426532547
	3426532548
	3426532549
	3426532550
	3426532551
	3426532552
	3426532553
	3426532554
	3426532555
	3426532556
	3426532557
	3426532558
	3426532559
	3426532560
	3426532561
	3426532562
	3426532563
	3426532564
	3426532565
	3426532566
	3426532567
	3426532568
	3426532569
	3426532570
	3426532571
	3426532572
	3426532573
	3426532574
	3426532575
	3426532576
	3426532577
	3426532578
	3426532579
	3426532580
	3426532581
	3426532582
	3426532583
	3426532584
	3426532585
	3426532586
	3426532587
	3426532588
	3426532589
	3426532590
	3426532591
	3426532592
	3426532593
	3426532594
	3426532595
	3426532596
	3426532597
	3426532598
	3426532599
	3426532600
	3426532601
	3426532602
	3426532603
	3426532604
	3426532605
	3426532606
	3426532607
	3426532608
	3426532609
	3426532610
	3426532611
	3426532612
	3426532613
	3426532614
	3426532615
	3426532616
	3426532617
	3426532618
	3426532619
	3426532620
	3426532621
	3426532622
	3426532623
	3426532624
	3426532625
	3426532626
	3426532627
	3426532628
	3426532629
	3426532630
	3426532631
	3426532632
	3426532633
	3426532634
	3426532635
	3426532636
	3426532637
	3426532638
	3426532639
	3426532640
	3426532641
	3426532642
	3426532643
	3426532644
	3426532645
	3426532646
	3426532647
	3426532648
	3426532649
	3426532650
	3426532651
	3426532652
	3426532653
	3426532654
	3426532655
	3426532656
	3426532657
	3426532658
	3426532659
	3426532660
	3426532661
	3426532662
	3426532663
	3426532664
	3426532665
	3426532666
	3426532667
	3426532668
	3426532669
	3426532670
	3426532671
	3426532672
	3426532673
	3426532674
	3426532675
	3426532676
	3426532677
	3426532678
	3426532679
	3426532680
	3426532681
	3426532682
	3426532683
	3426532684
	3426532685
	3426532686
	3426532687
	3426532688
	3426532689
	3426532690
	3426532691
	3426532692
	3426532693
	3426532694
	3426532695
	3426532696
	3426532697
	3426532698
	3426532699
	3426532700
	3426532701
	3426532702
	3426532703
	3426532704
	3426532705
	3426532706
	3426532707
	3426532708
	3426532709
	3426532710
	3426532711
	3426532712
	3426532713
	3426532714
	3426532715
	3426532716
	3426532717
	3426532718
	3426532719
	3426532720
	3426532721
	3426532722
	3426532723
	3426532724
	3426532725
	3426532726
	3426532727
	3426532728
	3426532729
	3426532730
	3426532731
	3426532732
	3426532733
	3426532734
	3426532735
	3426532736
	3426532737
	3426532738
	3426532739
	3426532740
	3426532741
	3426532742
	3426532743
	3426532744
	3426532745
	3426532746
	3426532747
	3426532748
	3426532749
	3426532750
	3426532751
	3426532752
	3426532753
	3426532754
	3426532755
	3426532756
	3426532757
	3426532758
	3426532759
	3426532760
	3426532761
	3426532762
	3426532763
	3426532764
	3426532765
	3426532766
	3426532767
	3426532768
	3426532769
	3426532770
	3426532771
	3426532772
	3426532773
	3426532774
	3426532775
	3426532776
	3426532777
	3426532778
	3426532779
	3426532780
	3426532781
	3426532782
	3426532783
	3426532784
	3426532785
	3426532786
	3426532787
	3426532788
	3426532789
	3426532790
	3426532791
	3426532792
	3426532793
	3426532794
	3426532795
	3426532796
	3426532797
	3426532798
	3426532799
	3426532800
	3426532801
	3426532802
	3426532803
	3426532804
	3426532805
	3426532806
	3426532807
	3426532808
	3426532809
	3426532810
	3426532811
	3426532812
	3426532813
	3426532814
	3426532815
	3426532816
	3426532817
	3426532818
	3426532819
	3426532820
	3426532821
	3426532822
	3426532823
	3426532824
	3426532825
	3426532826
	3426532827
	3426532828
	3426532829
	3426532830
	3426532831
	3426532832
	3426532833
	3426532834
	3426532835
	3426532836
	3426532837
	3426532838
	3426532839
	3426532840
	3426532841
	3426532842
	3426532843
	3426532844
	3426532845
	3426532846
	3426532847
	3426532848
	3426532849
	3426532850
	3426532851
	3426532852
	3426532853
	3426532854
	3426532855
	3426532856
	3426532857
	3426532858
	3426532859
	3426532860
	3426532861
	3426532862
	3426532863
	3426532864
	3426532865
	3426532866
	3426532867
	3426532868
	3426532869
	3426532870
	3426532871
	3426532872
	3426532873
	3426532874
	3426532875
	3426532876
	3426532877
	3426532878
	3426532879
	3426532880
	3426532881
	3426532882
	3426532883
	3426532884
	3426532885
	3426532886
	3426532887
	3426532888
	3426532889
	3426532890
	3426532891
	3426532892
	3426532893
	3426532894
	3426532895
	3426532896
	3426532897
	3426532898
	3426532899
	3426532900
	3426532901
	3426532902
	3426532903
	3426532904
	3426532905
	3426532906
	3426532907
	3426532908
	3426532909
	3426532910
	3426532911
	3426532912
	3426532913
	3426532914
	3426532915
	3426532916
	3426532917
	3426532918
	3426532919
	3426532920
	3426532921
	3426532922
	3426532923
	3426532924
	3426532925
	3426532926
	3426532927
	3426532928
	3426532929
	3426532930
	3426532931
	3426532932
	3426532933
	3426532934
	3426532935
	3426532936
	3426532937
	3426532938
	3426532939
	3426532940
	3426532941
	3426532942
	3426532943
	3426532944
	3426532945
	3426532946
	3426532947
	3426532948
	3426532949
	3426532950
	3426532951
	3426532952
	3426532953
	3426532954
	3426532955
	3426532956
	3426532957
	3426532958
	3426532959
	3426532960
	3426532961
	3426532962
	3426532963
	3426532964
	3426532965
	3426532966
	3426532967
	3426532968
	3426532969
	3426532970
	3426532971
	3426532972
	3426532973
	3426532974
	3426532975
	3426532976
	3426532977
	3426532978
	3426532979
	3426532980
	3426532981
	3426532982
	3426532983
	3426532984
	3426532985
	3426532986
	3426532987
	3426532988
	3426532989
	3426532990
	3426532991
	3426532992
	3426532993
	3426532994
	3426532995
	3426532996
	3426532997
	3426532998
	3426532999
	3426533000
	3426533001
	3426533002
	3426533003
	3426533004
	3426533005
	3426533006
	3426533007
	3426533008
	3426533009
	3426533010
	3426533011
	3426533012
	3426533013
	3426533014
	3426533015
	3426533016
	3426533017
	3426533018
	3426533019
	3426533020
	3426533021
	3426533022
	3426533023
	3426533024
	3426533025
	3426533026
	3426533027
	3426533028
	3426533029
	3426533030
	3426533031
	3426533032
	3426533033
	3426533034
	3426533035
	3426533036
	3426533037
	3426533038
	3426533039
	3426533040
	3426533041
	3426533042
	3426533043
	3426533044
	3426533045
	3426533046
	3426533047
	3426533048
	3426533049
	3426533050
	3426533051
	3426533052
	3426533053
	3426533054
	3426533055
	3426533056
	3426533057
	3426533058
	3426533059
	3426533060
	3426533061
	3426533062
	3426533063
	3426533064
	3426533065
	3426533066
	3426533067
	3426533068
	3426533069
	3426533070
	3426533071
	3426533072
	3426533073
	3426533074
	3426533075
	3426533076
	3426533077
	3426533078
	3426533079
	3426533080
	3426533081
	3426533082
	3426533083
	3426533084
	3426533085
	3426533086
	3426533087
	3426533088
	3426533089
	3426533090
	3426533091
	3426533092
	3426533093
	3426533094
	3426533095
	3426533096
	3426533097
	3426533098
	3426533099
	3426533100
	3426533101
	3426533102
	3426533103
	3426533104
	3426533105
	3426533106
	3426533107
	3426533108
	3426533109
	3426533110
	3426533111
	3426533112
	3426533113
	3426533114
	3426533115
	3426533116
	3426533117
	3426533118
	3426533119
	3426533120
	3426533121
	3426533122
	3426533123
	3426533124
	3426533125
	3426533126
	3426533127
	3426533128
	3426533129
	3426533130
	3426533131
	3426533132
	3426533133
	3426533134
	3426533135
	3426533136
	3426533137
	3426533138
	3426533139
	3426533140
	3426533141
	3426533142
	3426533143
	3426533144
	3426533145
	3426533146
	3426533147
	3426533148
	3426533149
	3426533150
	3426533151
	3426533152
	3426533153
	3426533154
	3426533155
	3426533156
	3426533157
	3426533158
	3426533159
	3426533160
	3426533161
	3426533162
	3426533163
	3426533164
	3426533165
	3426533166
	3426533167
	3426533168
	3426533169
	3426533170
	3426533171
	3426533172
	3426533173
	3426533174
	3426533175
	3426533176
	3426533177
	3426533178
	3426533179
	3426533180
	3426533181
	3426533182
	3426533183
	3426533184
	3426533185
	3426533186
	3426533187
	3426533188
	3426533189
	3426533190
	3426533191
	3426533192
	3426533193
	3426533194
	3426533195
	3426533196
	3426533197
	3426533198
	3426533199
	3426533200
	3426533201
	3426533202
	3426533203
	3426533204
	3426533205
	3426533206
	3426533207
	3426533208
	3426533209
	3426533210
	3426533211
	3426533212
	3426533213
	3426533214
	3426533215
	3426533216
	3426533217
	3426533218
	3426533219
	3426533220
	3426533221
	3426533222
	3426533223
	3426533224
	3426533225
	3426533226
	3426533227
	3426533228
	3426533229
	3426533230
	3426533231
	3426533232
	3426533233
	3426533234
	3426533235
	3426533236
	3426533237
	3426533238
	3426533239
	3426533240
	3426533241
	3426533242
	3426533243
	3426533244
	3426533245
	3426533246
	3426533247
	3426533248
	3426533249
	3426533250
	3426533251
	3426533252
	3426533253
	3426533254
	3426533255
	3426533256
	3426533257
	3426533258
	3426533259
	3426533260
	3426533261
	3426533262
	3426533263
	3426533264
	3426533265
	3426533266
	3426533267
	3426533268
	3426533269
	3426533270
	3426533271
	3426533272
	3426533273
	3426533274
	3426533275
	3426533276
	3426533277
	3426533278
	3426533279
	3426533280
	3426533281
	3426533282
	3426533283
	3426533284
	3426533285
	3426533286
	3426533287
	3426533288
	3426533289
	3426533290
	3426533291
	3426533292
	3426533293
	3426533294
	3426533295
	3426533296
	3426533297
	3426533298
	3426533299
	3426533300
	3426533301
	3426533302
	3426533303
	3426533304
	3426533305
	3426533306
	3426533307
	3426533308
	3426533309
	3426533310
	3426533311
	3426533312
	3426533313
	3426533314
	3426533315
	3426533316
	3426533317
	3426533318
	3426533319
	3426533320
	3426533321
	3426533322
	3426533323
	3426533324
	3426533325
	3426533326
	3426533327
	3426533328
	3426533329
	3426533330
	3426533331
	3426533332
	3426533333
	3426533334
	3426533335
	3426533336
	3426533337
	3426533338
	3426533339
	3426533340
	3426533341
	3426533342
	3426533343
	3426533344
	3426533345
	3426533346
	3426533347
	3426533348
	3426533349
	3426533350
	3426533351
	3426533352
	3426533353
	3426533354
	3426533355
	3426533356
	3426533357
	3426533358
	3426533359
	3426533360
	3426533361
	3426533362
	3426533363
	3426533364
	3426533365
	3426533366
	3426533367
	3426533368
	3426533369
	3426533370
	3426533371
	3426533372
	3426533373
	3426533374
	3426533375
	3426533376
	3426533377
	3426533378
	3426533379
	3426533380
	3426533381
	3426533382
	3426533383
	3426533384
	3426533385
	3426533386
	3426533387
	3426533388
	3426533389
	3426533390
	3426533391
	3426533392
	3426533393
	3426533394
	3426533395
	3426533396
	3426533397
	3426533398
	3426533399
	3426533400
	3426533401
	3426533402
	3426533403
	3426533404
	3426533405
	3426533406
	3426533407
	3426533408
	3426533409
	3426533410
	3426533411
	3426533412
	3426533413
	3426533414
	3426533415
	3426533416
	3426533417
	3426533418
	3426533419
	3426533420
	3426533421
	3426533422
	3426533423
	3426533424
	3426533425
	3426533426
	3426533427
	3426533428
	3426533429
	3426533430
	3426533431
	3426533432
	3426533433
	3426533434
	3426533435
	3426533436
	3426533437
	3426533438
	3426533439
	3426533440
	3426533441
	3426533442
	3426533443
	3426533444
	3426533445
	3426533446
	3426533447
	3426533448
	3426533449
	3426533450
	3426533451
	3426533452
	3426533453
	3426533454
	3426533455
	3426533456
	3426533457
	3426533458
	3426533459
	3426533460
	3426533461
	3426533462
	3426533463
	3426533464
	3426533465
	3426533466
	3426533467
	3426533468
	3426533469
	3426533470
	3426533471
	3426533472
	3426533473
	3426533474
	3426533475
	3426533476
	3426533477
	3426533478
	3426533479
	3426533480
	3426533481
	3426533482
	3426533483
	3426533484
	3426533485
	3426533486
	3426533487
	3426533488
	3426533489
	3426533490
	3426533491
	3426533492
	3426533493
	3426533494
	3426533495
	3426533496
	3426533497
	3426533498
	3426533499
	3426533500
	3426533501
	3426533502
	3426533503
	3426533504
	3426533505
	3426533506
	3426533507
	3426533508
	3426533509
	3426533510
	3426533511
	3426533512
	3426533513
	3426533514
	3426533515
	3426533516
	3426533517
	3426533518
	3426533519
	3426533520
	3426533521
	3426533522
	3426533523
	3426533524
	3426533525
	3426533526
	3426533527
	3426533528
	3426533529
	3426533530
	3426533531
	3426533532
	3426533533
	3426533534
	3426533535
	3426533536
	3426533537
	3426533538
	3426533539
	3426533540
	3426533541
	3426533542
	3426533543
	3426533544
	3426533545
	3426533546
	3426533547
	3426533548
	3426533549
	3426533550
	3426533551
	3426533552
	3426533553
	3426533554
	3426533555
	3426533556
	3426533557
	3426533558
	3426533559
	3426533560
	3426533561
	3426533562
	3426533563
	3426533564
	3426533565
	3426533566
	3426533567
	3426533568
	3426533569
	3426533570
	3426533571
	3426533572
	3426533573
	3426533574
	3426533575
	3426533576
	3426533577
	3426533578
	3426533579
	3426533580
	3426533581
	3426533582
	3426533583
	3426533584
	3426533585
	3426533586
	3426533587
	3426533588
	3426533589
	3426533590
	3426533591
	3426533592
	3426533593
	3426533594
	3426533595
	3426533596
	3426533597
	3426533598
	3426533599
	3426533600
	3426533601
	3426533602
	3426533603
	3426533604
	3426533605
	3426533606
	3426533607
	3426533608
	3426533609
	3426533610
	3426533611
	3426533612
	3426533613
	3426533614
	3426533615
	3426533616
	3426533617
	3426533618
	3426533619
	3426533620
	3426533621
	3426533622
	3426533623
	3426533624
	3426533625
	3426533626
	3426533627
	3426533628
	3426533629
	3426533630
	3426533631
	3426533632
	3426533633
	3426533634
	3426533635
	3426533636
	3426533637
	3426533638
	3426533639
	3426533640
	3426533641
	3426533642
	3426533643
	3426533644
	3426533645
	3426533646
	3426533647
	3426533648
	3426533649
	3426533650
	3426533651
	3426533652
	3426533653
	3426533654
	3426533655
	3426533656
	3426533657
	3426533658
	3426533659
	3426533660
	3426533661
	3426533662
	3426533663
	3426533664
	3426533665
	3426533666
	3426533667
	3426533668
	3426533669
	3426533670
	3426533671
	3426533672
	3426533673
	3426533674
	3426533675
	3426533676
	3426533677
	3426533678
	3426533679
	3426533680
	3426533681
	3426533682
	3426533683
	3426533684
	3426533685
	3426533686
	3426533687
	3426533688
	3426533689
	3426533690
	3426533691
	3426533692
	3426533693
	3426533694
	3426533695
	3426533696
	3426533697
	3426533698
	3426533699
	3426533700
	3426533701
	3426533702
	3426533703
	3426533704
	3426533705
	3426533706
	3426533707
	3426533708
	3426533709
	3426533710
	3426533711
	3426533712
	3426533713
	3426533714
	3426533715
	3426533716
	3426533717
	3426533718
	3426533719
	3426533720
	3426533721
	3426533722
	3426533723
	3426533724
	3426533725
	3426533726
	3426533727
	3426533728
	3426533729
	3426533730
	3426533731
	3426533732
	3426533733
	3426533734
	3426533735
	3426533736
	3426533737
	3426533738
	3426533739
	3426533740
	3426533741
	3426533742
	3426533743
	3426533744
	3426533745
	3426533746
	3426533747
	3426533748
	3426533749
	3426533750
	3426533751
	3426533752
	3426533753
	3426533754
	3426533755
	3426533756
	3426533757
	3426533758
	3426533759
	3426533760
	3426533761
	3426533762
	3426533763
	3426533764
	3426533765
	3426533766
	3426533767
	3426533768
	3426533769
	3426533770
	3426533771
	3426533772
	3426533773
	3426533774
	3426533775
	3426533776
	3426533777
	3426533778
	3426533779
	3426533780
	3426533781
	3426533782
	3426533783
	3426533784
	3426533785
	3426533786
	3426533787
	3426533788
	3426533789
	3426533790
	3426533791
	3426533792
	3426533793
	3426533794
	3426533795
	3426533796
	3426533797
	3426533798
	3426533799
	3426533800
	3426533801
	3426533802
	3426533803
	3426533804
	3426533805
	3426533806
	3426533807
	3426533808
	3426533809
	3426533810
	3426533811
	3426533812
	3426533813
	3426533814
	3426533815
	3426533816
	3426533817
	3426533818
	3426533819
	3426533820
	3426533821
	3426533822
	3426533823
	3426533824
	3426533825
	3426533826
	3426533827
	3426533828
	3426533829
	3426533830
	3426533831
	3426533832
	3426533833
	3426533834
	3426533835
	3426533836
	3426533837
	3426533838
	3426533839
	3426533840
	3426533841
	3426533842
	3426533843
	3426533844
	3426533845
	3426533846
	3426533847
	3426533848
	3426533849
	3426533850
	3426533851
	3426533852
	3426533853
	3426533854
	3426533855
	3426533856
	3426533857
	3426533858
	3426533859
	3426533860
	3426533861
	3426533862
	3426533863
	3426533864
	3426533865
	3426533866
	3426533867
	3426533868
	3426533869
	3426533870
	3426533871
	3426533872
	3426533873
	3426533874
	3426533875
	3426533876
	3426533877
	3426533878
	3426533879
	3426533880
	3426533881
	3426533882
	3426533883
	3426533884
	3426533885
	3426533886
	3426533887
	3426533888
	3426533889
	3426533890
	3426533891
	3426533892
	3426533893
	3426533894
	3426533895
	3426533896
	3426533897
	3426533898
	3426533899
	3426533900
	3426533901
	3426533902
	3426533903
	3426533904
	3426533905
	3426533906
	3426533907
	3426533908
	3426533909
	3426533910
	3426533911
	3426533912
	3426533913
	3426533914
	3426533915
	3426533916
	3426533917
	3426533918
	3426533919
	3426533920
	3426533921
	3426533922
	3426533923
	3426533924
	3426533925
	3426533926
	3426533927
	3426533928
	3426533929
	3426533930
	3426533931
	3426533932
	3426533933
	3426533934
	3426533935
	3426533936
	3426533937
	3426533938
	3426533939
	3426533940
	3426533941
	3426533942
	3426533943
	3426533944
	3426533945
	3426533946
	3426533947
	3426533948
	3426533949
	3426533950
	3426533951
	3426533952
	3426533953
	3426533954
	3426533955
	3426533956
	3426533957
	3426533958
	3426533959
	3426533960
	3426533961
	3426533962
	3426533963
	3426533964
	3426533965
	3426533966
	3426533967
	3426533968
	3426533969
	3426533970
	3426533971
	3426533972
	3426533973
	3426533974
	3426533975
	3426533976
	3426533977
	3426533978
	3426533979
	3426533980
	3426533981
	3426533982
	3426533983
	3426533984
	3426533985
	3426533986
	3426533987
	3426533988
	3426533989
	3426533990
	3426533991
	3426533992
	3426533993
	3426533994
	3426533995
	3426533996
	3426533997
	3426533998
	3426533999
	3426534000
	3426534001
	3426534002
	3426534003
	3426534004
	3426534005
	3426534006
	3426534007
	3426534008
	3426534009
	3426534010
	3426534011
	3426534012
	3426534013
	3426534014
	3426534015
	3426534016
	3426534017
	3426534018
	3426534019
	3426534020
	3426534021
	3426534022
	3426534023
	3426534024
	3426534025
	3426534026
	3426534027
	3426534028
	3426534029
	3426534030
	3426534031
	3426534032
	3426534033
	3426534034
	3426534035
	3426534036
	3426534037
	3426534038
	3426534039
	3426534040
	3426534041
	3426534042
	3426534043
	3426534044
	3426534045
	3426534046
	3426534047
	3426534048
	3426534049
	3426534050
	3426534051
	3426534052
	3426534053
	3426534054
	3426534055
	3426534056
	3426534057
	3426534058
	3426534059
	3426534060
	3426534061
	3426534062
	3426534063
	3426534064
	3426534065
	3426534066
	3426534067
	3426534068
	3426534069
	3426534070
	3426534071
	3426534072
	3426534073
	3426534074
	3426534075
	3426534076
	3426534077
	3426534078
	3426534079
	3426534080
	3426534081
	3426534082
	3426534083
	3426534084
	3426534085
	3426534086
	3426534087
	3426534088
	3426534089
	3426534090
	3426534091
	3426534092
	3426534093
	3426534094
	3426534095
	3426534096
	3426534097
	3426534098
	3426534099
	3426534100
	3426534101
	3426534102
	3426534103
	3426534104
	3426534105
	3426534106
	3426534107
	3426534108
	3426534109
	3426534110
	3426534111
	3426534112
	3426534113
	3426534114
	3426534115
	3426534116
	3426534117
	3426534118
	3426534119
	3426534120
	3426534121
	3426534122
	3426534123
	3426534124
	3426534125
	3426534126
	3426534127
	3426534128
	3426534129
	3426534130
	3426534131
	3426534132
	3426534133
	3426534134
	3426534135
	3426534136
	3426534137
	3426534138
	3426534139
	3426534140
	3426534141
	3426534142
	3426534143
	3426534144
	3426534145
	3426534146
	3426534147
	3426534148
	3426534149
	3426534150
	3426534151
	3426534152
	3426534153
	3426534154
	3426534155
	3426534156
	3426534157
	3426534158
	3426534159
	3426534160
	3426534161
	3426534162
	3426534163
	3426534164
	3426534165
	3426534166
	3426534167
	3426534168
	3426534169
	3426534170
	3426534171
	3426534172
	3426534173
	3426534174
	3426534175
	3426534176
	3426534177
	3426534178
	3426534179
	3426534180
	3426534181
	3426534182
	3426534183
	3426534184
	3426534185
	3426534186
	3426534187
	3426534188
	3426534189
	3426534190
	3426534191
	3426534192
	3426534193
	3426534194
	3426534195
	3426534196
	3426534197
	3426534198
	3426534199
	3426534200
	3426534201
	3426534202
	3426534203
	3426534204
	3426534205
	3426534206
	3426534207
	3426534208
	3426534209
	3426534210
	3426534211
	3426534212
	3426534213
	3426534214
	3426534215
	3426534216
	3426534217
	3426534218
	3426534219
	3426534220
	3426534221
	3426534222
	3426534223
	3426534224
	3426534225
	3426534226
	3426534227
	3426534228
	3426534229
	3426534230
	3426534231
	3426534232
	3426534233
	3426534234
	3426534235
	3426534236
	3426534237
	3426534238
	3426534239
	3426534240
	3426534241
	3426534242
	3426534243
	3426534244
	3426534245
	3426534246
	3426534247
	3426534248
	3426534249
	3426534250
	3426534251
	3426534252
	3426534253
	3426534254
	3426534255
	3426534256
	3426534257
	3426534258
	3426534259
	3426534260
	3426534261
	3426534262
	3426534263
	3426534264
	3426534265
	3426534266
	3426534267
	3426534268
	3426534269
	3426534270
	3426534271
	3426534272
	3426534273
	3426534274
	3426534275
	3426534276
	3426534277
	3426534278
	3426534279
	3426534280
	3426534281
	3426534282
	3426534283
	3426534284
	3426534285
	3426534286
	3426534287
	3426534288
	3426534289
	3426534290
	3426534291
	3426534292
	3426534293
	3426534294
	3426534295
	3426534296
	3426534297
	3426534298
	3426534299
	3426534300
	3426534301
	3426534302
	3426534303
	3426534304
	3426534305
	3426534306
	3426534307
	3426534308
	3426534309
	3426534310
	3426534311
	3426534312
	3426534313
	3426534314
	3426534315
	3426534316
	3426534317
	3426534318
	3426534319
	3426534320
	3426534321
	3426534322
	3426534323
	3426534324
	3426534325
	3426534326
	3426534327
	3426534328
	3426534329
	3426534330
	3426534331
	3426534332
	3426534333
	3426534334
	3426534335
	3426534336
	3426534337
	3426534338
	3426534339
	3426534340
	3426534341
	3426534342
	3426534343
	3426534344
	3426534345
	3426534346
	3426534347
	3426534348
	3426534349
	3426534350
	3426534351
	3426534352
	3426534353
	3426534354
	3426534355
	3426534356
	3426534357
	3426534358
	3426534359
	3426534360
	3426534361
	3426534362
	3426534363
	3426534364
	3426534365
	3426534366
	3426534367
	3426534368
	3426534369
	3426534370
	3426534371
	3426534372
	3426534373
	3426534374
	3426534375
	3426534376
	3426534377
	3426534378
	3426534379
	3426534380
	3426534381
	3426534382
	3426534383
	3426534384
	3426534385
	3426534386
	3426534387
	3426534388
	3426534389
	3426534390
	3426534391
	3426534392
	3426534393
	3426534394
	3426534395
	3426534396
	3426534397
	3426534398
	3426534399
	3426534400
	3426534401
	3426534402
	3426534403
	3426534404
	3426534405
	3426534406
	3426534407
	3426534408
	3426534409
	3426534410
	3426534411
	3426534412
	3426534413
	3426534414
	3426534415
	3426534416
	3426534417
	3426534418
	3426534419
	3426534420
	3426534421
	3426534422
	3426534423
	3426534424
	3426534425
	3426534426
	3426534427
	3426534428
	3426534429
	3426534430
	3426534431
	3426534432
	3426534433
	3426534434
	3426534435
	3426534436
	3426534437
	3426534438
	3426534439
	3426534440
	3426534441
	3426534442
	3426534443
	3426534444
	3426534445
	3426534446
	3426534447
	3426534448
	3426534449
	3426534450
	3426534451
	3426534452
	3426534453
	3426534454
	3426534455
	3426534456
	3426534457
	3426534458
	3426534459
	3426534460
	3426534461
	3426534462
	3426534463
	3426534464
	3426534465
	3426534466
	3426534467
	3426534468
	3426534469
	3426534470
	3426534471
	3426534472
	3426534473
	3426534474
	3426534475
	3426534476
	3426534477
	3426534478
	3426534479
	3426534480
	3426534481
	3426534482
	3426534483
	3426534484
	3426534485
	3426534486
	3426534487
	3426534488
	3426534489
	3426534490
	3426534491
	3426534492
	3426534493
	3426534494
	3426534495
	3426534496
	3426534497
	3426534498
	3426534499
	3426534500
	3426534501
	3426534502
	3426534503
	3426534504
	3426534505
	3426534506
	3426534507
	3426534508
	3426534509
	3426534510
	3426534511
	3426534512
	3426534513
	3426534514
	3426534515
	3426534516
	3426534517
	3426534518
	3426534519
	3426534520
	3426534521
	3426534522
	3426534523
	3426534524
	3426534525
	3426534526
	3426534527
	3426534528
	3426534529
	3426534530
	3426534531
	3426534532
	3426534533
	3426534534
	3426534535
	3426534536
	3426534537
	3426534538
	3426534539
	3426534540
	3426534541
	3426534542
	3426534543
	3426534544
	3426534545
	3426534546
	3426534547
	3426534548
	3426534549
	3426534550
	3426534551
	3426534552
	3426534553
	3426534554
	3426534555
	3426534556
	3426534557
	3426534558
	3426534559
	3426534560
	3426534561
	3426534562
	3426534563
	3426534564
	3426534565
	3426534566
	3426534567
	3426534568
	3426534569
	3426534570
	3426534571
	3426534572
	3426534573
	3426534574
	3426534575
	3426534576
	3426534577
	3426534578
	3426534579
	3426534580
	3426534581
	3426534582
	3426534583
	3426534584
	3426534585
	3426534586
	3426534587
	3426534588
	3426534589
	3426534590
	3426534591
	3426534592
	3426534593
	3426534594
	3426534595
	3426534596
	3426534597
	3426534598
	3426534599
	3426534600
	3426534601
	3426534602
	3426534603
	3426534604
	3426534605
	3426534606
	3426534607
	3426534608
	3426534609
	3426534610
	3426534611
	3426534612
	3426534613
	3426534614
	3426534615
	3426534616
	3426534617
	3426534618
	3426534619
	3426534620
	3426534621
	3426534622
	3426534623
	3426534624
	3426534625
	3426534626
	3426534627
	3426534628
	3426534629
	3426534630
	3426534631
	3426534632
	3426534633
	3426534634
	3426534635
	3426534636
	3426534637
	3426534638
	3426534639
	3426534640
	3426534641
	3426534642
	3426534643
	3426534644
	3426534645
	3426534646
	3426534647
	3426534648
	3426534649
	3426534650
	3426534651
	3426534652
	3426534653
	3426534654
	3426534655
	3426534656
	3426534657
	3426534658
	3426534659
	3426534660
	3426534661
	3426534662
	3426534663
	3426534664
	3426534665
	3426534666
	3426534667
	3426534668
	3426534669
	3426534670
	3426534671
	3426534672
	3426534673
	3426534674
	3426534675
	3426534676
	3426534677
	3426534678
	3426534679
	3426534680
	3426534681
	3426534682
	3426534683
	3426534684
	3426534685
	3426534686
	3426534687
	3426534688
	3426534689
	3426534690
	3426534691
	3426534692
	3426534693
	3426534694
	3426534695
	3426534696
	3426534697
	3426534698
	3426534699
	3426534700
	3426534701
	3426534702
	3426534703
	3426534704
	3426534705
	3426534706
	3426534707
	3426534708
	3426534709
	3426534710
	3426534711
	3426534712
	3426534713
	3426534714
	3426534715
	3426534716
	3426534717
	3426534718
	3426534719
	3426534720
	3426534721
	3426534722
	3426534723
	3426534724
	3426534725
	3426534726
	3426534727
	3426534728
	3426534729
	3426534730
	3426534731
	3426534732
	3426534733
	3426534734
	3426534735
	3426534736
	3426534737
	3426534738
	3426534739
	3426534740
	3426534741
	3426534742
	3426534743
	3426534744
	3426534745
	3426534746
	3426534747
	3426534748
	3426534749
	3426534750
	3426534751
	3426534752
	3426534753
	3426534754
	3426534755
	3426534756
	3426534757
	3426534758
	3426534759
	3426534760
	3426534761
	3426534762
	3426534763
	3426534764
	3426534765
	3426534766
	3426534767
	3426534768
	3426534769
	3426534770
	3426534771
	3426534772
	3426534773
	3426534774
	3426534775
	3426534776
	3426534777
	3426534778
	3426534779
	3426534780
	3426534781
	3426534782
	3426534783
	3426534784
	3426534785
	3426534786
	3426534787
	3426534788
	3426534789
	3426534790
	3426534791
	3426534792
	3426534793
	3426534794
	3426534795
	3426534796
	3426534797
	3426534798
	3426534799
	3426534800
	3426534801
	3426534802
	3426534803
	3426534804
	3426534805
	3426534806
	3426534807
	3426534808
	3426534809
	3426534810
	3426534811
	3426534812
	3426534813
	3426534814
	3426534815
	3426534816
	3426534817
	3426534818
	3426534819
	3426534820
	3426534821
	3426534822
	3426534823
	3426534824
	3426534825
	3426534826
	3426534827
	3426534828
	3426534829
	3426534830
	3426534831
	3426534832
	3426534833
	3426534834
	3426534835
	3426534836
	3426534837
	3426534838
	3426534839
	3426534840
	3426534841
	3426534842
	3426534843
	3426534844
	3426534845
	3426534846
	3426534847
	3426534848
	3426534849
	3426534850
	3426534851
	3426534852
	3426534853
	3426534854
	3426534855
	3426534856
	3426534857
	3426534858
	3426534859
	3426534860
	3426534861
	3426534862
	3426534863
	3426534864
	3426534865
	3426534866
	3426534867
	3426534868
	3426534869
	3426534870
	3426534871
	3426534872
	3426534873
	3426534874
	3426534875
	3426534876
	3426534877
	3426534878
	3426534879
	3426534880
	3426534881
	3426534882
	3426534883
	3426534884
	3426534885
	3426534886
	3426534887
	3426534888
	3426534889
	3426534890
	3426534891
	3426534892
	3426534893
	3426534894
	3426534895
	3426534896
	3426534897
	3426534898
	3426534899
	3426534900
	3426534901
	3426534902
	3426534903
	3426534904
	3426534905
	3426534906
	3426534907
	3426534908
	3426534909
	3426534910
	3426534911
	3426534912
	3426534913
	3426534914
	3426534915
	3426534916
	3426534917
	3426534918
	3426534919
	3426534920
	3426534921
	3426534922
	3426534923
	3426534924
	3426534925
	3426534926
	3426534927
	3426534928
	3426534929
	3426534930
	3426534931
	3426534932
	3426534933
	3426534934
	3426534935
	3426534936
	3426534937
	3426534938
	3426534939
	3426534940
	3426534941
	3426534942
	3426534943
	3426534944
	3426534945
	3426534946
	3426534947
	3426534948
	3426534949
	3426534950
	3426534951
	3426534952
	3426534953
	3426534954
	3426534955
	3426534956
	3426534957
	3426534958
	3426534959
	3426534960
	3426534961
	3426534962
	3426534963
	3426534964
	3426534965
	3426534966
	3426534967
	3426534968
	3426534969
	3426534970
	3426534971
	3426534972
	3426534973
	3426534974
	3426534975
	3426534976
	3426534977
	3426534978
	3426534979
	3426534980
	3426534981
	3426534982
	3426534983
	3426534984
	3426534985
	3426534986
	3426534987
	3426534988
	3426534989
	3426534990
	3426534991
	3426534992
	3426534993
	3426534994
	3426534995
	3426534996
	3426534997
	3426534998
	3426534999
	3426535000
	3426535001
	3426535002
	3426535003
	3426535004
	3426535005
	3426535006
	3426535007
	3426535008
	3426535009
	3426535010
	3426535011
	3426535012
	3426535013
	3426535014
	3426535015
	3426535016
	3426535017
	3426535018
	3426535019
	3426535020
	3426535021
	3426535022
	3426535023
	3426535024
	3426535025
	3426535026
	3426535027
	3426535028
	3426535029
	3426535030
	3426535031
	3426535032
	3426535033
	3426535034
	3426535035
	3426535036
	3426535037
	3426535038
	3426535039
	3426535040
	3426535041
	3426535042
	3426535043
	3426535044
	3426535045
	3426535046
	3426535047
	3426535048
	3426535049
	3426535050
	3426535051
	3426535052
	3426535053
	3426535054
	3426535055
	3426535056
	3426535057
	3426535058
	3426535059
	3426535060
	3426535061
	3426535062
	3426535063
	3426535064
	3426535065
	3426535066
	3426535067
	3426535068
	3426535069
	3426535070
	3426535071
	3426535072
	3426535073
	3426535074
	3426535075
	3426535076
	3426535077
	3426535078
	3426535079
	3426535080
	3426535081
	3426535082
	3426535083
	3426535084
	3426535085
	3426535086
	3426535087
	3426535088
	3426535089
	3426535090
	3426535091
	3426535092
	3426535093
	3426535094
	3426535095
	3426535096
	3426535097
	3426535098
	3426535099
	3426535100
	3426535101
	3426535102
	3426535103
	3426535104
	3426535105
	3426535106
	3426535107
	3426535108
	3426535109
	3426535110
	3426535111
	3426535112
	3426535113
	3426535114
	3426535115
	3426535116
	3426535117
	3426535118
	3426535119
	3426535120
	3426535121
	3426535122
	3426535123
	3426535124
	3426535125
	3426535126
	3426535127
	3426535128
	3426535129
	3426535130
	3426535131
	3426535132
	3426535133
	3426535134
	3426535135
	3426535136
	3426535137
	3426535138
	3426535139
	3426535140
	3426535141
	3426535142
	3426535143
	3426535144
	3426535145
	3426535146
	3426535147
	3426535148
	3426535149
	3426535150
	3426535151
	3426535152
	3426535153
	3426535154
	3426535155
	3426535156
	3426535157
	3426535158
	3426535159
	3426535160
	3426535161
	3426535162
	3426535163
	3426535164
	3426535165
	3426535166
	3426535167
	3426535168
	3426535169
	3426535170
	3426535171
	3426535172
	3426535173
	3426535174
	3426535175
	3426535176
	3426535177
	3426535178
	3426535179
	3426535180
	3426535181
	3426535182
	3426535183
	3426535184
	3426535185
	3426535186
	3426535187
	3426535188
	3426535189
	3426535190
	3426535191
	3426535192
	3426535193
	3426535194
	3426535195
	3426535196
	3426535197
	3426535198
	3426535199
	3426535200
	3426535201
	3426535202
	3426535203
	3426535204
	3426535205
	3426535206
	3426535207
	3426535208
	3426535209
	3426535210
	3426535211
	3426535212
	3426535213
	3426535214
	3426535215
	3426535216
	3426535217
	3426535218
	3426535219
	3426535220
	3426535221
	3426535222
	3426535223
	3426535224
	3426535225
	3426535226
	3426535227
	3426535228
	3426535229
	3426535230
	3426535231
	3426535232
	3426535233
	3426535234
	3426535235
	3426535236
	3426535237
	3426535238
	3426535239
	3426535240
	3426535241
	3426535242
	3426535243
	3426535244
	3426535245
	3426535246
	3426535247
	3426535248
	3426535249
	3426535250
	3426535251
	3426535252
	3426535253
	3426535254
	3426535255
	3426535256
	3426535257
	3426535258
	3426535259
	3426535260
	3426535261
	3426535262
	3426535263
	3426535264
	3426535265
	3426535266
	3426535267
	3426535268
	3426535269
	3426535270
	3426535271
	3426535272
	3426535273
	3426535274
	3426535275
	3426535276
	3426535277
	3426535278
	3426535279
	3426535280
	3426535281
	3426535282
	3426535283
	3426535284
	3426535285
	3426535286
	3426535287
	3426535288
	3426535289
	3426535290
	3426535291
	3426535292
	3426535293
	3426535294
	3426535295
	3426535296
	3426535297
	3426535298
	3426535299
	3426535300
	3426535301
	3426535302
	3426535303
	3426535304
	3426535305
	3426535306
	3426535307
	3426535308
	3426535309
	3426535310
	3426535311
	3426535312
	3426535313
	3426535314
	3426535315
	3426535316
	3426535317
	3426535318
	3426535319
	3426535320
	3426535321
	3426535322
	3426535323
	3426535324
	3426535325
	3426535326
	3426535327
	3426535328
	3426535329
	3426535330
	3426535331
	3426535332
	3426535333
	3426535334
	3426535335
	3426535336
	3426535337
	3426535338
	3426535339
	3426535340
	3426535341
	3426535342
	3426535343
	3426535344
	3426535345
	3426535346
	3426535347
	3426535348
	3426535349
	3426535350
	3426535351
	3426535352
	3426535353
	3426535354
	3426535355
	3426535356
	3426535357
	3426535358
	3426535359
	3426535360
	3426535361
	3426535362
	3426535363
	3426535364
	3426535365
	3426535366
	3426535367
	3426535368
	3426535369
	3426535370
	3426535371
	3426535372
	3426535373
	3426535374
	3426535375
	3426535376
	3426535377
	3426535378
	3426535379
	3426535380
	3426535381
	3426535382
	3426535383
	3426535384
	3426535385
	3426535386
	3426535387
	3426535388
	3426535389
	3426535390
	3426535391
	3426535392
	3426535393
	3426535394
	3426535395
	3426535396
	3426535397
	3426535398
	3426535399
	3426535400
	3426535401
	3426535402
	3426535403
	3426535404
	3426535405
	3426535406
	3426535407
	3426535408
	3426535409
	3426535410
	3426535411
	3426535412
	3426535413
	3426535414
	3426535415
	3426535416
	3426535417
	3426535418
	3426535419
	3426535420
	3426535421
	3426535422
	3426535423
	3426535424
	3426535425
	3426535426
	3426535427
	3426535428
	3426535429
	3426535430
	3426535431
	3426535432
	3426535433
	3426535434
	3426535435
	3426535436
	3426535437
	3426535438
	3426535439
	3426535440
	3426535441
	3426535442
	3426535443
	3426535444
	3426535445
	3426535446
	3426535447
	3426535448
	3426535449
	3426535450
	3426535451
	3426535452
	3426535453
	3426535454
	3426535455
	3426535456
	3426535457
	3426535458
	3426535459
	3426535460
	3426535461
	3426535462
	3426535463
	3426535464
	3426535465
	3426535466
	3426535467
	3426535468
	3426535469
	3426535470
	3426535471
	3426535472
	3426535473
	3426535474
	3426535475
	3426535476
	3426535477
	3426535478
	3426535479
	3426535480
	3426535481
	3426535482
	3426535483
	3426535484
	3426535485
	3426535486
	3426535487
	3426535488
	3426535489
	3426535490
	3426535491
	3426535492
	3426535493
	3426535494
	3426535495
	3426535496
	3426535497
	3426535498
	3426535499
	3426535500
	3426535501
	3426535502
	3426535503
	3426535504
	3426535505
	3426535506
	3426535507
	3426535508
	3426535509
	3426535510
	3426535511
	3426535512
	3426535513
	3426535514
	3426535515
	3426535516
	3426535517
	3426535518
	3426535519
	3426535520
	3426535521
	3426535522
	3426535523
	3426535524
	3426535525
	3426535526
	3426535527
	3426535528
	3426535529
	3426535530
	3426535531
	3426535532
	3426535533
	3426535534
	3426535535
	3426535536
	3426535537
	3426535538
	3426535539
	3426535540
	3426535541
	3426535542
	3426535543
	3426535544
	3426535545
	3426535546
	3426535547
	3426535548
	3426535549
	3426535550
	3426535551
	3426535552
	3426535553
	3426535554
	3426535555
	3426535556
	3426535557
	3426535558
	3426535559
	3426535560
	3426535561
	3426535562
	3426535563
	3426535564
	3426535565
	3426535566
	3426535567
	3426535568
	3426535569
	3426535570
	3426535571
	3426535572
	3426535573
	3426535574
	3426535575
	3426535576
	3426535577
	3426535578
	3426535579
	3426535580
	3426535581
	3426535582
	3426535583
	3426535584
	3426535585
	3426535586
	3426535587
	3426535588
	3426535589
	3426535590
	3426535591
	3426535592
	3426535593
	3426535594
	3426535595
	3426535596
	3426535597
	3426535598
	3426535599
	3426535600
	3426535601
	3426535602
	3426535603
	3426535604
	3426535605
	3426535606
	3426535607
	3426535608
	3426535609
	3426535610
	3426535611
	3426535612
	3426535613
	3426535614
	3426535615
	3426535616
	3426535617
	3426535618
	3426535619
	3426535620
	3426535621
	3426535622
	3426535623
	3426535624
	3426535625
	3426535626
	3426535627
	3426535628
	3426535629
	3426535630
	3426535631
	3426535632
	3426535633
	3426535634
	3426535635
	3426535636
	3426535637
	3426535638
	3426535639
	3426535640
	3426535641
	3426535642
	3426535643
	3426535644
	3426535645
	3426535646
	3426535647
	3426535648
	3426535649
	3426535650
	3426535651
	3426535652
	3426535653
	3426535654
	3426535655
	3426535656
	3426535657
	3426535658
	3426535659
	3426535660
	3426535661
	3426535662
	3426535663
	3426535664
	3426535665
	3426535666
	3426535667
	3426535668
	3426535669
	3426535670
	3426535671
	3426535672
	3426535673
	3426535674
	3426535675
	3426535676
	3426535677
	3426535678
	3426535679
	3426535680
	3426535681
	3426535682
	3426535683
	3426535684
	3426535685
	3426535686
	3426535687
	3426535688
	3426535689
	3426535690
	3426535691
	3426535692
	3426535693
	3426535694
	3426535695
	3426535696
	3426535697
	3426535698
	3426535699
	3426535700
	3426535701
	3426535702
	3426535703
	3426535704
	3426535705
	3426535706
	3426535707
	3426535708
	3426535709
	3426535710
	3426535711
	3426535712
	3426535713
	3426535714
	3426535715
	3426535716
	3426535717
	3426535718
	3426535719
	3426535720
	3426535721
	3426535722
	3426535723
	3426535724
	3426535725
	3426535726
	3426535727
	3426535728
	3426535729
	3426535730
	3426535731
	3426535732
	3426535733
	3426535734
	3426535735
	3426535736
	3426535737
	3426535738
	3426535739
	3426535740
	3426535741
	3426535742
	3426535743
	3426535744
	3426535745
	3426535746
	3426535747
	3426535748
	3426535749
	3426535750
	3426535751
	3426535752
	3426535753
	3426535754
	3426535755
	3426535756
	3426535757
	3426535758
	3426535759
	3426535760
	3426535761
	3426535762
	3426535763
	3426535764
	3426535765
	3426535766
	3426535767
	3426535768
	3426535769
	3426535770
	3426535771
	3426535772
	3426535773
	3426535774
	3426535775
	3426535776
	3426535777
	3426535778
	3426535779
	3426535780
	3426535781
	3426535782
	3426535783
	3426535784
	3426535785
	3426535786
	3426535787
	3426535788
	3426535789
	3426535790
	3426535791
	3426535792
	3426535793
	3426535794
	3426535795
	3426535796
	3426535797
	3426535798
	3426535799
	3426535800
	3426535801
	3426535802
	3426535803
	3426535804
	3426535805
	3426535806
	3426535807
	3426535808
	3426535809
	3426535810
	3426535811
	3426535812
	3426535813
	3426535814
	3426535815
	3426535816
	3426535817
	3426535818
	3426535819
	3426535820
	3426535821
	3426535822
	3426535823
	3426535824
	3426535825
	3426535826
	3426535827
	3426535828
	3426535829
	3426535830
	3426535831
	3426535832
	3426535833
	3426535834
	3426535835
	3426535836
	3426535837
	3426535838
	3426535839
	3426535840
	3426535841
	3426535842
	3426535843
	3426535844
	3426535845
	3426535846
	3426535847
	3426535848
	3426535849
	3426535850
	3426535851
	3426535852
	3426535853
	3426535854
	3426535855
	3426535856
	3426535857
	3426535858
	3426535859
	3426535860
