	3426997349
	3426997350
	3426997351
	3426997352
	3426997353
	3426997354
	3426997355
	3426997356
	3426997357
	3426997358
	3426997359
	3426997360
	3426997361
	3426997362
	3426997363
	3426997364
	3426997365
	3426997366
	3426997367
	3426997368
	3426997369
	3426997370
	3426997371
	3426997372
	3426997373
	3426997374
	3426997375
	3426997376
	3426997377
	3426997378
	3426997379
	3426997380
	3426997381
	3426997382
	3426997383
	3426997384
	3426997385
	3426997386
	3426997387
	3426997388
	3426997389
	3426997390
	3426997391
	3426997392
	3426997393
	3426997394
	3426997395
	3426997396
	3426997397
	3426997398
	3426997399
	3426997400
	3426997401
	3426997402
	3426997403
	3426997404
	3426997405
	3426997406
	3426997407
	3426997408
	3426997409
	3426997410
	3426997411
	3426997412
	3426997413
	3426997414
	3426997415
	3426997416
	3426997417
	3426997418
	3426997419
	3426997420
	3426997421
	3426997422
	3426997423
	3426997424
	3426997425
	3426997426
	3426997427
	3426997428
	3426997429
	3426997430
	3426997431
	3426997432
	3426997433
	3426997434
	3426997435
	3426997436
	3426997437
	3426997438
	3426997439
	3426997440
	3426997441
	3426997442
	3426997443
	3426997444
	3426997445
	3426997446
	3426997447
	3426997448
	3426997449
	3426997450
	3426997451
	3426997452
	3426997453
	3426997454
	3426997455
	3426997456
	3426997457
	3426997458
	3426997459
	3426997460
	3426997461
	3426997462
	3426997463
	3426997464
	3426997465
	3426997466
	3426997467
	3426997468
	3426997469
	3426997470
	3426997471
	3426997472
	3426997473
	3426997474
	3426997475
	3426997476
	3426997477
	3426997478
	3426997479
	3426997480
	3426997481
	3426997482
	3426997483
	3426997484
	3426997485
	3426997486
	3426997487
	3426997488
	3426997489
	3426997490
	3426997491
	3426997492
	3426997493
	3426997494
	3426997495
	3426997496
	3426997497
	3426997498
	3426997499
	3426997500
	3426997501
	3426997502
	3426997503
	3426997504
	3426997505
	3426997506
	3426997507
	3426997508
	3426997509
	3426997510
	3426997511
	3426997512
	3426997513
	3426997514
	3426997515
	3426997516
	3426997517
	3426997518
	3426997519
	3426997520
	3426997521
	3426997522
	3426997523
	3426997524
	3426997525
	3426997526
	3426997527
	3426997528
	3426997529
	3426997530
	3426997531
	3426997532
	3426997533
	3426997534
	3426997535
	3426997536
	3426997537
	3426997538
	3426997539
	3426997540
	3426997541
	3426997542
	3426997543
	3426997544
	3426997545
	3426997546
	3426997547
	3426997548
	3426997549
	3426997550
	3426997551
	3426997552
	3426997553
	3426997554
	3426997555
	3426997556
	3426997557
	3426997558
	3426997559
	3426997560
	3426997561
	3426997562
	3426997563
	3426997564
	3426997565
	3426997566
	3426997567
	3426997568
	3426997569
	3426997570
	3426997571
	3426997572
	3426997573
	3426997574
	3426997575
	3426997576
	3426997577
	3426997578
	3426997579
	3426997580
	3426997581
	3426997582
	3426997583
	3426997584
	3426997585
	3426997586
	3426997587
	3426997588
	3426997589
	3426997590
	3426997591
	3426997592
	3426997593
	3426997594
	3426997595
	3426997596
	3426997597
	3426997598
	3426997599
	3426997600
	3426997601
	3426997602
	3426997603
	3426997604
	3426997605
	3426997606
	3426997607
	3426997608
	3426997609
	3426997610
	3426997611
	3426997612
	3426997613
	3426997614
	3426997615
	3426997616
	3426997617
	3426997618
	3426997619
	3426997620
	3426997621
	3426997622
	3426997623
	3426997624
	3426997625
	3426997626
	3426997627
	3426997628
	3426997629
	3426997630
	3426997631
	3426997632
	3426997633
	3426997634
	3426997635
	3426997636
	3426997637
	3426997638
	3426997639
	3426997640
	3426997641
	3426997642
	3426997643
	3426997644
	3426997645
	3426997646
	3426997647
	3426997648
	3426997649
	3426997650
	3426997651
	3426997652
	3426997653
	3426997654
	3426997655
	3426997656
	3426997657
	3426997658
	3426997659
	3426997660
	3426997661
	3426997662
	3426997663
	3426997664
	3426997665
	3426997666
	3426997667
	3426997668
	3426997669
	3426997670
	3426997671
	3426997672
	3426997673
	3426997674
	3426997675
	3426997676
	3426997677
	3426997678
	3426997679
	3426997680
	3426997681
	3426997682
	3426997683
	3426997684
	3426997685
	3426997686
	3426997687
	3426997688
	3426997689
	3426997690
	3426997691
	3426997692
	3426997693
	3426997694
	3426997695
	3426997696
	3426997697
	3426997698
	3426997699
	3426997700
	3426997701
	3426997702
	3426997703
	3426997704
	3426997705
	3426997706
	3426997707
	3426997708
	3426997709
	3426997710
	3426997711
	3426997712
	3426997713
	3426997714
	3426997715
	3426997716
	3426997717
	3426997718
	3426997719
	3426997720
	3426997721
	3426997722
	3426997723
	3426997724
	3426997725
	3426997726
	3426997727
	3426997728
	3426997729
	3426997730
	3426997731
	3426997732
	3426997733
	3426997734
	3426997735
	3426997736
	3426997737
	3426997738
	3426997739
	3426997740
	3426997741
	3426997742
	3426997743
	3426997744
	3426997745
	3426997746
	3426997747
	3426997748
	3426997749
	3426997750
	3426997751
	3426997752
	3426997753
	3426997754
	3426997755
	3426997756
	3426997757
	3426997758
	3426997759
	3426997760
	3426997761
	3426997762
	3426997763
	3426997764
	3426997765
	3426997766
	3426997767
	3426997768
	3426997769
	3426997770
	3426997771
	3426997772
	3426997773
	3426997774
	3426997775
	3426997776
	3426997777
	3426997778
	3426997779
	3426997780
	3426997781
	3426997782
	3426997783
	3426997784
	3426997785
	3426997786
	3426997787
	3426997788
	3426997789
	3426997790
	3426997791
	3426997792
	3426997793
	3426997794
	3426997795
	3426997796
	3426997797
	3426997798
	3426997799
	3426997800
	3426997801
	3426997802
	3426997803
	3426997804
	3426997805
	3426997806
	3426997807
	3426997808
	3426997809
	3426997810
	3426997811
	3426997812
	3426997813
	3426997814
	3426997815
	3426997816
	3426997817
	3426997818
	3426997819
	3426997820
	3426997821
	3426997822
	3426997823
	3426997824
	3426997825
	3426997826
	3426997827
	3426997828
	3426997829
	3426997830
	3426997831
	3426997832
	3426997833
	3426997834
	3426997835
	3426997836
	3426997837
	3426997838
	3426997839
	3426997840
	3426997841
	3426997842
	3426997843
	3426997844
	3426997845
	3426997846
	3426997847
	3426997848
	3426997849
	3426997850
	3426997851
	3426997852
	3426997853
	3426997854
	3426997855
	3426997856
	3426997857
	3426997858
	3426997859
	3426997860
	3426997861
	3426997862
	3426997863
	3426997864
	3426997865
	3426997866
	3426997867
	3426997868
	3426997869
	3426997870
	3426997871
	3426997872
	3426997873
	3426997874
	3426997875
	3426997876
	3426997877
	3426997878
	3426997879
	3426997880
	3426997881
	3426997882
	3426997883
	3426997884
	3426997885
	3426997886
	3426997887
	3426997888
	3426997889
	3426997890
	3426997891
	3426997892
	3426997893
	3426997894
	3426997895
	3426997896
	3426997897
	3426997898
	3426997899
	3426997900
	3426997901
	3426997902
	3426997903
	3426997904
	3426997905
	3426997906
	3426997907
	3426997908
	3426997909
	3426997910
	3426997911
	3426997912
	3426997913
	3426997914
	3426997915
	3426997916
	3426997917
	3426997918
	3426997919
	3426997920
	3426997921
	3426997922
	3426997923
	3426997924
	3426997925
	3426997926
	3426997927
	3426997928
	3426997929
	3426997930
	3426997931
	3426997932
	3426997933
	3426997934
	3426997935
	3426997936
	3426997937
	3426997938
	3426997939
	3426997940
	3426997941
	3426997942
	3426997943
	3426997944
	3426997945
	3426997946
	3426997947
	3426997948
	3426997949
	3426997950
	3426997951
	3426997952
	3426997953
	3426997954
	3426997955
	3426997956
	3426997957
	3426997958
	3426997959
	3426997960
	3426997961
	3426997962
	3426997963
	3426997964
	3426997965
	3426997966
	3426997967
	3426997968
	3426997969
	3426997970
	3426997971
	3426997972
	3426997973
	3426997974
	3426997975
	3426997976
	3426997977
	3426997978
	3426997979
	3426997980
	3426997981
	3426997982
	3426997983
	3426997984
	3426997985
	3426997986
	3426997987
	3426997988
	3426997989
	3426997990
	3426997991
	3426997992
	3426997993
	3426997994
	3426997995
	3426997996
	3426997997
	3426997998
	3426997999
	3426998000
	3426998001
	3426998002
	3426998003
	3426998004
	3426998005
	3426998006
	3426998007
	3426998008
	3426998009
	3426998010
	3426998011
	3426998012
	3426998013
	3426998014
	3426998015
	3426998016
	3426998017
	3426998018
	3426998019
	3426998020
	3426998021
	3426998022
	3426998023
	3426998024
	3426998025
	3426998026
	3426998027
	3426998028
	3426998029
	3426998030
	3426998031
	3426998032
	3426998033
	3426998034
	3426998035
	3426998036
	3426998037
	3426998038
	3426998039
	3426998040
	3426998041
	3426998042
	3426998043
	3426998044
	3426998045
	3426998046
	3426998047
	3426998048
	3426998049
	3426998050
	3426998051
	3426998052
	3426998053
	3426998054
	3426998055
	3426998056
	3426998057
	3426998058
	3426998059
	3426998060
	3426998061
	3426998062
	3426998063
	3426998064
	3426998065
	3426998066
	3426998067
	3426998068
	3426998069
	3426998070
	3426998071
	3426998072
	3426998073
	3426998074
	3426998075
	3426998076
	3426998077
	3426998078
	3426998079
	3426998080
	3426998081
	3426998082
	3426998083
	3426998084
	3426998085
	3426998086
	3426998087
	3426998088
	3426998089
	3426998090
	3426998091
	3426998092
	3426998093
	3426998094
	3426998095
	3426998096
	3426998097
	3426998098
	3426998099
	3426998100
	3426998101
	3426998102
	3426998103
	3426998104
	3426998105
	3426998106
	3426998107
	3426998108
	3426998109
	3426998110
	3426998111
	3426998112
	3426998113
	3426998114
	3426998115
	3426998116
	3426998117
	3426998118
	3426998119
	3426998120
	3426998121
	3426998122
	3426998123
	3426998124
	3426998125
	3426998126
	3426998127
	3426998128
	3426998129
	3426998130
	3426998131
	3426998132
	3426998133
	3426998134
	3426998135
	3426998136
	3426998137
	3426998138
	3426998139
	3426998140
	3426998141
	3426998142
	3426998143
	3426998144
	3426998145
	3426998146
	3426998147
	3426998148
	3426998149
	3426998150
	3426998151
	3426998152
	3426998153
	3426998154
	3426998155
	3426998156
	3426998157
	3426998158
	3426998159
	3426998160
	3426998161
	3426998162
	3426998163
	3426998164
	3426998165
	3426998166
	3426998167
	3426998168
	3426998169
	3426998170
	3426998171
	3426998172
	3426998173
	3426998174
	3426998175
	3426998176
	3426998177
	3426998178
	3426998179
	3426998180
	3426998181
	3426998182
	3426998183
	3426998184
	3426998185
	3426998186
	3426998187
	3426998188
	3426998189
	3426998190
	3426998191
	3426998192
	3426998193
	3426998194
	3426998195
	3426998196
	3426998197
	3426998198
	3426998199
	3426998200
	3426998201
	3426998202
	3426998203
	3426998204
	3426998205
	3426998206
	3426998207
	3426998208
	3426998209
	3426998210
	3426998211
	3426998212
	3426998213
	3426998214
	3426998215
	3426998216
	3426998217
	3426998218
	3426998219
	3426998220
	3426998221
	3426998222
	3426998223
	3426998224
	3426998225
	3426998226
	3426998227
	3426998228
	3426998229
	3426998230
	3426998231
	3426998232
	3426998233
	3426998234
	3426998235
	3426998236
	3426998237
	3426998238
	3426998239
	3426998240
	3426998241
	3426998242
	3426998243
	3426998244
	3426998245
	3426998246
	3426998247
	3426998248
	3426998249
	3426998250
	3426998251
	3426998252
	3426998253
	3426998254
	3426998255
	3426998256
	3426998257
	3426998258
	3426998259
	3426998260
	3426998261
	3426998262
	3426998263
	3426998264
	3426998265
	3426998266
	3426998267
	3426998268
	3426998269
	3426998270
	3426998271
	3426998272
	3426998273
	3426998274
	3426998275
	3426998276
	3426998277
	3426998278
	3426998279
	3426998280
	3426998281
	3426998282
	3426998283
	3426998284
	3426998285
	3426998286
	3426998287
	3426998288
	3426998289
	3426998290
	3426998291
	3426998292
	3426998293
	3426998294
	3426998295
	3426998296
	3426998297
	3426998298
	3426998299
	3426998300
	3426998301
	3426998302
	3426998303
	3426998304
	3426998305
	3426998306
	3426998307
	3426998308
	3426998309
	3426998310
	3426998311
	3426998312
	3426998313
	3426998314
	3426998315
	3426998316
	3426998317
	3426998318
	3426998319
	3426998320
	3426998321
	3426998322
	3426998323
	3426998324
	3426998325
	3426998326
	3426998327
	3426998328
	3426998329
	3426998330
	3426998331
	3426998332
	3426998333
	3426998334
	3426998335
	3426998336
	3426998337
	3426998338
	3426998339
	3426998340
	3426998341
	3426998342
	3426998343
	3426998344
	3426998345
	3426998346
	3426998347
	3426998348
	3426998349
	3426998350
	3426998351
	3426998352
	3426998353
	3426998354
	3426998355
	3426998356
	3426998357
	3426998358
	3426998359
	3426998360
	3426998361
	3426998362
	3426998363
	3426998364
	3426998365
	3426998366
	3426998367
	3426998368
	3426998369
	3426998370
	3426998371
	3426998372
	3426998373
	3426998374
	3426998375
	3426998376
	3426998377
	3426998378
	3426998379
	3426998380
	3426998381
	3426998382
	3426998383
	3426998384
	3426998385
	3426998386
	3426998387
	3426998388
	3426998389
	3426998390
	3426998391
	3426998392
	3426998393
	3426998394
	3426998395
	3426998396
	3426998397
	3426998398
	3426998399
	3426998400
	3426998401
	3426998402
	3426998403
	3426998404
	3426998405
	3426998406
	3426998407
	3426998408
	3426998409
	3426998410
	3426998411
	3426998412
	3426998413
	3426998414
	3426998415
	3426998416
	3426998417
	3426998418
	3426998419
	3426998420
	3426998421
	3426998422
	3426998423
	3426998424
	3426998425
	3426998426
	3426998427
	3426998428
	3426998429
	3426998430
	3426998431
	3426998432
	3426998433
	3426998434
	3426998435
	3426998436
	3426998437
	3426998438
	3426998439
	3426998440
	3426998441
	3426998442
	3426998443
	3426998444
	3426998445
	3426998446
	3426998447
	3426998448
	3426998449
	3426998450
	3426998451
	3426998452
	3426998453
	3426998454
	3426998455
	3426998456
	3426998457
	3426998458
	3426998459
	3426998460
	3426998461
	3426998462
	3426998463
	3426998464
	3426998465
	3426998466
	3426998467
	3426998468
	3426998469
	3426998470
	3426998471
	3426998472
	3426998473
	3426998474
	3426998475
	3426998476
	3426998477
	3426998478
	3426998479
	3426998480
	3426998481
	3426998482
	3426998483
	3426998484
	3426998485
	3426998486
	3426998487
	3426998488
	3426998489
	3426998490
	3426998491
	3426998492
	3426998493
	3426998494
	3426998495
	3426998496
	3426998497
	3426998498
	3426998499
	3426998500
	3426998501
	3426998502
	3426998503
	3426998504
	3426998505
	3426998506
	3426998507
	3426998508
	3426998509
	3426998510
	3426998511
	3426998512
	3426998513
	3426998514
	3426998515
	3426998516
	3426998517
	3426998518
	3426998519
	3426998520
	3426998521
	3426998522
	3426998523
	3426998524
	3426998525
	3426998526
	3426998527
	3426998528
	3426998529
	3426998530
	3426998531
	3426998532
	3426998533
	3426998534
	3426998535
	3426998536
	3426998537
	3426998538
	3426998539
	3426998540
	3426998541
	3426998542
	3426998543
	3426998544
	3426998545
	3426998546
	3426998547
	3426998548
	3426998549
	3426998550
	3426998551
	3426998552
	3426998553
	3426998554
	3426998555
	3426998556
	3426998557
	3426998558
	3426998559
	3426998560
	3426998561
	3426998562
	3426998563
	3426998564
	3426998565
	3426998566
	3426998567
	3426998568
	3426998569
	3426998570
	3426998571
	3426998572
	3426998573
	3426998574
	3426998575
	3426998576
	3426998577
	3426998578
	3426998579
	3426998580
	3426998581
	3426998582
	3426998583
	3426998584
	3426998585
	3426998586
	3426998587
	3426998588
	3426998589
	3426998590
	3426998591
	3426998592
	3426998593
	3426998594
	3426998595
	3426998596
	3426998597
	3426998598
	3426998599
	3426998600
	3426998601
	3426998602
	3426998603
	3426998604
	3426998605
	3426998606
	3426998607
	3426998608
	3426998609
	3426998610
	3426998611
	3426998612
	3426998613
	3426998614
	3426998615
	3426998616
	3426998617
	3426998618
	3426998619
	3426998620
	3426998621
	3426998622
	3426998623
	3426998624
	3426998625
	3426998626
	3426998627
	3426998628
	3426998629
	3426998630
	3426998631
	3426998632
	3426998633
	3426998634
	3426998635
	3426998636
	3426998637
	3426998638
	3426998639
	3426998640
	3426998641
	3426998642
	3426998643
	3426998644
	3426998645
	3426998646
	3426998647
	3426998648
	3426998649
	3426998650
	3426998651
	3426998652
	3426998653
	3426998654
	3426998655
	3426998656
	3426998657
	3426998658
	3426998659
	3426998660
	3426998661
	3426998662
	3426998663
	3426998664
	3426998665
	3426998666
	3426998667
	3426998668
	3426998669
	3426998670
	3426998671
	3426998672
	3426998673
	3426998674
	3426998675
	3426998676
	3426998677
	3426998678
	3426998679
	3426998680
	3426998681
	3426998682
	3426998683
	3426998684
	3426998685
	3426998686
	3426998687
	3426998688
	3426998689
	3426998690
	3426998691
	3426998692
	3426998693
	3426998694
	3426998695
	3426998696
	3426998697
	3426998698
	3426998699
	3426998700
	3426998701
	3426998702
	3426998703
	3426998704
	3426998705
	3426998706
	3426998707
	3426998708
	3426998709
	3426998710
	3426998711
	3426998712
	3426998713
	3426998714
	3426998715
	3426998716
	3426998717
	3426998718
	3426998719
	3426998720
	3426998721
	3426998722
	3426998723
	3426998724
	3426998725
	3426998726
	3426998727
	3426998728
	3426998729
	3426998730
	3426998731
	3426998732
	3426998733
	3426998734
	3426998735
	3426998736
	3426998737
	3426998738
	3426998739
	3426998740
	3426998741
	3426998742
	3426998743
	3426998744
	3426998745
	3426998746
	3426998747
	3426998748
	3426998749
	3426998750
	3426998751
	3426998752
	3426998753
	3426998754
	3426998755
	3426998756
	3426998757
	3426998758
	3426998759
	3426998760
	3426998761
	3426998762
	3426998763
	3426998764
	3426998765
	3426998766
	3426998767
	3426998768
	3426998769
	3426998770
	3426998771
	3426998772
	3426998773
	3426998774
	3426998775
	3426998776
	3426998777
	3426998778
	3426998779
	3426998780
	3426998781
	3426998782
	3426998783
	3426998784
	3426998785
	3426998786
	3426998787
	3426998788
	3426998789
	3426998790
	3426998791
	3426998792
	3426998793
	3426998794
	3426998795
	3426998796
	3426998797
	3426998798
	3426998799
	3426998800
	3426998801
	3426998802
	3426998803
	3426998804
	3426998805
	3426998806
	3426998807
	3426998808
	3426998809
	3426998810
	3426998811
	3426998812
	3426998813
	3426998814
	3426998815
	3426998816
	3426998817
	3426998818
	3426998819
	3426998820
	3426998821
	3426998822
	3426998823
	3426998824
	3426998825
	3426998826
	3426998827
	3426998828
	3426998829
	3426998830
	3426998831
	3426998832
	3426998833
	3426998834
	3426998835
	3426998836
	3426998837
	3426998838
	3426998839
	3426998840
	3426998841
	3426998842
	3426998843
	3426998844
	3426998845
	3426998846
	3426998847
	3426998848
	3426998849
	3426998850
	3426998851
	3426998852
	3426998853
	3426998854
	3426998855
	3426998856
	3426998857
	3426998858
	3426998859
	3426998860
	3426998861
	3426998862
	3426998863
	3426998864
	3426998865
	3426998866
	3426998867
	3426998868
	3426998869
	3426998870
	3426998871
	3426998872
	3426998873
	3426998874
	3426998875
	3426998876
	3426998877
	3426998878
	3426998879
	3426998880
	3426998881
	3426998882
	3426998883
	3426998884
	3426998885
	3426998886
	3426998887
	3426998888
	3426998889
	3426998890
	3426998891
	3426998892
	3426998893
	3426998894
	3426998895
	3426998896
	3426998897
	3426998898
	3426998899
	3426998900
	3426998901
	3426998902
	3426998903
	3426998904
	3426998905
	3426998906
	3426998907
	3426998908
	3426998909
	3426998910
	3426998911
	3426998912
	3426998913
	3426998914
	3426998915
	3426998916
	3426998917
	3426998918
	3426998919
	3426998920
	3426998921
	3426998922
	3426998923
	3426998924
	3426998925
	3426998926
	3426998927
	3426998928
	3426998929
	3426998930
	3426998931
	3426998932
	3426998933
	3426998934
	3426998935
	3426998936
	3426998937
	3426998938
	3426998939
	3426998940
	3426998941
	3426998942
	3426998943
	3426998944
	3426998945
	3426998946
	3426998947
	3426998948
	3426998949
	3426998950
	3426998951
	3426998952
	3426998953
	3426998954
	3426998955
	3426998956
	3426998957
	3426998958
	3426998959
	3426998960
	3426998961
	3426998962
	3426998963
	3426998964
	3426998965
	3426998966
	3426998967
	3426998968
	3426998969
	3426998970
	3426998971
	3426998972
	3426998973
	3426998974
	3426998975
	3426998976
	3426998977
	3426998978
	3426998979
	3426998980
	3426998981
	3426998982
	3426998983
	3426998984
	3426998985
	3426998986
	3426998987
	3426998988
	3426998989
	3426998990
	3426998991
	3426998992
	3426998993
	3426998994
	3426998995
	3426998996
	3426998997
	3426998998
	3426998999
	3426999000
	3426999001
	3426999002
	3426999003
	3426999004
	3426999005
	3426999006
	3426999007
	3426999008
	3426999009
	3426999010
	3426999011
	3426999012
	3426999013
	3426999014
	3426999015
	3426999016
	3426999017
	3426999018
	3426999019
	3426999020
	3426999021
	3426999022
	3426999023
	3426999024
	3426999025
	3426999026
	3426999027
	3426999028
	3426999029
	3426999030
	3426999031
	3426999032
	3426999033
	3426999034
	3426999035
	3426999036
	3426999037
	3426999038
	3426999039
	3426999040
	3426999041
	3426999042
	3426999043
	3426999044
	3426999045
	3426999046
	3426999047
	3426999048
	3426999049
	3426999050
	3426999051
	3426999052
	3426999053
	3426999054
	3426999055
	3426999056
	3426999057
	3426999058
	3426999059
	3426999060
	3426999061
	3426999062
	3426999063
	3426999064
	3426999065
	3426999066
	3426999067
	3426999068
	3426999069
	3426999070
	3426999071
	3426999072
	3426999073
	3426999074
	3426999075
	3426999076
	3426999077
	3426999078
	3426999079
	3426999080
	3426999081
	3426999082
	3426999083
	3426999084
	3426999085
	3426999086
	3426999087
	3426999088
	3426999089
	3426999090
	3426999091
	3426999092
	3426999093
	3426999094
	3426999095
	3426999096
	3426999097
	3426999098
	3426999099
	3426999100
	3426999101
	3426999102
	3426999103
	3426999104
	3426999105
	3426999106
	3426999107
	3426999108
	3426999109
	3426999110
	3426999111
	3426999112
	3426999113
	3426999114
	3426999115
	3426999116
	3426999117
	3426999118
	3426999119
	3426999120
	3426999121
	3426999122
	3426999123
	3426999124
	3426999125
	3426999126
	3426999127
	3426999128
	3426999129
	3426999130
	3426999131
	3426999132
	3426999133
	3426999134
	3426999135
	3426999136
	3426999137
	3426999138
	3426999139
	3426999140
	3426999141
	3426999142
	3426999143
	3426999144
	3426999145
	3426999146
	3426999147
	3426999148
	3426999149
	3426999150
	3426999151
	3426999152
	3426999153
	3426999154
	3426999155
	3426999156
	3426999157
	3426999158
	3426999159
	3426999160
	3426999161
	3426999162
	3426999163
	3426999164
	3426999165
	3426999166
	3426999167
	3426999168
	3426999169
	3426999170
	3426999171
	3426999172
	3426999173
	3426999174
	3426999175
	3426999176
	3426999177
	3426999178
	3426999179
	3426999180
	3426999181
	3426999182
	3426999183
	3426999184
	3426999185
	3426999186
	3426999187
	3426999188
	3426999189
	3426999190
	3426999191
	3426999192
	3426999193
	3426999194
	3426999195
	3426999196
	3426999197
	3426999198
	3426999199
	3426999200
	3426999201
	3426999202
	3426999203
	3426999204
	3426999205
	3426999206
	3426999207
	3426999208
	3426999209
	3426999210
	3426999211
	3426999212
	3426999213
	3426999214
	3426999215
	3426999216
	3426999217
	3426999218
	3426999219
	3426999220
	3426999221
	3426999222
	3426999223
	3426999224
	3426999225
	3426999226
	3426999227
	3426999228
	3426999229
	3426999230
	3426999231
	3426999232
	3426999233
	3426999234
	3426999235
	3426999236
	3426999237
	3426999238
	3426999239
	3426999240
	3426999241
	3426999242
	3426999243
	3426999244
	3426999245
	3426999246
	3426999247
	3426999248
	3426999249
	3426999250
	3426999251
	3426999252
	3426999253
	3426999254
	3426999255
	3426999256
	3426999257
	3426999258
	3426999259
	3426999260
	3426999261
	3426999262
	3426999263
	3426999264
	3426999265
	3426999266
	3426999267
	3426999268
	3426999269
	3426999270
	3426999271
	3426999272
	3426999273
	3426999274
	3426999275
	3426999276
	3426999277
	3426999278
	3426999279
	3426999280
	3426999281
	3426999282
	3426999283
	3426999284
	3426999285
	3426999286
	3426999287
	3426999288
	3426999289
	3426999290
	3426999291
	3426999292
	3426999293
	3426999294
	3426999295
	3426999296
	3426999297
	3426999298
	3426999299
	3426999300
	3426999301
	3426999302
	3426999303
	3426999304
	3426999305
	3426999306
	3426999307
	3426999308
	3426999309
	3426999310
	3426999311
	3426999312
	3426999313
	3426999314
	3426999315
	3426999316
	3426999317
	3426999318
	3426999319
	3426999320
	3426999321
	3426999322
	3426999323
	3426999324
	3426999325
	3426999326
	3426999327
	3426999328
	3426999329
	3426999330
	3426999331
	3426999332
	3426999333
	3426999334
	3426999335
	3426999336
	3426999337
	3426999338
	3426999339
	3426999340
	3426999341
	3426999342
	3426999343
	3426999344
	3426999345
	3426999346
	3426999347
	3426999348
	3426999349
	3426999350
	3426999351
	3426999352
	3426999353
	3426999354
	3426999355
	3426999356
	3426999357
	3426999358
	3426999359
	3426999360
	3426999361
	3426999362
	3426999363
	3426999364
	3426999365
	3426999366
	3426999367
	3426999368
	3426999369
	3426999370
	3426999371
	3426999372
	3426999373
	3426999374
	3426999375
	3426999376
	3426999377
	3426999378
	3426999379
	3426999380
	3426999381
	3426999382
	3426999383
	3426999384
	3426999385
	3426999386
	3426999387
	3426999388
	3426999389
	3426999390
	3426999391
	3426999392
	3426999393
	3426999394
	3426999395
	3426999396
	3426999397
	3426999398
	3426999399
	3426999400
	3426999401
	3426999402
	3426999403
	3426999404
	3426999405
	3426999406
	3426999407
	3426999408
	3426999409
	3426999410
	3426999411
	3426999412
	3426999413
	3426999414
	3426999415
	3426999416
	3426999417
	3426999418
	3426999419
	3426999420
	3426999421
	3426999422
	3426999423
	3426999424
	3426999425
	3426999426
	3426999427
	3426999428
	3426999429
	3426999430
	3426999431
	3426999432
	3426999433
	3426999434
	3426999435
	3426999436
	3426999437
	3426999438
	3426999439
	3426999440
	3426999441
	3426999442
	3426999443
	3426999444
	3426999445
	3426999446
	3426999447
	3426999448
	3426999449
	3426999450
	3426999451
	3426999452
	3426999453
	3426999454
	3426999455
	3426999456
	3426999457
	3426999458
	3426999459
	3426999460
	3426999461
	3426999462
	3426999463
	3426999464
	3426999465
	3426999466
	3426999467
	3426999468
	3426999469
	3426999470
	3426999471
	3426999472
	3426999473
	3426999474
	3426999475
	3426999476
	3426999477
	3426999478
	3426999479
	3426999480
	3426999481
	3426999482
	3426999483
	3426999484
	3426999485
	3426999486
	3426999487
	3426999488
	3426999489
	3426999490
	3426999491
	3426999492
	3426999493
	3426999494
	3426999495
	3426999496
	3426999497
	3426999498
	3426999499
	3426999500
	3426999501
	3426999502
	3426999503
	3426999504
	3426999505
	3426999506
	3426999507
	3426999508
	3426999509
	3426999510
	3426999511
	3426999512
	3426999513
	3426999514
	3426999515
	3426999516
	3426999517
	3426999518
	3426999519
	3426999520
	3426999521
	3426999522
	3426999523
	3426999524
	3426999525
	3426999526
	3426999527
	3426999528
	3426999529
	3426999530
	3426999531
	3426999532
	3426999533
	3426999534
	3426999535
	3426999536
	3426999537
	3426999538
	3426999539
	3426999540
	3426999541
	3426999542
	3426999543
	3426999544
	3426999545
	3426999546
	3426999547
	3426999548
	3426999549
	3426999550
	3426999551
	3426999552
	3426999553
	3426999554
	3426999555
	3426999556
	3426999557
	3426999558
	3426999559
	3426999560
	3426999561
	3426999562
	3426999563
	3426999564
	3426999565
	3426999566
	3426999567
	3426999568
	3426999569
	3426999570
	3426999571
	3426999572
	3426999573
	3426999574
	3426999575
	3426999576
	3426999577
	3426999578
	3426999579
	3426999580
	3426999581
	3426999582
	3426999583
	3426999584
	3426999585
	3426999586
	3426999587
	3426999588
	3426999589
	3426999590
	3426999591
	3426999592
	3426999593
	3426999594
	3426999595
	3426999596
	3426999597
	3426999598
	3426999599
	3426999600
	3426999601
	3426999602
	3426999603
	3426999604
	3426999605
	3426999606
	3426999607
	3426999608
	3426999609
	3426999610
	3426999611
	3426999612
	3426999613
	3426999614
	3426999615
	3426999616
	3426999617
	3426999618
	3426999619
	3426999620
	3426999621
	3426999622
	3426999623
	3426999624
	3426999625
	3426999626
	3426999627
	3426999628
	3426999629
	3426999630
	3426999631
	3426999632
	3426999633
	3426999634
	3426999635
	3426999636
	3426999637
	3426999638
	3426999639
	3426999640
	3426999641
	3426999642
	3426999643
	3426999644
	3426999645
	3426999646
	3426999647
	3426999648
	3426999649
	3426999650
	3426999651
	3426999652
	3426999653
	3426999654
	3426999655
	3426999656
	3426999657
	3426999658
	3426999659
	3426999660
	3426999661
	3426999662
	3426999663
	3426999664
	3426999665
	3426999666
	3426999667
	3426999668
	3426999669
	3426999670
	3426999671
	3426999672
	3426999673
	3426999674
	3426999675
	3426999676
	3426999677
	3426999678
	3426999679
	3426999680
	3426999681
	3426999682
	3426999683
	3426999684
	3426999685
	3426999686
	3426999687
	3426999688
	3426999689
	3426999690
	3426999691
	3426999692
	3426999693
	3426999694
	3426999695
	3426999696
	3426999697
	3426999698
	3426999699
	3426999700
	3426999701
	3426999702
	3426999703
	3426999704
	3426999705
	3426999706
	3426999707
	3426999708
	3426999709
	3426999710
	3426999711
	3426999712
	3426999713
	3426999714
	3426999715
	3426999716
	3426999717
	3426999718
	3426999719
	3426999720
	3426999721
	3426999722
	3426999723
	3426999724
	3426999725
	3426999726
	3426999727
	3426999728
	3426999729
	3426999730
	3426999731
	3426999732
	3426999733
	3426999734
	3426999735
	3426999736
	3426999737
	3426999738
	3426999739
	3426999740
	3426999741
	3426999742
	3426999743
	3426999744
	3426999745
	3426999746
	3426999747
	3426999748
	3426999749
	3426999750
	3426999751
	3426999752
	3426999753
	3426999754
	3426999755
	3426999756
	3426999757
	3426999758
	3426999759
	3426999760
	3426999761
	3426999762
	3426999763
	3426999764
	3426999765
	3426999766
	3426999767
	3426999768
	3426999769
	3426999770
	3426999771
	3426999772
	3426999773
	3426999774
	3426999775
	3426999776
	3426999777
	3426999778
	3426999779
	3426999780
	3426999781
	3426999782
	3426999783
	3426999784
	3426999785
	3426999786
	3426999787
	3426999788
	3426999789
	3426999790
	3426999791
	3426999792
	3426999793
	3426999794
	3426999795
	3426999796
	3426999797
	3426999798
	3426999799
	3426999800
	3426999801
	3426999802
	3426999803
	3426999804
	3426999805
	3426999806
	3426999807
	3426999808
	3426999809
	3426999810
	3426999811
	3426999812
	3426999813
	3426999814
	3426999815
	3426999816
	3426999817
	3426999818
	3426999819
	3426999820
	3426999821
	3426999822
	3426999823
	3426999824
	3426999825
	3426999826
	3426999827
	3426999828
	3426999829
	3426999830
	3426999831
	3426999832
	3426999833
	3426999834
	3426999835
	3426999836
	3426999837
	3426999838
	3426999839
	3426999840
	3426999841
	3426999842
	3426999843
	3426999844
	3426999845
	3426999846
	3426999847
	3426999848
	3426999849
	3426999850
	3426999851
	3426999852
	3426999853
	3426999854
	3426999855
	3426999856
	3426999857
	3426999858
	3426999859
	3426999860
	3426999861
	3426999862
	3426999863
	3426999864
	3426999865
	3426999866
	3426999867
	3426999868
	3426999869
	3426999870
	3426999871
	3426999872
	3426999873
	3426999874
	3426999875
	3426999876
	3426999877
	3426999878
	3426999879
	3426999880
	3426999881
	3426999882
	3426999883
	3426999884
	3426999885
	3426999886
	3426999887
	3426999888
	3426999889
	3426999890
	3426999891
	3426999892
	3426999893
	3426999894
	3426999895
	3426999896
	3426999897
	3426999898
	3426999899
	3426999900
	3426999901
	3426999902
	3426999903
	3426999904
	3426999905
	3426999906
	3426999907
	3426999908
	3426999909
	3426999910
	3426999911
	3426999912
	3426999913
	3426999914
	3426999915
	3426999916
	3426999917
	3426999918
	3426999919
	3426999920
	3426999921
	3426999922
	3426999923
	3426999924
	3426999925
	3426999926
	3426999927
	3426999928
	3426999929
	3426999930
	3426999931
	3426999932
	3426999933
	3426999934
	3426999935
	3426999936
	3426999937
	3426999938
	3426999939
	3426999940
	3426999941
	3426999942
	3426999943
	3426999944
	3426999945
	3426999946
	3426999947
	3426999948
	3426999949
	3426999950
	3426999951
	3426999952
	3426999953
	3426999954
	3426999955
	3426999956
	3426999957
	3426999958
	3426999959
	3426999960
	3426999961
	3426999962
	3426999963
	3426999964
	3426999965
	3426999966
	3426999967
	3426999968
	3426999969
	3426999970
	3426999971
	3426999972
	3426999973
	3426999974
	3426999975
	3426999976
	3426999977
	3426999978
	3426999979
	3426999980
	3426999981
	3426999982
	3426999983
	3426999984
	3426999985
	3426999986
	3426999987
	3426999988
	3426999989
	3426999990
	3426999991
	3426999992
	3426999993
	3426999994
	3426999995
	3426999996
	3426999997
	3426999998
	3426999999
	3427000000
	3427000001
	3427000002
	3427000003
	3427000004
	3427000005
	3427000006
	3427000007
	3427000008
	3427000009
	3427000010
	3427000011
	3427000012
	3427000013
	3427000014
	3427000015
	3427000016
	3427000017
	3427000018
	3427000019
	3427000020
	3427000021
	3427000022
	3427000023
	3427000024
	3427000025
	3427000026
	3427000027
	3427000028
	3427000029
	3427000030
	3427000031
	3427000032
	3427000033
	3427000034
	3427000035
	3427000036
	3427000037
	3427000038
	3427000039
	3427000040
	3427000041
	3427000042
	3427000043
	3427000044
	3427000045
	3427000046
	3427000047
	3427000048
	3427000049
	3427000050
	3427000051
	3427000052
	3427000053
	3427000054
	3427000055
	3427000056
	3427000057
	3427000058
	3427000059
	3427000060
	3427000061
	3427000062
	3427000063
	3427000064
	3427000065
	3427000066
	3427000067
	3427000068
	3427000069
	3427000070
	3427000071
	3427000072
	3427000073
	3427000074
	3427000075
	3427000076
	3427000077
	3427000078
	3427000079
	3427000080
	3427000081
	3427000082
	3427000083
	3427000084
	3427000085
	3427000086
	3427000087
	3427000088
	3427000089
	3427000090
	3427000091
	3427000092
	3427000093
	3427000094
	3427000095
	3427000096
	3427000097
	3427000098
	3427000099
	3427000100
	3427000101
	3427000102
	3427000103
	3427000104
	3427000105
	3427000106
	3427000107
	3427000108
	3427000109
	3427000110
	3427000111
	3427000112
	3427000113
	3427000114
	3427000115
	3427000116
	3427000117
	3427000118
	3427000119
	3427000120
	3427000121
	3427000122
	3427000123
	3427000124
	3427000125
	3427000126
	3427000127
	3427000128
	3427000129
	3427000130
	3427000131
	3427000132
	3427000133
	3427000134
	3427000135
	3427000136
	3427000137
	3427000138
	3427000139
	3427000140
	3427000141
	3427000142
	3427000143
	3427000144
	3427000145
	3427000146
	3427000147
	3427000148
	3427000149
	3427000150
	3427000151
	3427000152
	3427000153
	3427000154
	3427000155
	3427000156
	3427000157
	3427000158
	3427000159
	3427000160
	3427000161
	3427000162
	3427000163
	3427000164
	3427000165
	3427000166
	3427000167
	3427000168
	3427000169
	3427000170
	3427000171
	3427000172
	3427000173
	3427000174
	3427000175
	3427000176
	3427000177
	3427000178
	3427000179
	3427000180
	3427000181
	3427000182
	3427000183
	3427000184
	3427000185
	3427000186
	3427000187
	3427000188
	3427000189
	3427000190
	3427000191
	3427000192
	3427000193
	3427000194
	3427000195
	3427000196
	3427000197
	3427000198
	3427000199
	3427000200
	3427000201
	3427000202
	3427000203
	3427000204
	3427000205
	3427000206
	3427000207
	3427000208
	3427000209
	3427000210
	3427000211
	3427000212
	3427000213
	3427000214
	3427000215
	3427000216
	3427000217
	3427000218
	3427000219
	3427000220
	3427000221
	3427000222
	3427000223
	3427000224
	3427000225
	3427000226
	3427000227
	3427000228
	3427000229
	3427000230
	3427000231
	3427000232
	3427000233
	3427000234
	3427000235
	3427000236
	3427000237
	3427000238
	3427000239
	3427000240
	3427000241
	3427000242
	3427000243
	3427000244
	3427000245
	3427000246
	3427000247
	3427000248
	3427000249
	3427000250
	3427000251
	3427000252
	3427000253
	3427000254
	3427000255
	3427000256
	3427000257
	3427000258
	3427000259
	3427000260
	3427000261
	3427000262
	3427000263
	3427000264
	3427000265
	3427000266
	3427000267
	3427000268
	3427000269
	3427000270
	3427000271
	3427000272
	3427000273
	3427000274
	3427000275
	3427000276
	3427000277
	3427000278
	3427000279
	3427000280
	3427000281
	3427000282
	3427000283
	3427000284
	3427000285
	3427000286
	3427000287
	3427000288
	3427000289
	3427000290
	3427000291
	3427000292
	3427000293
	3427000294
	3427000295
	3427000296
	3427000297
	3427000298
	3427000299
	3427000300
	3427000301
	3427000302
	3427000303
	3427000304
	3427000305
	3427000306
	3427000307
	3427000308
	3427000309
	3427000310
	3427000311
	3427000312
	3427000313
	3427000314
	3427000315
	3427000316
	3427000317
	3427000318
	3427000319
	3427000320
	3427000321
	3427000322
	3427000323
	3427000324
	3427000325
	3427000326
	3427000327
	3427000328
	3427000329
	3427000330
	3427000331
	3427000332
	3427000333
	3427000334
	3427000335
	3427000336
	3427000337
	3427000338
	3427000339
	3427000340
	3427000341
	3427000342
	3427000343
	3427000344
	3427000345
	3427000346
	3427000347
	3427000348
	3427000349
	3427000350
	3427000351
	3427000352
	3427000353
	3427000354
	3427000355
	3427000356
	3427000357
	3427000358
	3427000359
	3427000360
	3427000361
	3427000362
	3427000363
	3427000364
	3427000365
	3427000366
	3427000367
	3427000368
	3427000369
	3427000370
	3427000371
	3427000372
	3427000373
	3427000374
	3427000375
	3427000376
	3427000377
	3427000378
	3427000379
	3427000380
	3427000381
	3427000382
	3427000383
	3427000384
	3427000385
	3427000386
	3427000387
	3427000388
	3427000389
	3427000390
	3427000391
	3427000392
	3427000393
	3427000394
	3427000395
	3427000396
	3427000397
	3427000398
	3427000399
	3427000400
	3427000401
	3427000402
	3427000403
	3427000404
	3427000405
	3427000406
	3427000407
	3427000408
	3427000409
	3427000410
	3427000411
	3427000412
	3427000413
	3427000414
	3427000415
	3427000416
	3427000417
	3427000418
	3427000419
	3427000420
	3427000421
	3427000422
	3427000423
	3427000424
	3427000425
	3427000426
	3427000427
	3427000428
	3427000429
	3427000430
	3427000431
	3427000432
	3427000433
	3427000434
	3427000435
	3427000436
	3427000437
	3427000438
	3427000439
	3427000440
	3427000441
	3427000442
	3427000443
	3427000444
	3427000445
	3427000446
	3427000447
	3427000448
	3427000449
	3427000450
	3427000451
	3427000452
	3427000453
	3427000454
	3427000455
	3427000456
	3427000457
	3427000458
	3427000459
	3427000460
	3427000461
	3427000462
	3427000463
	3427000464
	3427000465
	3427000466
	3427000467
	3427000468
	3427000469
	3427000470
	3427000471
	3427000472
	3427000473
	3427000474
	3427000475
	3427000476
	3427000477
	3427000478
	3427000479
	3427000480
	3427000481
	3427000482
	3427000483
	3427000484
	3427000485
	3427000486
	3427000487
	3427000488
	3427000489
	3427000490
	3427000491
	3427000492
	3427000493
	3427000494
	3427000495
	3427000496
	3427000497
	3427000498
	3427000499
	3427000500
	3427000501
	3427000502
	3427000503
	3427000504
	3427000505
	3427000506
	3427000507
	3427000508
	3427000509
	3427000510
	3427000511
	3427000512
	3427000513
	3427000514
	3427000515
	3427000516
	3427000517
	3427000518
	3427000519
	3427000520
	3427000521
	3427000522
	3427000523
	3427000524
	3427000525
	3427000526
	3427000527
	3427000528
	3427000529
	3427000530
	3427000531
	3427000532
	3427000533
	3427000534
	3427000535
	3427000536
	3427000537
	3427000538
	3427000539
	3427000540
	3427000541
	3427000542
	3427000543
	3427000544
	3427000545
	3427000546
	3427000547
	3427000548
	3427000549
	3427000550
	3427000551
	3427000552
	3427000553
	3427000554
	3427000555
	3427000556
	3427000557
	3427000558
	3427000559
	3427000560
	3427000561
	3427000562
	3427000563
	3427000564
	3427000565
	3427000566
	3427000567
	3427000568
	3427000569
	3427000570
	3427000571
	3427000572
	3427000573
	3427000574
	3427000575
	3427000576
	3427000577
	3427000578
	3427000579
	3427000580
	3427000581
	3427000582
	3427000583
	3427000584
	3427000585
	3427000586
	3427000587
	3427000588
	3427000589
	3427000590
	3427000591
	3427000592
	3427000593
	3427000594
	3427000595
	3427000596
	3427000597
	3427000598
	3427000599
	3427000600
	3427000601
	3427000602
	3427000603
	3427000604
	3427000605
	3427000606
	3427000607
	3427000608
	3427000609
	3427000610
	3427000611
	3427000612
	3427000613
	3427000614
	3427000615
	3427000616
	3427000617
	3427000618
	3427000619
	3427000620
	3427000621
	3427000622
	3427000623
	3427000624
	3427000625
	3427000626
	3427000627
	3427000628
	3427000629
	3427000630
	3427000631
	3427000632
	3427000633
	3427000634
	3427000635
	3427000636
	3427000637
	3427000638
	3427000639
	3427000640
	3427000641
	3427000642
	3427000643
	3427000644
	3427000645
	3427000646
	3427000647
	3427000648
	3427000649
	3427000650
	3427000651
	3427000652
	3427000653
	3427000654
	3427000655
	3427000656
	3427000657
	3427000658
	3427000659
	3427000660
	3427000661
	3427000662
	3427000663
	3427000664
	3427000665
	3427000666
	3427000667
	3427000668
	3427000669
	3427000670
	3427000671
	3427000672
	3427000673
	3427000674
	3427000675
	3427000676
	3427000677
	3427000678
	3427000679
	3427000680
	3427000681
	3427000682
	3427000683
	3427000684
	3427000685
	3427000686
	3427000687
	3427000688
	3427000689
	3427000690
	3427000691
	3427000692
	3427000693
	3427000694
	3427000695
	3427000696
	3427000697
	3427000698
	3427000699
	3427000700
	3427000701
	3427000702
	3427000703
	3427000704
	3427000705
	3427000706
	3427000707
	3427000708
	3427000709
	3427000710
	3427000711
	3427000712
	3427000713
	3427000714
	3427000715
	3427000716
	3427000717
	3427000718
	3427000719
	3427000720
	3427000721
	3427000722
	3427000723
	3427000724
	3427000725
	3427000726
	3427000727
	3427000728
	3427000729
	3427000730
	3427000731
	3427000732
	3427000733
	3427000734
	3427000735
	3427000736
	3427000737
	3427000738
	3427000739
	3427000740
	3427000741
	3427000742
	3427000743
	3427000744
	3427000745
	3427000746
	3427000747
	3427000748
	3427000749
	3427000750
	3427000751
	3427000752
	3427000753
	3427000754
	3427000755
	3427000756
	3427000757
	3427000758
	3427000759
	3427000760
	3427000761
	3427000762
	3427000763
	3427000764
	3427000765
	3427000766
	3427000767
	3427000768
	3427000769
	3427000770
	3427000771
	3427000772
	3427000773
	3427000774
	3427000775
	3427000776
	3427000777
	3427000778
	3427000779
	3427000780
	3427000781
	3427000782
	3427000783
	3427000784
	3427000785
	3427000786
	3427000787
	3427000788
	3427000789
	3427000790
	3427000791
	3427000792
	3427000793
	3427000794
	3427000795
	3427000796
	3427000797
	3427000798
	3427000799
	3427000800
	3427000801
	3427000802
	3427000803
	3427000804
	3427000805
	3427000806
	3427000807
	3427000808
	3427000809
	3427000810
	3427000811
	3427000812
	3427000813
	3427000814
	3427000815
	3427000816
	3427000817
	3427000818
	3427000819
	3427000820
	3427000821
	3427000822
	3427000823
	3427000824
	3427000825
	3427000826
	3427000827
	3427000828
	3427000829
	3427000830
	3427000831
	3427000832
	3427000833
	3427000834
	3427000835
	3427000836
	3427000837
	3427000838
	3427000839
	3427000840
	3427000841
	3427000842
	3427000843
	3427000844
	3427000845
	3427000846
	3427000847
	3427000848
	3427000849
	3427000850
	3427000851
	3427000852
	3427000853
	3427000854
	3427000855
	3427000856
	3427000857
	3427000858
	3427000859
	3427000860
	3427000861
	3427000862
	3427000863
	3427000864
	3427000865
	3427000866
	3427000867
	3427000868
	3427000869
	3427000870
	3427000871
	3427000872
	3427000873
	3427000874
	3427000875
	3427000876
	3427000877
	3427000878
	3427000879
	3427000880
	3427000881
	3427000882
	3427000883
	3427000884
	3427000885
	3427000886
	3427000887
	3427000888
	3427000889
	3427000890
	3427000891
	3427000892
	3427000893
	3427000894
	3427000895
	3427000896
	3427000897
	3427000898
	3427000899
	3427000900
	3427000901
	3427000902
	3427000903
	3427000904
	3427000905
	3427000906
	3427000907
	3427000908
	3427000909
	3427000910
	3427000911
	3427000912
	3427000913
	3427000914
	3427000915
	3427000916
	3427000917
	3427000918
	3427000919
	3427000920
	3427000921
	3427000922
	3427000923
	3427000924
	3427000925
	3427000926
	3427000927
	3427000928
	3427000929
	3427000930
	3427000931
	3427000932
	3427000933
	3427000934
	3427000935
	3427000936
	3427000937
	3427000938
	3427000939
	3427000940
	3427000941
	3427000942
	3427000943
	3427000944
	3427000945
	3427000946
	3427000947
	3427000948
