	3426834491
	3426834492
	3426834493
	3426834494
	3426834495
	3426834496
	3426834497
	3426834498
	3426834499
	3426834500
	3426834501
	3426834502
	3426834503
	3426834504
	3426834505
	3426834506
	3426834507
	3426834508
	3426834509
	3426834510
	3426834511
	3426834512
	3426834513
	3426834514
	3426834515
	3426834516
	3426834517
	3426834518
	3426834519
	3426834520
	3426834521
	3426834522
	3426834523
	3426834524
	3426834525
	3426834526
	3426834527
	3426834528
	3426834529
	3426834530
	3426834531
	3426834532
	3426834533
	3426834534
	3426834535
	3426834536
	3426834537
	3426834538
	3426834539
	3426834540
	3426834541
	3426834542
	3426834543
	3426834544
	3426834545
	3426834546
	3426834547
	3426834548
	3426834549
	3426834550
	3426834551
	3426834552
	3426834553
	3426834554
	3426834555
	3426834556
	3426834557
	3426834558
	3426834559
	3426834560
	3426834561
	3426834562
	3426834563
	3426834564
	3426834565
	3426834566
	3426834567
	3426834568
	3426834569
	3426834570
	3426834571
	3426834572
	3426834573
	3426834574
	3426834575
	3426834576
	3426834577
	3426834578
	3426834579
	3426834580
	3426834581
	3426834582
	3426834583
	3426834584
	3426834585
	3426834586
	3426834587
	3426834588
	3426834589
	3426834590
	3426834591
	3426834592
	3426834593
	3426834594
	3426834595
	3426834596
	3426834597
	3426834598
	3426834599
	3426834600
	3426834601
	3426834602
	3426834603
	3426834604
	3426834605
	3426834606
	3426834607
	3426834608
	3426834609
	3426834610
	3426834611
	3426834612
	3426834613
	3426834614
	3426834615
	3426834616
	3426834617
	3426834618
	3426834619
	3426834620
	3426834621
	3426834622
	3426834623
	3426834624
	3426834625
	3426834626
	3426834627
	3426834628
	3426834629
	3426834630
	3426834631
	3426834632
	3426834633
	3426834634
	3426834635
	3426834636
	3426834637
	3426834638
	3426834639
	3426834640
	3426834641
	3426834642
	3426834643
	3426834644
	3426834645
	3426834646
	3426834647
	3426834648
	3426834649
	3426834650
	3426834651
	3426834652
	3426834653
	3426834654
	3426834655
	3426834656
	3426834657
	3426834658
	3426834659
	3426834660
	3426834661
	3426834662
	3426834663
	3426834664
	3426834665
	3426834666
	3426834667
	3426834668
	3426834669
	3426834670
	3426834671
	3426834672
	3426834673
	3426834674
	3426834675
	3426834676
	3426834677
	3426834678
	3426834679
	3426834680
	3426834681
	3426834682
	3426834683
	3426834684
	3426834685
	3426834686
	3426834687
	3426834688
	3426834689
	3426834690
	3426834691
	3426834692
	3426834693
	3426834694
	3426834695
	3426834696
	3426834697
	3426834698
	3426834699
	3426834700
	3426834701
	3426834702
	3426834703
	3426834704
	3426834705
	3426834706
	3426834707
	3426834708
	3426834709
	3426834710
	3426834711
	3426834712
	3426834713
	3426834714
	3426834715
	3426834716
	3426834717
	3426834718
	3426834719
	3426834720
	3426834721
	3426834722
	3426834723
	3426834724
	3426834725
	3426834726
	3426834727
	3426834728
	3426834729
	3426834730
	3426834731
	3426834732
	3426834733
	3426834734
	3426834735
	3426834736
	3426834737
	3426834738
	3426834739
	3426834740
	3426834741
	3426834742
	3426834743
	3426834744
	3426834745
	3426834746
	3426834747
	3426834748
	3426834749
	3426834750
	3426834751
	3426834752
	3426834753
	3426834754
	3426834755
	3426834756
	3426834757
	3426834758
	3426834759
	3426834760
	3426834761
	3426834762
	3426834763
	3426834764
	3426834765
	3426834766
	3426834767
	3426834768
	3426834769
	3426834770
	3426834771
	3426834772
	3426834773
	3426834774
	3426834775
	3426834776
	3426834777
	3426834778
	3426834779
	3426834780
	3426834781
	3426834782
	3426834783
	3426834784
	3426834785
	3426834786
	3426834787
	3426834788
	3426834789
	3426834790
	3426834791
	3426834792
	3426834793
	3426834794
	3426834795
	3426834796
	3426834797
	3426834798
	3426834799
	3426834800
	3426834801
	3426834802
	3426834803
	3426834804
	3426834805
	3426834806
	3426834807
	3426834808
	3426834809
	3426834810
	3426834811
	3426834812
	3426834813
	3426834814
	3426834815
	3426834816
	3426834817
	3426834818
	3426834819
	3426834820
	3426834821
	3426834822
	3426834823
	3426834824
	3426834825
	3426834826
	3426834827
	3426834828
	3426834829
	3426834830
	3426834831
	3426834832
	3426834833
	3426834834
	3426834835
	3426834836
	3426834837
	3426834838
	3426834839
	3426834840
	3426834841
	3426834842
	3426834843
	3426834844
	3426834845
	3426834846
	3426834847
	3426834848
	3426834849
	3426834850
	3426834851
	3426834852
	3426834853
	3426834854
	3426834855
	3426834856
	3426834857
	3426834858
	3426834859
	3426834860
	3426834861
	3426834862
	3426834863
	3426834864
	3426834865
	3426834866
	3426834867
	3426834868
	3426834869
	3426834870
	3426834871
	3426834872
	3426834873
	3426834874
	3426834875
	3426834876
	3426834877
	3426834878
	3426834879
	3426834880
	3426834881
	3426834882
	3426834883
	3426834884
	3426834885
	3426834886
	3426834887
	3426834888
	3426834889
	3426834890
	3426834891
	3426834892
	3426834893
	3426834894
	3426834895
	3426834896
	3426834897
	3426834898
	3426834899
	3426834900
	3426834901
	3426834902
	3426834903
	3426834904
	3426834905
	3426834906
	3426834907
	3426834908
	3426834909
	3426834910
	3426834911
	3426834912
	3426834913
	3426834914
	3426834915
	3426834916
	3426834917
	3426834918
	3426834919
	3426834920
	3426834921
	3426834922
	3426834923
	3426834924
	3426834925
	3426834926
	3426834927
	3426834928
	3426834929
	3426834930
	3426834931
	3426834932
	3426834933
	3426834934
	3426834935
	3426834936
	3426834937
	3426834938
	3426834939
	3426834940
	3426834941
	3426834942
	3426834943
	3426834944
	3426834945
	3426834946
	3426834947
	3426834948
	3426834949
	3426834950
	3426834951
	3426834952
	3426834953
	3426834954
	3426834955
	3426834956
	3426834957
	3426834958
	3426834959
	3426834960
	3426834961
	3426834962
	3426834963
	3426834964
	3426834965
	3426834966
	3426834967
	3426834968
	3426834969
	3426834970
	3426834971
	3426834972
	3426834973
	3426834974
	3426834975
	3426834976
	3426834977
	3426834978
	3426834979
	3426834980
	3426834981
	3426834982
	3426834983
	3426834984
	3426834985
	3426834986
	3426834987
	3426834988
	3426834989
	3426834990
	3426834991
	3426834992
	3426834993
	3426834994
	3426834995
	3426834996
	3426834997
	3426834998
	3426834999
	3426835000
	3426835001
	3426835002
	3426835003
	3426835004
	3426835005
	3426835006
	3426835007
	3426835008
	3426835009
	3426835010
	3426835011
	3426835012
	3426835013
	3426835014
	3426835015
	3426835016
	3426835017
	3426835018
	3426835019
	3426835020
	3426835021
	3426835022
	3426835023
	3426835024
	3426835025
	3426835026
	3426835027
	3426835028
	3426835029
	3426835030
	3426835031
	3426835032
	3426835033
	3426835034
	3426835035
	3426835036
	3426835037
	3426835038
	3426835039
	3426835040
	3426835041
	3426835042
	3426835043
	3426835044
	3426835045
	3426835046
	3426835047
	3426835048
	3426835049
	3426835050
	3426835051
	3426835052
	3426835053
	3426835054
	3426835055
	3426835056
	3426835057
	3426835058
	3426835059
	3426835060
	3426835061
	3426835062
	3426835063
	3426835064
	3426835065
	3426835066
	3426835067
	3426835068
	3426835069
	3426835070
	3426835071
	3426835072
	3426835073
	3426835074
	3426835075
	3426835076
	3426835077
	3426835078
	3426835079
	3426835080
	3426835081
	3426835082
	3426835083
	3426835084
	3426835085
	3426835086
	3426835087
	3426835088
	3426835089
	3426835090
	3426835091
	3426835092
	3426835093
	3426835094
	3426835095
	3426835096
	3426835097
	3426835098
	3426835099
	3426835100
	3426835101
	3426835102
	3426835103
	3426835104
	3426835105
	3426835106
	3426835107
	3426835108
	3426835109
	3426835110
	3426835111
	3426835112
	3426835113
	3426835114
	3426835115
	3426835116
	3426835117
	3426835118
	3426835119
	3426835120
	3426835121
	3426835122
	3426835123
	3426835124
	3426835125
	3426835126
	3426835127
	3426835128
	3426835129
	3426835130
	3426835131
	3426835132
	3426835133
	3426835134
	3426835135
	3426835136
	3426835137
	3426835138
	3426835139
	3426835140
	3426835141
	3426835142
	3426835143
	3426835144
	3426835145
	3426835146
	3426835147
	3426835148
	3426835149
	3426835150
	3426835151
	3426835152
	3426835153
	3426835154
	3426835155
	3426835156
	3426835157
	3426835158
	3426835159
	3426835160
	3426835161
	3426835162
	3426835163
	3426835164
	3426835165
	3426835166
	3426835167
	3426835168
	3426835169
	3426835170
	3426835171
	3426835172
	3426835173
	3426835174
	3426835175
	3426835176
	3426835177
	3426835178
	3426835179
	3426835180
	3426835181
	3426835182
	3426835183
	3426835184
	3426835185
	3426835186
	3426835187
	3426835188
	3426835189
	3426835190
	3426835191
	3426835192
	3426835193
	3426835194
	3426835195
	3426835196
	3426835197
	3426835198
	3426835199
	3426835200
	3426835201
	3426835202
	3426835203
	3426835204
	3426835205
	3426835206
	3426835207
	3426835208
	3426835209
	3426835210
	3426835211
	3426835212
	3426835213
	3426835214
	3426835215
	3426835216
	3426835217
	3426835218
	3426835219
	3426835220
	3426835221
	3426835222
	3426835223
	3426835224
	3426835225
	3426835226
	3426835227
	3426835228
	3426835229
	3426835230
	3426835231
	3426835232
	3426835233
	3426835234
	3426835235
	3426835236
	3426835237
	3426835238
	3426835239
	3426835240
	3426835241
	3426835242
	3426835243
	3426835244
	3426835245
	3426835246
	3426835247
	3426835248
	3426835249
	3426835250
	3426835251
	3426835252
	3426835253
	3426835254
	3426835255
	3426835256
	3426835257
	3426835258
	3426835259
	3426835260
	3426835261
	3426835262
	3426835263
	3426835264
	3426835265
	3426835266
	3426835267
	3426835268
	3426835269
	3426835270
	3426835271
	3426835272
	3426835273
	3426835274
	3426835275
	3426835276
	3426835277
	3426835278
	3426835279
	3426835280
	3426835281
	3426835282
	3426835283
	3426835284
	3426835285
	3426835286
	3426835287
	3426835288
	3426835289
	3426835290
	3426835291
	3426835292
	3426835293
	3426835294
	3426835295
	3426835296
	3426835297
	3426835298
	3426835299
	3426835300
	3426835301
	3426835302
	3426835303
	3426835304
	3426835305
	3426835306
	3426835307
	3426835308
	3426835309
	3426835310
	3426835311
	3426835312
	3426835313
	3426835314
	3426835315
	3426835316
	3426835317
	3426835318
	3426835319
	3426835320
	3426835321
	3426835322
	3426835323
	3426835324
	3426835325
	3426835326
	3426835327
	3426835328
	3426835329
	3426835330
	3426835331
	3426835332
	3426835333
	3426835334
	3426835335
	3426835336
	3426835337
	3426835338
	3426835339
	3426835340
	3426835341
	3426835342
	3426835343
	3426835344
	3426835345
	3426835346
	3426835347
	3426835348
	3426835349
	3426835350
	3426835351
	3426835352
	3426835353
	3426835354
	3426835355
	3426835356
	3426835357
	3426835358
	3426835359
	3426835360
	3426835361
	3426835362
	3426835363
	3426835364
	3426835365
	3426835366
	3426835367
	3426835368
	3426835369
	3426835370
	3426835371
	3426835372
	3426835373
	3426835374
	3426835375
	3426835376
	3426835377
	3426835378
	3426835379
	3426835380
	3426835381
	3426835382
	3426835383
	3426835384
	3426835385
	3426835386
	3426835387
	3426835388
	3426835389
	3426835390
	3426835391
	3426835392
	3426835393
	3426835394
	3426835395
	3426835396
	3426835397
	3426835398
	3426835399
	3426835400
	3426835401
	3426835402
	3426835403
	3426835404
	3426835405
	3426835406
	3426835407
	3426835408
	3426835409
	3426835410
	3426835411
	3426835412
	3426835413
	3426835414
	3426835415
	3426835416
	3426835417
	3426835418
	3426835419
	3426835420
	3426835421
	3426835422
	3426835423
	3426835424
	3426835425
	3426835426
	3426835427
	3426835428
	3426835429
	3426835430
	3426835431
	3426835432
	3426835433
	3426835434
	3426835435
	3426835436
	3426835437
	3426835438
	3426835439
	3426835440
	3426835441
	3426835442
	3426835443
	3426835444
	3426835445
	3426835446
	3426835447
	3426835448
	3426835449
	3426835450
	3426835451
	3426835452
	3426835453
	3426835454
	3426835455
	3426835456
	3426835457
	3426835458
	3426835459
	3426835460
	3426835461
	3426835462
	3426835463
	3426835464
	3426835465
	3426835466
	3426835467
	3426835468
	3426835469
	3426835470
	3426835471
	3426835472
	3426835473
	3426835474
	3426835475
	3426835476
	3426835477
	3426835478
	3426835479
	3426835480
	3426835481
	3426835482
	3426835483
	3426835484
	3426835485
	3426835486
	3426835487
	3426835488
	3426835489
	3426835490
	3426835491
	3426835492
	3426835493
	3426835494
	3426835495
	3426835496
	3426835497
	3426835498
	3426835499
	3426835500
	3426835501
	3426835502
	3426835503
	3426835504
	3426835505
	3426835506
	3426835507
	3426835508
	3426835509
	3426835510
	3426835511
	3426835512
	3426835513
	3426835514
	3426835515
	3426835516
	3426835517
	3426835518
	3426835519
	3426835520
	3426835521
	3426835522
	3426835523
	3426835524
	3426835525
	3426835526
	3426835527
	3426835528
	3426835529
	3426835530
	3426835531
	3426835532
	3426835533
	3426835534
	3426835535
	3426835536
	3426835537
	3426835538
	3426835539
	3426835540
	3426835541
	3426835542
	3426835543
	3426835544
	3426835545
	3426835546
	3426835547
	3426835548
	3426835549
	3426835550
	3426835551
	3426835552
	3426835553
	3426835554
	3426835555
	3426835556
	3426835557
	3426835558
	3426835559
	3426835560
	3426835561
	3426835562
	3426835563
	3426835564
	3426835565
	3426835566
	3426835567
	3426835568
	3426835569
	3426835570
	3426835571
	3426835572
	3426835573
	3426835574
	3426835575
	3426835576
	3426835577
	3426835578
	3426835579
	3426835580
	3426835581
	3426835582
	3426835583
	3426835584
	3426835585
	3426835586
	3426835587
	3426835588
	3426835589
	3426835590
	3426835591
	3426835592
	3426835593
	3426835594
	3426835595
	3426835596
	3426835597
	3426835598
	3426835599
	3426835600
	3426835601
	3426835602
	3426835603
	3426835604
	3426835605
	3426835606
	3426835607
	3426835608
	3426835609
	3426835610
	3426835611
	3426835612
	3426835613
	3426835614
	3426835615
	3426835616
	3426835617
	3426835618
	3426835619
	3426835620
	3426835621
	3426835622
	3426835623
	3426835624
	3426835625
	3426835626
	3426835627
	3426835628
	3426835629
	3426835630
	3426835631
	3426835632
	3426835633
	3426835634
	3426835635
	3426835636
	3426835637
	3426835638
	3426835639
	3426835640
	3426835641
	3426835642
	3426835643
	3426835644
	3426835645
	3426835646
	3426835647
	3426835648
	3426835649
	3426835650
	3426835651
	3426835652
	3426835653
	3426835654
	3426835655
	3426835656
	3426835657
	3426835658
	3426835659
	3426835660
	3426835661
	3426835662
	3426835663
	3426835664
	3426835665
	3426835666
	3426835667
	3426835668
	3426835669
	3426835670
	3426835671
	3426835672
	3426835673
	3426835674
	3426835675
	3426835676
	3426835677
	3426835678
	3426835679
	3426835680
	3426835681
	3426835682
	3426835683
	3426835684
	3426835685
	3426835686
	3426835687
	3426835688
	3426835689
	3426835690
	3426835691
	3426835692
	3426835693
	3426835694
	3426835695
	3426835696
	3426835697
	3426835698
	3426835699
	3426835700
	3426835701
	3426835702
	3426835703
	3426835704
	3426835705
	3426835706
	3426835707
	3426835708
	3426835709
	3426835710
	3426835711
	3426835712
	3426835713
	3426835714
	3426835715
	3426835716
	3426835717
	3426835718
	3426835719
	3426835720
	3426835721
	3426835722
	3426835723
	3426835724
	3426835725
	3426835726
	3426835727
	3426835728
	3426835729
	3426835730
	3426835731
	3426835732
	3426835733
	3426835734
	3426835735
	3426835736
	3426835737
	3426835738
	3426835739
	3426835740
	3426835741
	3426835742
	3426835743
	3426835744
	3426835745
	3426835746
	3426835747
	3426835748
	3426835749
	3426835750
	3426835751
	3426835752
	3426835753
	3426835754
	3426835755
	3426835756
	3426835757
	3426835758
	3426835759
	3426835760
	3426835761
	3426835762
	3426835763
	3426835764
	3426835765
	3426835766
	3426835767
	3426835768
	3426835769
	3426835770
	3426835771
	3426835772
	3426835773
	3426835774
	3426835775
	3426835776
	3426835777
	3426835778
	3426835779
	3426835780
	3426835781
	3426835782
	3426835783
	3426835784
	3426835785
	3426835786
	3426835787
	3426835788
	3426835789
	3426835790
	3426835791
	3426835792
	3426835793
	3426835794
	3426835795
	3426835796
	3426835797
	3426835798
	3426835799
	3426835800
	3426835801
	3426835802
	3426835803
	3426835804
	3426835805
	3426835806
	3426835807
	3426835808
	3426835809
	3426835810
	3426835811
	3426835812
	3426835813
	3426835814
	3426835815
	3426835816
	3426835817
	3426835818
	3426835819
	3426835820
	3426835821
	3426835822
	3426835823
	3426835824
	3426835825
	3426835826
	3426835827
	3426835828
	3426835829
	3426835830
	3426835831
	3426835832
	3426835833
	3426835834
	3426835835
	3426835836
	3426835837
	3426835838
	3426835839
	3426835840
	3426835841
	3426835842
	3426835843
	3426835844
	3426835845
	3426835846
	3426835847
	3426835848
	3426835849
	3426835850
	3426835851
	3426835852
	3426835853
	3426835854
	3426835855
	3426835856
	3426835857
	3426835858
	3426835859
	3426835860
	3426835861
	3426835862
	3426835863
	3426835864
	3426835865
	3426835866
	3426835867
	3426835868
	3426835869
	3426835870
	3426835871
	3426835872
	3426835873
	3426835874
	3426835875
	3426835876
	3426835877
	3426835878
	3426835879
	3426835880
	3426835881
	3426835882
	3426835883
	3426835884
	3426835885
	3426835886
	3426835887
	3426835888
	3426835889
	3426835890
	3426835891
	3426835892
	3426835893
	3426835894
	3426835895
	3426835896
	3426835897
	3426835898
	3426835899
	3426835900
	3426835901
	3426835902
	3426835903
	3426835904
	3426835905
	3426835906
	3426835907
	3426835908
	3426835909
	3426835910
	3426835911
	3426835912
	3426835913
	3426835914
	3426835915
	3426835916
	3426835917
	3426835918
	3426835919
	3426835920
	3426835921
	3426835922
	3426835923
	3426835924
	3426835925
	3426835926
	3426835927
	3426835928
	3426835929
	3426835930
	3426835931
	3426835932
	3426835933
	3426835934
	3426835935
	3426835936
	3426835937
	3426835938
	3426835939
	3426835940
	3426835941
	3426835942
	3426835943
	3426835944
	3426835945
	3426835946
	3426835947
	3426835948
	3426835949
	3426835950
	3426835951
	3426835952
	3426835953
	3426835954
	3426835955
	3426835956
	3426835957
	3426835958
	3426835959
	3426835960
	3426835961
	3426835962
	3426835963
	3426835964
	3426835965
	3426835966
	3426835967
	3426835968
	3426835969
	3426835970
	3426835971
	3426835972
	3426835973
	3426835974
	3426835975
	3426835976
	3426835977
	3426835978
	3426835979
	3426835980
	3426835981
	3426835982
	3426835983
	3426835984
	3426835985
	3426835986
	3426835987
	3426835988
	3426835989
	3426835990
	3426835991
	3426835992
	3426835993
	3426835994
	3426835995
	3426835996
	3426835997
	3426835998
	3426835999
	3426836000
	3426836001
	3426836002
	3426836003
	3426836004
	3426836005
	3426836006
	3426836007
	3426836008
	3426836009
	3426836010
	3426836011
	3426836012
	3426836013
	3426836014
	3426836015
	3426836016
	3426836017
	3426836018
	3426836019
	3426836020
	3426836021
	3426836022
	3426836023
	3426836024
	3426836025
	3426836026
	3426836027
	3426836028
	3426836029
	3426836030
	3426836031
	3426836032
	3426836033
	3426836034
	3426836035
	3426836036
	3426836037
	3426836038
	3426836039
	3426836040
	3426836041
	3426836042
	3426836043
	3426836044
	3426836045
	3426836046
	3426836047
	3426836048
	3426836049
	3426836050
	3426836051
	3426836052
	3426836053
	3426836054
	3426836055
	3426836056
	3426836057
	3426836058
	3426836059
	3426836060
	3426836061
	3426836062
	3426836063
	3426836064
	3426836065
	3426836066
	3426836067
	3426836068
	3426836069
	3426836070
	3426836071
	3426836072
	3426836073
	3426836074
	3426836075
	3426836076
	3426836077
	3426836078
	3426836079
	3426836080
	3426836081
	3426836082
	3426836083
	3426836084
	3426836085
	3426836086
	3426836087
	3426836088
	3426836089
	3426836090
	3426836091
	3426836092
	3426836093
	3426836094
	3426836095
	3426836096
	3426836097
	3426836098
	3426836099
	3426836100
	3426836101
	3426836102
	3426836103
	3426836104
	3426836105
	3426836106
	3426836107
	3426836108
	3426836109
	3426836110
	3426836111
	3426836112
	3426836113
	3426836114
	3426836115
	3426836116
	3426836117
	3426836118
	3426836119
	3426836120
	3426836121
	3426836122
	3426836123
	3426836124
	3426836125
	3426836126
	3426836127
	3426836128
	3426836129
	3426836130
	3426836131
	3426836132
	3426836133
	3426836134
	3426836135
	3426836136
	3426836137
	3426836138
	3426836139
	3426836140
	3426836141
	3426836142
	3426836143
	3426836144
	3426836145
	3426836146
	3426836147
	3426836148
	3426836149
	3426836150
	3426836151
	3426836152
	3426836153
	3426836154
	3426836155
	3426836156
	3426836157
	3426836158
	3426836159
	3426836160
	3426836161
	3426836162
	3426836163
	3426836164
	3426836165
	3426836166
	3426836167
	3426836168
	3426836169
	3426836170
	3426836171
	3426836172
	3426836173
	3426836174
	3426836175
	3426836176
	3426836177
	3426836178
	3426836179
	3426836180
	3426836181
	3426836182
	3426836183
	3426836184
	3426836185
	3426836186
	3426836187
	3426836188
	3426836189
	3426836190
	3426836191
	3426836192
	3426836193
	3426836194
	3426836195
	3426836196
	3426836197
	3426836198
	3426836199
	3426836200
	3426836201
	3426836202
	3426836203
	3426836204
	3426836205
	3426836206
	3426836207
	3426836208
	3426836209
	3426836210
	3426836211
	3426836212
	3426836213
	3426836214
	3426836215
	3426836216
	3426836217
	3426836218
	3426836219
	3426836220
	3426836221
	3426836222
	3426836223
	3426836224
	3426836225
	3426836226
	3426836227
	3426836228
	3426836229
	3426836230
	3426836231
	3426836232
	3426836233
	3426836234
	3426836235
	3426836236
	3426836237
	3426836238
	3426836239
	3426836240
	3426836241
	3426836242
	3426836243
	3426836244
	3426836245
	3426836246
	3426836247
	3426836248
	3426836249
	3426836250
	3426836251
	3426836252
	3426836253
	3426836254
	3426836255
	3426836256
	3426836257
	3426836258
	3426836259
	3426836260
	3426836261
	3426836262
	3426836263
	3426836264
	3426836265
	3426836266
	3426836267
	3426836268
	3426836269
	3426836270
	3426836271
	3426836272
	3426836273
	3426836274
	3426836275
	3426836276
	3426836277
	3426836278
	3426836279
	3426836280
	3426836281
	3426836282
	3426836283
	3426836284
	3426836285
	3426836286
	3426836287
	3426836288
	3426836289
	3426836290
	3426836291
	3426836292
	3426836293
	3426836294
	3426836295
	3426836296
	3426836297
	3426836298
	3426836299
	3426836300
	3426836301
	3426836302
	3426836303
	3426836304
	3426836305
	3426836306
	3426836307
	3426836308
	3426836309
	3426836310
	3426836311
	3426836312
	3426836313
	3426836314
	3426836315
	3426836316
	3426836317
	3426836318
	3426836319
	3426836320
	3426836321
	3426836322
	3426836323
	3426836324
	3426836325
	3426836326
	3426836327
	3426836328
	3426836329
	3426836330
	3426836331
	3426836332
	3426836333
	3426836334
	3426836335
	3426836336
	3426836337
	3426836338
	3426836339
	3426836340
	3426836341
	3426836342
	3426836343
	3426836344
	3426836345
	3426836346
	3426836347
	3426836348
	3426836349
	3426836350
	3426836351
	3426836352
	3426836353
	3426836354
	3426836355
	3426836356
	3426836357
	3426836358
	3426836359
	3426836360
	3426836361
	3426836362
	3426836363
	3426836364
	3426836365
	3426836366
	3426836367
	3426836368
	3426836369
	3426836370
	3426836371
	3426836372
	3426836373
	3426836374
	3426836375
	3426836376
	3426836377
	3426836378
	3426836379
	3426836380
	3426836381
	3426836382
	3426836383
	3426836384
	3426836385
	3426836386
	3426836387
	3426836388
	3426836389
	3426836390
	3426836391
	3426836392
	3426836393
	3426836394
	3426836395
	3426836396
	3426836397
	3426836398
	3426836399
	3426836400
	3426836401
	3426836402
	3426836403
	3426836404
	3426836405
	3426836406
	3426836407
	3426836408
	3426836409
	3426836410
	3426836411
	3426836412
	3426836413
	3426836414
	3426836415
	3426836416
	3426836417
	3426836418
	3426836419
	3426836420
	3426836421
	3426836422
	3426836423
	3426836424
	3426836425
	3426836426
	3426836427
	3426836428
	3426836429
	3426836430
	3426836431
	3426836432
	3426836433
	3426836434
	3426836435
	3426836436
	3426836437
	3426836438
	3426836439
	3426836440
	3426836441
	3426836442
	3426836443
	3426836444
	3426836445
	3426836446
	3426836447
	3426836448
	3426836449
	3426836450
	3426836451
	3426836452
	3426836453
	3426836454
	3426836455
	3426836456
	3426836457
	3426836458
	3426836459
	3426836460
	3426836461
	3426836462
	3426836463
	3426836464
	3426836465
	3426836466
	3426836467
	3426836468
	3426836469
	3426836470
	3426836471
	3426836472
	3426836473
	3426836474
	3426836475
	3426836476
	3426836477
	3426836478
	3426836479
	3426836480
	3426836481
	3426836482
	3426836483
	3426836484
	3426836485
	3426836486
	3426836487
	3426836488
	3426836489
	3426836490
	3426836491
	3426836492
	3426836493
	3426836494
	3426836495
	3426836496
	3426836497
	3426836498
	3426836499
	3426836500
	3426836501
	3426836502
	3426836503
	3426836504
	3426836505
	3426836506
	3426836507
	3426836508
	3426836509
	3426836510
	3426836511
	3426836512
	3426836513
	3426836514
	3426836515
	3426836516
	3426836517
	3426836518
	3426836519
	3426836520
	3426836521
	3426836522
	3426836523
	3426836524
	3426836525
	3426836526
	3426836527
	3426836528
	3426836529
	3426836530
	3426836531
	3426836532
	3426836533
	3426836534
	3426836535
	3426836536
	3426836537
	3426836538
	3426836539
	3426836540
	3426836541
	3426836542
	3426836543
	3426836544
	3426836545
	3426836546
	3426836547
	3426836548
	3426836549
	3426836550
	3426836551
	3426836552
	3426836553
	3426836554
	3426836555
	3426836556
	3426836557
	3426836558
	3426836559
	3426836560
	3426836561
	3426836562
	3426836563
	3426836564
	3426836565
	3426836566
	3426836567
	3426836568
	3426836569
	3426836570
	3426836571
	3426836572
	3426836573
	3426836574
	3426836575
	3426836576
	3426836577
	3426836578
	3426836579
	3426836580
	3426836581
	3426836582
	3426836583
	3426836584
	3426836585
	3426836586
	3426836587
	3426836588
	3426836589
	3426836590
	3426836591
	3426836592
	3426836593
	3426836594
	3426836595
	3426836596
	3426836597
	3426836598
	3426836599
	3426836600
	3426836601
	3426836602
	3426836603
	3426836604
	3426836605
	3426836606
	3426836607
	3426836608
	3426836609
	3426836610
	3426836611
	3426836612
	3426836613
	3426836614
	3426836615
	3426836616
	3426836617
	3426836618
	3426836619
	3426836620
	3426836621
	3426836622
	3426836623
	3426836624
	3426836625
	3426836626
	3426836627
	3426836628
	3426836629
	3426836630
	3426836631
	3426836632
	3426836633
	3426836634
	3426836635
	3426836636
	3426836637
	3426836638
	3426836639
	3426836640
	3426836641
	3426836642
	3426836643
	3426836644
	3426836645
	3426836646
	3426836647
	3426836648
	3426836649
	3426836650
	3426836651
	3426836652
	3426836653
	3426836654
	3426836655
	3426836656
	3426836657
	3426836658
	3426836659
	3426836660
	3426836661
	3426836662
	3426836663
	3426836664
	3426836665
	3426836666
	3426836667
	3426836668
	3426836669
	3426836670
	3426836671
	3426836672
	3426836673
	3426836674
	3426836675
	3426836676
	3426836677
	3426836678
	3426836679
	3426836680
	3426836681
	3426836682
	3426836683
	3426836684
	3426836685
	3426836686
	3426836687
	3426836688
	3426836689
	3426836690
	3426836691
	3426836692
	3426836693
	3426836694
	3426836695
	3426836696
	3426836697
	3426836698
	3426836699
	3426836700
	3426836701
	3426836702
	3426836703
	3426836704
	3426836705
	3426836706
	3426836707
	3426836708
	3426836709
	3426836710
	3426836711
	3426836712
	3426836713
	3426836714
	3426836715
	3426836716
	3426836717
	3426836718
	3426836719
	3426836720
	3426836721
	3426836722
	3426836723
	3426836724
	3426836725
	3426836726
	3426836727
	3426836728
	3426836729
	3426836730
	3426836731
	3426836732
	3426836733
	3426836734
	3426836735
	3426836736
	3426836737
	3426836738
	3426836739
	3426836740
	3426836741
	3426836742
	3426836743
	3426836744
	3426836745
	3426836746
	3426836747
	3426836748
	3426836749
	3426836750
	3426836751
	3426836752
	3426836753
	3426836754
	3426836755
	3426836756
	3426836757
	3426836758
	3426836759
	3426836760
	3426836761
	3426836762
	3426836763
	3426836764
	3426836765
	3426836766
	3426836767
	3426836768
	3426836769
	3426836770
	3426836771
	3426836772
	3426836773
	3426836774
	3426836775
	3426836776
	3426836777
	3426836778
	3426836779
	3426836780
	3426836781
	3426836782
	3426836783
	3426836784
	3426836785
	3426836786
	3426836787
	3426836788
	3426836789
	3426836790
	3426836791
	3426836792
	3426836793
	3426836794
	3426836795
	3426836796
	3426836797
	3426836798
	3426836799
	3426836800
	3426836801
	3426836802
	3426836803
	3426836804
	3426836805
	3426836806
	3426836807
	3426836808
	3426836809
	3426836810
	3426836811
	3426836812
	3426836813
	3426836814
	3426836815
	3426836816
	3426836817
	3426836818
	3426836819
	3426836820
	3426836821
	3426836822
	3426836823
	3426836824
	3426836825
	3426836826
	3426836827
	3426836828
	3426836829
	3426836830
	3426836831
	3426836832
	3426836833
	3426836834
	3426836835
	3426836836
	3426836837
	3426836838
	3426836839
	3426836840
	3426836841
	3426836842
	3426836843
	3426836844
	3426836845
	3426836846
	3426836847
	3426836848
	3426836849
	3426836850
	3426836851
	3426836852
	3426836853
	3426836854
	3426836855
	3426836856
	3426836857
	3426836858
	3426836859
	3426836860
	3426836861
	3426836862
	3426836863
	3426836864
	3426836865
	3426836866
	3426836867
	3426836868
	3426836869
	3426836870
	3426836871
	3426836872
	3426836873
	3426836874
	3426836875
	3426836876
	3426836877
	3426836878
	3426836879
	3426836880
	3426836881
	3426836882
	3426836883
	3426836884
	3426836885
	3426836886
	3426836887
	3426836888
	3426836889
	3426836890
	3426836891
	3426836892
	3426836893
	3426836894
	3426836895
	3426836896
	3426836897
	3426836898
	3426836899
	3426836900
	3426836901
	3426836902
	3426836903
	3426836904
	3426836905
	3426836906
	3426836907
	3426836908
	3426836909
	3426836910
	3426836911
	3426836912
	3426836913
	3426836914
	3426836915
	3426836916
	3426836917
	3426836918
	3426836919
	3426836920
	3426836921
	3426836922
	3426836923
	3426836924
	3426836925
	3426836926
	3426836927
	3426836928
	3426836929
	3426836930
	3426836931
	3426836932
	3426836933
	3426836934
	3426836935
	3426836936
	3426836937
	3426836938
	3426836939
	3426836940
	3426836941
	3426836942
	3426836943
	3426836944
	3426836945
	3426836946
	3426836947
	3426836948
	3426836949
	3426836950
	3426836951
	3426836952
	3426836953
	3426836954
	3426836955
	3426836956
	3426836957
	3426836958
	3426836959
	3426836960
	3426836961
	3426836962
	3426836963
	3426836964
	3426836965
	3426836966
	3426836967
	3426836968
	3426836969
	3426836970
	3426836971
	3426836972
	3426836973
	3426836974
	3426836975
	3426836976
	3426836977
	3426836978
	3426836979
	3426836980
	3426836981
	3426836982
	3426836983
	3426836984
	3426836985
	3426836986
	3426836987
	3426836988
	3426836989
	3426836990
	3426836991
	3426836992
	3426836993
	3426836994
	3426836995
	3426836996
	3426836997
	3426836998
	3426836999
	3426837000
	3426837001
	3426837002
	3426837003
	3426837004
	3426837005
	3426837006
	3426837007
	3426837008
	3426837009
	3426837010
	3426837011
	3426837012
	3426837013
	3426837014
	3426837015
	3426837016
	3426837017
	3426837018
	3426837019
	3426837020
	3426837021
	3426837022
	3426837023
	3426837024
	3426837025
	3426837026
	3426837027
	3426837028
	3426837029
	3426837030
	3426837031
	3426837032
	3426837033
	3426837034
	3426837035
	3426837036
	3426837037
	3426837038
	3426837039
	3426837040
	3426837041
	3426837042
	3426837043
	3426837044
	3426837045
	3426837046
	3426837047
	3426837048
	3426837049
	3426837050
	3426837051
	3426837052
	3426837053
	3426837054
	3426837055
	3426837056
	3426837057
	3426837058
	3426837059
	3426837060
	3426837061
	3426837062
	3426837063
	3426837064
	3426837065
	3426837066
	3426837067
	3426837068
	3426837069
	3426837070
	3426837071
	3426837072
	3426837073
	3426837074
	3426837075
	3426837076
	3426837077
	3426837078
	3426837079
	3426837080
	3426837081
	3426837082
	3426837083
	3426837084
	3426837085
	3426837086
	3426837087
	3426837088
	3426837089
	3426837090
	3426837091
	3426837092
	3426837093
	3426837094
	3426837095
	3426837096
	3426837097
	3426837098
	3426837099
	3426837100
	3426837101
	3426837102
	3426837103
	3426837104
	3426837105
	3426837106
	3426837107
	3426837108
	3426837109
	3426837110
	3426837111
	3426837112
	3426837113
	3426837114
	3426837115
	3426837116
	3426837117
	3426837118
	3426837119
	3426837120
	3426837121
	3426837122
	3426837123
	3426837124
	3426837125
	3426837126
	3426837127
	3426837128
	3426837129
	3426837130
	3426837131
	3426837132
	3426837133
	3426837134
	3426837135
	3426837136
	3426837137
	3426837138
	3426837139
	3426837140
	3426837141
	3426837142
	3426837143
	3426837144
	3426837145
	3426837146
	3426837147
	3426837148
	3426837149
	3426837150
	3426837151
	3426837152
	3426837153
	3426837154
	3426837155
	3426837156
	3426837157
	3426837158
	3426837159
	3426837160
	3426837161
	3426837162
	3426837163
	3426837164
	3426837165
	3426837166
	3426837167
	3426837168
	3426837169
	3426837170
	3426837171
	3426837172
	3426837173
	3426837174
	3426837175
	3426837176
	3426837177
	3426837178
	3426837179
	3426837180
	3426837181
	3426837182
	3426837183
	3426837184
	3426837185
	3426837186
	3426837187
	3426837188
	3426837189
	3426837190
	3426837191
	3426837192
	3426837193
	3426837194
	3426837195
	3426837196
	3426837197
	3426837198
	3426837199
	3426837200
	3426837201
	3426837202
	3426837203
	3426837204
	3426837205
	3426837206
	3426837207
	3426837208
	3426837209
	3426837210
	3426837211
	3426837212
	3426837213
	3426837214
	3426837215
	3426837216
	3426837217
	3426837218
	3426837219
	3426837220
	3426837221
	3426837222
	3426837223
	3426837224
	3426837225
	3426837226
	3426837227
	3426837228
	3426837229
	3426837230
	3426837231
	3426837232
	3426837233
	3426837234
	3426837235
	3426837236
	3426837237
	3426837238
	3426837239
	3426837240
	3426837241
	3426837242
	3426837243
	3426837244
	3426837245
	3426837246
	3426837247
	3426837248
	3426837249
	3426837250
	3426837251
	3426837252
	3426837253
	3426837254
	3426837255
	3426837256
	3426837257
	3426837258
	3426837259
	3426837260
	3426837261
	3426837262
	3426837263
	3426837264
	3426837265
	3426837266
	3426837267
	3426837268
	3426837269
	3426837270
	3426837271
	3426837272
	3426837273
	3426837274
	3426837275
	3426837276
	3426837277
	3426837278
	3426837279
	3426837280
	3426837281
	3426837282
	3426837283
	3426837284
	3426837285
	3426837286
	3426837287
	3426837288
	3426837289
	3426837290
	3426837291
	3426837292
	3426837293
	3426837294
	3426837295
	3426837296
	3426837297
	3426837298
	3426837299
	3426837300
	3426837301
	3426837302
	3426837303
	3426837304
	3426837305
	3426837306
	3426837307
	3426837308
	3426837309
	3426837310
	3426837311
	3426837312
	3426837313
	3426837314
	3426837315
	3426837316
	3426837317
	3426837318
	3426837319
	3426837320
	3426837321
	3426837322
	3426837323
	3426837324
	3426837325
	3426837326
	3426837327
	3426837328
	3426837329
	3426837330
	3426837331
	3426837332
	3426837333
	3426837334
	3426837335
	3426837336
	3426837337
	3426837338
	3426837339
	3426837340
	3426837341
	3426837342
	3426837343
	3426837344
	3426837345
	3426837346
	3426837347
	3426837348
	3426837349
	3426837350
	3426837351
	3426837352
	3426837353
	3426837354
	3426837355
	3426837356
	3426837357
	3426837358
	3426837359
	3426837360
	3426837361
	3426837362
	3426837363
	3426837364
	3426837365
	3426837366
	3426837367
	3426837368
	3426837369
	3426837370
	3426837371
	3426837372
	3426837373
	3426837374
	3426837375
	3426837376
	3426837377
	3426837378
	3426837379
	3426837380
	3426837381
	3426837382
	3426837383
	3426837384
	3426837385
	3426837386
	3426837387
	3426837388
	3426837389
	3426837390
	3426837391
	3426837392
	3426837393
	3426837394
	3426837395
	3426837396
	3426837397
	3426837398
	3426837399
	3426837400
	3426837401
	3426837402
	3426837403
	3426837404
	3426837405
	3426837406
	3426837407
	3426837408
	3426837409
	3426837410
	3426837411
	3426837412
	3426837413
	3426837414
	3426837415
	3426837416
	3426837417
	3426837418
	3426837419
	3426837420
	3426837421
	3426837422
	3426837423
	3426837424
	3426837425
	3426837426
	3426837427
	3426837428
	3426837429
	3426837430
	3426837431
	3426837432
	3426837433
	3426837434
	3426837435
	3426837436
	3426837437
	3426837438
	3426837439
	3426837440
	3426837441
	3426837442
	3426837443
	3426837444
	3426837445
	3426837446
	3426837447
	3426837448
	3426837449
	3426837450
	3426837451
	3426837452
	3426837453
	3426837454
	3426837455
	3426837456
	3426837457
	3426837458
	3426837459
	3426837460
	3426837461
	3426837462
	3426837463
	3426837464
	3426837465
	3426837466
	3426837467
	3426837468
	3426837469
	3426837470
	3426837471
	3426837472
	3426837473
	3426837474
	3426837475
	3426837476
	3426837477
	3426837478
	3426837479
	3426837480
	3426837481
	3426837482
	3426837483
	3426837484
	3426837485
	3426837486
	3426837487
	3426837488
	3426837489
	3426837490
	3426837491
	3426837492
	3426837493
	3426837494
	3426837495
	3426837496
	3426837497
	3426837498
	3426837499
	3426837500
	3426837501
	3426837502
	3426837503
	3426837504
	3426837505
	3426837506
	3426837507
	3426837508
	3426837509
	3426837510
	3426837511
	3426837512
	3426837513
	3426837514
	3426837515
	3426837516
	3426837517
	3426837518
	3426837519
	3426837520
	3426837521
	3426837522
	3426837523
	3426837524
	3426837525
	3426837526
	3426837527
	3426837528
	3426837529
	3426837530
	3426837531
	3426837532
	3426837533
	3426837534
	3426837535
	3426837536
	3426837537
	3426837538
	3426837539
	3426837540
	3426837541
	3426837542
	3426837543
	3426837544
	3426837545
	3426837546
	3426837547
	3426837548
	3426837549
	3426837550
	3426837551
	3426837552
	3426837553
	3426837554
	3426837555
	3426837556
	3426837557
	3426837558
	3426837559
	3426837560
	3426837561
	3426837562
	3426837563
	3426837564
	3426837565
	3426837566
	3426837567
	3426837568
	3426837569
	3426837570
	3426837571
	3426837572
	3426837573
	3426837574
	3426837575
	3426837576
	3426837577
	3426837578
	3426837579
	3426837580
	3426837581
	3426837582
	3426837583
	3426837584
	3426837585
	3426837586
	3426837587
	3426837588
	3426837589
	3426837590
	3426837591
	3426837592
	3426837593
	3426837594
	3426837595
	3426837596
	3426837597
	3426837598
	3426837599
	3426837600
	3426837601
	3426837602
	3426837603
	3426837604
	3426837605
	3426837606
	3426837607
	3426837608
	3426837609
	3426837610
	3426837611
	3426837612
	3426837613
	3426837614
	3426837615
	3426837616
	3426837617
	3426837618
	3426837619
	3426837620
	3426837621
	3426837622
	3426837623
	3426837624
	3426837625
	3426837626
	3426837627
	3426837628
	3426837629
	3426837630
	3426837631
	3426837632
	3426837633
	3426837634
	3426837635
	3426837636
	3426837637
	3426837638
	3426837639
	3426837640
	3426837641
	3426837642
	3426837643
	3426837644
	3426837645
	3426837646
	3426837647
	3426837648
	3426837649
	3426837650
	3426837651
	3426837652
	3426837653
	3426837654
	3426837655
	3426837656
	3426837657
	3426837658
	3426837659
	3426837660
	3426837661
	3426837662
	3426837663
	3426837664
	3426837665
	3426837666
	3426837667
	3426837668
	3426837669
	3426837670
	3426837671
	3426837672
	3426837673
	3426837674
	3426837675
	3426837676
	3426837677
	3426837678
	3426837679
	3426837680
	3426837681
	3426837682
	3426837683
	3426837684
	3426837685
	3426837686
	3426837687
	3426837688
	3426837689
	3426837690
	3426837691
	3426837692
	3426837693
	3426837694
	3426837695
	3426837696
	3426837697
	3426837698
	3426837699
	3426837700
	3426837701
	3426837702
	3426837703
	3426837704
	3426837705
	3426837706
	3426837707
	3426837708
	3426837709
	3426837710
	3426837711
	3426837712
	3426837713
	3426837714
	3426837715
	3426837716
	3426837717
	3426837718
	3426837719
	3426837720
	3426837721
	3426837722
	3426837723
	3426837724
	3426837725
	3426837726
	3426837727
	3426837728
	3426837729
	3426837730
	3426837731
	3426837732
	3426837733
	3426837734
	3426837735
	3426837736
	3426837737
	3426837738
	3426837739
	3426837740
	3426837741
	3426837742
	3426837743
	3426837744
	3426837745
	3426837746
	3426837747
	3426837748
	3426837749
	3426837750
	3426837751
	3426837752
	3426837753
	3426837754
	3426837755
	3426837756
	3426837757
	3426837758
	3426837759
	3426837760
	3426837761
	3426837762
	3426837763
	3426837764
	3426837765
	3426837766
	3426837767
	3426837768
	3426837769
	3426837770
	3426837771
	3426837772
	3426837773
	3426837774
	3426837775
	3426837776
	3426837777
	3426837778
	3426837779
	3426837780
	3426837781
	3426837782
	3426837783
	3426837784
	3426837785
	3426837786
	3426837787
	3426837788
	3426837789
	3426837790
	3426837791
	3426837792
	3426837793
	3426837794
	3426837795
	3426837796
	3426837797
	3426837798
	3426837799
	3426837800
	3426837801
	3426837802
	3426837803
	3426837804
	3426837805
	3426837806
	3426837807
	3426837808
	3426837809
	3426837810
	3426837811
	3426837812
	3426837813
	3426837814
	3426837815
	3426837816
	3426837817
	3426837818
	3426837819
	3426837820
	3426837821
	3426837822
	3426837823
	3426837824
	3426837825
	3426837826
	3426837827
	3426837828
	3426837829
	3426837830
	3426837831
	3426837832
	3426837833
	3426837834
	3426837835
	3426837836
	3426837837
	3426837838
	3426837839
	3426837840
	3426837841
	3426837842
	3426837843
	3426837844
	3426837845
	3426837846
	3426837847
	3426837848
	3426837849
	3426837850
	3426837851
	3426837852
	3426837853
	3426837854
	3426837855
	3426837856
	3426837857
	3426837858
	3426837859
	3426837860
	3426837861
	3426837862
	3426837863
	3426837864
	3426837865
	3426837866
	3426837867
	3426837868
	3426837869
	3426837870
	3426837871
	3426837872
	3426837873
	3426837874
	3426837875
	3426837876
	3426837877
	3426837878
	3426837879
	3426837880
	3426837881
	3426837882
	3426837883
	3426837884
	3426837885
	3426837886
	3426837887
	3426837888
	3426837889
	3426837890
	3426837891
	3426837892
	3426837893
	3426837894
	3426837895
	3426837896
	3426837897
	3426837898
	3426837899
	3426837900
	3426837901
	3426837902
	3426837903
	3426837904
	3426837905
	3426837906
	3426837907
	3426837908
	3426837909
	3426837910
	3426837911
	3426837912
	3426837913
	3426837914
	3426837915
	3426837916
	3426837917
	3426837918
	3426837919
	3426837920
	3426837921
	3426837922
	3426837923
	3426837924
	3426837925
	3426837926
	3426837927
	3426837928
	3426837929
	3426837930
	3426837931
	3426837932
	3426837933
	3426837934
	3426837935
	3426837936
	3426837937
	3426837938
	3426837939
	3426837940
	3426837941
	3426837942
	3426837943
	3426837944
	3426837945
	3426837946
	3426837947
	3426837948
	3426837949
	3426837950
	3426837951
	3426837952
	3426837953
	3426837954
	3426837955
	3426837956
	3426837957
	3426837958
	3426837959
	3426837960
	3426837961
	3426837962
	3426837963
	3426837964
	3426837965
	3426837966
	3426837967
	3426837968
	3426837969
	3426837970
	3426837971
	3426837972
	3426837973
	3426837974
	3426837975
	3426837976
	3426837977
	3426837978
	3426837979
	3426837980
	3426837981
	3426837982
	3426837983
	3426837984
	3426837985
	3426837986
	3426837987
	3426837988
	3426837989
	3426837990
	3426837991
	3426837992
	3426837993
	3426837994
	3426837995
	3426837996
	3426837997
	3426837998
	3426837999
	3426838000
	3426838001
	3426838002
	3426838003
	3426838004
	3426838005
	3426838006
	3426838007
	3426838008
	3426838009
	3426838010
	3426838011
	3426838012
	3426838013
	3426838014
	3426838015
	3426838016
	3426838017
	3426838018
	3426838019
	3426838020
	3426838021
	3426838022
	3426838023
	3426838024
	3426838025
	3426838026
	3426838027
	3426838028
	3426838029
	3426838030
	3426838031
	3426838032
	3426838033
	3426838034
	3426838035
	3426838036
	3426838037
	3426838038
	3426838039
	3426838040
	3426838041
	3426838042
	3426838043
	3426838044
	3426838045
	3426838046
	3426838047
	3426838048
	3426838049
	3426838050
	3426838051
	3426838052
	3426838053
	3426838054
	3426838055
	3426838056
	3426838057
	3426838058
	3426838059
	3426838060
	3426838061
	3426838062
	3426838063
	3426838064
	3426838065
	3426838066
	3426838067
	3426838068
	3426838069
	3426838070
	3426838071
	3426838072
	3426838073
	3426838074
	3426838075
	3426838076
	3426838077
	3426838078
	3426838079
	3426838080
	3426838081
	3426838082
	3426838083
	3426838084
	3426838085
	3426838086
	3426838087
	3426838088
	3426838089
	3426838090
