	3426815638
	3426815639
	3426815640
	3426815641
	3426815642
	3426815643
	3426815644
	3426815645
	3426815646
	3426815647
	3426815648
	3426815649
	3426815650
	3426815651
	3426815652
	3426815653
	3426815654
	3426815655
	3426815656
	3426815657
	3426815658
	3426815659
	3426815660
	3426815661
	3426815662
	3426815663
	3426815664
	3426815665
	3426815666
	3426815667
	3426815668
	3426815669
	3426815670
	3426815671
	3426815672
	3426815673
	3426815674
	3426815675
	3426815676
	3426815677
	3426815678
	3426815679
	3426815680
	3426815681
	3426815682
	3426815683
	3426815684
	3426815685
	3426815686
	3426815687
	3426815688
	3426815689
	3426815690
	3426815691
	3426815692
	3426815693
	3426815694
	3426815695
	3426815696
	3426815697
	3426815698
	3426815699
	3426815700
	3426815701
	3426815702
	3426815703
	3426815704
	3426815705
	3426815706
	3426815707
	3426815708
	3426815709
	3426815710
	3426815711
	3426815712
	3426815713
	3426815714
	3426815715
	3426815716
	3426815717
	3426815718
	3426815719
	3426815720
	3426815721
	3426815722
	3426815723
	3426815724
	3426815725
	3426815726
	3426815727
	3426815728
	3426815729
	3426815730
	3426815731
	3426815732
	3426815733
	3426815734
	3426815735
	3426815736
	3426815737
	3426815738
	3426815739
	3426815740
	3426815741
	3426815742
	3426815743
	3426815744
	3426815745
	3426815746
	3426815747
	3426815748
	3426815749
	3426815750
	3426815751
	3426815752
	3426815753
	3426815754
	3426815755
	3426815756
	3426815757
	3426815758
	3426815759
	3426815760
	3426815761
	3426815762
	3426815763
	3426815764
	3426815765
	3426815766
	3426815767
	3426815768
	3426815769
	3426815770
	3426815771
	3426815772
	3426815773
	3426815774
	3426815775
	3426815776
	3426815777
	3426815778
	3426815779
	3426815780
	3426815781
	3426815782
	3426815783
	3426815784
	3426815785
	3426815786
	3426815787
	3426815788
	3426815789
	3426815790
	3426815791
	3426815792
	3426815793
	3426815794
	3426815795
	3426815796
	3426815797
	3426815798
	3426815799
	3426815800
	3426815801
	3426815802
	3426815803
	3426815804
	3426815805
	3426815806
	3426815807
	3426815808
	3426815809
	3426815810
	3426815811
	3426815812
	3426815813
	3426815814
	3426815815
	3426815816
	3426815817
	3426815818
	3426815819
	3426815820
	3426815821
	3426815822
	3426815823
	3426815824
	3426815825
	3426815826
	3426815827
	3426815828
	3426815829
	3426815830
	3426815831
	3426815832
	3426815833
	3426815834
	3426815835
	3426815836
	3426815837
	3426815838
	3426815839
	3426815840
	3426815841
	3426815842
	3426815843
	3426815844
	3426815845
	3426815846
	3426815847
	3426815848
	3426815849
	3426815850
	3426815851
	3426815852
	3426815853
	3426815854
	3426815855
	3426815856
	3426815857
	3426815858
	3426815859
	3426815860
	3426815861
	3426815862
	3426815863
	3426815864
	3426815865
	3426815866
	3426815867
	3426815868
	3426815869
	3426815870
	3426815871
	3426815872
	3426815873
	3426815874
	3426815875
	3426815876
	3426815877
	3426815878
	3426815879
	3426815880
	3426815881
	3426815882
	3426815883
	3426815884
	3426815885
	3426815886
	3426815887
	3426815888
	3426815889
	3426815890
	3426815891
	3426815892
	3426815893
	3426815894
	3426815895
	3426815896
	3426815897
	3426815898
	3426815899
	3426815900
	3426815901
	3426815902
	3426815903
	3426815904
	3426815905
	3426815906
	3426815907
	3426815908
	3426815909
	3426815910
	3426815911
	3426815912
	3426815913
	3426815914
	3426815915
	3426815916
	3426815917
	3426815918
	3426815919
	3426815920
	3426815921
	3426815922
	3426815923
	3426815924
	3426815925
	3426815926
	3426815927
	3426815928
	3426815929
	3426815930
	3426815931
	3426815932
	3426815933
	3426815934
	3426815935
	3426815936
	3426815937
	3426815938
	3426815939
	3426815940
	3426815941
	3426815942
	3426815943
	3426815944
	3426815945
	3426815946
	3426815947
	3426815948
	3426815949
	3426815950
	3426815951
	3426815952
	3426815953
	3426815954
	3426815955
	3426815956
	3426815957
	3426815958
	3426815959
	3426815960
	3426815961
	3426815962
	3426815963
	3426815964
	3426815965
	3426815966
	3426815967
	3426815968
	3426815969
	3426815970
	3426815971
	3426815972
	3426815973
	3426815974
	3426815975
	3426815976
	3426815977
	3426815978
	3426815979
	3426815980
	3426815981
	3426815982
	3426815983
	3426815984
	3426815985
	3426815986
	3426815987
	3426815988
	3426815989
	3426815990
	3426815991
	3426815992
	3426815993
	3426815994
	3426815995
	3426815996
	3426815997
	3426815998
	3426815999
	3426816000
	3426816001
	3426816002
	3426816003
	3426816004
	3426816005
	3426816006
	3426816007
	3426816008
	3426816009
	3426816010
	3426816011
	3426816012
	3426816013
	3426816014
	3426816015
	3426816016
	3426816017
	3426816018
	3426816019
	3426816020
	3426816021
	3426816022
	3426816023
	3426816024
	3426816025
	3426816026
	3426816027
	3426816028
	3426816029
	3426816030
	3426816031
	3426816032
	3426816033
	3426816034
	3426816035
	3426816036
	3426816037
	3426816038
	3426816039
	3426816040
	3426816041
	3426816042
	3426816043
	3426816044
	3426816045
	3426816046
	3426816047
	3426816048
	3426816049
	3426816050
	3426816051
	3426816052
	3426816053
	3426816054
	3426816055
	3426816056
	3426816057
	3426816058
	3426816059
	3426816060
	3426816061
	3426816062
	3426816063
	3426816064
	3426816065
	3426816066
	3426816067
	3426816068
	3426816069
	3426816070
	3426816071
	3426816072
	3426816073
	3426816074
	3426816075
	3426816076
	3426816077
	3426816078
	3426816079
	3426816080
	3426816081
	3426816082
	3426816083
	3426816084
	3426816085
	3426816086
	3426816087
	3426816088
	3426816089
	3426816090
	3426816091
	3426816092
	3426816093
	3426816094
	3426816095
	3426816096
	3426816097
	3426816098
	3426816099
	3426816100
	3426816101
	3426816102
	3426816103
	3426816104
	3426816105
	3426816106
	3426816107
	3426816108
	3426816109
	3426816110
	3426816111
	3426816112
	3426816113
	3426816114
	3426816115
	3426816116
	3426816117
	3426816118
	3426816119
	3426816120
	3426816121
	3426816122
	3426816123
	3426816124
	3426816125
	3426816126
	3426816127
	3426816128
	3426816129
	3426816130
	3426816131
	3426816132
	3426816133
	3426816134
	3426816135
	3426816136
	3426816137
	3426816138
	3426816139
	3426816140
	3426816141
	3426816142
	3426816143
	3426816144
	3426816145
	3426816146
	3426816147
	3426816148
	3426816149
	3426816150
	3426816151
	3426816152
	3426816153
	3426816154
	3426816155
	3426816156
	3426816157
	3426816158
	3426816159
	3426816160
	3426816161
	3426816162
	3426816163
	3426816164
	3426816165
	3426816166
	3426816167
	3426816168
	3426816169
	3426816170
	3426816171
	3426816172
	3426816173
	3426816174
	3426816175
	3426816176
	3426816177
	3426816178
	3426816179
	3426816180
	3426816181
	3426816182
	3426816183
	3426816184
	3426816185
	3426816186
	3426816187
	3426816188
	3426816189
	3426816190
	3426816191
	3426816192
	3426816193
	3426816194
	3426816195
	3426816196
	3426816197
	3426816198
	3426816199
	3426816200
	3426816201
	3426816202
	3426816203
	3426816204
	3426816205
	3426816206
	3426816207
	3426816208
	3426816209
	3426816210
	3426816211
	3426816212
	3426816213
	3426816214
	3426816215
	3426816216
	3426816217
	3426816218
	3426816219
	3426816220
	3426816221
	3426816222
	3426816223
	3426816224
	3426816225
	3426816226
	3426816227
	3426816228
	3426816229
	3426816230
	3426816231
	3426816232
	3426816233
	3426816234
	3426816235
	3426816236
	3426816237
	3426816238
	3426816239
	3426816240
	3426816241
	3426816242
	3426816243
	3426816244
	3426816245
	3426816246
	3426816247
	3426816248
	3426816249
	3426816250
	3426816251
	3426816252
	3426816253
	3426816254
	3426816255
	3426816256
	3426816257
	3426816258
	3426816259
	3426816260
	3426816261
	3426816262
	3426816263
	3426816264
	3426816265
	3426816266
	3426816267
	3426816268
	3426816269
	3426816270
	3426816271
	3426816272
	3426816273
	3426816274
	3426816275
	3426816276
	3426816277
	3426816278
	3426816279
	3426816280
	3426816281
	3426816282
	3426816283
	3426816284
	3426816285
	3426816286
	3426816287
	3426816288
	3426816289
	3426816290
	3426816291
	3426816292
	3426816293
	3426816294
	3426816295
	3426816296
	3426816297
	3426816298
	3426816299
	3426816300
	3426816301
	3426816302
	3426816303
	3426816304
	3426816305
	3426816306
	3426816307
	3426816308
	3426816309
	3426816310
	3426816311
	3426816312
	3426816313
	3426816314
	3426816315
	3426816316
	3426816317
	3426816318
	3426816319
	3426816320
	3426816321
	3426816322
	3426816323
	3426816324
	3426816325
	3426816326
	3426816327
	3426816328
	3426816329
	3426816330
	3426816331
	3426816332
	3426816333
	3426816334
	3426816335
	3426816336
	3426816337
	3426816338
	3426816339
	3426816340
	3426816341
	3426816342
	3426816343
	3426816344
	3426816345
	3426816346
	3426816347
	3426816348
	3426816349
	3426816350
	3426816351
	3426816352
	3426816353
	3426816354
	3426816355
	3426816356
	3426816357
	3426816358
	3426816359
	3426816360
	3426816361
	3426816362
	3426816363
	3426816364
	3426816365
	3426816366
	3426816367
	3426816368
	3426816369
	3426816370
	3426816371
	3426816372
	3426816373
	3426816374
	3426816375
	3426816376
	3426816377
	3426816378
	3426816379
	3426816380
	3426816381
	3426816382
	3426816383
	3426816384
	3426816385
	3426816386
	3426816387
	3426816388
	3426816389
	3426816390
	3426816391
	3426816392
	3426816393
	3426816394
	3426816395
	3426816396
	3426816397
	3426816398
	3426816399
	3426816400
	3426816401
	3426816402
	3426816403
	3426816404
	3426816405
	3426816406
	3426816407
	3426816408
	3426816409
	3426816410
	3426816411
	3426816412
	3426816413
	3426816414
	3426816415
	3426816416
	3426816417
	3426816418
	3426816419
	3426816420
	3426816421
	3426816422
	3426816423
	3426816424
	3426816425
	3426816426
	3426816427
	3426816428
	3426816429
	3426816430
	3426816431
	3426816432
	3426816433
	3426816434
	3426816435
	3426816436
	3426816437
	3426816438
	3426816439
	3426816440
	3426816441
	3426816442
	3426816443
	3426816444
	3426816445
	3426816446
	3426816447
	3426816448
	3426816449
	3426816450
	3426816451
	3426816452
	3426816453
	3426816454
	3426816455
	3426816456
	3426816457
	3426816458
	3426816459
	3426816460
	3426816461
	3426816462
	3426816463
	3426816464
	3426816465
	3426816466
	3426816467
	3426816468
	3426816469
	3426816470
	3426816471
	3426816472
	3426816473
	3426816474
	3426816475
	3426816476
	3426816477
	3426816478
	3426816479
	3426816480
	3426816481
	3426816482
	3426816483
	3426816484
	3426816485
	3426816486
	3426816487
	3426816488
	3426816489
	3426816490
	3426816491
	3426816492
	3426816493
	3426816494
	3426816495
	3426816496
	3426816497
	3426816498
	3426816499
	3426816500
	3426816501
	3426816502
	3426816503
	3426816504
	3426816505
	3426816506
	3426816507
	3426816508
	3426816509
	3426816510
	3426816511
	3426816512
	3426816513
	3426816514
	3426816515
	3426816516
	3426816517
	3426816518
	3426816519
	3426816520
	3426816521
	3426816522
	3426816523
	3426816524
	3426816525
	3426816526
	3426816527
	3426816528
	3426816529
	3426816530
	3426816531
	3426816532
	3426816533
	3426816534
	3426816535
	3426816536
	3426816537
	3426816538
	3426816539
	3426816540
	3426816541
	3426816542
	3426816543
	3426816544
	3426816545
	3426816546
	3426816547
	3426816548
	3426816549
	3426816550
	3426816551
	3426816552
	3426816553
	3426816554
	3426816555
	3426816556
	3426816557
	3426816558
	3426816559
	3426816560
	3426816561
	3426816562
	3426816563
	3426816564
	3426816565
	3426816566
	3426816567
	3426816568
	3426816569
	3426816570
	3426816571
	3426816572
	3426816573
	3426816574
	3426816575
	3426816576
	3426816577
	3426816578
	3426816579
	3426816580
	3426816581
	3426816582
	3426816583
	3426816584
	3426816585
	3426816586
	3426816587
	3426816588
	3426816589
	3426816590
	3426816591
	3426816592
	3426816593
	3426816594
	3426816595
	3426816596
	3426816597
	3426816598
	3426816599
	3426816600
	3426816601
	3426816602
	3426816603
	3426816604
	3426816605
	3426816606
	3426816607
	3426816608
	3426816609
	3426816610
	3426816611
	3426816612
	3426816613
	3426816614
	3426816615
	3426816616
	3426816617
	3426816618
	3426816619
	3426816620
	3426816621
	3426816622
	3426816623
	3426816624
	3426816625
	3426816626
	3426816627
	3426816628
	3426816629
	3426816630
	3426816631
	3426816632
	3426816633
	3426816634
	3426816635
	3426816636
	3426816637
	3426816638
	3426816639
	3426816640
	3426816641
	3426816642
	3426816643
	3426816644
	3426816645
	3426816646
	3426816647
	3426816648
	3426816649
	3426816650
	3426816651
	3426816652
	3426816653
	3426816654
	3426816655
	3426816656
	3426816657
	3426816658
	3426816659
	3426816660
	3426816661
	3426816662
	3426816663
	3426816664
	3426816665
	3426816666
	3426816667
	3426816668
	3426816669
	3426816670
	3426816671
	3426816672
	3426816673
	3426816674
	3426816675
	3426816676
	3426816677
	3426816678
	3426816679
	3426816680
	3426816681
	3426816682
	3426816683
	3426816684
	3426816685
	3426816686
	3426816687
	3426816688
	3426816689
	3426816690
	3426816691
	3426816692
	3426816693
	3426816694
	3426816695
	3426816696
	3426816697
	3426816698
	3426816699
	3426816700
	3426816701
	3426816702
	3426816703
	3426816704
	3426816705
	3426816706
	3426816707
	3426816708
	3426816709
	3426816710
	3426816711
	3426816712
	3426816713
	3426816714
	3426816715
	3426816716
	3426816717
	3426816718
	3426816719
	3426816720
	3426816721
	3426816722
	3426816723
	3426816724
	3426816725
	3426816726
	3426816727
	3426816728
	3426816729
	3426816730
	3426816731
	3426816732
	3426816733
	3426816734
	3426816735
	3426816736
	3426816737
	3426816738
	3426816739
	3426816740
	3426816741
	3426816742
	3426816743
	3426816744
	3426816745
	3426816746
	3426816747
	3426816748
	3426816749
	3426816750
	3426816751
	3426816752
	3426816753
	3426816754
	3426816755
	3426816756
	3426816757
	3426816758
	3426816759
	3426816760
	3426816761
	3426816762
	3426816763
	3426816764
	3426816765
	3426816766
	3426816767
	3426816768
	3426816769
	3426816770
	3426816771
	3426816772
	3426816773
	3426816774
	3426816775
	3426816776
	3426816777
	3426816778
	3426816779
	3426816780
	3426816781
	3426816782
	3426816783
	3426816784
	3426816785
	3426816786
	3426816787
	3426816788
	3426816789
	3426816790
	3426816791
	3426816792
	3426816793
	3426816794
	3426816795
	3426816796
	3426816797
	3426816798
	3426816799
	3426816800
	3426816801
	3426816802
	3426816803
	3426816804
	3426816805
	3426816806
	3426816807
	3426816808
	3426816809
	3426816810
	3426816811
	3426816812
	3426816813
	3426816814
	3426816815
	3426816816
	3426816817
	3426816818
	3426816819
	3426816820
	3426816821
	3426816822
	3426816823
	3426816824
	3426816825
	3426816826
	3426816827
	3426816828
	3426816829
	3426816830
	3426816831
	3426816832
	3426816833
	3426816834
	3426816835
	3426816836
	3426816837
	3426816838
	3426816839
	3426816840
	3426816841
	3426816842
	3426816843
	3426816844
	3426816845
	3426816846
	3426816847
	3426816848
	3426816849
	3426816850
	3426816851
	3426816852
	3426816853
	3426816854
	3426816855
	3426816856
	3426816857
	3426816858
	3426816859
	3426816860
	3426816861
	3426816862
	3426816863
	3426816864
	3426816865
	3426816866
	3426816867
	3426816868
	3426816869
	3426816870
	3426816871
	3426816872
	3426816873
	3426816874
	3426816875
	3426816876
	3426816877
	3426816878
	3426816879
	3426816880
	3426816881
	3426816882
	3426816883
	3426816884
	3426816885
	3426816886
	3426816887
	3426816888
	3426816889
	3426816890
	3426816891
	3426816892
	3426816893
	3426816894
	3426816895
	3426816896
	3426816897
	3426816898
	3426816899
	3426816900
	3426816901
	3426816902
	3426816903
	3426816904
	3426816905
	3426816906
	3426816907
	3426816908
	3426816909
	3426816910
	3426816911
	3426816912
	3426816913
	3426816914
	3426816915
	3426816916
	3426816917
	3426816918
	3426816919
	3426816920
	3426816921
	3426816922
	3426816923
	3426816924
	3426816925
	3426816926
	3426816927
	3426816928
	3426816929
	3426816930
	3426816931
	3426816932
	3426816933
	3426816934
	3426816935
	3426816936
	3426816937
	3426816938
	3426816939
	3426816940
	3426816941
	3426816942
	3426816943
	3426816944
	3426816945
	3426816946
	3426816947
	3426816948
	3426816949
	3426816950
	3426816951
	3426816952
	3426816953
	3426816954
	3426816955
	3426816956
	3426816957
	3426816958
	3426816959
	3426816960
	3426816961
	3426816962
	3426816963
	3426816964
	3426816965
	3426816966
	3426816967
	3426816968
	3426816969
	3426816970
	3426816971
	3426816972
	3426816973
	3426816974
	3426816975
	3426816976
	3426816977
	3426816978
	3426816979
	3426816980
	3426816981
	3426816982
	3426816983
	3426816984
	3426816985
	3426816986
	3426816987
	3426816988
	3426816989
	3426816990
	3426816991
	3426816992
	3426816993
	3426816994
	3426816995
	3426816996
	3426816997
	3426816998
	3426816999
	3426817000
	3426817001
	3426817002
	3426817003
	3426817004
	3426817005
	3426817006
	3426817007
	3426817008
	3426817009
	3426817010
	3426817011
	3426817012
	3426817013
	3426817014
	3426817015
	3426817016
	3426817017
	3426817018
	3426817019
	3426817020
	3426817021
	3426817022
	3426817023
	3426817024
	3426817025
	3426817026
	3426817027
	3426817028
	3426817029
	3426817030
	3426817031
	3426817032
	3426817033
	3426817034
	3426817035
	3426817036
	3426817037
	3426817038
	3426817039
	3426817040
	3426817041
	3426817042
	3426817043
	3426817044
	3426817045
	3426817046
	3426817047
	3426817048
	3426817049
	3426817050
	3426817051
	3426817052
	3426817053
	3426817054
	3426817055
	3426817056
	3426817057
	3426817058
	3426817059
	3426817060
	3426817061
	3426817062
	3426817063
	3426817064
	3426817065
	3426817066
	3426817067
	3426817068
	3426817069
	3426817070
	3426817071
	3426817072
	3426817073
	3426817074
	3426817075
	3426817076
	3426817077
	3426817078
	3426817079
	3426817080
	3426817081
	3426817082
	3426817083
	3426817084
	3426817085
	3426817086
	3426817087
	3426817088
	3426817089
	3426817090
	3426817091
	3426817092
	3426817093
	3426817094
	3426817095
	3426817096
	3426817097
	3426817098
	3426817099
	3426817100
	3426817101
	3426817102
	3426817103
	3426817104
	3426817105
	3426817106
	3426817107
	3426817108
	3426817109
	3426817110
	3426817111
	3426817112
	3426817113
	3426817114
	3426817115
	3426817116
	3426817117
	3426817118
	3426817119
	3426817120
	3426817121
	3426817122
	3426817123
	3426817124
	3426817125
	3426817126
	3426817127
	3426817128
	3426817129
	3426817130
	3426817131
	3426817132
	3426817133
	3426817134
	3426817135
	3426817136
	3426817137
	3426817138
	3426817139
	3426817140
	3426817141
	3426817142
	3426817143
	3426817144
	3426817145
	3426817146
	3426817147
	3426817148
	3426817149
	3426817150
	3426817151
	3426817152
	3426817153
	3426817154
	3426817155
	3426817156
	3426817157
	3426817158
	3426817159
	3426817160
	3426817161
	3426817162
	3426817163
	3426817164
	3426817165
	3426817166
	3426817167
	3426817168
	3426817169
	3426817170
	3426817171
	3426817172
	3426817173
	3426817174
	3426817175
	3426817176
	3426817177
	3426817178
	3426817179
	3426817180
	3426817181
	3426817182
	3426817183
	3426817184
	3426817185
	3426817186
	3426817187
	3426817188
	3426817189
	3426817190
	3426817191
	3426817192
	3426817193
	3426817194
	3426817195
	3426817196
	3426817197
	3426817198
	3426817199
	3426817200
	3426817201
	3426817202
	3426817203
	3426817204
	3426817205
	3426817206
	3426817207
	3426817208
	3426817209
	3426817210
	3426817211
	3426817212
	3426817213
	3426817214
	3426817215
	3426817216
	3426817217
	3426817218
	3426817219
	3426817220
	3426817221
	3426817222
	3426817223
	3426817224
	3426817225
	3426817226
	3426817227
	3426817228
	3426817229
	3426817230
	3426817231
	3426817232
	3426817233
	3426817234
	3426817235
	3426817236
	3426817237
	3426817238
	3426817239
	3426817240
	3426817241
	3426817242
	3426817243
	3426817244
	3426817245
	3426817246
	3426817247
	3426817248
	3426817249
	3426817250
	3426817251
	3426817252
	3426817253
	3426817254
	3426817255
	3426817256
	3426817257
	3426817258
	3426817259
	3426817260
	3426817261
	3426817262
	3426817263
	3426817264
	3426817265
	3426817266
	3426817267
	3426817268
	3426817269
	3426817270
	3426817271
	3426817272
	3426817273
	3426817274
	3426817275
	3426817276
	3426817277
	3426817278
	3426817279
	3426817280
	3426817281
	3426817282
	3426817283
	3426817284
	3426817285
	3426817286
	3426817287
	3426817288
	3426817289
	3426817290
	3426817291
	3426817292
	3426817293
	3426817294
	3426817295
	3426817296
	3426817297
	3426817298
	3426817299
	3426817300
	3426817301
	3426817302
	3426817303
	3426817304
	3426817305
	3426817306
	3426817307
	3426817308
	3426817309
	3426817310
	3426817311
	3426817312
	3426817313
	3426817314
	3426817315
	3426817316
	3426817317
	3426817318
	3426817319
	3426817320
	3426817321
	3426817322
	3426817323
	3426817324
	3426817325
	3426817326
	3426817327
	3426817328
	3426817329
	3426817330
	3426817331
	3426817332
	3426817333
	3426817334
	3426817335
	3426817336
	3426817337
	3426817338
	3426817339
	3426817340
	3426817341
	3426817342
	3426817343
	3426817344
	3426817345
	3426817346
	3426817347
	3426817348
	3426817349
	3426817350
	3426817351
	3426817352
	3426817353
	3426817354
	3426817355
	3426817356
	3426817357
	3426817358
	3426817359
	3426817360
	3426817361
	3426817362
	3426817363
	3426817364
	3426817365
	3426817366
	3426817367
	3426817368
	3426817369
	3426817370
	3426817371
	3426817372
	3426817373
	3426817374
	3426817375
	3426817376
	3426817377
	3426817378
	3426817379
	3426817380
	3426817381
	3426817382
	3426817383
	3426817384
	3426817385
	3426817386
	3426817387
	3426817388
	3426817389
	3426817390
	3426817391
	3426817392
	3426817393
	3426817394
	3426817395
	3426817396
	3426817397
	3426817398
	3426817399
	3426817400
	3426817401
	3426817402
	3426817403
	3426817404
	3426817405
	3426817406
	3426817407
	3426817408
	3426817409
	3426817410
	3426817411
	3426817412
	3426817413
	3426817414
	3426817415
	3426817416
	3426817417
	3426817418
	3426817419
	3426817420
	3426817421
	3426817422
	3426817423
	3426817424
	3426817425
	3426817426
	3426817427
	3426817428
	3426817429
	3426817430
	3426817431
	3426817432
	3426817433
	3426817434
	3426817435
	3426817436
	3426817437
	3426817438
	3426817439
	3426817440
	3426817441
	3426817442
	3426817443
	3426817444
	3426817445
	3426817446
	3426817447
	3426817448
	3426817449
	3426817450
	3426817451
	3426817452
	3426817453
	3426817454
	3426817455
	3426817456
	3426817457
	3426817458
	3426817459
	3426817460
	3426817461
	3426817462
	3426817463
	3426817464
	3426817465
	3426817466
	3426817467
	3426817468
	3426817469
	3426817470
	3426817471
	3426817472
	3426817473
	3426817474
	3426817475
	3426817476
	3426817477
	3426817478
	3426817479
	3426817480
	3426817481
	3426817482
	3426817483
	3426817484
	3426817485
	3426817486
	3426817487
	3426817488
	3426817489
	3426817490
	3426817491
	3426817492
	3426817493
	3426817494
	3426817495
	3426817496
	3426817497
	3426817498
	3426817499
	3426817500
	3426817501
	3426817502
	3426817503
	3426817504
	3426817505
	3426817506
	3426817507
	3426817508
	3426817509
	3426817510
	3426817511
	3426817512
	3426817513
	3426817514
	3426817515
	3426817516
	3426817517
	3426817518
	3426817519
	3426817520
	3426817521
	3426817522
	3426817523
	3426817524
	3426817525
	3426817526
	3426817527
	3426817528
	3426817529
	3426817530
	3426817531
	3426817532
	3426817533
	3426817534
	3426817535
	3426817536
	3426817537
	3426817538
	3426817539
	3426817540
	3426817541
	3426817542
	3426817543
	3426817544
	3426817545
	3426817546
	3426817547
	3426817548
	3426817549
	3426817550
	3426817551
	3426817552
	3426817553
	3426817554
	3426817555
	3426817556
	3426817557
	3426817558
	3426817559
	3426817560
	3426817561
	3426817562
	3426817563
	3426817564
	3426817565
	3426817566
	3426817567
	3426817568
	3426817569
	3426817570
	3426817571
	3426817572
	3426817573
	3426817574
	3426817575
	3426817576
	3426817577
	3426817578
	3426817579
	3426817580
	3426817581
	3426817582
	3426817583
	3426817584
	3426817585
	3426817586
	3426817587
	3426817588
	3426817589
	3426817590
	3426817591
	3426817592
	3426817593
	3426817594
	3426817595
	3426817596
	3426817597
	3426817598
	3426817599
	3426817600
	3426817601
	3426817602
	3426817603
	3426817604
	3426817605
	3426817606
	3426817607
	3426817608
	3426817609
	3426817610
	3426817611
	3426817612
	3426817613
	3426817614
	3426817615
	3426817616
	3426817617
	3426817618
	3426817619
	3426817620
	3426817621
	3426817622
	3426817623
	3426817624
	3426817625
	3426817626
	3426817627
	3426817628
	3426817629
	3426817630
	3426817631
	3426817632
	3426817633
	3426817634
	3426817635
	3426817636
	3426817637
	3426817638
	3426817639
	3426817640
	3426817641
	3426817642
	3426817643
	3426817644
	3426817645
	3426817646
	3426817647
	3426817648
	3426817649
	3426817650
	3426817651
	3426817652
	3426817653
	3426817654
	3426817655
	3426817656
	3426817657
	3426817658
	3426817659
	3426817660
	3426817661
	3426817662
	3426817663
	3426817664
	3426817665
	3426817666
	3426817667
	3426817668
	3426817669
	3426817670
	3426817671
	3426817672
	3426817673
	3426817674
	3426817675
	3426817676
	3426817677
	3426817678
	3426817679
	3426817680
	3426817681
	3426817682
	3426817683
	3426817684
	3426817685
	3426817686
	3426817687
	3426817688
	3426817689
	3426817690
	3426817691
	3426817692
	3426817693
	3426817694
	3426817695
	3426817696
	3426817697
	3426817698
	3426817699
	3426817700
	3426817701
	3426817702
	3426817703
	3426817704
	3426817705
	3426817706
	3426817707
	3426817708
	3426817709
	3426817710
	3426817711
	3426817712
	3426817713
	3426817714
	3426817715
	3426817716
	3426817717
	3426817718
	3426817719
	3426817720
	3426817721
	3426817722
	3426817723
	3426817724
	3426817725
	3426817726
	3426817727
	3426817728
	3426817729
	3426817730
	3426817731
	3426817732
	3426817733
	3426817734
	3426817735
	3426817736
	3426817737
	3426817738
	3426817739
	3426817740
	3426817741
	3426817742
	3426817743
	3426817744
	3426817745
	3426817746
	3426817747
	3426817748
	3426817749
	3426817750
	3426817751
	3426817752
	3426817753
	3426817754
	3426817755
	3426817756
	3426817757
	3426817758
	3426817759
	3426817760
	3426817761
	3426817762
	3426817763
	3426817764
	3426817765
	3426817766
	3426817767
	3426817768
	3426817769
	3426817770
	3426817771
	3426817772
	3426817773
	3426817774
	3426817775
	3426817776
	3426817777
	3426817778
	3426817779
	3426817780
	3426817781
	3426817782
	3426817783
	3426817784
	3426817785
	3426817786
	3426817787
	3426817788
	3426817789
	3426817790
	3426817791
	3426817792
	3426817793
	3426817794
	3426817795
	3426817796
	3426817797
	3426817798
	3426817799
	3426817800
	3426817801
	3426817802
	3426817803
	3426817804
	3426817805
	3426817806
	3426817807
	3426817808
	3426817809
	3426817810
	3426817811
	3426817812
	3426817813
	3426817814
	3426817815
	3426817816
	3426817817
	3426817818
	3426817819
	3426817820
	3426817821
	3426817822
	3426817823
	3426817824
	3426817825
	3426817826
	3426817827
	3426817828
	3426817829
	3426817830
	3426817831
	3426817832
	3426817833
	3426817834
	3426817835
	3426817836
	3426817837
	3426817838
	3426817839
	3426817840
	3426817841
	3426817842
	3426817843
	3426817844
	3426817845
	3426817846
	3426817847
	3426817848
	3426817849
	3426817850
	3426817851
	3426817852
	3426817853
	3426817854
	3426817855
	3426817856
	3426817857
	3426817858
	3426817859
	3426817860
	3426817861
	3426817862
	3426817863
	3426817864
	3426817865
	3426817866
	3426817867
	3426817868
	3426817869
	3426817870
	3426817871
	3426817872
	3426817873
	3426817874
	3426817875
	3426817876
	3426817877
	3426817878
	3426817879
	3426817880
	3426817881
	3426817882
	3426817883
	3426817884
	3426817885
	3426817886
	3426817887
	3426817888
	3426817889
	3426817890
	3426817891
	3426817892
	3426817893
	3426817894
	3426817895
	3426817896
	3426817897
	3426817898
	3426817899
	3426817900
	3426817901
	3426817902
	3426817903
	3426817904
	3426817905
	3426817906
	3426817907
	3426817908
	3426817909
	3426817910
	3426817911
	3426817912
	3426817913
	3426817914
	3426817915
	3426817916
	3426817917
	3426817918
	3426817919
	3426817920
	3426817921
	3426817922
	3426817923
	3426817924
	3426817925
	3426817926
	3426817927
	3426817928
	3426817929
	3426817930
	3426817931
	3426817932
	3426817933
	3426817934
	3426817935
	3426817936
	3426817937
	3426817938
	3426817939
	3426817940
	3426817941
	3426817942
	3426817943
	3426817944
	3426817945
	3426817946
	3426817947
	3426817948
	3426817949
	3426817950
	3426817951
	3426817952
	3426817953
	3426817954
	3426817955
	3426817956
	3426817957
	3426817958
	3426817959
	3426817960
	3426817961
	3426817962
	3426817963
	3426817964
	3426817965
	3426817966
	3426817967
	3426817968
	3426817969
	3426817970
	3426817971
	3426817972
	3426817973
	3426817974
	3426817975
	3426817976
	3426817977
	3426817978
	3426817979
	3426817980
	3426817981
	3426817982
	3426817983
	3426817984
	3426817985
	3426817986
	3426817987
	3426817988
	3426817989
	3426817990
	3426817991
	3426817992
	3426817993
	3426817994
	3426817995
	3426817996
	3426817997
	3426817998
	3426817999
	3426818000
	3426818001
	3426818002
	3426818003
	3426818004
	3426818005
	3426818006
	3426818007
	3426818008
	3426818009
	3426818010
	3426818011
	3426818012
	3426818013
	3426818014
	3426818015
	3426818016
	3426818017
	3426818018
	3426818019
	3426818020
	3426818021
	3426818022
	3426818023
	3426818024
	3426818025
	3426818026
	3426818027
	3426818028
	3426818029
	3426818030
	3426818031
	3426818032
	3426818033
	3426818034
	3426818035
	3426818036
	3426818037
	3426818038
	3426818039
	3426818040
	3426818041
	3426818042
	3426818043
	3426818044
	3426818045
	3426818046
	3426818047
	3426818048
	3426818049
	3426818050
	3426818051
	3426818052
	3426818053
	3426818054
	3426818055
	3426818056
	3426818057
	3426818058
	3426818059
	3426818060
	3426818061
	3426818062
	3426818063
	3426818064
	3426818065
	3426818066
	3426818067
	3426818068
	3426818069
	3426818070
	3426818071
	3426818072
	3426818073
	3426818074
	3426818075
	3426818076
	3426818077
	3426818078
	3426818079
	3426818080
	3426818081
	3426818082
	3426818083
	3426818084
	3426818085
	3426818086
	3426818087
	3426818088
	3426818089
	3426818090
	3426818091
	3426818092
	3426818093
	3426818094
	3426818095
	3426818096
	3426818097
	3426818098
	3426818099
	3426818100
	3426818101
	3426818102
	3426818103
	3426818104
	3426818105
	3426818106
	3426818107
	3426818108
	3426818109
	3426818110
	3426818111
	3426818112
	3426818113
	3426818114
	3426818115
	3426818116
	3426818117
	3426818118
	3426818119
	3426818120
	3426818121
	3426818122
	3426818123
	3426818124
	3426818125
	3426818126
	3426818127
	3426818128
	3426818129
	3426818130
	3426818131
	3426818132
	3426818133
	3426818134
	3426818135
	3426818136
	3426818137
	3426818138
	3426818139
	3426818140
	3426818141
	3426818142
	3426818143
	3426818144
	3426818145
	3426818146
	3426818147
	3426818148
	3426818149
	3426818150
	3426818151
	3426818152
	3426818153
	3426818154
	3426818155
	3426818156
	3426818157
	3426818158
	3426818159
	3426818160
	3426818161
	3426818162
	3426818163
	3426818164
	3426818165
	3426818166
	3426818167
	3426818168
	3426818169
	3426818170
	3426818171
	3426818172
	3426818173
	3426818174
	3426818175
	3426818176
	3426818177
	3426818178
	3426818179
	3426818180
	3426818181
	3426818182
	3426818183
	3426818184
	3426818185
	3426818186
	3426818187
	3426818188
	3426818189
	3426818190
	3426818191
	3426818192
	3426818193
	3426818194
	3426818195
	3426818196
	3426818197
	3426818198
	3426818199
	3426818200
	3426818201
	3426818202
	3426818203
	3426818204
	3426818205
	3426818206
	3426818207
	3426818208
	3426818209
	3426818210
	3426818211
	3426818212
	3426818213
	3426818214
	3426818215
	3426818216
	3426818217
	3426818218
	3426818219
	3426818220
	3426818221
	3426818222
	3426818223
	3426818224
	3426818225
	3426818226
	3426818227
	3426818228
	3426818229
	3426818230
	3426818231
	3426818232
	3426818233
	3426818234
	3426818235
	3426818236
	3426818237
	3426818238
	3426818239
	3426818240
	3426818241
	3426818242
	3426818243
	3426818244
	3426818245
	3426818246
	3426818247
	3426818248
	3426818249
	3426818250
	3426818251
	3426818252
	3426818253
	3426818254
	3426818255
	3426818256
	3426818257
	3426818258
	3426818259
	3426818260
	3426818261
	3426818262
	3426818263
	3426818264
	3426818265
	3426818266
	3426818267
	3426818268
	3426818269
	3426818270
	3426818271
	3426818272
	3426818273
	3426818274
	3426818275
	3426818276
	3426818277
	3426818278
	3426818279
	3426818280
	3426818281
	3426818282
	3426818283
	3426818284
	3426818285
	3426818286
	3426818287
	3426818288
	3426818289
	3426818290
	3426818291
	3426818292
	3426818293
	3426818294
	3426818295
	3426818296
	3426818297
	3426818298
	3426818299
	3426818300
	3426818301
	3426818302
	3426818303
	3426818304
	3426818305
	3426818306
	3426818307
	3426818308
	3426818309
	3426818310
	3426818311
	3426818312
	3426818313
	3426818314
	3426818315
	3426818316
	3426818317
	3426818318
	3426818319
	3426818320
	3426818321
	3426818322
	3426818323
	3426818324
	3426818325
	3426818326
	3426818327
	3426818328
	3426818329
	3426818330
	3426818331
	3426818332
	3426818333
	3426818334
	3426818335
	3426818336
	3426818337
	3426818338
	3426818339
	3426818340
	3426818341
	3426818342
	3426818343
	3426818344
	3426818345
	3426818346
	3426818347
	3426818348
	3426818349
	3426818350
	3426818351
	3426818352
	3426818353
	3426818354
	3426818355
	3426818356
	3426818357
	3426818358
	3426818359
	3426818360
	3426818361
	3426818362
	3426818363
	3426818364
	3426818365
	3426818366
	3426818367
	3426818368
	3426818369
	3426818370
	3426818371
	3426818372
	3426818373
	3426818374
	3426818375
	3426818376
	3426818377
	3426818378
	3426818379
	3426818380
	3426818381
	3426818382
	3426818383
	3426818384
	3426818385
	3426818386
	3426818387
	3426818388
	3426818389
	3426818390
	3426818391
	3426818392
	3426818393
	3426818394
	3426818395
	3426818396
	3426818397
	3426818398
	3426818399
	3426818400
	3426818401
	3426818402
	3426818403
	3426818404
	3426818405
	3426818406
	3426818407
	3426818408
	3426818409
	3426818410
	3426818411
	3426818412
	3426818413
	3426818414
	3426818415
	3426818416
	3426818417
	3426818418
	3426818419
	3426818420
	3426818421
	3426818422
	3426818423
	3426818424
	3426818425
	3426818426
	3426818427
	3426818428
	3426818429
	3426818430
	3426818431
	3426818432
	3426818433
	3426818434
	3426818435
	3426818436
	3426818437
	3426818438
	3426818439
	3426818440
	3426818441
	3426818442
	3426818443
	3426818444
	3426818445
	3426818446
	3426818447
	3426818448
	3426818449
	3426818450
	3426818451
	3426818452
	3426818453
	3426818454
	3426818455
	3426818456
	3426818457
	3426818458
	3426818459
	3426818460
	3426818461
	3426818462
	3426818463
	3426818464
	3426818465
	3426818466
	3426818467
	3426818468
	3426818469
	3426818470
	3426818471
	3426818472
	3426818473
	3426818474
	3426818475
	3426818476
	3426818477
	3426818478
	3426818479
	3426818480
	3426818481
	3426818482
	3426818483
	3426818484
	3426818485
	3426818486
	3426818487
	3426818488
	3426818489
	3426818490
	3426818491
	3426818492
	3426818493
	3426818494
	3426818495
	3426818496
	3426818497
	3426818498
	3426818499
	3426818500
	3426818501
	3426818502
	3426818503
	3426818504
	3426818505
	3426818506
	3426818507
	3426818508
	3426818509
	3426818510
	3426818511
	3426818512
	3426818513
	3426818514
	3426818515
	3426818516
	3426818517
	3426818518
	3426818519
	3426818520
	3426818521
	3426818522
	3426818523
	3426818524
	3426818525
	3426818526
	3426818527
	3426818528
	3426818529
	3426818530
	3426818531
	3426818532
	3426818533
	3426818534
	3426818535
	3426818536
	3426818537
	3426818538
	3426818539
	3426818540
	3426818541
	3426818542
	3426818543
	3426818544
	3426818545
	3426818546
	3426818547
	3426818548
	3426818549
	3426818550
	3426818551
	3426818552
	3426818553
	3426818554
	3426818555
	3426818556
	3426818557
	3426818558
	3426818559
	3426818560
	3426818561
	3426818562
	3426818563
	3426818564
	3426818565
	3426818566
	3426818567
	3426818568
	3426818569
	3426818570
	3426818571
	3426818572
	3426818573
	3426818574
	3426818575
	3426818576
	3426818577
	3426818578
	3426818579
	3426818580
	3426818581
	3426818582
	3426818583
	3426818584
	3426818585
	3426818586
	3426818587
	3426818588
	3426818589
	3426818590
	3426818591
	3426818592
	3426818593
	3426818594
	3426818595
	3426818596
	3426818597
	3426818598
	3426818599
	3426818600
	3426818601
	3426818602
	3426818603
	3426818604
	3426818605
	3426818606
	3426818607
	3426818608
	3426818609
	3426818610
	3426818611
	3426818612
	3426818613
	3426818614
	3426818615
	3426818616
	3426818617
	3426818618
	3426818619
	3426818620
	3426818621
	3426818622
	3426818623
	3426818624
	3426818625
	3426818626
	3426818627
	3426818628
	3426818629
	3426818630
	3426818631
	3426818632
	3426818633
	3426818634
	3426818635
	3426818636
	3426818637
	3426818638
	3426818639
	3426818640
	3426818641
	3426818642
	3426818643
	3426818644
	3426818645
	3426818646
	3426818647
	3426818648
	3426818649
	3426818650
	3426818651
	3426818652
	3426818653
	3426818654
	3426818655
	3426818656
	3426818657
	3426818658
	3426818659
	3426818660
	3426818661
	3426818662
	3426818663
	3426818664
	3426818665
	3426818666
	3426818667
	3426818668
	3426818669
	3426818670
	3426818671
	3426818672
	3426818673
	3426818674
	3426818675
	3426818676
	3426818677
	3426818678
	3426818679
	3426818680
	3426818681
	3426818682
	3426818683
	3426818684
	3426818685
	3426818686
	3426818687
	3426818688
	3426818689
	3426818690
	3426818691
	3426818692
	3426818693
	3426818694
	3426818695
	3426818696
	3426818697
	3426818698
	3426818699
	3426818700
	3426818701
	3426818702
	3426818703
	3426818704
	3426818705
	3426818706
	3426818707
	3426818708
	3426818709
	3426818710
	3426818711
	3426818712
	3426818713
	3426818714
	3426818715
	3426818716
	3426818717
	3426818718
	3426818719
	3426818720
	3426818721
	3426818722
	3426818723
	3426818724
	3426818725
	3426818726
	3426818727
	3426818728
	3426818729
	3426818730
	3426818731
	3426818732
	3426818733
	3426818734
	3426818735
	3426818736
	3426818737
	3426818738
	3426818739
	3426818740
	3426818741
	3426818742
	3426818743
	3426818744
	3426818745
	3426818746
	3426818747
	3426818748
	3426818749
	3426818750
	3426818751
	3426818752
	3426818753
	3426818754
	3426818755
	3426818756
	3426818757
	3426818758
	3426818759
	3426818760
	3426818761
	3426818762
	3426818763
	3426818764
	3426818765
	3426818766
	3426818767
	3426818768
	3426818769
	3426818770
	3426818771
	3426818772
	3426818773
	3426818774
	3426818775
	3426818776
	3426818777
	3426818778
	3426818779
	3426818780
	3426818781
	3426818782
	3426818783
	3426818784
	3426818785
	3426818786
	3426818787
	3426818788
	3426818789
	3426818790
	3426818791
	3426818792
	3426818793
	3426818794
	3426818795
	3426818796
	3426818797
	3426818798
	3426818799
	3426818800
	3426818801
	3426818802
	3426818803
	3426818804
	3426818805
	3426818806
	3426818807
	3426818808
	3426818809
	3426818810
	3426818811
	3426818812
	3426818813
	3426818814
	3426818815
	3426818816
	3426818817
	3426818818
	3426818819
	3426818820
	3426818821
	3426818822
	3426818823
	3426818824
	3426818825
	3426818826
	3426818827
	3426818828
	3426818829
	3426818830
	3426818831
	3426818832
	3426818833
	3426818834
	3426818835
	3426818836
	3426818837
	3426818838
	3426818839
	3426818840
	3426818841
	3426818842
	3426818843
	3426818844
	3426818845
	3426818846
	3426818847
	3426818848
	3426818849
	3426818850
	3426818851
	3426818852
	3426818853
	3426818854
	3426818855
	3426818856
	3426818857
	3426818858
	3426818859
	3426818860
	3426818861
	3426818862
	3426818863
	3426818864
	3426818865
	3426818866
	3426818867
	3426818868
	3426818869
	3426818870
	3426818871
	3426818872
	3426818873
	3426818874
	3426818875
	3426818876
	3426818877
	3426818878
	3426818879
	3426818880
	3426818881
	3426818882
	3426818883
	3426818884
	3426818885
	3426818886
	3426818887
	3426818888
	3426818889
	3426818890
	3426818891
	3426818892
	3426818893
	3426818894
	3426818895
	3426818896
	3426818897
	3426818898
	3426818899
	3426818900
	3426818901
	3426818902
	3426818903
	3426818904
	3426818905
	3426818906
	3426818907
	3426818908
	3426818909
	3426818910
	3426818911
	3426818912
	3426818913
	3426818914
	3426818915
	3426818916
	3426818917
	3426818918
	3426818919
	3426818920
	3426818921
	3426818922
	3426818923
	3426818924
	3426818925
	3426818926
	3426818927
	3426818928
	3426818929
	3426818930
	3426818931
	3426818932
	3426818933
	3426818934
	3426818935
	3426818936
	3426818937
	3426818938
	3426818939
	3426818940
	3426818941
	3426818942
	3426818943
	3426818944
	3426818945
	3426818946
	3426818947
	3426818948
	3426818949
	3426818950
	3426818951
	3426818952
	3426818953
	3426818954
	3426818955
	3426818956
	3426818957
	3426818958
	3426818959
	3426818960
	3426818961
	3426818962
	3426818963
	3426818964
	3426818965
	3426818966
	3426818967
	3426818968
	3426818969
	3426818970
	3426818971
	3426818972
	3426818973
	3426818974
	3426818975
	3426818976
	3426818977
	3426818978
	3426818979
	3426818980
	3426818981
	3426818982
	3426818983
	3426818984
	3426818985
	3426818986
	3426818987
	3426818988
	3426818989
	3426818990
	3426818991
	3426818992
	3426818993
	3426818994
	3426818995
	3426818996
	3426818997
	3426818998
	3426818999
	3426819000
	3426819001
	3426819002
	3426819003
	3426819004
	3426819005
	3426819006
	3426819007
	3426819008
	3426819009
	3426819010
	3426819011
	3426819012
	3426819013
	3426819014
	3426819015
	3426819016
	3426819017
	3426819018
	3426819019
	3426819020
	3426819021
	3426819022
	3426819023
	3426819024
	3426819025
	3426819026
	3426819027
	3426819028
	3426819029
	3426819030
	3426819031
	3426819032
	3426819033
	3426819034
	3426819035
	3426819036
	3426819037
	3426819038
	3426819039
	3426819040
	3426819041
	3426819042
	3426819043
	3426819044
	3426819045
	3426819046
	3426819047
	3426819048
	3426819049
	3426819050
	3426819051
	3426819052
	3426819053
	3426819054
	3426819055
	3426819056
	3426819057
	3426819058
	3426819059
	3426819060
	3426819061
	3426819062
	3426819063
	3426819064
	3426819065
	3426819066
	3426819067
	3426819068
	3426819069
	3426819070
	3426819071
	3426819072
	3426819073
	3426819074
	3426819075
	3426819076
	3426819077
	3426819078
	3426819079
	3426819080
	3426819081
	3426819082
	3426819083
	3426819084
	3426819085
	3426819086
	3426819087
	3426819088
	3426819089
	3426819090
	3426819091
	3426819092
	3426819093
	3426819094
	3426819095
	3426819096
	3426819097
	3426819098
	3426819099
	3426819100
	3426819101
	3426819102
	3426819103
	3426819104
	3426819105
	3426819106
	3426819107
	3426819108
	3426819109
	3426819110
	3426819111
	3426819112
	3426819113
	3426819114
	3426819115
	3426819116
	3426819117
	3426819118
	3426819119
	3426819120
	3426819121
	3426819122
	3426819123
	3426819124
	3426819125
	3426819126
	3426819127
	3426819128
	3426819129
	3426819130
	3426819131
	3426819132
	3426819133
	3426819134
	3426819135
	3426819136
	3426819137
	3426819138
	3426819139
	3426819140
	3426819141
	3426819142
	3426819143
	3426819144
	3426819145
	3426819146
	3426819147
	3426819148
	3426819149
	3426819150
	3426819151
	3426819152
	3426819153
	3426819154
	3426819155
	3426819156
	3426819157
	3426819158
	3426819159
	3426819160
	3426819161
	3426819162
	3426819163
	3426819164
	3426819165
	3426819166
	3426819167
	3426819168
	3426819169
	3426819170
	3426819171
	3426819172
	3426819173
	3426819174
	3426819175
	3426819176
	3426819177
	3426819178
	3426819179
	3426819180
	3426819181
	3426819182
	3426819183
	3426819184
	3426819185
	3426819186
	3426819187
	3426819188
	3426819189
	3426819190
	3426819191
	3426819192
	3426819193
	3426819194
	3426819195
	3426819196
	3426819197
	3426819198
	3426819199
	3426819200
	3426819201
	3426819202
	3426819203
	3426819204
	3426819205
	3426819206
	3426819207
	3426819208
	3426819209
	3426819210
	3426819211
	3426819212
	3426819213
	3426819214
	3426819215
	3426819216
	3426819217
	3426819218
	3426819219
	3426819220
	3426819221
	3426819222
	3426819223
	3426819224
	3426819225
	3426819226
	3426819227
	3426819228
	3426819229
	3426819230
	3426819231
	3426819232
	3426819233
	3426819234
	3426819235
	3426819236
	3426819237
