	3426514261
	3426514262
	3426514263
	3426514264
	3426514265
	3426514266
	3426514267
	3426514268
	3426514269
	3426514270
	3426514271
	3426514272
	3426514273
	3426514274
	3426514275
	3426514276
	3426514277
	3426514278
	3426514279
	3426514280
	3426514281
	3426514282
	3426514283
	3426514284
	3426514285
	3426514286
	3426514287
	3426514288
	3426514289
	3426514290
	3426514291
	3426514292
	3426514293
	3426514294
	3426514295
	3426514296
	3426514297
	3426514298
	3426514299
	3426514300
	3426514301
	3426514302
	3426514303
	3426514304
	3426514305
	3426514306
	3426514307
	3426514308
	3426514309
	3426514310
	3426514311
	3426514312
	3426514313
	3426514314
	3426514315
	3426514316
	3426514317
	3426514318
	3426514319
	3426514320
	3426514321
	3426514322
	3426514323
	3426514324
	3426514325
	3426514326
	3426514327
	3426514328
	3426514329
	3426514330
	3426514331
	3426514332
	3426514333
	3426514334
	3426514335
	3426514336
	3426514337
	3426514338
	3426514339
	3426514340
	3426514341
	3426514342
	3426514343
	3426514344
	3426514345
	3426514346
	3426514347
	3426514348
	3426514349
	3426514350
	3426514351
	3426514352
	3426514353
	3426514354
	3426514355
	3426514356
	3426514357
	3426514358
	3426514359
	3426514360
	3426514361
	3426514362
	3426514363
	3426514364
	3426514365
	3426514366
	3426514367
	3426514368
	3426514369
	3426514370
	3426514371
	3426514372
	3426514373
	3426514374
	3426514375
	3426514376
	3426514377
	3426514378
	3426514379
	3426514380
	3426514381
	3426514382
	3426514383
	3426514384
	3426514385
	3426514386
	3426514387
	3426514388
	3426514389
	3426514390
	3426514391
	3426514392
	3426514393
	3426514394
	3426514395
	3426514396
	3426514397
	3426514398
	3426514399
	3426514400
	3426514401
	3426514402
	3426514403
	3426514404
	3426514405
	3426514406
	3426514407
	3426514408
	3426514409
	3426514410
	3426514411
	3426514412
	3426514413
	3426514414
	3426514415
	3426514416
	3426514417
	3426514418
	3426514419
	3426514420
	3426514421
	3426514422
	3426514423
	3426514424
	3426514425
	3426514426
	3426514427
	3426514428
	3426514429
	3426514430
	3426514431
	3426514432
	3426514433
	3426514434
	3426514435
	3426514436
	3426514437
	3426514438
	3426514439
	3426514440
	3426514441
	3426514442
	3426514443
	3426514444
	3426514445
	3426514446
	3426514447
	3426514448
	3426514449
	3426514450
	3426514451
	3426514452
	3426514453
	3426514454
	3426514455
	3426514456
	3426514457
	3426514458
	3426514459
	3426514460
	3426514461
	3426514462
	3426514463
	3426514464
	3426514465
	3426514466
	3426514467
	3426514468
	3426514469
	3426514470
	3426514471
	3426514472
	3426514473
	3426514474
	3426514475
	3426514476
	3426514477
	3426514478
	3426514479
	3426514480
	3426514481
	3426514482
	3426514483
	3426514484
	3426514485
	3426514486
	3426514487
	3426514488
	3426514489
	3426514490
	3426514491
	3426514492
	3426514493
	3426514494
	3426514495
	3426514496
	3426514497
	3426514498
	3426514499
	3426514500
	3426514501
	3426514502
	3426514503
	3426514504
	3426514505
	3426514506
	3426514507
	3426514508
	3426514509
	3426514510
	3426514511
	3426514512
	3426514513
	3426514514
	3426514515
	3426514516
	3426514517
	3426514518
	3426514519
	3426514520
	3426514521
	3426514522
	3426514523
	3426514524
	3426514525
	3426514526
	3426514527
	3426514528
	3426514529
	3426514530
	3426514531
	3426514532
	3426514533
	3426514534
	3426514535
	3426514536
	3426514537
	3426514538
	3426514539
	3426514540
	3426514541
	3426514542
	3426514543
	3426514544
	3426514545
	3426514546
	3426514547
	3426514548
	3426514549
	3426514550
	3426514551
	3426514552
	3426514553
	3426514554
	3426514555
	3426514556
	3426514557
	3426514558
	3426514559
	3426514560
	3426514561
	3426514562
	3426514563
	3426514564
	3426514565
	3426514566
	3426514567
	3426514568
	3426514569
	3426514570
	3426514571
	3426514572
	3426514573
	3426514574
	3426514575
	3426514576
	3426514577
	3426514578
	3426514579
	3426514580
	3426514581
	3426514582
	3426514583
	3426514584
	3426514585
	3426514586
	3426514587
	3426514588
	3426514589
	3426514590
	3426514591
	3426514592
	3426514593
	3426514594
	3426514595
	3426514596
	3426514597
	3426514598
	3426514599
	3426514600
	3426514601
	3426514602
	3426514603
	3426514604
	3426514605
	3426514606
	3426514607
	3426514608
	3426514609
	3426514610
	3426514611
	3426514612
	3426514613
	3426514614
	3426514615
	3426514616
	3426514617
	3426514618
	3426514619
	3426514620
	3426514621
	3426514622
	3426514623
	3426514624
	3426514625
	3426514626
	3426514627
	3426514628
	3426514629
	3426514630
	3426514631
	3426514632
	3426514633
	3426514634
	3426514635
	3426514636
	3426514637
	3426514638
	3426514639
	3426514640
	3426514641
	3426514642
	3426514643
	3426514644
	3426514645
	3426514646
	3426514647
	3426514648
	3426514649
	3426514650
	3426514651
	3426514652
	3426514653
	3426514654
	3426514655
	3426514656
	3426514657
	3426514658
	3426514659
	3426514660
	3426514661
	3426514662
	3426514663
	3426514664
	3426514665
	3426514666
	3426514667
	3426514668
	3426514669
	3426514670
	3426514671
	3426514672
	3426514673
	3426514674
	3426514675
	3426514676
	3426514677
	3426514678
	3426514679
	3426514680
	3426514681
	3426514682
	3426514683
	3426514684
	3426514685
	3426514686
	3426514687
	3426514688
	3426514689
	3426514690
	3426514691
	3426514692
	3426514693
	3426514694
	3426514695
	3426514696
	3426514697
	3426514698
	3426514699
	3426514700
	3426514701
	3426514702
	3426514703
	3426514704
	3426514705
	3426514706
	3426514707
	3426514708
	3426514709
	3426514710
	3426514711
	3426514712
	3426514713
	3426514714
	3426514715
	3426514716
	3426514717
	3426514718
	3426514719
	3426514720
	3426514721
	3426514722
	3426514723
	3426514724
	3426514725
	3426514726
	3426514727
	3426514728
	3426514729
	3426514730
	3426514731
	3426514732
	3426514733
	3426514734
	3426514735
	3426514736
	3426514737
	3426514738
	3426514739
	3426514740
	3426514741
	3426514742
	3426514743
	3426514744
	3426514745
	3426514746
	3426514747
	3426514748
	3426514749
	3426514750
	3426514751
	3426514752
	3426514753
	3426514754
	3426514755
	3426514756
	3426514757
	3426514758
	3426514759
	3426514760
	3426514761
	3426514762
	3426514763
	3426514764
	3426514765
	3426514766
	3426514767
	3426514768
	3426514769
	3426514770
	3426514771
	3426514772
	3426514773
	3426514774
	3426514775
	3426514776
	3426514777
	3426514778
	3426514779
	3426514780
	3426514781
	3426514782
	3426514783
	3426514784
	3426514785
	3426514786
	3426514787
	3426514788
	3426514789
	3426514790
	3426514791
	3426514792
	3426514793
	3426514794
	3426514795
	3426514796
	3426514797
	3426514798
	3426514799
	3426514800
	3426514801
	3426514802
	3426514803
	3426514804
	3426514805
	3426514806
	3426514807
	3426514808
	3426514809
	3426514810
	3426514811
	3426514812
	3426514813
	3426514814
	3426514815
	3426514816
	3426514817
	3426514818
	3426514819
	3426514820
	3426514821
	3426514822
	3426514823
	3426514824
	3426514825
	3426514826
	3426514827
	3426514828
	3426514829
	3426514830
	3426514831
	3426514832
	3426514833
	3426514834
	3426514835
	3426514836
	3426514837
	3426514838
	3426514839
	3426514840
	3426514841
	3426514842
	3426514843
	3426514844
	3426514845
	3426514846
	3426514847
	3426514848
	3426514849
	3426514850
	3426514851
	3426514852
	3426514853
	3426514854
	3426514855
	3426514856
	3426514857
	3426514858
	3426514859
	3426514860
	3426514861
	3426514862
	3426514863
	3426514864
	3426514865
	3426514866
	3426514867
	3426514868
	3426514869
	3426514870
	3426514871
	3426514872
	3426514873
	3426514874
	3426514875
	3426514876
	3426514877
	3426514878
	3426514879
	3426514880
	3426514881
	3426514882
	3426514883
	3426514884
	3426514885
	3426514886
	3426514887
	3426514888
	3426514889
	3426514890
	3426514891
	3426514892
	3426514893
	3426514894
	3426514895
	3426514896
	3426514897
	3426514898
	3426514899
	3426514900
	3426514901
	3426514902
	3426514903
	3426514904
	3426514905
	3426514906
	3426514907
	3426514908
	3426514909
	3426514910
	3426514911
	3426514912
	3426514913
	3426514914
	3426514915
	3426514916
	3426514917
	3426514918
	3426514919
	3426514920
	3426514921
	3426514922
	3426514923
	3426514924
	3426514925
	3426514926
	3426514927
	3426514928
	3426514929
	3426514930
	3426514931
	3426514932
	3426514933
	3426514934
	3426514935
	3426514936
	3426514937
	3426514938
	3426514939
	3426514940
	3426514941
	3426514942
	3426514943
	3426514944
	3426514945
	3426514946
	3426514947
	3426514948
	3426514949
	3426514950
	3426514951
	3426514952
	3426514953
	3426514954
	3426514955
	3426514956
	3426514957
	3426514958
	3426514959
	3426514960
	3426514961
	3426514962
	3426514963
	3426514964
	3426514965
	3426514966
	3426514967
	3426514968
	3426514969
	3426514970
	3426514971
	3426514972
	3426514973
	3426514974
	3426514975
	3426514976
	3426514977
	3426514978
	3426514979
	3426514980
	3426514981
	3426514982
	3426514983
	3426514984
	3426514985
	3426514986
	3426514987
	3426514988
	3426514989
	3426514990
	3426514991
	3426514992
	3426514993
	3426514994
	3426514995
	3426514996
	3426514997
	3426514998
	3426514999
	3426515000
	3426515001
	3426515002
	3426515003
	3426515004
	3426515005
	3426515006
	3426515007
	3426515008
	3426515009
	3426515010
	3426515011
	3426515012
	3426515013
	3426515014
	3426515015
	3426515016
	3426515017
	3426515018
	3426515019
	3426515020
	3426515021
	3426515022
	3426515023
	3426515024
	3426515025
	3426515026
	3426515027
	3426515028
	3426515029
	3426515030
	3426515031
	3426515032
	3426515033
	3426515034
	3426515035
	3426515036
	3426515037
	3426515038
	3426515039
	3426515040
	3426515041
	3426515042
	3426515043
	3426515044
	3426515045
	3426515046
	3426515047
	3426515048
	3426515049
	3426515050
	3426515051
	3426515052
	3426515053
	3426515054
	3426515055
	3426515056
	3426515057
	3426515058
	3426515059
	3426515060
	3426515061
	3426515062
	3426515063
	3426515064
	3426515065
	3426515066
	3426515067
	3426515068
	3426515069
	3426515070
	3426515071
	3426515072
	3426515073
	3426515074
	3426515075
	3426515076
	3426515077
	3426515078
	3426515079
	3426515080
	3426515081
	3426515082
	3426515083
	3426515084
	3426515085
	3426515086
	3426515087
	3426515088
	3426515089
	3426515090
	3426515091
	3426515092
	3426515093
	3426515094
	3426515095
	3426515096
	3426515097
	3426515098
	3426515099
	3426515100
	3426515101
	3426515102
	3426515103
	3426515104
	3426515105
	3426515106
	3426515107
	3426515108
	3426515109
	3426515110
	3426515111
	3426515112
	3426515113
	3426515114
	3426515115
	3426515116
	3426515117
	3426515118
	3426515119
	3426515120
	3426515121
	3426515122
	3426515123
	3426515124
	3426515125
	3426515126
	3426515127
	3426515128
	3426515129
	3426515130
	3426515131
	3426515132
	3426515133
	3426515134
	3426515135
	3426515136
	3426515137
	3426515138
	3426515139
	3426515140
	3426515141
	3426515142
	3426515143
	3426515144
	3426515145
	3426515146
	3426515147
	3426515148
	3426515149
	3426515150
	3426515151
	3426515152
	3426515153
	3426515154
	3426515155
	3426515156
	3426515157
	3426515158
	3426515159
	3426515160
	3426515161
	3426515162
	3426515163
	3426515164
	3426515165
	3426515166
	3426515167
	3426515168
	3426515169
	3426515170
	3426515171
	3426515172
	3426515173
	3426515174
	3426515175
	3426515176
	3426515177
	3426515178
	3426515179
	3426515180
	3426515181
	3426515182
	3426515183
	3426515184
	3426515185
	3426515186
	3426515187
	3426515188
	3426515189
	3426515190
	3426515191
	3426515192
	3426515193
	3426515194
	3426515195
	3426515196
	3426515197
	3426515198
	3426515199
	3426515200
	3426515201
	3426515202
	3426515203
	3426515204
	3426515205
	3426515206
	3426515207
	3426515208
	3426515209
	3426515210
	3426515211
	3426515212
	3426515213
	3426515214
	3426515215
	3426515216
	3426515217
	3426515218
	3426515219
	3426515220
	3426515221
	3426515222
	3426515223
	3426515224
	3426515225
	3426515226
	3426515227
	3426515228
	3426515229
	3426515230
	3426515231
	3426515232
	3426515233
	3426515234
	3426515235
	3426515236
	3426515237
	3426515238
	3426515239
	3426515240
	3426515241
	3426515242
	3426515243
	3426515244
	3426515245
	3426515246
	3426515247
	3426515248
	3426515249
	3426515250
	3426515251
	3426515252
	3426515253
	3426515254
	3426515255
	3426515256
	3426515257
	3426515258
	3426515259
	3426515260
	3426515261
	3426515262
	3426515263
	3426515264
	3426515265
	3426515266
	3426515267
	3426515268
	3426515269
	3426515270
	3426515271
	3426515272
	3426515273
	3426515274
	3426515275
	3426515276
	3426515277
	3426515278
	3426515279
	3426515280
	3426515281
	3426515282
	3426515283
	3426515284
	3426515285
	3426515286
	3426515287
	3426515288
	3426515289
	3426515290
	3426515291
	3426515292
	3426515293
	3426515294
	3426515295
	3426515296
	3426515297
	3426515298
	3426515299
	3426515300
	3426515301
	3426515302
	3426515303
	3426515304
	3426515305
	3426515306
	3426515307
	3426515308
	3426515309
	3426515310
	3426515311
	3426515312
	3426515313
	3426515314
	3426515315
	3426515316
	3426515317
	3426515318
	3426515319
	3426515320
	3426515321
	3426515322
	3426515323
	3426515324
	3426515325
	3426515326
	3426515327
	3426515328
	3426515329
	3426515330
	3426515331
	3426515332
	3426515333
	3426515334
	3426515335
	3426515336
	3426515337
	3426515338
	3426515339
	3426515340
	3426515341
	3426515342
	3426515343
	3426515344
	3426515345
	3426515346
	3426515347
	3426515348
	3426515349
	3426515350
	3426515351
	3426515352
	3426515353
	3426515354
	3426515355
	3426515356
	3426515357
	3426515358
	3426515359
	3426515360
	3426515361
	3426515362
	3426515363
	3426515364
	3426515365
	3426515366
	3426515367
	3426515368
	3426515369
	3426515370
	3426515371
	3426515372
	3426515373
	3426515374
	3426515375
	3426515376
	3426515377
	3426515378
	3426515379
	3426515380
	3426515381
	3426515382
	3426515383
	3426515384
	3426515385
	3426515386
	3426515387
	3426515388
	3426515389
	3426515390
	3426515391
	3426515392
	3426515393
	3426515394
	3426515395
	3426515396
	3426515397
	3426515398
	3426515399
	3426515400
	3426515401
	3426515402
	3426515403
	3426515404
	3426515405
	3426515406
	3426515407
	3426515408
	3426515409
	3426515410
	3426515411
	3426515412
	3426515413
	3426515414
	3426515415
	3426515416
	3426515417
	3426515418
	3426515419
	3426515420
	3426515421
	3426515422
	3426515423
	3426515424
	3426515425
	3426515426
	3426515427
	3426515428
	3426515429
	3426515430
	3426515431
	3426515432
	3426515433
	3426515434
	3426515435
	3426515436
	3426515437
	3426515438
	3426515439
	3426515440
	3426515441
	3426515442
	3426515443
	3426515444
	3426515445
	3426515446
	3426515447
	3426515448
	3426515449
	3426515450
	3426515451
	3426515452
	3426515453
	3426515454
	3426515455
	3426515456
	3426515457
	3426515458
	3426515459
	3426515460
	3426515461
	3426515462
	3426515463
	3426515464
	3426515465
	3426515466
	3426515467
	3426515468
	3426515469
	3426515470
	3426515471
	3426515472
	3426515473
	3426515474
	3426515475
	3426515476
	3426515477
	3426515478
	3426515479
	3426515480
	3426515481
	3426515482
	3426515483
	3426515484
	3426515485
	3426515486
	3426515487
	3426515488
	3426515489
	3426515490
	3426515491
	3426515492
	3426515493
	3426515494
	3426515495
	3426515496
	3426515497
	3426515498
	3426515499
	3426515500
	3426515501
	3426515502
	3426515503
	3426515504
	3426515505
	3426515506
	3426515507
	3426515508
	3426515509
	3426515510
	3426515511
	3426515512
	3426515513
	3426515514
	3426515515
	3426515516
	3426515517
	3426515518
	3426515519
	3426515520
	3426515521
	3426515522
	3426515523
	3426515524
	3426515525
	3426515526
	3426515527
	3426515528
	3426515529
	3426515530
	3426515531
	3426515532
	3426515533
	3426515534
	3426515535
	3426515536
	3426515537
	3426515538
	3426515539
	3426515540
	3426515541
	3426515542
	3426515543
	3426515544
	3426515545
	3426515546
	3426515547
	3426515548
	3426515549
	3426515550
	3426515551
	3426515552
	3426515553
	3426515554
	3426515555
	3426515556
	3426515557
	3426515558
	3426515559
	3426515560
	3426515561
	3426515562
	3426515563
	3426515564
	3426515565
	3426515566
	3426515567
	3426515568
	3426515569
	3426515570
	3426515571
	3426515572
	3426515573
	3426515574
	3426515575
	3426515576
	3426515577
	3426515578
	3426515579
	3426515580
	3426515581
	3426515582
	3426515583
	3426515584
	3426515585
	3426515586
	3426515587
	3426515588
	3426515589
	3426515590
	3426515591
	3426515592
	3426515593
	3426515594
	3426515595
	3426515596
	3426515597
	3426515598
	3426515599
	3426515600
	3426515601
	3426515602
	3426515603
	3426515604
	3426515605
	3426515606
	3426515607
	3426515608
	3426515609
	3426515610
	3426515611
	3426515612
	3426515613
	3426515614
	3426515615
	3426515616
	3426515617
	3426515618
	3426515619
	3426515620
	3426515621
	3426515622
	3426515623
	3426515624
	3426515625
	3426515626
	3426515627
	3426515628
	3426515629
	3426515630
	3426515631
	3426515632
	3426515633
	3426515634
	3426515635
	3426515636
	3426515637
	3426515638
	3426515639
	3426515640
	3426515641
	3426515642
	3426515643
	3426515644
	3426515645
	3426515646
	3426515647
	3426515648
	3426515649
	3426515650
	3426515651
	3426515652
	3426515653
	3426515654
	3426515655
	3426515656
	3426515657
	3426515658
	3426515659
	3426515660
	3426515661
	3426515662
	3426515663
	3426515664
	3426515665
	3426515666
	3426515667
	3426515668
	3426515669
	3426515670
	3426515671
	3426515672
	3426515673
	3426515674
	3426515675
	3426515676
	3426515677
	3426515678
	3426515679
	3426515680
	3426515681
	3426515682
	3426515683
	3426515684
	3426515685
	3426515686
	3426515687
	3426515688
	3426515689
	3426515690
	3426515691
	3426515692
	3426515693
	3426515694
	3426515695
	3426515696
	3426515697
	3426515698
	3426515699
	3426515700
	3426515701
	3426515702
	3426515703
	3426515704
	3426515705
	3426515706
	3426515707
	3426515708
	3426515709
	3426515710
	3426515711
	3426515712
	3426515713
	3426515714
	3426515715
	3426515716
	3426515717
	3426515718
	3426515719
	3426515720
	3426515721
	3426515722
	3426515723
	3426515724
	3426515725
	3426515726
	3426515727
	3426515728
	3426515729
	3426515730
	3426515731
	3426515732
	3426515733
	3426515734
	3426515735
	3426515736
	3426515737
	3426515738
	3426515739
	3426515740
	3426515741
	3426515742
	3426515743
	3426515744
	3426515745
	3426515746
	3426515747
	3426515748
	3426515749
	3426515750
	3426515751
	3426515752
	3426515753
	3426515754
	3426515755
	3426515756
	3426515757
	3426515758
	3426515759
	3426515760
	3426515761
	3426515762
	3426515763
	3426515764
	3426515765
	3426515766
	3426515767
	3426515768
	3426515769
	3426515770
	3426515771
	3426515772
	3426515773
	3426515774
	3426515775
	3426515776
	3426515777
	3426515778
	3426515779
	3426515780
	3426515781
	3426515782
	3426515783
	3426515784
	3426515785
	3426515786
	3426515787
	3426515788
	3426515789
	3426515790
	3426515791
	3426515792
	3426515793
	3426515794
	3426515795
	3426515796
	3426515797
	3426515798
	3426515799
	3426515800
	3426515801
	3426515802
	3426515803
	3426515804
	3426515805
	3426515806
	3426515807
	3426515808
	3426515809
	3426515810
	3426515811
	3426515812
	3426515813
	3426515814
	3426515815
	3426515816
	3426515817
	3426515818
	3426515819
	3426515820
	3426515821
	3426515822
	3426515823
	3426515824
	3426515825
	3426515826
	3426515827
	3426515828
	3426515829
	3426515830
	3426515831
	3426515832
	3426515833
	3426515834
	3426515835
	3426515836
	3426515837
	3426515838
	3426515839
	3426515840
	3426515841
	3426515842
	3426515843
	3426515844
	3426515845
	3426515846
	3426515847
	3426515848
	3426515849
	3426515850
	3426515851
	3426515852
	3426515853
	3426515854
	3426515855
	3426515856
	3426515857
	3426515858
	3426515859
	3426515860
	3426515861
	3426515862
	3426515863
	3426515864
	3426515865
	3426515866
	3426515867
	3426515868
	3426515869
	3426515870
	3426515871
	3426515872
	3426515873
	3426515874
	3426515875
	3426515876
	3426515877
	3426515878
	3426515879
	3426515880
	3426515881
	3426515882
	3426515883
	3426515884
	3426515885
	3426515886
	3426515887
	3426515888
	3426515889
	3426515890
	3426515891
	3426515892
	3426515893
	3426515894
	3426515895
	3426515896
	3426515897
	3426515898
	3426515899
	3426515900
	3426515901
	3426515902
	3426515903
	3426515904
	3426515905
	3426515906
	3426515907
	3426515908
	3426515909
	3426515910
	3426515911
	3426515912
	3426515913
	3426515914
	3426515915
	3426515916
	3426515917
	3426515918
	3426515919
	3426515920
	3426515921
	3426515922
	3426515923
	3426515924
	3426515925
	3426515926
	3426515927
	3426515928
	3426515929
	3426515930
	3426515931
	3426515932
	3426515933
	3426515934
	3426515935
	3426515936
	3426515937
	3426515938
	3426515939
	3426515940
	3426515941
	3426515942
	3426515943
	3426515944
	3426515945
	3426515946
	3426515947
	3426515948
	3426515949
	3426515950
	3426515951
	3426515952
	3426515953
	3426515954
	3426515955
	3426515956
	3426515957
	3426515958
	3426515959
	3426515960
	3426515961
	3426515962
	3426515963
	3426515964
	3426515965
	3426515966
	3426515967
	3426515968
	3426515969
	3426515970
	3426515971
	3426515972
	3426515973
	3426515974
	3426515975
	3426515976
	3426515977
	3426515978
	3426515979
	3426515980
	3426515981
	3426515982
	3426515983
	3426515984
	3426515985
	3426515986
	3426515987
	3426515988
	3426515989
	3426515990
	3426515991
	3426515992
	3426515993
	3426515994
	3426515995
	3426515996
	3426515997
	3426515998
	3426515999
	3426516000
	3426516001
	3426516002
	3426516003
	3426516004
	3426516005
	3426516006
	3426516007
	3426516008
	3426516009
	3426516010
	3426516011
	3426516012
	3426516013
	3426516014
	3426516015
	3426516016
	3426516017
	3426516018
	3426516019
	3426516020
	3426516021
	3426516022
	3426516023
	3426516024
	3426516025
	3426516026
	3426516027
	3426516028
	3426516029
	3426516030
	3426516031
	3426516032
	3426516033
	3426516034
	3426516035
	3426516036
	3426516037
	3426516038
	3426516039
	3426516040
	3426516041
	3426516042
	3426516043
	3426516044
	3426516045
	3426516046
	3426516047
	3426516048
	3426516049
	3426516050
	3426516051
	3426516052
	3426516053
	3426516054
	3426516055
	3426516056
	3426516057
	3426516058
	3426516059
	3426516060
	3426516061
	3426516062
	3426516063
	3426516064
	3426516065
	3426516066
	3426516067
	3426516068
	3426516069
	3426516070
	3426516071
	3426516072
	3426516073
	3426516074
	3426516075
	3426516076
	3426516077
	3426516078
	3426516079
	3426516080
	3426516081
	3426516082
	3426516083
	3426516084
	3426516085
	3426516086
	3426516087
	3426516088
	3426516089
	3426516090
	3426516091
	3426516092
	3426516093
	3426516094
	3426516095
	3426516096
	3426516097
	3426516098
	3426516099
	3426516100
	3426516101
	3426516102
	3426516103
	3426516104
	3426516105
	3426516106
	3426516107
	3426516108
	3426516109
	3426516110
	3426516111
	3426516112
	3426516113
	3426516114
	3426516115
	3426516116
	3426516117
	3426516118
	3426516119
	3426516120
	3426516121
	3426516122
	3426516123
	3426516124
	3426516125
	3426516126
	3426516127
	3426516128
	3426516129
	3426516130
	3426516131
	3426516132
	3426516133
	3426516134
	3426516135
	3426516136
	3426516137
	3426516138
	3426516139
	3426516140
	3426516141
	3426516142
	3426516143
	3426516144
	3426516145
	3426516146
	3426516147
	3426516148
	3426516149
	3426516150
	3426516151
	3426516152
	3426516153
	3426516154
	3426516155
	3426516156
	3426516157
	3426516158
	3426516159
	3426516160
	3426516161
	3426516162
	3426516163
	3426516164
	3426516165
	3426516166
	3426516167
	3426516168
	3426516169
	3426516170
	3426516171
	3426516172
	3426516173
	3426516174
	3426516175
	3426516176
	3426516177
	3426516178
	3426516179
	3426516180
	3426516181
	3426516182
	3426516183
	3426516184
	3426516185
	3426516186
	3426516187
	3426516188
	3426516189
	3426516190
	3426516191
	3426516192
	3426516193
	3426516194
	3426516195
	3426516196
	3426516197
	3426516198
	3426516199
	3426516200
	3426516201
	3426516202
	3426516203
	3426516204
	3426516205
	3426516206
	3426516207
	3426516208
	3426516209
	3426516210
	3426516211
	3426516212
	3426516213
	3426516214
	3426516215
	3426516216
	3426516217
	3426516218
	3426516219
	3426516220
	3426516221
	3426516222
	3426516223
	3426516224
	3426516225
	3426516226
	3426516227
	3426516228
	3426516229
	3426516230
	3426516231
	3426516232
	3426516233
	3426516234
	3426516235
	3426516236
	3426516237
	3426516238
	3426516239
	3426516240
	3426516241
	3426516242
	3426516243
	3426516244
	3426516245
	3426516246
	3426516247
	3426516248
	3426516249
	3426516250
	3426516251
	3426516252
	3426516253
	3426516254
	3426516255
	3426516256
	3426516257
	3426516258
	3426516259
	3426516260
	3426516261
	3426516262
	3426516263
	3426516264
	3426516265
	3426516266
	3426516267
	3426516268
	3426516269
	3426516270
	3426516271
	3426516272
	3426516273
	3426516274
	3426516275
	3426516276
	3426516277
	3426516278
	3426516279
	3426516280
	3426516281
	3426516282
	3426516283
	3426516284
	3426516285
	3426516286
	3426516287
	3426516288
	3426516289
	3426516290
	3426516291
	3426516292
	3426516293
	3426516294
	3426516295
	3426516296
	3426516297
	3426516298
	3426516299
	3426516300
	3426516301
	3426516302
	3426516303
	3426516304
	3426516305
	3426516306
	3426516307
	3426516308
	3426516309
	3426516310
	3426516311
	3426516312
	3426516313
	3426516314
	3426516315
	3426516316
	3426516317
	3426516318
	3426516319
	3426516320
	3426516321
	3426516322
	3426516323
	3426516324
	3426516325
	3426516326
	3426516327
	3426516328
	3426516329
	3426516330
	3426516331
	3426516332
	3426516333
	3426516334
	3426516335
	3426516336
	3426516337
	3426516338
	3426516339
	3426516340
	3426516341
	3426516342
	3426516343
	3426516344
	3426516345
	3426516346
	3426516347
	3426516348
	3426516349
	3426516350
	3426516351
	3426516352
	3426516353
	3426516354
	3426516355
	3426516356
	3426516357
	3426516358
	3426516359
	3426516360
	3426516361
	3426516362
	3426516363
	3426516364
	3426516365
	3426516366
	3426516367
	3426516368
	3426516369
	3426516370
	3426516371
	3426516372
	3426516373
	3426516374
	3426516375
	3426516376
	3426516377
	3426516378
	3426516379
	3426516380
	3426516381
	3426516382
	3426516383
	3426516384
	3426516385
	3426516386
	3426516387
	3426516388
	3426516389
	3426516390
	3426516391
	3426516392
	3426516393
	3426516394
	3426516395
	3426516396
	3426516397
	3426516398
	3426516399
	3426516400
	3426516401
	3426516402
	3426516403
	3426516404
	3426516405
	3426516406
	3426516407
	3426516408
	3426516409
	3426516410
	3426516411
	3426516412
	3426516413
	3426516414
	3426516415
	3426516416
	3426516417
	3426516418
	3426516419
	3426516420
	3426516421
	3426516422
	3426516423
	3426516424
	3426516425
	3426516426
	3426516427
	3426516428
	3426516429
	3426516430
	3426516431
	3426516432
	3426516433
	3426516434
	3426516435
	3426516436
	3426516437
	3426516438
	3426516439
	3426516440
	3426516441
	3426516442
	3426516443
	3426516444
	3426516445
	3426516446
	3426516447
	3426516448
	3426516449
	3426516450
	3426516451
	3426516452
	3426516453
	3426516454
	3426516455
	3426516456
	3426516457
	3426516458
	3426516459
	3426516460
	3426516461
	3426516462
	3426516463
	3426516464
	3426516465
	3426516466
	3426516467
	3426516468
	3426516469
	3426516470
	3426516471
	3426516472
	3426516473
	3426516474
	3426516475
	3426516476
	3426516477
	3426516478
	3426516479
	3426516480
	3426516481
	3426516482
	3426516483
	3426516484
	3426516485
	3426516486
	3426516487
	3426516488
	3426516489
	3426516490
	3426516491
	3426516492
	3426516493
	3426516494
	3426516495
	3426516496
	3426516497
	3426516498
	3426516499
	3426516500
	3426516501
	3426516502
	3426516503
	3426516504
	3426516505
	3426516506
	3426516507
	3426516508
	3426516509
	3426516510
	3426516511
	3426516512
	3426516513
	3426516514
	3426516515
	3426516516
	3426516517
	3426516518
	3426516519
	3426516520
	3426516521
	3426516522
	3426516523
	3426516524
	3426516525
	3426516526
	3426516527
	3426516528
	3426516529
	3426516530
	3426516531
	3426516532
	3426516533
	3426516534
	3426516535
	3426516536
	3426516537
	3426516538
	3426516539
	3426516540
	3426516541
	3426516542
	3426516543
	3426516544
	3426516545
	3426516546
	3426516547
	3426516548
	3426516549
	3426516550
	3426516551
	3426516552
	3426516553
	3426516554
	3426516555
	3426516556
	3426516557
	3426516558
	3426516559
	3426516560
	3426516561
	3426516562
	3426516563
	3426516564
	3426516565
	3426516566
	3426516567
	3426516568
	3426516569
	3426516570
	3426516571
	3426516572
	3426516573
	3426516574
	3426516575
	3426516576
	3426516577
	3426516578
	3426516579
	3426516580
	3426516581
	3426516582
	3426516583
	3426516584
	3426516585
	3426516586
	3426516587
	3426516588
	3426516589
	3426516590
	3426516591
	3426516592
	3426516593
	3426516594
	3426516595
	3426516596
	3426516597
	3426516598
	3426516599
	3426516600
	3426516601
	3426516602
	3426516603
	3426516604
	3426516605
	3426516606
	3426516607
	3426516608
	3426516609
	3426516610
	3426516611
	3426516612
	3426516613
	3426516614
	3426516615
	3426516616
	3426516617
	3426516618
	3426516619
	3426516620
	3426516621
	3426516622
	3426516623
	3426516624
	3426516625
	3426516626
	3426516627
	3426516628
	3426516629
	3426516630
	3426516631
	3426516632
	3426516633
	3426516634
	3426516635
	3426516636
	3426516637
	3426516638
	3426516639
	3426516640
	3426516641
	3426516642
	3426516643
	3426516644
	3426516645
	3426516646
	3426516647
	3426516648
	3426516649
	3426516650
	3426516651
	3426516652
	3426516653
	3426516654
	3426516655
	3426516656
	3426516657
	3426516658
	3426516659
	3426516660
	3426516661
	3426516662
	3426516663
	3426516664
	3426516665
	3426516666
	3426516667
	3426516668
	3426516669
	3426516670
	3426516671
	3426516672
	3426516673
	3426516674
	3426516675
	3426516676
	3426516677
	3426516678
	3426516679
	3426516680
	3426516681
	3426516682
	3426516683
	3426516684
	3426516685
	3426516686
	3426516687
	3426516688
	3426516689
	3426516690
	3426516691
	3426516692
	3426516693
	3426516694
	3426516695
	3426516696
	3426516697
	3426516698
	3426516699
	3426516700
	3426516701
	3426516702
	3426516703
	3426516704
	3426516705
	3426516706
	3426516707
	3426516708
	3426516709
	3426516710
	3426516711
	3426516712
	3426516713
	3426516714
	3426516715
	3426516716
	3426516717
	3426516718
	3426516719
	3426516720
	3426516721
	3426516722
	3426516723
	3426516724
	3426516725
	3426516726
	3426516727
	3426516728
	3426516729
	3426516730
	3426516731
	3426516732
	3426516733
	3426516734
	3426516735
	3426516736
	3426516737
	3426516738
	3426516739
	3426516740
	3426516741
	3426516742
	3426516743
	3426516744
	3426516745
	3426516746
	3426516747
	3426516748
	3426516749
	3426516750
	3426516751
	3426516752
	3426516753
	3426516754
	3426516755
	3426516756
	3426516757
	3426516758
	3426516759
	3426516760
	3426516761
	3426516762
	3426516763
	3426516764
	3426516765
	3426516766
	3426516767
	3426516768
	3426516769
	3426516770
	3426516771
	3426516772
	3426516773
	3426516774
	3426516775
	3426516776
	3426516777
	3426516778
	3426516779
	3426516780
	3426516781
	3426516782
	3426516783
	3426516784
	3426516785
	3426516786
	3426516787
	3426516788
	3426516789
	3426516790
	3426516791
	3426516792
	3426516793
	3426516794
	3426516795
	3426516796
	3426516797
	3426516798
	3426516799
	3426516800
	3426516801
	3426516802
	3426516803
	3426516804
	3426516805
	3426516806
	3426516807
	3426516808
	3426516809
	3426516810
	3426516811
	3426516812
	3426516813
	3426516814
	3426516815
	3426516816
	3426516817
	3426516818
	3426516819
	3426516820
	3426516821
	3426516822
	3426516823
	3426516824
	3426516825
	3426516826
	3426516827
	3426516828
	3426516829
	3426516830
	3426516831
	3426516832
	3426516833
	3426516834
	3426516835
	3426516836
	3426516837
	3426516838
	3426516839
	3426516840
	3426516841
	3426516842
	3426516843
	3426516844
	3426516845
	3426516846
	3426516847
	3426516848
	3426516849
	3426516850
	3426516851
	3426516852
	3426516853
	3426516854
	3426516855
	3426516856
	3426516857
	3426516858
	3426516859
	3426516860
	3426516861
	3426516862
	3426516863
	3426516864
	3426516865
	3426516866
	3426516867
	3426516868
	3426516869
	3426516870
	3426516871
	3426516872
	3426516873
	3426516874
	3426516875
	3426516876
	3426516877
	3426516878
	3426516879
	3426516880
	3426516881
	3426516882
	3426516883
	3426516884
	3426516885
	3426516886
	3426516887
	3426516888
	3426516889
	3426516890
	3426516891
	3426516892
	3426516893
	3426516894
	3426516895
	3426516896
	3426516897
	3426516898
	3426516899
	3426516900
	3426516901
	3426516902
	3426516903
	3426516904
	3426516905
	3426516906
	3426516907
	3426516908
	3426516909
	3426516910
	3426516911
	3426516912
	3426516913
	3426516914
	3426516915
	3426516916
	3426516917
	3426516918
	3426516919
	3426516920
	3426516921
	3426516922
	3426516923
	3426516924
	3426516925
	3426516926
	3426516927
	3426516928
	3426516929
	3426516930
	3426516931
	3426516932
	3426516933
	3426516934
	3426516935
	3426516936
	3426516937
	3426516938
	3426516939
	3426516940
	3426516941
	3426516942
	3426516943
	3426516944
	3426516945
	3426516946
	3426516947
	3426516948
	3426516949
	3426516950
	3426516951
	3426516952
	3426516953
	3426516954
	3426516955
	3426516956
	3426516957
	3426516958
	3426516959
	3426516960
	3426516961
	3426516962
	3426516963
	3426516964
	3426516965
	3426516966
	3426516967
	3426516968
	3426516969
	3426516970
	3426516971
	3426516972
	3426516973
	3426516974
	3426516975
	3426516976
	3426516977
	3426516978
	3426516979
	3426516980
	3426516981
	3426516982
	3426516983
	3426516984
	3426516985
	3426516986
	3426516987
	3426516988
	3426516989
	3426516990
	3426516991
	3426516992
	3426516993
	3426516994
	3426516995
	3426516996
	3426516997
	3426516998
	3426516999
	3426517000
	3426517001
	3426517002
	3426517003
	3426517004
	3426517005
	3426517006
	3426517007
	3426517008
	3426517009
	3426517010
	3426517011
	3426517012
	3426517013
	3426517014
	3426517015
	3426517016
	3426517017
	3426517018
	3426517019
	3426517020
	3426517021
	3426517022
	3426517023
	3426517024
	3426517025
	3426517026
	3426517027
	3426517028
	3426517029
	3426517030
	3426517031
	3426517032
	3426517033
	3426517034
	3426517035
	3426517036
	3426517037
	3426517038
	3426517039
	3426517040
	3426517041
	3426517042
	3426517043
	3426517044
	3426517045
	3426517046
	3426517047
	3426517048
	3426517049
	3426517050
	3426517051
	3426517052
	3426517053
	3426517054
	3426517055
	3426517056
	3426517057
	3426517058
	3426517059
	3426517060
	3426517061
	3426517062
	3426517063
	3426517064
	3426517065
	3426517066
	3426517067
	3426517068
	3426517069
	3426517070
	3426517071
	3426517072
	3426517073
	3426517074
	3426517075
	3426517076
	3426517077
	3426517078
	3426517079
	3426517080
	3426517081
	3426517082
	3426517083
	3426517084
	3426517085
	3426517086
	3426517087
	3426517088
	3426517089
	3426517090
	3426517091
	3426517092
	3426517093
	3426517094
	3426517095
	3426517096
	3426517097
	3426517098
	3426517099
	3426517100
	3426517101
	3426517102
	3426517103
	3426517104
	3426517105
	3426517106
	3426517107
	3426517108
	3426517109
	3426517110
	3426517111
	3426517112
	3426517113
	3426517114
	3426517115
	3426517116
	3426517117
	3426517118
	3426517119
	3426517120
	3426517121
	3426517122
	3426517123
	3426517124
	3426517125
	3426517126
	3426517127
	3426517128
	3426517129
	3426517130
	3426517131
	3426517132
	3426517133
	3426517134
	3426517135
	3426517136
	3426517137
	3426517138
	3426517139
	3426517140
	3426517141
	3426517142
	3426517143
	3426517144
	3426517145
	3426517146
	3426517147
	3426517148
	3426517149
	3426517150
	3426517151
	3426517152
	3426517153
	3426517154
	3426517155
	3426517156
	3426517157
	3426517158
	3426517159
	3426517160
	3426517161
	3426517162
	3426517163
	3426517164
	3426517165
	3426517166
	3426517167
	3426517168
	3426517169
	3426517170
	3426517171
	3426517172
	3426517173
	3426517174
	3426517175
	3426517176
	3426517177
	3426517178
	3426517179
	3426517180
	3426517181
	3426517182
	3426517183
	3426517184
	3426517185
	3426517186
	3426517187
	3426517188
	3426517189
	3426517190
	3426517191
	3426517192
	3426517193
	3426517194
	3426517195
	3426517196
	3426517197
	3426517198
	3426517199
	3426517200
	3426517201
	3426517202
	3426517203
	3426517204
	3426517205
	3426517206
	3426517207
	3426517208
	3426517209
	3426517210
	3426517211
	3426517212
	3426517213
	3426517214
	3426517215
	3426517216
	3426517217
	3426517218
	3426517219
	3426517220
	3426517221
	3426517222
	3426517223
	3426517224
	3426517225
	3426517226
	3426517227
	3426517228
	3426517229
	3426517230
	3426517231
	3426517232
	3426517233
	3426517234
	3426517235
	3426517236
	3426517237
	3426517238
	3426517239
	3426517240
	3426517241
	3426517242
	3426517243
	3426517244
	3426517245
	3426517246
	3426517247
	3426517248
	3426517249
	3426517250
	3426517251
	3426517252
	3426517253
	3426517254
	3426517255
	3426517256
	3426517257
	3426517258
	3426517259
	3426517260
	3426517261
	3426517262
	3426517263
	3426517264
	3426517265
	3426517266
	3426517267
	3426517268
	3426517269
	3426517270
	3426517271
	3426517272
	3426517273
	3426517274
	3426517275
	3426517276
	3426517277
	3426517278
	3426517279
	3426517280
	3426517281
	3426517282
	3426517283
	3426517284
	3426517285
	3426517286
	3426517287
	3426517288
	3426517289
	3426517290
	3426517291
	3426517292
	3426517293
	3426517294
	3426517295
	3426517296
	3426517297
	3426517298
	3426517299
	3426517300
	3426517301
	3426517302
	3426517303
	3426517304
	3426517305
	3426517306
	3426517307
	3426517308
	3426517309
	3426517310
	3426517311
	3426517312
	3426517313
	3426517314
	3426517315
	3426517316
	3426517317
	3426517318
	3426517319
	3426517320
	3426517321
	3426517322
	3426517323
	3426517324
	3426517325
	3426517326
	3426517327
	3426517328
	3426517329
	3426517330
	3426517331
	3426517332
	3426517333
	3426517334
	3426517335
	3426517336
	3426517337
	3426517338
	3426517339
	3426517340
	3426517341
	3426517342
	3426517343
	3426517344
	3426517345
	3426517346
	3426517347
	3426517348
	3426517349
	3426517350
	3426517351
	3426517352
	3426517353
	3426517354
	3426517355
	3426517356
	3426517357
	3426517358
	3426517359
	3426517360
	3426517361
	3426517362
	3426517363
	3426517364
	3426517365
	3426517366
	3426517367
	3426517368
	3426517369
	3426517370
	3426517371
	3426517372
	3426517373
	3426517374
	3426517375
	3426517376
	3426517377
	3426517378
	3426517379
	3426517380
	3426517381
	3426517382
	3426517383
	3426517384
	3426517385
	3426517386
	3426517387
	3426517388
	3426517389
	3426517390
	3426517391
	3426517392
	3426517393
	3426517394
	3426517395
	3426517396
	3426517397
	3426517398
	3426517399
	3426517400
	3426517401
	3426517402
	3426517403
	3426517404
	3426517405
	3426517406
	3426517407
	3426517408
	3426517409
	3426517410
	3426517411
	3426517412
	3426517413
	3426517414
	3426517415
	3426517416
	3426517417
	3426517418
	3426517419
	3426517420
	3426517421
	3426517422
	3426517423
	3426517424
	3426517425
	3426517426
	3426517427
	3426517428
	3426517429
	3426517430
	3426517431
	3426517432
	3426517433
	3426517434
	3426517435
	3426517436
	3426517437
	3426517438
	3426517439
	3426517440
	3426517441
	3426517442
	3426517443
	3426517444
	3426517445
	3426517446
	3426517447
	3426517448
	3426517449
	3426517450
	3426517451
	3426517452
	3426517453
	3426517454
	3426517455
	3426517456
	3426517457
	3426517458
	3426517459
	3426517460
	3426517461
	3426517462
	3426517463
	3426517464
	3426517465
	3426517466
	3426517467
	3426517468
	3426517469
	3426517470
	3426517471
	3426517472
	3426517473
	3426517474
	3426517475
	3426517476
	3426517477
	3426517478
	3426517479
	3426517480
	3426517481
	3426517482
	3426517483
	3426517484
	3426517485
	3426517486
	3426517487
	3426517488
	3426517489
	3426517490
	3426517491
	3426517492
	3426517493
	3426517494
	3426517495
	3426517496
	3426517497
	3426517498
	3426517499
	3426517500
	3426517501
	3426517502
	3426517503
	3426517504
	3426517505
	3426517506
	3426517507
	3426517508
	3426517509
	3426517510
	3426517511
	3426517512
	3426517513
	3426517514
	3426517515
	3426517516
	3426517517
	3426517518
	3426517519
	3426517520
	3426517521
	3426517522
	3426517523
	3426517524
	3426517525
	3426517526
	3426517527
	3426517528
	3426517529
	3426517530
	3426517531
	3426517532
	3426517533
	3426517534
	3426517535
	3426517536
	3426517537
	3426517538
	3426517539
	3426517540
	3426517541
	3426517542
	3426517543
	3426517544
	3426517545
	3426517546
	3426517547
	3426517548
	3426517549
	3426517550
	3426517551
	3426517552
	3426517553
	3426517554
	3426517555
	3426517556
	3426517557
	3426517558
	3426517559
	3426517560
	3426517561
	3426517562
	3426517563
	3426517564
	3426517565
	3426517566
	3426517567
	3426517568
	3426517569
	3426517570
	3426517571
	3426517572
	3426517573
	3426517574
	3426517575
	3426517576
	3426517577
	3426517578
	3426517579
	3426517580
	3426517581
	3426517582
	3426517583
	3426517584
	3426517585
	3426517586
	3426517587
	3426517588
	3426517589
	3426517590
	3426517591
	3426517592
	3426517593
	3426517594
	3426517595
	3426517596
	3426517597
	3426517598
	3426517599
	3426517600
	3426517601
	3426517602
	3426517603
	3426517604
	3426517605
	3426517606
	3426517607
	3426517608
	3426517609
	3426517610
	3426517611
	3426517612
	3426517613
	3426517614
	3426517615
	3426517616
	3426517617
	3426517618
	3426517619
	3426517620
	3426517621
	3426517622
	3426517623
	3426517624
	3426517625
	3426517626
	3426517627
	3426517628
	3426517629
	3426517630
	3426517631
	3426517632
	3426517633
	3426517634
	3426517635
	3426517636
	3426517637
	3426517638
	3426517639
	3426517640
	3426517641
	3426517642
	3426517643
	3426517644
	3426517645
	3426517646
	3426517647
	3426517648
	3426517649
	3426517650
	3426517651
	3426517652
	3426517653
	3426517654
	3426517655
	3426517656
	3426517657
	3426517658
	3426517659
	3426517660
	3426517661
	3426517662
	3426517663
	3426517664
	3426517665
	3426517666
	3426517667
	3426517668
	3426517669
	3426517670
	3426517671
	3426517672
	3426517673
	3426517674
	3426517675
	3426517676
	3426517677
	3426517678
	3426517679
	3426517680
	3426517681
	3426517682
	3426517683
	3426517684
	3426517685
	3426517686
	3426517687
	3426517688
	3426517689
	3426517690
	3426517691
	3426517692
	3426517693
	3426517694
	3426517695
	3426517696
	3426517697
	3426517698
	3426517699
	3426517700
	3426517701
	3426517702
	3426517703
	3426517704
	3426517705
	3426517706
	3426517707
	3426517708
	3426517709
	3426517710
	3426517711
	3426517712
	3426517713
	3426517714
	3426517715
	3426517716
	3426517717
	3426517718
	3426517719
	3426517720
	3426517721
	3426517722
	3426517723
	3426517724
	3426517725
	3426517726
	3426517727
	3426517728
	3426517729
	3426517730
	3426517731
	3426517732
	3426517733
	3426517734
	3426517735
	3426517736
	3426517737
	3426517738
	3426517739
	3426517740
	3426517741
	3426517742
	3426517743
	3426517744
	3426517745
	3426517746
	3426517747
	3426517748
	3426517749
	3426517750
	3426517751
	3426517752
	3426517753
	3426517754
	3426517755
	3426517756
	3426517757
	3426517758
	3426517759
	3426517760
	3426517761
	3426517762
	3426517763
	3426517764
	3426517765
	3426517766
	3426517767
	3426517768
	3426517769
	3426517770
	3426517771
	3426517772
	3426517773
	3426517774
	3426517775
	3426517776
	3426517777
	3426517778
	3426517779
	3426517780
	3426517781
	3426517782
	3426517783
	3426517784
	3426517785
	3426517786
	3426517787
	3426517788
	3426517789
	3426517790
	3426517791
	3426517792
	3426517793
	3426517794
	3426517795
	3426517796
	3426517797
	3426517798
	3426517799
	3426517800
	3426517801
	3426517802
	3426517803
	3426517804
	3426517805
	3426517806
	3426517807
	3426517808
	3426517809
	3426517810
	3426517811
	3426517812
	3426517813
	3426517814
	3426517815
	3426517816
	3426517817
	3426517818
	3426517819
	3426517820
	3426517821
	3426517822
	3426517823
	3426517824
	3426517825
	3426517826
	3426517827
	3426517828
	3426517829
	3426517830
	3426517831
	3426517832
	3426517833
	3426517834
	3426517835
	3426517836
	3426517837
	3426517838
	3426517839
	3426517840
	3426517841
	3426517842
	3426517843
	3426517844
	3426517845
	3426517846
	3426517847
	3426517848
	3426517849
	3426517850
	3426517851
	3426517852
	3426517853
	3426517854
	3426517855
	3426517856
	3426517857
	3426517858
	3426517859
	3426517860
