	3426706779
	3426706780
	3426706781
	3426706782
	3426706783
	3426706784
	3426706785
	3426706786
	3426706787
	3426706788
	3426706789
	3426706790
	3426706791
	3426706792
	3426706793
	3426706794
	3426706795
	3426706796
	3426706797
	3426706798
	3426706799
	3426706800
	3426706801
	3426706802
	3426706803
	3426706804
	3426706805
	3426706806
	3426706807
	3426706808
	3426706809
	3426706810
	3426706811
	3426706812
	3426706813
	3426706814
	3426706815
	3426706816
	3426706817
	3426706818
	3426706819
	3426706820
	3426706821
	3426706822
	3426706823
	3426706824
	3426706825
	3426706826
	3426706827
	3426706828
	3426706829
	3426706830
	3426706831
	3426706832
	3426706833
	3426706834
	3426706835
	3426706836
	3426706837
	3426706838
	3426706839
	3426706840
	3426706841
	3426706842
	3426706843
	3426706844
	3426706845
	3426706846
	3426706847
	3426706848
	3426706849
	3426706850
	3426706851
	3426706852
	3426706853
	3426706854
	3426706855
	3426706856
	3426706857
	3426706858
	3426706859
	3426706860
	3426706861
	3426706862
	3426706863
	3426706864
	3426706865
	3426706866
	3426706867
	3426706868
	3426706869
	3426706870
	3426706871
	3426706872
	3426706873
	3426706874
	3426706875
	3426706876
	3426706877
	3426706878
	3426706879
	3426706880
	3426706881
	3426706882
	3426706883
	3426706884
	3426706885
	3426706886
	3426706887
	3426706888
	3426706889
	3426706890
	3426706891
	3426706892
	3426706893
	3426706894
	3426706895
	3426706896
	3426706897
	3426706898
	3426706899
	3426706900
	3426706901
	3426706902
	3426706903
	3426706904
	3426706905
	3426706906
	3426706907
	3426706908
	3426706909
	3426706910
	3426706911
	3426706912
	3426706913
	3426706914
	3426706915
	3426706916
	3426706917
	3426706918
	3426706919
	3426706920
	3426706921
	3426706922
	3426706923
	3426706924
	3426706925
	3426706926
	3426706927
	3426706928
	3426706929
	3426706930
	3426706931
	3426706932
	3426706933
	3426706934
	3426706935
	3426706936
	3426706937
	3426706938
	3426706939
	3426706940
	3426706941
	3426706942
	3426706943
	3426706944
	3426706945
	3426706946
	3426706947
	3426706948
	3426706949
	3426706950
	3426706951
	3426706952
	3426706953
	3426706954
	3426706955
	3426706956
	3426706957
	3426706958
	3426706959
	3426706960
	3426706961
	3426706962
	3426706963
	3426706964
	3426706965
	3426706966
	3426706967
	3426706968
	3426706969
	3426706970
	3426706971
	3426706972
	3426706973
	3426706974
	3426706975
	3426706976
	3426706977
	3426706978
	3426706979
	3426706980
	3426706981
	3426706982
	3426706983
	3426706984
	3426706985
	3426706986
	3426706987
	3426706988
	3426706989
	3426706990
	3426706991
	3426706992
	3426706993
	3426706994
	3426706995
	3426706996
	3426706997
	3426706998
	3426706999
	3426707000
	3426707001
	3426707002
	3426707003
	3426707004
	3426707005
	3426707006
	3426707007
	3426707008
	3426707009
	3426707010
	3426707011
	3426707012
	3426707013
	3426707014
	3426707015
	3426707016
	3426707017
	3426707018
	3426707019
	3426707020
	3426707021
	3426707022
	3426707023
	3426707024
	3426707025
	3426707026
	3426707027
	3426707028
	3426707029
	3426707030
	3426707031
	3426707032
	3426707033
	3426707034
	3426707035
	3426707036
	3426707037
	3426707038
	3426707039
	3426707040
	3426707041
	3426707042
	3426707043
	3426707044
	3426707045
	3426707046
	3426707047
	3426707048
	3426707049
	3426707050
	3426707051
	3426707052
	3426707053
	3426707054
	3426707055
	3426707056
	3426707057
	3426707058
	3426707059
	3426707060
	3426707061
	3426707062
	3426707063
	3426707064
	3426707065
	3426707066
	3426707067
	3426707068
	3426707069
	3426707070
	3426707071
	3426707072
	3426707073
	3426707074
	3426707075
	3426707076
	3426707077
	3426707078
	3426707079
	3426707080
	3426707081
	3426707082
	3426707083
	3426707084
	3426707085
	3426707086
	3426707087
	3426707088
	3426707089
	3426707090
	3426707091
	3426707092
	3426707093
	3426707094
	3426707095
	3426707096
	3426707097
	3426707098
	3426707099
	3426707100
	3426707101
	3426707102
	3426707103
	3426707104
	3426707105
	3426707106
	3426707107
	3426707108
	3426707109
	3426707110
	3426707111
	3426707112
	3426707113
	3426707114
	3426707115
	3426707116
	3426707117
	3426707118
	3426707119
	3426707120
	3426707121
	3426707122
	3426707123
	3426707124
	3426707125
	3426707126
	3426707127
	3426707128
	3426707129
	3426707130
	3426707131
	3426707132
	3426707133
	3426707134
	3426707135
	3426707136
	3426707137
	3426707138
	3426707139
	3426707140
	3426707141
	3426707142
	3426707143
	3426707144
	3426707145
	3426707146
	3426707147
	3426707148
	3426707149
	3426707150
	3426707151
	3426707152
	3426707153
	3426707154
	3426707155
	3426707156
	3426707157
	3426707158
	3426707159
	3426707160
	3426707161
	3426707162
	3426707163
	3426707164
	3426707165
	3426707166
	3426707167
	3426707168
	3426707169
	3426707170
	3426707171
	3426707172
	3426707173
	3426707174
	3426707175
	3426707176
	3426707177
	3426707178
	3426707179
	3426707180
	3426707181
	3426707182
	3426707183
	3426707184
	3426707185
	3426707186
	3426707187
	3426707188
	3426707189
	3426707190
	3426707191
	3426707192
	3426707193
	3426707194
	3426707195
	3426707196
	3426707197
	3426707198
	3426707199
	3426707200
	3426707201
	3426707202
	3426707203
	3426707204
	3426707205
	3426707206
	3426707207
	3426707208
	3426707209
	3426707210
	3426707211
	3426707212
	3426707213
	3426707214
	3426707215
	3426707216
	3426707217
	3426707218
	3426707219
	3426707220
	3426707221
	3426707222
	3426707223
	3426707224
	3426707225
	3426707226
	3426707227
	3426707228
	3426707229
	3426707230
	3426707231
	3426707232
	3426707233
	3426707234
	3426707235
	3426707236
	3426707237
	3426707238
	3426707239
	3426707240
	3426707241
	3426707242
	3426707243
	3426707244
	3426707245
	3426707246
	3426707247
	3426707248
	3426707249
	3426707250
	3426707251
	3426707252
	3426707253
	3426707254
	3426707255
	3426707256
	3426707257
	3426707258
	3426707259
	3426707260
	3426707261
	3426707262
	3426707263
	3426707264
	3426707265
	3426707266
	3426707267
	3426707268
	3426707269
	3426707270
	3426707271
	3426707272
	3426707273
	3426707274
	3426707275
	3426707276
	3426707277
	3426707278
	3426707279
	3426707280
	3426707281
	3426707282
	3426707283
	3426707284
	3426707285
	3426707286
	3426707287
	3426707288
	3426707289
	3426707290
	3426707291
	3426707292
	3426707293
	3426707294
	3426707295
	3426707296
	3426707297
	3426707298
	3426707299
	3426707300
	3426707301
	3426707302
	3426707303
	3426707304
	3426707305
	3426707306
	3426707307
	3426707308
	3426707309
	3426707310
	3426707311
	3426707312
	3426707313
	3426707314
	3426707315
	3426707316
	3426707317
	3426707318
	3426707319
	3426707320
	3426707321
	3426707322
	3426707323
	3426707324
	3426707325
	3426707326
	3426707327
	3426707328
	3426707329
	3426707330
	3426707331
	3426707332
	3426707333
	3426707334
	3426707335
	3426707336
	3426707337
	3426707338
	3426707339
	3426707340
	3426707341
	3426707342
	3426707343
	3426707344
	3426707345
	3426707346
	3426707347
	3426707348
	3426707349
	3426707350
	3426707351
	3426707352
	3426707353
	3426707354
	3426707355
	3426707356
	3426707357
	3426707358
	3426707359
	3426707360
	3426707361
	3426707362
	3426707363
	3426707364
	3426707365
	3426707366
	3426707367
	3426707368
	3426707369
	3426707370
	3426707371
	3426707372
	3426707373
	3426707374
	3426707375
	3426707376
	3426707377
	3426707378
	3426707379
	3426707380
	3426707381
	3426707382
	3426707383
	3426707384
	3426707385
	3426707386
	3426707387
	3426707388
	3426707389
	3426707390
	3426707391
	3426707392
	3426707393
	3426707394
	3426707395
	3426707396
	3426707397
	3426707398
	3426707399
	3426707400
	3426707401
	3426707402
	3426707403
	3426707404
	3426707405
	3426707406
	3426707407
	3426707408
	3426707409
	3426707410
	3426707411
	3426707412
	3426707413
	3426707414
	3426707415
	3426707416
	3426707417
	3426707418
	3426707419
	3426707420
	3426707421
	3426707422
	3426707423
	3426707424
	3426707425
	3426707426
	3426707427
	3426707428
	3426707429
	3426707430
	3426707431
	3426707432
	3426707433
	3426707434
	3426707435
	3426707436
	3426707437
	3426707438
	3426707439
	3426707440
	3426707441
	3426707442
	3426707443
	3426707444
	3426707445
	3426707446
	3426707447
	3426707448
	3426707449
	3426707450
	3426707451
	3426707452
	3426707453
	3426707454
	3426707455
	3426707456
	3426707457
	3426707458
	3426707459
	3426707460
	3426707461
	3426707462
	3426707463
	3426707464
	3426707465
	3426707466
	3426707467
	3426707468
	3426707469
	3426707470
	3426707471
	3426707472
	3426707473
	3426707474
	3426707475
	3426707476
	3426707477
	3426707478
	3426707479
	3426707480
	3426707481
	3426707482
	3426707483
	3426707484
	3426707485
	3426707486
	3426707487
	3426707488
	3426707489
	3426707490
	3426707491
	3426707492
	3426707493
	3426707494
	3426707495
	3426707496
	3426707497
	3426707498
	3426707499
	3426707500
	3426707501
	3426707502
	3426707503
	3426707504
	3426707505
	3426707506
	3426707507
	3426707508
	3426707509
	3426707510
	3426707511
	3426707512
	3426707513
	3426707514
	3426707515
	3426707516
	3426707517
	3426707518
	3426707519
	3426707520
	3426707521
	3426707522
	3426707523
	3426707524
	3426707525
	3426707526
	3426707527
	3426707528
	3426707529
	3426707530
	3426707531
	3426707532
	3426707533
	3426707534
	3426707535
	3426707536
	3426707537
	3426707538
	3426707539
	3426707540
	3426707541
	3426707542
	3426707543
	3426707544
	3426707545
	3426707546
	3426707547
	3426707548
	3426707549
	3426707550
	3426707551
	3426707552
	3426707553
	3426707554
	3426707555
	3426707556
	3426707557
	3426707558
	3426707559
	3426707560
	3426707561
	3426707562
	3426707563
	3426707564
	3426707565
	3426707566
	3426707567
	3426707568
	3426707569
	3426707570
	3426707571
	3426707572
	3426707573
	3426707574
	3426707575
	3426707576
	3426707577
	3426707578
	3426707579
	3426707580
	3426707581
	3426707582
	3426707583
	3426707584
	3426707585
	3426707586
	3426707587
	3426707588
	3426707589
	3426707590
	3426707591
	3426707592
	3426707593
	3426707594
	3426707595
	3426707596
	3426707597
	3426707598
	3426707599
	3426707600
	3426707601
	3426707602
	3426707603
	3426707604
	3426707605
	3426707606
	3426707607
	3426707608
	3426707609
	3426707610
	3426707611
	3426707612
	3426707613
	3426707614
	3426707615
	3426707616
	3426707617
	3426707618
	3426707619
	3426707620
	3426707621
	3426707622
	3426707623
	3426707624
	3426707625
	3426707626
	3426707627
	3426707628
	3426707629
	3426707630
	3426707631
	3426707632
	3426707633
	3426707634
	3426707635
	3426707636
	3426707637
	3426707638
	3426707639
	3426707640
	3426707641
	3426707642
	3426707643
	3426707644
	3426707645
	3426707646
	3426707647
	3426707648
	3426707649
	3426707650
	3426707651
	3426707652
	3426707653
	3426707654
	3426707655
	3426707656
	3426707657
	3426707658
	3426707659
	3426707660
	3426707661
	3426707662
	3426707663
	3426707664
	3426707665
	3426707666
	3426707667
	3426707668
	3426707669
	3426707670
	3426707671
	3426707672
	3426707673
	3426707674
	3426707675
	3426707676
	3426707677
	3426707678
	3426707679
	3426707680
	3426707681
	3426707682
	3426707683
	3426707684
	3426707685
	3426707686
	3426707687
	3426707688
	3426707689
	3426707690
	3426707691
	3426707692
	3426707693
	3426707694
	3426707695
	3426707696
	3426707697
	3426707698
	3426707699
	3426707700
	3426707701
	3426707702
	3426707703
	3426707704
	3426707705
	3426707706
	3426707707
	3426707708
	3426707709
	3426707710
	3426707711
	3426707712
	3426707713
	3426707714
	3426707715
	3426707716
	3426707717
	3426707718
	3426707719
	3426707720
	3426707721
	3426707722
	3426707723
	3426707724
	3426707725
	3426707726
	3426707727
	3426707728
	3426707729
	3426707730
	3426707731
	3426707732
	3426707733
	3426707734
	3426707735
	3426707736
	3426707737
	3426707738
	3426707739
	3426707740
	3426707741
	3426707742
	3426707743
	3426707744
	3426707745
	3426707746
	3426707747
	3426707748
	3426707749
	3426707750
	3426707751
	3426707752
	3426707753
	3426707754
	3426707755
	3426707756
	3426707757
	3426707758
	3426707759
	3426707760
	3426707761
	3426707762
	3426707763
	3426707764
	3426707765
	3426707766
	3426707767
	3426707768
	3426707769
	3426707770
	3426707771
	3426707772
	3426707773
	3426707774
	3426707775
	3426707776
	3426707777
	3426707778
	3426707779
	3426707780
	3426707781
	3426707782
	3426707783
	3426707784
	3426707785
	3426707786
	3426707787
	3426707788
	3426707789
	3426707790
	3426707791
	3426707792
	3426707793
	3426707794
	3426707795
	3426707796
	3426707797
	3426707798
	3426707799
	3426707800
	3426707801
	3426707802
	3426707803
	3426707804
	3426707805
	3426707806
	3426707807
	3426707808
	3426707809
	3426707810
	3426707811
	3426707812
	3426707813
	3426707814
	3426707815
	3426707816
	3426707817
	3426707818
	3426707819
	3426707820
	3426707821
	3426707822
	3426707823
	3426707824
	3426707825
	3426707826
	3426707827
	3426707828
	3426707829
	3426707830
	3426707831
	3426707832
	3426707833
	3426707834
	3426707835
	3426707836
	3426707837
	3426707838
	3426707839
	3426707840
	3426707841
	3426707842
	3426707843
	3426707844
	3426707845
	3426707846
	3426707847
	3426707848
	3426707849
	3426707850
	3426707851
	3426707852
	3426707853
	3426707854
	3426707855
	3426707856
	3426707857
	3426707858
	3426707859
	3426707860
	3426707861
	3426707862
	3426707863
	3426707864
	3426707865
	3426707866
	3426707867
	3426707868
	3426707869
	3426707870
	3426707871
	3426707872
	3426707873
	3426707874
	3426707875
	3426707876
	3426707877
	3426707878
	3426707879
	3426707880
	3426707881
	3426707882
	3426707883
	3426707884
	3426707885
	3426707886
	3426707887
	3426707888
	3426707889
	3426707890
	3426707891
	3426707892
	3426707893
	3426707894
	3426707895
	3426707896
	3426707897
	3426707898
	3426707899
	3426707900
	3426707901
	3426707902
	3426707903
	3426707904
	3426707905
	3426707906
	3426707907
	3426707908
	3426707909
	3426707910
	3426707911
	3426707912
	3426707913
	3426707914
	3426707915
	3426707916
	3426707917
	3426707918
	3426707919
	3426707920
	3426707921
	3426707922
	3426707923
	3426707924
	3426707925
	3426707926
	3426707927
	3426707928
	3426707929
	3426707930
	3426707931
	3426707932
	3426707933
	3426707934
	3426707935
	3426707936
	3426707937
	3426707938
	3426707939
	3426707940
	3426707941
	3426707942
	3426707943
	3426707944
	3426707945
	3426707946
	3426707947
	3426707948
	3426707949
	3426707950
	3426707951
	3426707952
	3426707953
	3426707954
	3426707955
	3426707956
	3426707957
	3426707958
	3426707959
	3426707960
	3426707961
	3426707962
	3426707963
	3426707964
	3426707965
	3426707966
	3426707967
	3426707968
	3426707969
	3426707970
	3426707971
	3426707972
	3426707973
	3426707974
	3426707975
	3426707976
	3426707977
	3426707978
	3426707979
	3426707980
	3426707981
	3426707982
	3426707983
	3426707984
	3426707985
	3426707986
	3426707987
	3426707988
	3426707989
	3426707990
	3426707991
	3426707992
	3426707993
	3426707994
	3426707995
	3426707996
	3426707997
	3426707998
	3426707999
	3426708000
	3426708001
	3426708002
	3426708003
	3426708004
	3426708005
	3426708006
	3426708007
	3426708008
	3426708009
	3426708010
	3426708011
	3426708012
	3426708013
	3426708014
	3426708015
	3426708016
	3426708017
	3426708018
	3426708019
	3426708020
	3426708021
	3426708022
	3426708023
	3426708024
	3426708025
	3426708026
	3426708027
	3426708028
	3426708029
	3426708030
	3426708031
	3426708032
	3426708033
	3426708034
	3426708035
	3426708036
	3426708037
	3426708038
	3426708039
	3426708040
	3426708041
	3426708042
	3426708043
	3426708044
	3426708045
	3426708046
	3426708047
	3426708048
	3426708049
	3426708050
	3426708051
	3426708052
	3426708053
	3426708054
	3426708055
	3426708056
	3426708057
	3426708058
	3426708059
	3426708060
	3426708061
	3426708062
	3426708063
	3426708064
	3426708065
	3426708066
	3426708067
	3426708068
	3426708069
	3426708070
	3426708071
	3426708072
	3426708073
	3426708074
	3426708075
	3426708076
	3426708077
	3426708078
	3426708079
	3426708080
	3426708081
	3426708082
	3426708083
	3426708084
	3426708085
	3426708086
	3426708087
	3426708088
	3426708089
	3426708090
	3426708091
	3426708092
	3426708093
	3426708094
	3426708095
	3426708096
	3426708097
	3426708098
	3426708099
	3426708100
	3426708101
	3426708102
	3426708103
	3426708104
	3426708105
	3426708106
	3426708107
	3426708108
	3426708109
	3426708110
	3426708111
	3426708112
	3426708113
	3426708114
	3426708115
	3426708116
	3426708117
	3426708118
	3426708119
	3426708120
	3426708121
	3426708122
	3426708123
	3426708124
	3426708125
	3426708126
	3426708127
	3426708128
	3426708129
	3426708130
	3426708131
	3426708132
	3426708133
	3426708134
	3426708135
	3426708136
	3426708137
	3426708138
	3426708139
	3426708140
	3426708141
	3426708142
	3426708143
	3426708144
	3426708145
	3426708146
	3426708147
	3426708148
	3426708149
	3426708150
	3426708151
	3426708152
	3426708153
	3426708154
	3426708155
	3426708156
	3426708157
	3426708158
	3426708159
	3426708160
	3426708161
	3426708162
	3426708163
	3426708164
	3426708165
	3426708166
	3426708167
	3426708168
	3426708169
	3426708170
	3426708171
	3426708172
	3426708173
	3426708174
	3426708175
	3426708176
	3426708177
	3426708178
	3426708179
	3426708180
	3426708181
	3426708182
	3426708183
	3426708184
	3426708185
	3426708186
	3426708187
	3426708188
	3426708189
	3426708190
	3426708191
	3426708192
	3426708193
	3426708194
	3426708195
	3426708196
	3426708197
	3426708198
	3426708199
	3426708200
	3426708201
	3426708202
	3426708203
	3426708204
	3426708205
	3426708206
	3426708207
	3426708208
	3426708209
	3426708210
	3426708211
	3426708212
	3426708213
	3426708214
	3426708215
	3426708216
	3426708217
	3426708218
	3426708219
	3426708220
	3426708221
	3426708222
	3426708223
	3426708224
	3426708225
	3426708226
	3426708227
	3426708228
	3426708229
	3426708230
	3426708231
	3426708232
	3426708233
	3426708234
	3426708235
	3426708236
	3426708237
	3426708238
	3426708239
	3426708240
	3426708241
	3426708242
	3426708243
	3426708244
	3426708245
	3426708246
	3426708247
	3426708248
	3426708249
	3426708250
	3426708251
	3426708252
	3426708253
	3426708254
	3426708255
	3426708256
	3426708257
	3426708258
	3426708259
	3426708260
	3426708261
	3426708262
	3426708263
	3426708264
	3426708265
	3426708266
	3426708267
	3426708268
	3426708269
	3426708270
	3426708271
	3426708272
	3426708273
	3426708274
	3426708275
	3426708276
	3426708277
	3426708278
	3426708279
	3426708280
	3426708281
	3426708282
	3426708283
	3426708284
	3426708285
	3426708286
	3426708287
	3426708288
	3426708289
	3426708290
	3426708291
	3426708292
	3426708293
	3426708294
	3426708295
	3426708296
	3426708297
	3426708298
	3426708299
	3426708300
	3426708301
	3426708302
	3426708303
	3426708304
	3426708305
	3426708306
	3426708307
	3426708308
	3426708309
	3426708310
	3426708311
	3426708312
	3426708313
	3426708314
	3426708315
	3426708316
	3426708317
	3426708318
	3426708319
	3426708320
	3426708321
	3426708322
	3426708323
	3426708324
	3426708325
	3426708326
	3426708327
	3426708328
	3426708329
	3426708330
	3426708331
	3426708332
	3426708333
	3426708334
	3426708335
	3426708336
	3426708337
	3426708338
	3426708339
	3426708340
	3426708341
	3426708342
	3426708343
	3426708344
	3426708345
	3426708346
	3426708347
	3426708348
	3426708349
	3426708350
	3426708351
	3426708352
	3426708353
	3426708354
	3426708355
	3426708356
	3426708357
	3426708358
	3426708359
	3426708360
	3426708361
	3426708362
	3426708363
	3426708364
	3426708365
	3426708366
	3426708367
	3426708368
	3426708369
	3426708370
	3426708371
	3426708372
	3426708373
	3426708374
	3426708375
	3426708376
	3426708377
	3426708378
	3426708379
	3426708380
	3426708381
	3426708382
	3426708383
	3426708384
	3426708385
	3426708386
	3426708387
	3426708388
	3426708389
	3426708390
	3426708391
	3426708392
	3426708393
	3426708394
	3426708395
	3426708396
	3426708397
	3426708398
	3426708399
	3426708400
	3426708401
	3426708402
	3426708403
	3426708404
	3426708405
	3426708406
	3426708407
	3426708408
	3426708409
	3426708410
	3426708411
	3426708412
	3426708413
	3426708414
	3426708415
	3426708416
	3426708417
	3426708418
	3426708419
	3426708420
	3426708421
	3426708422
	3426708423
	3426708424
	3426708425
	3426708426
	3426708427
	3426708428
	3426708429
	3426708430
	3426708431
	3426708432
	3426708433
	3426708434
	3426708435
	3426708436
	3426708437
	3426708438
	3426708439
	3426708440
	3426708441
	3426708442
	3426708443
	3426708444
	3426708445
	3426708446
	3426708447
	3426708448
	3426708449
	3426708450
	3426708451
	3426708452
	3426708453
	3426708454
	3426708455
	3426708456
	3426708457
	3426708458
	3426708459
	3426708460
	3426708461
	3426708462
	3426708463
	3426708464
	3426708465
	3426708466
	3426708467
	3426708468
	3426708469
	3426708470
	3426708471
	3426708472
	3426708473
	3426708474
	3426708475
	3426708476
	3426708477
	3426708478
	3426708479
	3426708480
	3426708481
	3426708482
	3426708483
	3426708484
	3426708485
	3426708486
	3426708487
	3426708488
	3426708489
	3426708490
	3426708491
	3426708492
	3426708493
	3426708494
	3426708495
	3426708496
	3426708497
	3426708498
	3426708499
	3426708500
	3426708501
	3426708502
	3426708503
	3426708504
	3426708505
	3426708506
	3426708507
	3426708508
	3426708509
	3426708510
	3426708511
	3426708512
	3426708513
	3426708514
	3426708515
	3426708516
	3426708517
	3426708518
	3426708519
	3426708520
	3426708521
	3426708522
	3426708523
	3426708524
	3426708525
	3426708526
	3426708527
	3426708528
	3426708529
	3426708530
	3426708531
	3426708532
	3426708533
	3426708534
	3426708535
	3426708536
	3426708537
	3426708538
	3426708539
	3426708540
	3426708541
	3426708542
	3426708543
	3426708544
	3426708545
	3426708546
	3426708547
	3426708548
	3426708549
	3426708550
	3426708551
	3426708552
	3426708553
	3426708554
	3426708555
	3426708556
	3426708557
	3426708558
	3426708559
	3426708560
	3426708561
	3426708562
	3426708563
	3426708564
	3426708565
	3426708566
	3426708567
	3426708568
	3426708569
	3426708570
	3426708571
	3426708572
	3426708573
	3426708574
	3426708575
	3426708576
	3426708577
	3426708578
	3426708579
	3426708580
	3426708581
	3426708582
	3426708583
	3426708584
	3426708585
	3426708586
	3426708587
	3426708588
	3426708589
	3426708590
	3426708591
	3426708592
	3426708593
	3426708594
	3426708595
	3426708596
	3426708597
	3426708598
	3426708599
	3426708600
	3426708601
	3426708602
	3426708603
	3426708604
	3426708605
	3426708606
	3426708607
	3426708608
	3426708609
	3426708610
	3426708611
	3426708612
	3426708613
	3426708614
	3426708615
	3426708616
	3426708617
	3426708618
	3426708619
	3426708620
	3426708621
	3426708622
	3426708623
	3426708624
	3426708625
	3426708626
	3426708627
	3426708628
	3426708629
	3426708630
	3426708631
	3426708632
	3426708633
	3426708634
	3426708635
	3426708636
	3426708637
	3426708638
	3426708639
	3426708640
	3426708641
	3426708642
	3426708643
	3426708644
	3426708645
	3426708646
	3426708647
	3426708648
	3426708649
	3426708650
	3426708651
	3426708652
	3426708653
	3426708654
	3426708655
	3426708656
	3426708657
	3426708658
	3426708659
	3426708660
	3426708661
	3426708662
	3426708663
	3426708664
	3426708665
	3426708666
	3426708667
	3426708668
	3426708669
	3426708670
	3426708671
	3426708672
	3426708673
	3426708674
	3426708675
	3426708676
	3426708677
	3426708678
	3426708679
	3426708680
	3426708681
	3426708682
	3426708683
	3426708684
	3426708685
	3426708686
	3426708687
	3426708688
	3426708689
	3426708690
	3426708691
	3426708692
	3426708693
	3426708694
	3426708695
	3426708696
	3426708697
	3426708698
	3426708699
	3426708700
	3426708701
	3426708702
	3426708703
	3426708704
	3426708705
	3426708706
	3426708707
	3426708708
	3426708709
	3426708710
	3426708711
	3426708712
	3426708713
	3426708714
	3426708715
	3426708716
	3426708717
	3426708718
	3426708719
	3426708720
	3426708721
	3426708722
	3426708723
	3426708724
	3426708725
	3426708726
	3426708727
	3426708728
	3426708729
	3426708730
	3426708731
	3426708732
	3426708733
	3426708734
	3426708735
	3426708736
	3426708737
	3426708738
	3426708739
	3426708740
	3426708741
	3426708742
	3426708743
	3426708744
	3426708745
	3426708746
	3426708747
	3426708748
	3426708749
	3426708750
	3426708751
	3426708752
	3426708753
	3426708754
	3426708755
	3426708756
	3426708757
	3426708758
	3426708759
	3426708760
	3426708761
	3426708762
	3426708763
	3426708764
	3426708765
	3426708766
	3426708767
	3426708768
	3426708769
	3426708770
	3426708771
	3426708772
	3426708773
	3426708774
	3426708775
	3426708776
	3426708777
	3426708778
	3426708779
	3426708780
	3426708781
	3426708782
	3426708783
	3426708784
	3426708785
	3426708786
	3426708787
	3426708788
	3426708789
	3426708790
	3426708791
	3426708792
	3426708793
	3426708794
	3426708795
	3426708796
	3426708797
	3426708798
	3426708799
	3426708800
	3426708801
	3426708802
	3426708803
	3426708804
	3426708805
	3426708806
	3426708807
	3426708808
	3426708809
	3426708810
	3426708811
	3426708812
	3426708813
	3426708814
	3426708815
	3426708816
	3426708817
	3426708818
	3426708819
	3426708820
	3426708821
	3426708822
	3426708823
	3426708824
	3426708825
	3426708826
	3426708827
	3426708828
	3426708829
	3426708830
	3426708831
	3426708832
	3426708833
	3426708834
	3426708835
	3426708836
	3426708837
	3426708838
	3426708839
	3426708840
	3426708841
	3426708842
	3426708843
	3426708844
	3426708845
	3426708846
	3426708847
	3426708848
	3426708849
	3426708850
	3426708851
	3426708852
	3426708853
	3426708854
	3426708855
	3426708856
	3426708857
	3426708858
	3426708859
	3426708860
	3426708861
	3426708862
	3426708863
	3426708864
	3426708865
	3426708866
	3426708867
	3426708868
	3426708869
	3426708870
	3426708871
	3426708872
	3426708873
	3426708874
	3426708875
	3426708876
	3426708877
	3426708878
	3426708879
	3426708880
	3426708881
	3426708882
	3426708883
	3426708884
	3426708885
	3426708886
	3426708887
	3426708888
	3426708889
	3426708890
	3426708891
	3426708892
	3426708893
	3426708894
	3426708895
	3426708896
	3426708897
	3426708898
	3426708899
	3426708900
	3426708901
	3426708902
	3426708903
	3426708904
	3426708905
	3426708906
	3426708907
	3426708908
	3426708909
	3426708910
	3426708911
	3426708912
	3426708913
	3426708914
	3426708915
	3426708916
	3426708917
	3426708918
	3426708919
	3426708920
	3426708921
	3426708922
	3426708923
	3426708924
	3426708925
	3426708926
	3426708927
	3426708928
	3426708929
	3426708930
	3426708931
	3426708932
	3426708933
	3426708934
	3426708935
	3426708936
	3426708937
	3426708938
	3426708939
	3426708940
	3426708941
	3426708942
	3426708943
	3426708944
	3426708945
	3426708946
	3426708947
	3426708948
	3426708949
	3426708950
	3426708951
	3426708952
	3426708953
	3426708954
	3426708955
	3426708956
	3426708957
	3426708958
	3426708959
	3426708960
	3426708961
	3426708962
	3426708963
	3426708964
	3426708965
	3426708966
	3426708967
	3426708968
	3426708969
	3426708970
	3426708971
	3426708972
	3426708973
	3426708974
	3426708975
	3426708976
	3426708977
	3426708978
	3426708979
	3426708980
	3426708981
	3426708982
	3426708983
	3426708984
	3426708985
	3426708986
	3426708987
	3426708988
	3426708989
	3426708990
	3426708991
	3426708992
	3426708993
	3426708994
	3426708995
	3426708996
	3426708997
	3426708998
	3426708999
	3426709000
	3426709001
	3426709002
	3426709003
	3426709004
	3426709005
	3426709006
	3426709007
	3426709008
	3426709009
	3426709010
	3426709011
	3426709012
	3426709013
	3426709014
	3426709015
	3426709016
	3426709017
	3426709018
	3426709019
	3426709020
	3426709021
	3426709022
	3426709023
	3426709024
	3426709025
	3426709026
	3426709027
	3426709028
	3426709029
	3426709030
	3426709031
	3426709032
	3426709033
	3426709034
	3426709035
	3426709036
	3426709037
	3426709038
	3426709039
	3426709040
	3426709041
	3426709042
	3426709043
	3426709044
	3426709045
	3426709046
	3426709047
	3426709048
	3426709049
	3426709050
	3426709051
	3426709052
	3426709053
	3426709054
	3426709055
	3426709056
	3426709057
	3426709058
	3426709059
	3426709060
	3426709061
	3426709062
	3426709063
	3426709064
	3426709065
	3426709066
	3426709067
	3426709068
	3426709069
	3426709070
	3426709071
	3426709072
	3426709073
	3426709074
	3426709075
	3426709076
	3426709077
	3426709078
	3426709079
	3426709080
	3426709081
	3426709082
	3426709083
	3426709084
	3426709085
	3426709086
	3426709087
	3426709088
	3426709089
	3426709090
	3426709091
	3426709092
	3426709093
	3426709094
	3426709095
	3426709096
	3426709097
	3426709098
	3426709099
	3426709100
	3426709101
	3426709102
	3426709103
	3426709104
	3426709105
	3426709106
	3426709107
	3426709108
	3426709109
	3426709110
	3426709111
	3426709112
	3426709113
	3426709114
	3426709115
	3426709116
	3426709117
	3426709118
	3426709119
	3426709120
	3426709121
	3426709122
	3426709123
	3426709124
	3426709125
	3426709126
	3426709127
	3426709128
	3426709129
	3426709130
	3426709131
	3426709132
	3426709133
	3426709134
	3426709135
	3426709136
	3426709137
	3426709138
	3426709139
	3426709140
	3426709141
	3426709142
	3426709143
	3426709144
	3426709145
	3426709146
	3426709147
	3426709148
	3426709149
	3426709150
	3426709151
	3426709152
	3426709153
	3426709154
	3426709155
	3426709156
	3426709157
	3426709158
	3426709159
	3426709160
	3426709161
	3426709162
	3426709163
	3426709164
	3426709165
	3426709166
	3426709167
	3426709168
	3426709169
	3426709170
	3426709171
	3426709172
	3426709173
	3426709174
	3426709175
	3426709176
	3426709177
	3426709178
	3426709179
	3426709180
	3426709181
	3426709182
	3426709183
	3426709184
	3426709185
	3426709186
	3426709187
	3426709188
	3426709189
	3426709190
	3426709191
	3426709192
	3426709193
	3426709194
	3426709195
	3426709196
	3426709197
	3426709198
	3426709199
	3426709200
	3426709201
	3426709202
	3426709203
	3426709204
	3426709205
	3426709206
	3426709207
	3426709208
	3426709209
	3426709210
	3426709211
	3426709212
	3426709213
	3426709214
	3426709215
	3426709216
	3426709217
	3426709218
	3426709219
	3426709220
	3426709221
	3426709222
	3426709223
	3426709224
	3426709225
	3426709226
	3426709227
	3426709228
	3426709229
	3426709230
	3426709231
	3426709232
	3426709233
	3426709234
	3426709235
	3426709236
	3426709237
	3426709238
	3426709239
	3426709240
	3426709241
	3426709242
	3426709243
	3426709244
	3426709245
	3426709246
	3426709247
	3426709248
	3426709249
	3426709250
	3426709251
	3426709252
	3426709253
	3426709254
	3426709255
	3426709256
	3426709257
	3426709258
	3426709259
	3426709260
	3426709261
	3426709262
	3426709263
	3426709264
	3426709265
	3426709266
	3426709267
	3426709268
	3426709269
	3426709270
	3426709271
	3426709272
	3426709273
	3426709274
	3426709275
	3426709276
	3426709277
	3426709278
	3426709279
	3426709280
	3426709281
	3426709282
	3426709283
	3426709284
	3426709285
	3426709286
	3426709287
	3426709288
	3426709289
	3426709290
	3426709291
	3426709292
	3426709293
	3426709294
	3426709295
	3426709296
	3426709297
	3426709298
	3426709299
	3426709300
	3426709301
	3426709302
	3426709303
	3426709304
	3426709305
	3426709306
	3426709307
	3426709308
	3426709309
	3426709310
	3426709311
	3426709312
	3426709313
	3426709314
	3426709315
	3426709316
	3426709317
	3426709318
	3426709319
	3426709320
	3426709321
	3426709322
	3426709323
	3426709324
	3426709325
	3426709326
	3426709327
	3426709328
	3426709329
	3426709330
	3426709331
	3426709332
	3426709333
	3426709334
	3426709335
	3426709336
	3426709337
	3426709338
	3426709339
	3426709340
	3426709341
	3426709342
	3426709343
	3426709344
	3426709345
	3426709346
	3426709347
	3426709348
	3426709349
	3426709350
	3426709351
	3426709352
	3426709353
	3426709354
	3426709355
	3426709356
	3426709357
	3426709358
	3426709359
	3426709360
	3426709361
	3426709362
	3426709363
	3426709364
	3426709365
	3426709366
	3426709367
	3426709368
	3426709369
	3426709370
	3426709371
	3426709372
	3426709373
	3426709374
	3426709375
	3426709376
	3426709377
	3426709378
	3426709379
	3426709380
	3426709381
	3426709382
	3426709383
	3426709384
	3426709385
	3426709386
	3426709387
	3426709388
	3426709389
	3426709390
	3426709391
	3426709392
	3426709393
	3426709394
	3426709395
	3426709396
	3426709397
	3426709398
	3426709399
	3426709400
	3426709401
	3426709402
	3426709403
	3426709404
	3426709405
	3426709406
	3426709407
	3426709408
	3426709409
	3426709410
	3426709411
	3426709412
	3426709413
	3426709414
	3426709415
	3426709416
	3426709417
	3426709418
	3426709419
	3426709420
	3426709421
	3426709422
	3426709423
	3426709424
	3426709425
	3426709426
	3426709427
	3426709428
	3426709429
	3426709430
	3426709431
	3426709432
	3426709433
	3426709434
	3426709435
	3426709436
	3426709437
	3426709438
	3426709439
	3426709440
	3426709441
	3426709442
	3426709443
	3426709444
	3426709445
	3426709446
	3426709447
	3426709448
	3426709449
	3426709450
	3426709451
	3426709452
	3426709453
	3426709454
	3426709455
	3426709456
	3426709457
	3426709458
	3426709459
	3426709460
	3426709461
	3426709462
	3426709463
	3426709464
	3426709465
	3426709466
	3426709467
	3426709468
	3426709469
	3426709470
	3426709471
	3426709472
	3426709473
	3426709474
	3426709475
	3426709476
	3426709477
	3426709478
	3426709479
	3426709480
	3426709481
	3426709482
	3426709483
	3426709484
	3426709485
	3426709486
	3426709487
	3426709488
	3426709489
	3426709490
	3426709491
	3426709492
	3426709493
	3426709494
	3426709495
	3426709496
	3426709497
	3426709498
	3426709499
	3426709500
	3426709501
	3426709502
	3426709503
	3426709504
	3426709505
	3426709506
	3426709507
	3426709508
	3426709509
	3426709510
	3426709511
	3426709512
	3426709513
	3426709514
	3426709515
	3426709516
	3426709517
	3426709518
	3426709519
	3426709520
	3426709521
	3426709522
	3426709523
	3426709524
	3426709525
	3426709526
	3426709527
	3426709528
	3426709529
	3426709530
	3426709531
	3426709532
	3426709533
	3426709534
	3426709535
	3426709536
	3426709537
	3426709538
	3426709539
	3426709540
	3426709541
	3426709542
	3426709543
	3426709544
	3426709545
	3426709546
	3426709547
	3426709548
	3426709549
	3426709550
	3426709551
	3426709552
	3426709553
	3426709554
	3426709555
	3426709556
	3426709557
	3426709558
	3426709559
	3426709560
	3426709561
	3426709562
	3426709563
	3426709564
	3426709565
	3426709566
	3426709567
	3426709568
	3426709569
	3426709570
	3426709571
	3426709572
	3426709573
	3426709574
	3426709575
	3426709576
	3426709577
	3426709578
	3426709579
	3426709580
	3426709581
	3426709582
	3426709583
	3426709584
	3426709585
	3426709586
	3426709587
	3426709588
	3426709589
	3426709590
	3426709591
	3426709592
	3426709593
	3426709594
	3426709595
	3426709596
	3426709597
	3426709598
	3426709599
	3426709600
	3426709601
	3426709602
	3426709603
	3426709604
	3426709605
	3426709606
	3426709607
	3426709608
	3426709609
	3426709610
	3426709611
	3426709612
	3426709613
	3426709614
	3426709615
	3426709616
	3426709617
	3426709618
	3426709619
	3426709620
	3426709621
	3426709622
	3426709623
	3426709624
	3426709625
	3426709626
	3426709627
	3426709628
	3426709629
	3426709630
	3426709631
	3426709632
	3426709633
	3426709634
	3426709635
	3426709636
	3426709637
	3426709638
	3426709639
	3426709640
	3426709641
	3426709642
	3426709643
	3426709644
	3426709645
	3426709646
	3426709647
	3426709648
	3426709649
	3426709650
	3426709651
	3426709652
	3426709653
	3426709654
	3426709655
	3426709656
	3426709657
	3426709658
	3426709659
	3426709660
	3426709661
	3426709662
	3426709663
	3426709664
	3426709665
	3426709666
	3426709667
	3426709668
	3426709669
	3426709670
	3426709671
	3426709672
	3426709673
	3426709674
	3426709675
	3426709676
	3426709677
	3426709678
	3426709679
	3426709680
	3426709681
	3426709682
	3426709683
	3426709684
	3426709685
	3426709686
	3426709687
	3426709688
	3426709689
	3426709690
	3426709691
	3426709692
	3426709693
	3426709694
	3426709695
	3426709696
	3426709697
	3426709698
	3426709699
	3426709700
	3426709701
	3426709702
	3426709703
	3426709704
	3426709705
	3426709706
	3426709707
	3426709708
	3426709709
	3426709710
	3426709711
	3426709712
	3426709713
	3426709714
	3426709715
	3426709716
	3426709717
	3426709718
	3426709719
	3426709720
	3426709721
	3426709722
	3426709723
	3426709724
	3426709725
	3426709726
	3426709727
	3426709728
	3426709729
	3426709730
	3426709731
	3426709732
	3426709733
	3426709734
	3426709735
	3426709736
	3426709737
	3426709738
	3426709739
	3426709740
	3426709741
	3426709742
	3426709743
	3426709744
	3426709745
	3426709746
	3426709747
	3426709748
	3426709749
	3426709750
	3426709751
	3426709752
	3426709753
	3426709754
	3426709755
	3426709756
	3426709757
	3426709758
	3426709759
	3426709760
	3426709761
	3426709762
	3426709763
	3426709764
	3426709765
	3426709766
	3426709767
	3426709768
	3426709769
	3426709770
	3426709771
	3426709772
	3426709773
	3426709774
	3426709775
	3426709776
	3426709777
	3426709778
	3426709779
	3426709780
	3426709781
	3426709782
	3426709783
	3426709784
	3426709785
	3426709786
	3426709787
	3426709788
	3426709789
	3426709790
	3426709791
	3426709792
	3426709793
	3426709794
	3426709795
	3426709796
	3426709797
	3426709798
	3426709799
	3426709800
	3426709801
	3426709802
	3426709803
	3426709804
	3426709805
	3426709806
	3426709807
	3426709808
	3426709809
	3426709810
	3426709811
	3426709812
	3426709813
	3426709814
	3426709815
	3426709816
	3426709817
	3426709818
	3426709819
	3426709820
	3426709821
	3426709822
	3426709823
	3426709824
	3426709825
	3426709826
	3426709827
	3426709828
	3426709829
	3426709830
	3426709831
	3426709832
	3426709833
	3426709834
	3426709835
	3426709836
	3426709837
	3426709838
	3426709839
	3426709840
	3426709841
	3426709842
	3426709843
	3426709844
	3426709845
	3426709846
	3426709847
	3426709848
	3426709849
	3426709850
	3426709851
	3426709852
	3426709853
	3426709854
	3426709855
	3426709856
	3426709857
	3426709858
	3426709859
	3426709860
	3426709861
	3426709862
	3426709863
	3426709864
	3426709865
	3426709866
	3426709867
	3426709868
	3426709869
	3426709870
	3426709871
	3426709872
	3426709873
	3426709874
	3426709875
	3426709876
	3426709877
	3426709878
	3426709879
	3426709880
	3426709881
	3426709882
	3426709883
	3426709884
	3426709885
	3426709886
	3426709887
	3426709888
	3426709889
	3426709890
	3426709891
	3426709892
	3426709893
	3426709894
	3426709895
	3426709896
	3426709897
	3426709898
	3426709899
	3426709900
	3426709901
	3426709902
	3426709903
	3426709904
	3426709905
	3426709906
	3426709907
	3426709908
	3426709909
	3426709910
	3426709911
	3426709912
	3426709913
	3426709914
	3426709915
	3426709916
	3426709917
	3426709918
	3426709919
	3426709920
	3426709921
	3426709922
	3426709923
	3426709924
	3426709925
	3426709926
	3426709927
	3426709928
	3426709929
	3426709930
	3426709931
	3426709932
	3426709933
	3426709934
	3426709935
	3426709936
	3426709937
	3426709938
	3426709939
	3426709940
	3426709941
	3426709942
	3426709943
	3426709944
	3426709945
	3426709946
	3426709947
	3426709948
	3426709949
	3426709950
	3426709951
	3426709952
	3426709953
	3426709954
	3426709955
	3426709956
	3426709957
	3426709958
	3426709959
	3426709960
	3426709961
	3426709962
	3426709963
	3426709964
	3426709965
	3426709966
	3426709967
	3426709968
	3426709969
	3426709970
	3426709971
	3426709972
	3426709973
	3426709974
	3426709975
	3426709976
	3426709977
	3426709978
	3426709979
	3426709980
	3426709981
	3426709982
	3426709983
	3426709984
	3426709985
	3426709986
	3426709987
	3426709988
	3426709989
	3426709990
	3426709991
	3426709992
	3426709993
	3426709994
	3426709995
	3426709996
	3426709997
	3426709998
	3426709999
	3426710000
	3426710001
	3426710002
	3426710003
	3426710004
	3426710005
	3426710006
	3426710007
	3426710008
	3426710009
	3426710010
	3426710011
	3426710012
	3426710013
	3426710014
	3426710015
	3426710016
	3426710017
	3426710018
	3426710019
	3426710020
	3426710021
	3426710022
	3426710023
	3426710024
	3426710025
	3426710026
	3426710027
	3426710028
	3426710029
	3426710030
	3426710031
	3426710032
	3426710033
	3426710034
	3426710035
	3426710036
	3426710037
	3426710038
	3426710039
	3426710040
	3426710041
	3426710042
	3426710043
	3426710044
	3426710045
	3426710046
	3426710047
	3426710048
	3426710049
	3426710050
	3426710051
	3426710052
	3426710053
	3426710054
	3426710055
	3426710056
	3426710057
	3426710058
	3426710059
	3426710060
	3426710061
	3426710062
	3426710063
	3426710064
	3426710065
	3426710066
	3426710067
	3426710068
	3426710069
	3426710070
	3426710071
	3426710072
	3426710073
	3426710074
	3426710075
	3426710076
	3426710077
	3426710078
	3426710079
	3426710080
	3426710081
	3426710082
	3426710083
	3426710084
	3426710085
	3426710086
	3426710087
	3426710088
	3426710089
	3426710090
	3426710091
	3426710092
	3426710093
	3426710094
	3426710095
	3426710096
	3426710097
	3426710098
	3426710099
	3426710100
	3426710101
	3426710102
	3426710103
	3426710104
	3426710105
	3426710106
	3426710107
	3426710108
	3426710109
	3426710110
	3426710111
	3426710112
	3426710113
	3426710114
	3426710115
	3426710116
	3426710117
	3426710118
	3426710119
	3426710120
	3426710121
	3426710122
	3426710123
	3426710124
	3426710125
	3426710126
	3426710127
	3426710128
	3426710129
	3426710130
	3426710131
	3426710132
	3426710133
	3426710134
	3426710135
	3426710136
	3426710137
	3426710138
	3426710139
	3426710140
	3426710141
	3426710142
	3426710143
	3426710144
	3426710145
	3426710146
	3426710147
	3426710148
	3426710149
	3426710150
	3426710151
	3426710152
	3426710153
	3426710154
	3426710155
	3426710156
	3426710157
	3426710158
	3426710159
	3426710160
	3426710161
	3426710162
	3426710163
	3426710164
	3426710165
	3426710166
	3426710167
	3426710168
	3426710169
	3426710170
	3426710171
	3426710172
	3426710173
	3426710174
	3426710175
	3426710176
	3426710177
	3426710178
	3426710179
	3426710180
	3426710181
	3426710182
	3426710183
	3426710184
	3426710185
	3426710186
	3426710187
	3426710188
	3426710189
	3426710190
	3426710191
	3426710192
	3426710193
	3426710194
	3426710195
	3426710196
	3426710197
	3426710198
	3426710199
	3426710200
	3426710201
	3426710202
	3426710203
	3426710204
	3426710205
	3426710206
	3426710207
	3426710208
	3426710209
	3426710210
	3426710211
	3426710212
	3426710213
	3426710214
	3426710215
	3426710216
	3426710217
	3426710218
	3426710219
	3426710220
	3426710221
	3426710222
	3426710223
	3426710224
	3426710225
	3426710226
	3426710227
	3426710228
	3426710229
	3426710230
	3426710231
	3426710232
	3426710233
	3426710234
	3426710235
	3426710236
	3426710237
	3426710238
	3426710239
	3426710240
	3426710241
	3426710242
	3426710243
	3426710244
	3426710245
	3426710246
	3426710247
	3426710248
	3426710249
	3426710250
	3426710251
	3426710252
	3426710253
	3426710254
	3426710255
	3426710256
	3426710257
	3426710258
	3426710259
	3426710260
	3426710261
	3426710262
	3426710263
	3426710264
	3426710265
	3426710266
	3426710267
	3426710268
	3426710269
	3426710270
	3426710271
	3426710272
	3426710273
	3426710274
	3426710275
	3426710276
	3426710277
	3426710278
	3426710279
	3426710280
	3426710281
	3426710282
	3426710283
	3426710284
	3426710285
	3426710286
	3426710287
	3426710288
	3426710289
	3426710290
	3426710291
	3426710292
	3426710293
	3426710294
	3426710295
	3426710296
	3426710297
	3426710298
	3426710299
	3426710300
	3426710301
	3426710302
	3426710303
	3426710304
	3426710305
	3426710306
	3426710307
	3426710308
	3426710309
	3426710310
	3426710311
	3426710312
	3426710313
	3426710314
	3426710315
	3426710316
	3426710317
	3426710318
	3426710319
	3426710320
	3426710321
	3426710322
	3426710323
	3426710324
	3426710325
	3426710326
	3426710327
	3426710328
	3426710329
	3426710330
	3426710331
	3426710332
	3426710333
	3426710334
	3426710335
	3426710336
	3426710337
	3426710338
	3426710339
	3426710340
	3426710341
	3426710342
	3426710343
	3426710344
	3426710345
	3426710346
	3426710347
	3426710348
	3426710349
	3426710350
	3426710351
	3426710352
	3426710353
	3426710354
	3426710355
	3426710356
	3426710357
	3426710358
	3426710359
	3426710360
	3426710361
	3426710362
	3426710363
	3426710364
	3426710365
	3426710366
	3426710367
	3426710368
	3426710369
	3426710370
	3426710371
	3426710372
	3426710373
	3426710374
	3426710375
	3426710376
	3426710377
	3426710378
