	3426968549
	3426968550
	3426968551
	3426968552
	3426968553
	3426968554
	3426968555
	3426968556
	3426968557
	3426968558
	3426968559
	3426968560
	3426968561
	3426968562
	3426968563
	3426968564
	3426968565
	3426968566
	3426968567
	3426968568
	3426968569
	3426968570
	3426968571
	3426968572
	3426968573
	3426968574
	3426968575
	3426968576
	3426968577
	3426968578
	3426968579
	3426968580
	3426968581
	3426968582
	3426968583
	3426968584
	3426968585
	3426968586
	3426968587
	3426968588
	3426968589
	3426968590
	3426968591
	3426968592
	3426968593
	3426968594
	3426968595
	3426968596
	3426968597
	3426968598
	3426968599
	3426968600
	3426968601
	3426968602
	3426968603
	3426968604
	3426968605
	3426968606
	3426968607
	3426968608
	3426968609
	3426968610
	3426968611
	3426968612
	3426968613
	3426968614
	3426968615
	3426968616
	3426968617
	3426968618
	3426968619
	3426968620
	3426968621
	3426968622
	3426968623
	3426968624
	3426968625
	3426968626
	3426968627
	3426968628
	3426968629
	3426968630
	3426968631
	3426968632
	3426968633
	3426968634
	3426968635
	3426968636
	3426968637
	3426968638
	3426968639
	3426968640
	3426968641
	3426968642
	3426968643
	3426968644
	3426968645
	3426968646
	3426968647
	3426968648
	3426968649
	3426968650
	3426968651
	3426968652
	3426968653
	3426968654
	3426968655
	3426968656
	3426968657
	3426968658
	3426968659
	3426968660
	3426968661
	3426968662
	3426968663
	3426968664
	3426968665
	3426968666
	3426968667
	3426968668
	3426968669
	3426968670
	3426968671
	3426968672
	3426968673
	3426968674
	3426968675
	3426968676
	3426968677
	3426968678
	3426968679
	3426968680
	3426968681
	3426968682
	3426968683
	3426968684
	3426968685
	3426968686
	3426968687
	3426968688
	3426968689
	3426968690
	3426968691
	3426968692
	3426968693
	3426968694
	3426968695
	3426968696
	3426968697
	3426968698
	3426968699
	3426968700
	3426968701
	3426968702
	3426968703
	3426968704
	3426968705
	3426968706
	3426968707
	3426968708
	3426968709
	3426968710
	3426968711
	3426968712
	3426968713
	3426968714
	3426968715
	3426968716
	3426968717
	3426968718
	3426968719
	3426968720
	3426968721
	3426968722
	3426968723
	3426968724
	3426968725
	3426968726
	3426968727
	3426968728
	3426968729
	3426968730
	3426968731
	3426968732
	3426968733
	3426968734
	3426968735
	3426968736
	3426968737
	3426968738
	3426968739
	3426968740
	3426968741
	3426968742
	3426968743
	3426968744
	3426968745
	3426968746
	3426968747
	3426968748
	3426968749
	3426968750
	3426968751
	3426968752
	3426968753
	3426968754
	3426968755
	3426968756
	3426968757
	3426968758
	3426968759
	3426968760
	3426968761
	3426968762
	3426968763
	3426968764
	3426968765
	3426968766
	3426968767
	3426968768
	3426968769
	3426968770
	3426968771
	3426968772
	3426968773
	3426968774
	3426968775
	3426968776
	3426968777
	3426968778
	3426968779
	3426968780
	3426968781
	3426968782
	3426968783
	3426968784
	3426968785
	3426968786
	3426968787
	3426968788
	3426968789
	3426968790
	3426968791
	3426968792
	3426968793
	3426968794
	3426968795
	3426968796
	3426968797
	3426968798
	3426968799
	3426968800
	3426968801
	3426968802
	3426968803
	3426968804
	3426968805
	3426968806
	3426968807
	3426968808
	3426968809
	3426968810
	3426968811
	3426968812
	3426968813
	3426968814
	3426968815
	3426968816
	3426968817
	3426968818
	3426968819
	3426968820
	3426968821
	3426968822
	3426968823
	3426968824
	3426968825
	3426968826
	3426968827
	3426968828
	3426968829
	3426968830
	3426968831
	3426968832
	3426968833
	3426968834
	3426968835
	3426968836
	3426968837
	3426968838
	3426968839
	3426968840
	3426968841
	3426968842
	3426968843
	3426968844
	3426968845
	3426968846
	3426968847
	3426968848
	3426968849
	3426968850
	3426968851
	3426968852
	3426968853
	3426968854
	3426968855
	3426968856
	3426968857
	3426968858
	3426968859
	3426968860
	3426968861
	3426968862
	3426968863
	3426968864
	3426968865
	3426968866
	3426968867
	3426968868
	3426968869
	3426968870
	3426968871
	3426968872
	3426968873
	3426968874
	3426968875
	3426968876
	3426968877
	3426968878
	3426968879
	3426968880
	3426968881
	3426968882
	3426968883
	3426968884
	3426968885
	3426968886
	3426968887
	3426968888
	3426968889
	3426968890
	3426968891
	3426968892
	3426968893
	3426968894
	3426968895
	3426968896
	3426968897
	3426968898
	3426968899
	3426968900
	3426968901
	3426968902
	3426968903
	3426968904
	3426968905
	3426968906
	3426968907
	3426968908
	3426968909
	3426968910
	3426968911
	3426968912
	3426968913
	3426968914
	3426968915
	3426968916
	3426968917
	3426968918
	3426968919
	3426968920
	3426968921
	3426968922
	3426968923
	3426968924
	3426968925
	3426968926
	3426968927
	3426968928
	3426968929
	3426968930
	3426968931
	3426968932
	3426968933
	3426968934
	3426968935
	3426968936
	3426968937
	3426968938
	3426968939
	3426968940
	3426968941
	3426968942
	3426968943
	3426968944
	3426968945
	3426968946
	3426968947
	3426968948
	3426968949
	3426968950
	3426968951
	3426968952
	3426968953
	3426968954
	3426968955
	3426968956
	3426968957
	3426968958
	3426968959
	3426968960
	3426968961
	3426968962
	3426968963
	3426968964
	3426968965
	3426968966
	3426968967
	3426968968
	3426968969
	3426968970
	3426968971
	3426968972
	3426968973
	3426968974
	3426968975
	3426968976
	3426968977
	3426968978
	3426968979
	3426968980
	3426968981
	3426968982
	3426968983
	3426968984
	3426968985
	3426968986
	3426968987
	3426968988
	3426968989
	3426968990
	3426968991
	3426968992
	3426968993
	3426968994
	3426968995
	3426968996
	3426968997
	3426968998
	3426968999
	3426969000
	3426969001
	3426969002
	3426969003
	3426969004
	3426969005
	3426969006
	3426969007
	3426969008
	3426969009
	3426969010
	3426969011
	3426969012
	3426969013
	3426969014
	3426969015
	3426969016
	3426969017
	3426969018
	3426969019
	3426969020
	3426969021
	3426969022
	3426969023
	3426969024
	3426969025
	3426969026
	3426969027
	3426969028
	3426969029
	3426969030
	3426969031
	3426969032
	3426969033
	3426969034
	3426969035
	3426969036
	3426969037
	3426969038
	3426969039
	3426969040
	3426969041
	3426969042
	3426969043
	3426969044
	3426969045
	3426969046
	3426969047
	3426969048
	3426969049
	3426969050
	3426969051
	3426969052
	3426969053
	3426969054
	3426969055
	3426969056
	3426969057
	3426969058
	3426969059
	3426969060
	3426969061
	3426969062
	3426969063
	3426969064
	3426969065
	3426969066
	3426969067
	3426969068
	3426969069
	3426969070
	3426969071
	3426969072
	3426969073
	3426969074
	3426969075
	3426969076
	3426969077
	3426969078
	3426969079
	3426969080
	3426969081
	3426969082
	3426969083
	3426969084
	3426969085
	3426969086
	3426969087
	3426969088
	3426969089
	3426969090
	3426969091
	3426969092
	3426969093
	3426969094
	3426969095
	3426969096
	3426969097
	3426969098
	3426969099
	3426969100
	3426969101
	3426969102
	3426969103
	3426969104
	3426969105
	3426969106
	3426969107
	3426969108
	3426969109
	3426969110
	3426969111
	3426969112
	3426969113
	3426969114
	3426969115
	3426969116
	3426969117
	3426969118
	3426969119
	3426969120
	3426969121
	3426969122
	3426969123
	3426969124
	3426969125
	3426969126
	3426969127
	3426969128
	3426969129
	3426969130
	3426969131
	3426969132
	3426969133
	3426969134
	3426969135
	3426969136
	3426969137
	3426969138
	3426969139
	3426969140
	3426969141
	3426969142
	3426969143
	3426969144
	3426969145
	3426969146
	3426969147
	3426969148
	3426969149
	3426969150
	3426969151
	3426969152
	3426969153
	3426969154
	3426969155
	3426969156
	3426969157
	3426969158
	3426969159
	3426969160
	3426969161
	3426969162
	3426969163
	3426969164
	3426969165
	3426969166
	3426969167
	3426969168
	3426969169
	3426969170
	3426969171
	3426969172
	3426969173
	3426969174
	3426969175
	3426969176
	3426969177
	3426969178
	3426969179
	3426969180
	3426969181
	3426969182
	3426969183
	3426969184
	3426969185
	3426969186
	3426969187
	3426969188
	3426969189
	3426969190
	3426969191
	3426969192
	3426969193
	3426969194
	3426969195
	3426969196
	3426969197
	3426969198
	3426969199
	3426969200
	3426969201
	3426969202
	3426969203
	3426969204
	3426969205
	3426969206
	3426969207
	3426969208
	3426969209
	3426969210
	3426969211
	3426969212
	3426969213
	3426969214
	3426969215
	3426969216
	3426969217
	3426969218
	3426969219
	3426969220
	3426969221
	3426969222
	3426969223
	3426969224
	3426969225
	3426969226
	3426969227
	3426969228
	3426969229
	3426969230
	3426969231
	3426969232
	3426969233
	3426969234
	3426969235
	3426969236
	3426969237
	3426969238
	3426969239
	3426969240
	3426969241
	3426969242
	3426969243
	3426969244
	3426969245
	3426969246
	3426969247
	3426969248
	3426969249
	3426969250
	3426969251
	3426969252
	3426969253
	3426969254
	3426969255
	3426969256
	3426969257
	3426969258
	3426969259
	3426969260
	3426969261
	3426969262
	3426969263
	3426969264
	3426969265
	3426969266
	3426969267
	3426969268
	3426969269
	3426969270
	3426969271
	3426969272
	3426969273
	3426969274
	3426969275
	3426969276
	3426969277
	3426969278
	3426969279
	3426969280
	3426969281
	3426969282
	3426969283
	3426969284
	3426969285
	3426969286
	3426969287
	3426969288
	3426969289
	3426969290
	3426969291
	3426969292
	3426969293
	3426969294
	3426969295
	3426969296
	3426969297
	3426969298
	3426969299
	3426969300
	3426969301
	3426969302
	3426969303
	3426969304
	3426969305
	3426969306
	3426969307
	3426969308
	3426969309
	3426969310
	3426969311
	3426969312
	3426969313
	3426969314
	3426969315
	3426969316
	3426969317
	3426969318
	3426969319
	3426969320
	3426969321
	3426969322
	3426969323
	3426969324
	3426969325
	3426969326
	3426969327
	3426969328
	3426969329
	3426969330
	3426969331
	3426969332
	3426969333
	3426969334
	3426969335
	3426969336
	3426969337
	3426969338
	3426969339
	3426969340
	3426969341
	3426969342
	3426969343
	3426969344
	3426969345
	3426969346
	3426969347
	3426969348
	3426969349
	3426969350
	3426969351
	3426969352
	3426969353
	3426969354
	3426969355
	3426969356
	3426969357
	3426969358
	3426969359
	3426969360
	3426969361
	3426969362
	3426969363
	3426969364
	3426969365
	3426969366
	3426969367
	3426969368
	3426969369
	3426969370
	3426969371
	3426969372
	3426969373
	3426969374
	3426969375
	3426969376
	3426969377
	3426969378
	3426969379
	3426969380
	3426969381
	3426969382
	3426969383
	3426969384
	3426969385
	3426969386
	3426969387
	3426969388
	3426969389
	3426969390
	3426969391
	3426969392
	3426969393
	3426969394
	3426969395
	3426969396
	3426969397
	3426969398
	3426969399
	3426969400
	3426969401
	3426969402
	3426969403
	3426969404
	3426969405
	3426969406
	3426969407
	3426969408
	3426969409
	3426969410
	3426969411
	3426969412
	3426969413
	3426969414
	3426969415
	3426969416
	3426969417
	3426969418
	3426969419
	3426969420
	3426969421
	3426969422
	3426969423
	3426969424
	3426969425
	3426969426
	3426969427
	3426969428
	3426969429
	3426969430
	3426969431
	3426969432
	3426969433
	3426969434
	3426969435
	3426969436
	3426969437
	3426969438
	3426969439
	3426969440
	3426969441
	3426969442
	3426969443
	3426969444
	3426969445
	3426969446
	3426969447
	3426969448
	3426969449
	3426969450
	3426969451
	3426969452
	3426969453
	3426969454
	3426969455
	3426969456
	3426969457
	3426969458
	3426969459
	3426969460
	3426969461
	3426969462
	3426969463
	3426969464
	3426969465
	3426969466
	3426969467
	3426969468
	3426969469
	3426969470
	3426969471
	3426969472
	3426969473
	3426969474
	3426969475
	3426969476
	3426969477
	3426969478
	3426969479
	3426969480
	3426969481
	3426969482
	3426969483
	3426969484
	3426969485
	3426969486
	3426969487
	3426969488
	3426969489
	3426969490
	3426969491
	3426969492
	3426969493
	3426969494
	3426969495
	3426969496
	3426969497
	3426969498
	3426969499
	3426969500
	3426969501
	3426969502
	3426969503
	3426969504
	3426969505
	3426969506
	3426969507
	3426969508
	3426969509
	3426969510
	3426969511
	3426969512
	3426969513
	3426969514
	3426969515
	3426969516
	3426969517
	3426969518
	3426969519
	3426969520
	3426969521
	3426969522
	3426969523
	3426969524
	3426969525
	3426969526
	3426969527
	3426969528
	3426969529
	3426969530
	3426969531
	3426969532
	3426969533
	3426969534
	3426969535
	3426969536
	3426969537
	3426969538
	3426969539
	3426969540
	3426969541
	3426969542
	3426969543
	3426969544
	3426969545
	3426969546
	3426969547
	3426969548
	3426969549
	3426969550
	3426969551
	3426969552
	3426969553
	3426969554
	3426969555
	3426969556
	3426969557
	3426969558
	3426969559
	3426969560
	3426969561
	3426969562
	3426969563
	3426969564
	3426969565
	3426969566
	3426969567
	3426969568
	3426969569
	3426969570
	3426969571
	3426969572
	3426969573
	3426969574
	3426969575
	3426969576
	3426969577
	3426969578
	3426969579
	3426969580
	3426969581
	3426969582
	3426969583
	3426969584
	3426969585
	3426969586
	3426969587
	3426969588
	3426969589
	3426969590
	3426969591
	3426969592
	3426969593
	3426969594
	3426969595
	3426969596
	3426969597
	3426969598
	3426969599
	3426969600
	3426969601
	3426969602
	3426969603
	3426969604
	3426969605
	3426969606
	3426969607
	3426969608
	3426969609
	3426969610
	3426969611
	3426969612
	3426969613
	3426969614
	3426969615
	3426969616
	3426969617
	3426969618
	3426969619
	3426969620
	3426969621
	3426969622
	3426969623
	3426969624
	3426969625
	3426969626
	3426969627
	3426969628
	3426969629
	3426969630
	3426969631
	3426969632
	3426969633
	3426969634
	3426969635
	3426969636
	3426969637
	3426969638
	3426969639
	3426969640
	3426969641
	3426969642
	3426969643
	3426969644
	3426969645
	3426969646
	3426969647
	3426969648
	3426969649
	3426969650
	3426969651
	3426969652
	3426969653
	3426969654
	3426969655
	3426969656
	3426969657
	3426969658
	3426969659
	3426969660
	3426969661
	3426969662
	3426969663
	3426969664
	3426969665
	3426969666
	3426969667
	3426969668
	3426969669
	3426969670
	3426969671
	3426969672
	3426969673
	3426969674
	3426969675
	3426969676
	3426969677
	3426969678
	3426969679
	3426969680
	3426969681
	3426969682
	3426969683
	3426969684
	3426969685
	3426969686
	3426969687
	3426969688
	3426969689
	3426969690
	3426969691
	3426969692
	3426969693
	3426969694
	3426969695
	3426969696
	3426969697
	3426969698
	3426969699
	3426969700
	3426969701
	3426969702
	3426969703
	3426969704
	3426969705
	3426969706
	3426969707
	3426969708
	3426969709
	3426969710
	3426969711
	3426969712
	3426969713
	3426969714
	3426969715
	3426969716
	3426969717
	3426969718
	3426969719
	3426969720
	3426969721
	3426969722
	3426969723
	3426969724
	3426969725
	3426969726
	3426969727
	3426969728
	3426969729
	3426969730
	3426969731
	3426969732
	3426969733
	3426969734
	3426969735
	3426969736
	3426969737
	3426969738
	3426969739
	3426969740
	3426969741
	3426969742
	3426969743
	3426969744
	3426969745
	3426969746
	3426969747
	3426969748
	3426969749
	3426969750
	3426969751
	3426969752
	3426969753
	3426969754
	3426969755
	3426969756
	3426969757
	3426969758
	3426969759
	3426969760
	3426969761
	3426969762
	3426969763
	3426969764
	3426969765
	3426969766
	3426969767
	3426969768
	3426969769
	3426969770
	3426969771
	3426969772
	3426969773
	3426969774
	3426969775
	3426969776
	3426969777
	3426969778
	3426969779
	3426969780
	3426969781
	3426969782
	3426969783
	3426969784
	3426969785
	3426969786
	3426969787
	3426969788
	3426969789
	3426969790
	3426969791
	3426969792
	3426969793
	3426969794
	3426969795
	3426969796
	3426969797
	3426969798
	3426969799
	3426969800
	3426969801
	3426969802
	3426969803
	3426969804
	3426969805
	3426969806
	3426969807
	3426969808
	3426969809
	3426969810
	3426969811
	3426969812
	3426969813
	3426969814
	3426969815
	3426969816
	3426969817
	3426969818
	3426969819
	3426969820
	3426969821
	3426969822
	3426969823
	3426969824
	3426969825
	3426969826
	3426969827
	3426969828
	3426969829
	3426969830
	3426969831
	3426969832
	3426969833
	3426969834
	3426969835
	3426969836
	3426969837
	3426969838
	3426969839
	3426969840
	3426969841
	3426969842
	3426969843
	3426969844
	3426969845
	3426969846
	3426969847
	3426969848
	3426969849
	3426969850
	3426969851
	3426969852
	3426969853
	3426969854
	3426969855
	3426969856
	3426969857
	3426969858
	3426969859
	3426969860
	3426969861
	3426969862
	3426969863
	3426969864
	3426969865
	3426969866
	3426969867
	3426969868
	3426969869
	3426969870
	3426969871
	3426969872
	3426969873
	3426969874
	3426969875
	3426969876
	3426969877
	3426969878
	3426969879
	3426969880
	3426969881
	3426969882
	3426969883
	3426969884
	3426969885
	3426969886
	3426969887
	3426969888
	3426969889
	3426969890
	3426969891
	3426969892
	3426969893
	3426969894
	3426969895
	3426969896
	3426969897
	3426969898
	3426969899
	3426969900
	3426969901
	3426969902
	3426969903
	3426969904
	3426969905
	3426969906
	3426969907
	3426969908
	3426969909
	3426969910
	3426969911
	3426969912
	3426969913
	3426969914
	3426969915
	3426969916
	3426969917
	3426969918
	3426969919
	3426969920
	3426969921
	3426969922
	3426969923
	3426969924
	3426969925
	3426969926
	3426969927
	3426969928
	3426969929
	3426969930
	3426969931
	3426969932
	3426969933
	3426969934
	3426969935
	3426969936
	3426969937
	3426969938
	3426969939
	3426969940
	3426969941
	3426969942
	3426969943
	3426969944
	3426969945
	3426969946
	3426969947
	3426969948
	3426969949
	3426969950
	3426969951
	3426969952
	3426969953
	3426969954
	3426969955
	3426969956
	3426969957
	3426969958
	3426969959
	3426969960
	3426969961
	3426969962
	3426969963
	3426969964
	3426969965
	3426969966
	3426969967
	3426969968
	3426969969
	3426969970
	3426969971
	3426969972
	3426969973
	3426969974
	3426969975
	3426969976
	3426969977
	3426969978
	3426969979
	3426969980
	3426969981
	3426969982
	3426969983
	3426969984
	3426969985
	3426969986
	3426969987
	3426969988
	3426969989
	3426969990
	3426969991
	3426969992
	3426969993
	3426969994
	3426969995
	3426969996
	3426969997
	3426969998
	3426969999
	3426970000
	3426970001
	3426970002
	3426970003
	3426970004
	3426970005
	3426970006
	3426970007
	3426970008
	3426970009
	3426970010
	3426970011
	3426970012
	3426970013
	3426970014
	3426970015
	3426970016
	3426970017
	3426970018
	3426970019
	3426970020
	3426970021
	3426970022
	3426970023
	3426970024
	3426970025
	3426970026
	3426970027
	3426970028
	3426970029
	3426970030
	3426970031
	3426970032
	3426970033
	3426970034
	3426970035
	3426970036
	3426970037
	3426970038
	3426970039
	3426970040
	3426970041
	3426970042
	3426970043
	3426970044
	3426970045
	3426970046
	3426970047
	3426970048
	3426970049
	3426970050
	3426970051
	3426970052
	3426970053
	3426970054
	3426970055
	3426970056
	3426970057
	3426970058
	3426970059
	3426970060
	3426970061
	3426970062
	3426970063
	3426970064
	3426970065
	3426970066
	3426970067
	3426970068
	3426970069
	3426970070
	3426970071
	3426970072
	3426970073
	3426970074
	3426970075
	3426970076
	3426970077
	3426970078
	3426970079
	3426970080
	3426970081
	3426970082
	3426970083
	3426970084
	3426970085
	3426970086
	3426970087
	3426970088
	3426970089
	3426970090
	3426970091
	3426970092
	3426970093
	3426970094
	3426970095
	3426970096
	3426970097
	3426970098
	3426970099
	3426970100
	3426970101
	3426970102
	3426970103
	3426970104
	3426970105
	3426970106
	3426970107
	3426970108
	3426970109
	3426970110
	3426970111
	3426970112
	3426970113
	3426970114
	3426970115
	3426970116
	3426970117
	3426970118
	3426970119
	3426970120
	3426970121
	3426970122
	3426970123
	3426970124
	3426970125
	3426970126
	3426970127
	3426970128
	3426970129
	3426970130
	3426970131
	3426970132
	3426970133
	3426970134
	3426970135
	3426970136
	3426970137
	3426970138
	3426970139
	3426970140
	3426970141
	3426970142
	3426970143
	3426970144
	3426970145
	3426970146
	3426970147
	3426970148
	3426970149
	3426970150
	3426970151
	3426970152
	3426970153
	3426970154
	3426970155
	3426970156
	3426970157
	3426970158
	3426970159
	3426970160
	3426970161
	3426970162
	3426970163
	3426970164
	3426970165
	3426970166
	3426970167
	3426970168
	3426970169
	3426970170
	3426970171
	3426970172
	3426970173
	3426970174
	3426970175
	3426970176
	3426970177
	3426970178
	3426970179
	3426970180
	3426970181
	3426970182
	3426970183
	3426970184
	3426970185
	3426970186
	3426970187
	3426970188
	3426970189
	3426970190
	3426970191
	3426970192
	3426970193
	3426970194
	3426970195
	3426970196
	3426970197
	3426970198
	3426970199
	3426970200
	3426970201
	3426970202
	3426970203
	3426970204
	3426970205
	3426970206
	3426970207
	3426970208
	3426970209
	3426970210
	3426970211
	3426970212
	3426970213
	3426970214
	3426970215
	3426970216
	3426970217
	3426970218
	3426970219
	3426970220
	3426970221
	3426970222
	3426970223
	3426970224
	3426970225
	3426970226
	3426970227
	3426970228
	3426970229
	3426970230
	3426970231
	3426970232
	3426970233
	3426970234
	3426970235
	3426970236
	3426970237
	3426970238
	3426970239
	3426970240
	3426970241
	3426970242
	3426970243
	3426970244
	3426970245
	3426970246
	3426970247
	3426970248
	3426970249
	3426970250
	3426970251
	3426970252
	3426970253
	3426970254
	3426970255
	3426970256
	3426970257
	3426970258
	3426970259
	3426970260
	3426970261
	3426970262
	3426970263
	3426970264
	3426970265
	3426970266
	3426970267
	3426970268
	3426970269
	3426970270
	3426970271
	3426970272
	3426970273
	3426970274
	3426970275
	3426970276
	3426970277
	3426970278
	3426970279
	3426970280
	3426970281
	3426970282
	3426970283
	3426970284
	3426970285
	3426970286
	3426970287
	3426970288
	3426970289
	3426970290
	3426970291
	3426970292
	3426970293
	3426970294
	3426970295
	3426970296
	3426970297
	3426970298
	3426970299
	3426970300
	3426970301
	3426970302
	3426970303
	3426970304
	3426970305
	3426970306
	3426970307
	3426970308
	3426970309
	3426970310
	3426970311
	3426970312
	3426970313
	3426970314
	3426970315
	3426970316
	3426970317
	3426970318
	3426970319
	3426970320
	3426970321
	3426970322
	3426970323
	3426970324
	3426970325
	3426970326
	3426970327
	3426970328
	3426970329
	3426970330
	3426970331
	3426970332
	3426970333
	3426970334
	3426970335
	3426970336
	3426970337
	3426970338
	3426970339
	3426970340
	3426970341
	3426970342
	3426970343
	3426970344
	3426970345
	3426970346
	3426970347
	3426970348
	3426970349
	3426970350
	3426970351
	3426970352
	3426970353
	3426970354
	3426970355
	3426970356
	3426970357
	3426970358
	3426970359
	3426970360
	3426970361
	3426970362
	3426970363
	3426970364
	3426970365
	3426970366
	3426970367
	3426970368
	3426970369
	3426970370
	3426970371
	3426970372
	3426970373
	3426970374
	3426970375
	3426970376
	3426970377
	3426970378
	3426970379
	3426970380
	3426970381
	3426970382
	3426970383
	3426970384
	3426970385
	3426970386
	3426970387
	3426970388
	3426970389
	3426970390
	3426970391
	3426970392
	3426970393
	3426970394
	3426970395
	3426970396
	3426970397
	3426970398
	3426970399
	3426970400
	3426970401
	3426970402
	3426970403
	3426970404
	3426970405
	3426970406
	3426970407
	3426970408
	3426970409
	3426970410
	3426970411
	3426970412
	3426970413
	3426970414
	3426970415
	3426970416
	3426970417
	3426970418
	3426970419
	3426970420
	3426970421
	3426970422
	3426970423
	3426970424
	3426970425
	3426970426
	3426970427
	3426970428
	3426970429
	3426970430
	3426970431
	3426970432
	3426970433
	3426970434
	3426970435
	3426970436
	3426970437
	3426970438
	3426970439
	3426970440
	3426970441
	3426970442
	3426970443
	3426970444
	3426970445
	3426970446
	3426970447
	3426970448
	3426970449
	3426970450
	3426970451
	3426970452
	3426970453
	3426970454
	3426970455
	3426970456
	3426970457
	3426970458
	3426970459
	3426970460
	3426970461
	3426970462
	3426970463
	3426970464
	3426970465
	3426970466
	3426970467
	3426970468
	3426970469
	3426970470
	3426970471
	3426970472
	3426970473
	3426970474
	3426970475
	3426970476
	3426970477
	3426970478
	3426970479
	3426970480
	3426970481
	3426970482
	3426970483
	3426970484
	3426970485
	3426970486
	3426970487
	3426970488
	3426970489
	3426970490
	3426970491
	3426970492
	3426970493
	3426970494
	3426970495
	3426970496
	3426970497
	3426970498
	3426970499
	3426970500
	3426970501
	3426970502
	3426970503
	3426970504
	3426970505
	3426970506
	3426970507
	3426970508
	3426970509
	3426970510
	3426970511
	3426970512
	3426970513
	3426970514
	3426970515
	3426970516
	3426970517
	3426970518
	3426970519
	3426970520
	3426970521
	3426970522
	3426970523
	3426970524
	3426970525
	3426970526
	3426970527
	3426970528
	3426970529
	3426970530
	3426970531
	3426970532
	3426970533
	3426970534
	3426970535
	3426970536
	3426970537
	3426970538
	3426970539
	3426970540
	3426970541
	3426970542
	3426970543
	3426970544
	3426970545
	3426970546
	3426970547
	3426970548
	3426970549
	3426970550
	3426970551
	3426970552
	3426970553
	3426970554
	3426970555
	3426970556
	3426970557
	3426970558
	3426970559
	3426970560
	3426970561
	3426970562
	3426970563
	3426970564
	3426970565
	3426970566
	3426970567
	3426970568
	3426970569
	3426970570
	3426970571
	3426970572
	3426970573
	3426970574
	3426970575
	3426970576
	3426970577
	3426970578
	3426970579
	3426970580
	3426970581
	3426970582
	3426970583
	3426970584
	3426970585
	3426970586
	3426970587
	3426970588
	3426970589
	3426970590
	3426970591
	3426970592
	3426970593
	3426970594
	3426970595
	3426970596
	3426970597
	3426970598
	3426970599
	3426970600
	3426970601
	3426970602
	3426970603
	3426970604
	3426970605
	3426970606
	3426970607
	3426970608
	3426970609
	3426970610
	3426970611
	3426970612
	3426970613
	3426970614
	3426970615
	3426970616
	3426970617
	3426970618
	3426970619
	3426970620
	3426970621
	3426970622
	3426970623
	3426970624
	3426970625
	3426970626
	3426970627
	3426970628
	3426970629
	3426970630
	3426970631
	3426970632
	3426970633
	3426970634
	3426970635
	3426970636
	3426970637
	3426970638
	3426970639
	3426970640
	3426970641
	3426970642
	3426970643
	3426970644
	3426970645
	3426970646
	3426970647
	3426970648
	3426970649
	3426970650
	3426970651
	3426970652
	3426970653
	3426970654
	3426970655
	3426970656
	3426970657
	3426970658
	3426970659
	3426970660
	3426970661
	3426970662
	3426970663
	3426970664
	3426970665
	3426970666
	3426970667
	3426970668
	3426970669
	3426970670
	3426970671
	3426970672
	3426970673
	3426970674
	3426970675
	3426970676
	3426970677
	3426970678
	3426970679
	3426970680
	3426970681
	3426970682
	3426970683
	3426970684
	3426970685
	3426970686
	3426970687
	3426970688
	3426970689
	3426970690
	3426970691
	3426970692
	3426970693
	3426970694
	3426970695
	3426970696
	3426970697
	3426970698
	3426970699
	3426970700
	3426970701
	3426970702
	3426970703
	3426970704
	3426970705
	3426970706
	3426970707
	3426970708
	3426970709
	3426970710
	3426970711
	3426970712
	3426970713
	3426970714
	3426970715
	3426970716
	3426970717
	3426970718
	3426970719
	3426970720
	3426970721
	3426970722
	3426970723
	3426970724
	3426970725
	3426970726
	3426970727
	3426970728
	3426970729
	3426970730
	3426970731
	3426970732
	3426970733
	3426970734
	3426970735
	3426970736
	3426970737
	3426970738
	3426970739
	3426970740
	3426970741
	3426970742
	3426970743
	3426970744
	3426970745
	3426970746
	3426970747
	3426970748
	3426970749
	3426970750
	3426970751
	3426970752
	3426970753
	3426970754
	3426970755
	3426970756
	3426970757
	3426970758
	3426970759
	3426970760
	3426970761
	3426970762
	3426970763
	3426970764
	3426970765
	3426970766
	3426970767
	3426970768
	3426970769
	3426970770
	3426970771
	3426970772
	3426970773
	3426970774
	3426970775
	3426970776
	3426970777
	3426970778
	3426970779
	3426970780
	3426970781
	3426970782
	3426970783
	3426970784
	3426970785
	3426970786
	3426970787
	3426970788
	3426970789
	3426970790
	3426970791
	3426970792
	3426970793
	3426970794
	3426970795
	3426970796
	3426970797
	3426970798
	3426970799
	3426970800
	3426970801
	3426970802
	3426970803
	3426970804
	3426970805
	3426970806
	3426970807
	3426970808
	3426970809
	3426970810
	3426970811
	3426970812
	3426970813
	3426970814
	3426970815
	3426970816
	3426970817
	3426970818
	3426970819
	3426970820
	3426970821
	3426970822
	3426970823
	3426970824
	3426970825
	3426970826
	3426970827
	3426970828
	3426970829
	3426970830
	3426970831
	3426970832
	3426970833
	3426970834
	3426970835
	3426970836
	3426970837
	3426970838
	3426970839
	3426970840
	3426970841
	3426970842
	3426970843
	3426970844
	3426970845
	3426970846
	3426970847
	3426970848
	3426970849
	3426970850
	3426970851
	3426970852
	3426970853
	3426970854
	3426970855
	3426970856
	3426970857
	3426970858
	3426970859
	3426970860
	3426970861
	3426970862
	3426970863
	3426970864
	3426970865
	3426970866
	3426970867
	3426970868
	3426970869
	3426970870
	3426970871
	3426970872
	3426970873
	3426970874
	3426970875
	3426970876
	3426970877
	3426970878
	3426970879
	3426970880
	3426970881
	3426970882
	3426970883
	3426970884
	3426970885
	3426970886
	3426970887
	3426970888
	3426970889
	3426970890
	3426970891
	3426970892
	3426970893
	3426970894
	3426970895
	3426970896
	3426970897
	3426970898
	3426970899
	3426970900
	3426970901
	3426970902
	3426970903
	3426970904
	3426970905
	3426970906
	3426970907
	3426970908
	3426970909
	3426970910
	3426970911
	3426970912
	3426970913
	3426970914
	3426970915
	3426970916
	3426970917
	3426970918
	3426970919
	3426970920
	3426970921
	3426970922
	3426970923
	3426970924
	3426970925
	3426970926
	3426970927
	3426970928
	3426970929
	3426970930
	3426970931
	3426970932
	3426970933
	3426970934
	3426970935
	3426970936
	3426970937
	3426970938
	3426970939
	3426970940
	3426970941
	3426970942
	3426970943
	3426970944
	3426970945
	3426970946
	3426970947
	3426970948
	3426970949
	3426970950
	3426970951
	3426970952
	3426970953
	3426970954
	3426970955
	3426970956
	3426970957
	3426970958
	3426970959
	3426970960
	3426970961
	3426970962
	3426970963
	3426970964
	3426970965
	3426970966
	3426970967
	3426970968
	3426970969
	3426970970
	3426970971
	3426970972
	3426970973
	3426970974
	3426970975
	3426970976
	3426970977
	3426970978
	3426970979
	3426970980
	3426970981
	3426970982
	3426970983
	3426970984
	3426970985
	3426970986
	3426970987
	3426970988
	3426970989
	3426970990
	3426970991
	3426970992
	3426970993
	3426970994
	3426970995
	3426970996
	3426970997
	3426970998
	3426970999
	3426971000
	3426971001
	3426971002
	3426971003
	3426971004
	3426971005
	3426971006
	3426971007
	3426971008
	3426971009
	3426971010
	3426971011
	3426971012
	3426971013
	3426971014
	3426971015
	3426971016
	3426971017
	3426971018
	3426971019
	3426971020
	3426971021
	3426971022
	3426971023
	3426971024
	3426971025
	3426971026
	3426971027
	3426971028
	3426971029
	3426971030
	3426971031
	3426971032
	3426971033
	3426971034
	3426971035
	3426971036
	3426971037
	3426971038
	3426971039
	3426971040
	3426971041
	3426971042
	3426971043
	3426971044
	3426971045
	3426971046
	3426971047
	3426971048
	3426971049
	3426971050
	3426971051
	3426971052
	3426971053
	3426971054
	3426971055
	3426971056
	3426971057
	3426971058
	3426971059
	3426971060
	3426971061
	3426971062
	3426971063
	3426971064
	3426971065
	3426971066
	3426971067
	3426971068
	3426971069
	3426971070
	3426971071
	3426971072
	3426971073
	3426971074
	3426971075
	3426971076
	3426971077
	3426971078
	3426971079
	3426971080
	3426971081
	3426971082
	3426971083
	3426971084
	3426971085
	3426971086
	3426971087
	3426971088
	3426971089
	3426971090
	3426971091
	3426971092
	3426971093
	3426971094
	3426971095
	3426971096
	3426971097
	3426971098
	3426971099
	3426971100
	3426971101
	3426971102
	3426971103
	3426971104
	3426971105
	3426971106
	3426971107
	3426971108
	3426971109
	3426971110
	3426971111
	3426971112
	3426971113
	3426971114
	3426971115
	3426971116
	3426971117
	3426971118
	3426971119
	3426971120
	3426971121
	3426971122
	3426971123
	3426971124
	3426971125
	3426971126
	3426971127
	3426971128
	3426971129
	3426971130
	3426971131
	3426971132
	3426971133
	3426971134
	3426971135
	3426971136
	3426971137
	3426971138
	3426971139
	3426971140
	3426971141
	3426971142
	3426971143
	3426971144
	3426971145
	3426971146
	3426971147
	3426971148
	3426971149
	3426971150
	3426971151
	3426971152
	3426971153
	3426971154
	3426971155
	3426971156
	3426971157
	3426971158
	3426971159
	3426971160
	3426971161
	3426971162
	3426971163
	3426971164
	3426971165
	3426971166
	3426971167
	3426971168
	3426971169
	3426971170
	3426971171
	3426971172
	3426971173
	3426971174
	3426971175
	3426971176
	3426971177
	3426971178
	3426971179
	3426971180
	3426971181
	3426971182
	3426971183
	3426971184
	3426971185
	3426971186
	3426971187
	3426971188
	3426971189
	3426971190
	3426971191
	3426971192
	3426971193
	3426971194
	3426971195
	3426971196
	3426971197
	3426971198
	3426971199
	3426971200
	3426971201
	3426971202
	3426971203
	3426971204
	3426971205
	3426971206
	3426971207
	3426971208
	3426971209
	3426971210
	3426971211
	3426971212
	3426971213
	3426971214
	3426971215
	3426971216
	3426971217
	3426971218
	3426971219
	3426971220
	3426971221
	3426971222
	3426971223
	3426971224
	3426971225
	3426971226
	3426971227
	3426971228
	3426971229
	3426971230
	3426971231
	3426971232
	3426971233
	3426971234
	3426971235
	3426971236
	3426971237
	3426971238
	3426971239
	3426971240
	3426971241
	3426971242
	3426971243
	3426971244
	3426971245
	3426971246
	3426971247
	3426971248
	3426971249
	3426971250
	3426971251
	3426971252
	3426971253
	3426971254
	3426971255
	3426971256
	3426971257
	3426971258
	3426971259
	3426971260
	3426971261
	3426971262
	3426971263
	3426971264
	3426971265
	3426971266
	3426971267
	3426971268
	3426971269
	3426971270
	3426971271
	3426971272
	3426971273
	3426971274
	3426971275
	3426971276
	3426971277
	3426971278
	3426971279
	3426971280
	3426971281
	3426971282
	3426971283
	3426971284
	3426971285
	3426971286
	3426971287
	3426971288
	3426971289
	3426971290
	3426971291
	3426971292
	3426971293
	3426971294
	3426971295
	3426971296
	3426971297
	3426971298
	3426971299
	3426971300
	3426971301
	3426971302
	3426971303
	3426971304
	3426971305
	3426971306
	3426971307
	3426971308
	3426971309
	3426971310
	3426971311
	3426971312
	3426971313
	3426971314
	3426971315
	3426971316
	3426971317
	3426971318
	3426971319
	3426971320
	3426971321
	3426971322
	3426971323
	3426971324
	3426971325
	3426971326
	3426971327
	3426971328
	3426971329
	3426971330
	3426971331
	3426971332
	3426971333
	3426971334
	3426971335
	3426971336
	3426971337
	3426971338
	3426971339
	3426971340
	3426971341
	3426971342
	3426971343
	3426971344
	3426971345
	3426971346
	3426971347
	3426971348
	3426971349
	3426971350
	3426971351
	3426971352
	3426971353
	3426971354
	3426971355
	3426971356
	3426971357
	3426971358
	3426971359
	3426971360
	3426971361
	3426971362
	3426971363
	3426971364
	3426971365
	3426971366
	3426971367
	3426971368
	3426971369
	3426971370
	3426971371
	3426971372
	3426971373
	3426971374
	3426971375
	3426971376
	3426971377
	3426971378
	3426971379
	3426971380
	3426971381
	3426971382
	3426971383
	3426971384
	3426971385
	3426971386
	3426971387
	3426971388
	3426971389
	3426971390
	3426971391
	3426971392
	3426971393
	3426971394
	3426971395
	3426971396
	3426971397
	3426971398
	3426971399
	3426971400
	3426971401
	3426971402
	3426971403
	3426971404
	3426971405
	3426971406
	3426971407
	3426971408
	3426971409
	3426971410
	3426971411
	3426971412
	3426971413
	3426971414
	3426971415
	3426971416
	3426971417
	3426971418
	3426971419
	3426971420
	3426971421
	3426971422
	3426971423
	3426971424
	3426971425
	3426971426
	3426971427
	3426971428
	3426971429
	3426971430
	3426971431
	3426971432
	3426971433
	3426971434
	3426971435
	3426971436
	3426971437
	3426971438
	3426971439
	3426971440
	3426971441
	3426971442
	3426971443
	3426971444
	3426971445
	3426971446
	3426971447
	3426971448
	3426971449
	3426971450
	3426971451
	3426971452
	3426971453
	3426971454
	3426971455
	3426971456
	3426971457
	3426971458
	3426971459
	3426971460
	3426971461
	3426971462
	3426971463
	3426971464
	3426971465
	3426971466
	3426971467
	3426971468
	3426971469
	3426971470
	3426971471
	3426971472
	3426971473
	3426971474
	3426971475
	3426971476
	3426971477
	3426971478
	3426971479
	3426971480
	3426971481
	3426971482
	3426971483
	3426971484
	3426971485
	3426971486
	3426971487
	3426971488
	3426971489
	3426971490
	3426971491
	3426971492
	3426971493
	3426971494
	3426971495
	3426971496
	3426971497
	3426971498
	3426971499
	3426971500
	3426971501
	3426971502
	3426971503
	3426971504
	3426971505
	3426971506
	3426971507
	3426971508
	3426971509
	3426971510
	3426971511
	3426971512
	3426971513
	3426971514
	3426971515
	3426971516
	3426971517
	3426971518
	3426971519
	3426971520
	3426971521
	3426971522
	3426971523
	3426971524
	3426971525
	3426971526
	3426971527
	3426971528
	3426971529
	3426971530
	3426971531
	3426971532
	3426971533
	3426971534
	3426971535
	3426971536
	3426971537
	3426971538
	3426971539
	3426971540
	3426971541
	3426971542
	3426971543
	3426971544
	3426971545
	3426971546
	3426971547
	3426971548
	3426971549
	3426971550
	3426971551
	3426971552
	3426971553
	3426971554
	3426971555
	3426971556
	3426971557
	3426971558
	3426971559
	3426971560
	3426971561
	3426971562
	3426971563
	3426971564
	3426971565
	3426971566
	3426971567
	3426971568
	3426971569
	3426971570
	3426971571
	3426971572
	3426971573
	3426971574
	3426971575
	3426971576
	3426971577
	3426971578
	3426971579
	3426971580
	3426971581
	3426971582
	3426971583
	3426971584
	3426971585
	3426971586
	3426971587
	3426971588
	3426971589
	3426971590
	3426971591
	3426971592
	3426971593
	3426971594
	3426971595
	3426971596
	3426971597
	3426971598
	3426971599
	3426971600
	3426971601
	3426971602
	3426971603
	3426971604
	3426971605
	3426971606
	3426971607
	3426971608
	3426971609
	3426971610
	3426971611
	3426971612
	3426971613
	3426971614
	3426971615
	3426971616
	3426971617
	3426971618
	3426971619
	3426971620
	3426971621
	3426971622
	3426971623
	3426971624
	3426971625
	3426971626
	3426971627
	3426971628
	3426971629
	3426971630
	3426971631
	3426971632
	3426971633
	3426971634
	3426971635
	3426971636
	3426971637
	3426971638
	3426971639
	3426971640
	3426971641
	3426971642
	3426971643
	3426971644
	3426971645
	3426971646
	3426971647
	3426971648
	3426971649
	3426971650
	3426971651
	3426971652
	3426971653
	3426971654
	3426971655
	3426971656
	3426971657
	3426971658
	3426971659
	3426971660
	3426971661
	3426971662
	3426971663
	3426971664
	3426971665
	3426971666
	3426971667
	3426971668
	3426971669
	3426971670
	3426971671
	3426971672
	3426971673
	3426971674
	3426971675
	3426971676
	3426971677
	3426971678
	3426971679
	3426971680
	3426971681
	3426971682
	3426971683
	3426971684
	3426971685
	3426971686
	3426971687
	3426971688
	3426971689
	3426971690
	3426971691
	3426971692
	3426971693
	3426971694
	3426971695
	3426971696
	3426971697
	3426971698
	3426971699
	3426971700
	3426971701
	3426971702
	3426971703
	3426971704
	3426971705
	3426971706
	3426971707
	3426971708
	3426971709
	3426971710
	3426971711
	3426971712
	3426971713
	3426971714
	3426971715
	3426971716
	3426971717
	3426971718
	3426971719
	3426971720
	3426971721
	3426971722
	3426971723
	3426971724
	3426971725
	3426971726
	3426971727
	3426971728
	3426971729
	3426971730
	3426971731
	3426971732
	3426971733
	3426971734
	3426971735
	3426971736
	3426971737
	3426971738
	3426971739
	3426971740
	3426971741
	3426971742
	3426971743
	3426971744
	3426971745
	3426971746
	3426971747
	3426971748
	3426971749
	3426971750
	3426971751
	3426971752
	3426971753
	3426971754
	3426971755
	3426971756
	3426971757
	3426971758
	3426971759
	3426971760
	3426971761
	3426971762
	3426971763
	3426971764
	3426971765
	3426971766
	3426971767
	3426971768
	3426971769
	3426971770
	3426971771
	3426971772
	3426971773
	3426971774
	3426971775
	3426971776
	3426971777
	3426971778
	3426971779
	3426971780
	3426971781
	3426971782
	3426971783
	3426971784
	3426971785
	3426971786
	3426971787
	3426971788
	3426971789
	3426971790
	3426971791
	3426971792
	3426971793
	3426971794
	3426971795
	3426971796
	3426971797
	3426971798
	3426971799
	3426971800
	3426971801
	3426971802
	3426971803
	3426971804
	3426971805
	3426971806
	3426971807
	3426971808
	3426971809
	3426971810
	3426971811
	3426971812
	3426971813
	3426971814
	3426971815
	3426971816
	3426971817
	3426971818
	3426971819
	3426971820
	3426971821
	3426971822
	3426971823
	3426971824
	3426971825
	3426971826
	3426971827
	3426971828
	3426971829
	3426971830
	3426971831
	3426971832
	3426971833
	3426971834
	3426971835
	3426971836
	3426971837
	3426971838
	3426971839
	3426971840
	3426971841
	3426971842
	3426971843
	3426971844
	3426971845
	3426971846
	3426971847
	3426971848
	3426971849
	3426971850
	3426971851
	3426971852
	3426971853
	3426971854
	3426971855
	3426971856
	3426971857
	3426971858
	3426971859
	3426971860
	3426971861
	3426971862
	3426971863
	3426971864
	3426971865
	3426971866
	3426971867
	3426971868
	3426971869
	3426971870
	3426971871
	3426971872
	3426971873
	3426971874
	3426971875
	3426971876
	3426971877
	3426971878
	3426971879
	3426971880
	3426971881
	3426971882
	3426971883
	3426971884
	3426971885
	3426971886
	3426971887
	3426971888
	3426971889
	3426971890
	3426971891
	3426971892
	3426971893
	3426971894
	3426971895
	3426971896
	3426971897
	3426971898
	3426971899
	3426971900
	3426971901
	3426971902
	3426971903
	3426971904
	3426971905
	3426971906
	3426971907
	3426971908
	3426971909
	3426971910
	3426971911
	3426971912
	3426971913
	3426971914
	3426971915
	3426971916
	3426971917
	3426971918
	3426971919
	3426971920
	3426971921
	3426971922
	3426971923
	3426971924
	3426971925
	3426971926
	3426971927
	3426971928
	3426971929
	3426971930
	3426971931
	3426971932
	3426971933
	3426971934
	3426971935
	3426971936
	3426971937
	3426971938
	3426971939
	3426971940
	3426971941
	3426971942
	3426971943
	3426971944
	3426971945
	3426971946
	3426971947
	3426971948
	3426971949
	3426971950
	3426971951
	3426971952
	3426971953
	3426971954
	3426971955
	3426971956
	3426971957
	3426971958
	3426971959
	3426971960
	3426971961
	3426971962
	3426971963
	3426971964
	3426971965
	3426971966
	3426971967
	3426971968
	3426971969
	3426971970
	3426971971
	3426971972
	3426971973
	3426971974
	3426971975
	3426971976
	3426971977
	3426971978
	3426971979
	3426971980
	3426971981
	3426971982
	3426971983
	3426971984
	3426971985
	3426971986
	3426971987
	3426971988
	3426971989
	3426971990
	3426971991
	3426971992
	3426971993
	3426971994
	3426971995
	3426971996
	3426971997
	3426971998
	3426971999
	3426972000
	3426972001
	3426972002
	3426972003
	3426972004
	3426972005
	3426972006
	3426972007
	3426972008
	3426972009
	3426972010
	3426972011
	3426972012
	3426972013
	3426972014
	3426972015
	3426972016
	3426972017
	3426972018
	3426972019
	3426972020
	3426972021
	3426972022
	3426972023
	3426972024
	3426972025
	3426972026
	3426972027
	3426972028
	3426972029
	3426972030
	3426972031
	3426972032
	3426972033
	3426972034
	3426972035
	3426972036
	3426972037
	3426972038
	3426972039
	3426972040
	3426972041
	3426972042
	3426972043
	3426972044
	3426972045
	3426972046
	3426972047
	3426972048
	3426972049
	3426972050
	3426972051
	3426972052
	3426972053
	3426972054
	3426972055
	3426972056
	3426972057
	3426972058
	3426972059
	3426972060
	3426972061
	3426972062
	3426972063
	3426972064
	3426972065
	3426972066
	3426972067
	3426972068
	3426972069
	3426972070
	3426972071
	3426972072
	3426972073
	3426972074
	3426972075
	3426972076
	3426972077
	3426972078
	3426972079
	3426972080
	3426972081
	3426972082
	3426972083
	3426972084
	3426972085
	3426972086
	3426972087
	3426972088
	3426972089
	3426972090
	3426972091
	3426972092
	3426972093
	3426972094
	3426972095
	3426972096
	3426972097
	3426972098
	3426972099
	3426972100
	3426972101
	3426972102
	3426972103
	3426972104
	3426972105
	3426972106
	3426972107
	3426972108
	3426972109
	3426972110
	3426972111
	3426972112
	3426972113
	3426972114
	3426972115
	3426972116
	3426972117
	3426972118
	3426972119
	3426972120
	3426972121
	3426972122
	3426972123
	3426972124
	3426972125
	3426972126
	3426972127
	3426972128
	3426972129
	3426972130
	3426972131
	3426972132
	3426972133
	3426972134
	3426972135
	3426972136
	3426972137
	3426972138
	3426972139
	3426972140
	3426972141
	3426972142
	3426972143
	3426972144
	3426972145
	3426972146
	3426972147
	3426972148
