	3426579919
	3426579920
	3426579921
	3426579922
	3426579923
	3426579924
	3426579925
	3426579926
	3426579927
	3426579928
	3426579929
	3426579930
	3426579931
	3426579932
	3426579933
	3426579934
	3426579935
	3426579936
	3426579937
	3426579938
	3426579939
	3426579940
	3426579941
	3426579942
	3426579943
	3426579944
	3426579945
	3426579946
	3426579947
	3426579948
	3426579949
	3426579950
	3426579951
	3426579952
	3426579953
	3426579954
	3426579955
	3426579956
	3426579957
	3426579958
	3426579959
	3426579960
	3426579961
	3426579962
	3426579963
	3426579964
	3426579965
	3426579966
	3426579967
	3426579968
	3426579969
	3426579970
	3426579971
	3426579972
	3426579973
	3426579974
	3426579975
	3426579976
	3426579977
	3426579978
	3426579979
	3426579980
	3426579981
	3426579982
	3426579983
	3426579984
	3426579985
	3426579986
	3426579987
	3426579988
	3426579989
	3426579990
	3426579991
	3426579992
	3426579993
	3426579994
	3426579995
	3426579996
	3426579997
	3426579998
	3426579999
	3426580000
	3426580001
	3426580002
	3426580003
	3426580004
	3426580005
	3426580006
	3426580007
	3426580008
	3426580009
	3426580010
	3426580011
	3426580012
	3426580013
	3426580014
	3426580015
	3426580016
	3426580017
	3426580018
	3426580019
	3426580020
	3426580021
	3426580022
	3426580023
	3426580024
	3426580025
	3426580026
	3426580027
	3426580028
	3426580029
	3426580030
	3426580031
	3426580032
	3426580033
	3426580034
	3426580035
	3426580036
	3426580037
	3426580038
	3426580039
	3426580040
	3426580041
	3426580042
	3426580043
	3426580044
	3426580045
	3426580046
	3426580047
	3426580048
	3426580049
	3426580050
	3426580051
	3426580052
	3426580053
	3426580054
	3426580055
	3426580056
	3426580057
	3426580058
	3426580059
	3426580060
	3426580061
	3426580062
	3426580063
	3426580064
	3426580065
	3426580066
	3426580067
	3426580068
	3426580069
	3426580070
	3426580071
	3426580072
	3426580073
	3426580074
	3426580075
	3426580076
	3426580077
	3426580078
	3426580079
	3426580080
	3426580081
	3426580082
	3426580083
	3426580084
	3426580085
	3426580086
	3426580087
	3426580088
	3426580089
	3426580090
	3426580091
	3426580092
	3426580093
	3426580094
	3426580095
	3426580096
	3426580097
	3426580098
	3426580099
	3426580100
	3426580101
	3426580102
	3426580103
	3426580104
	3426580105
	3426580106
	3426580107
	3426580108
	3426580109
	3426580110
	3426580111
	3426580112
	3426580113
	3426580114
	3426580115
	3426580116
	3426580117
	3426580118
	3426580119
	3426580120
	3426580121
	3426580122
	3426580123
	3426580124
	3426580125
	3426580126
	3426580127
	3426580128
	3426580129
	3426580130
	3426580131
	3426580132
	3426580133
	3426580134
	3426580135
	3426580136
	3426580137
	3426580138
	3426580139
	3426580140
	3426580141
	3426580142
	3426580143
	3426580144
	3426580145
	3426580146
	3426580147
	3426580148
	3426580149
	3426580150
	3426580151
	3426580152
	3426580153
	3426580154
	3426580155
	3426580156
	3426580157
	3426580158
	3426580159
	3426580160
	3426580161
	3426580162
	3426580163
	3426580164
	3426580165
	3426580166
	3426580167
	3426580168
	3426580169
	3426580170
	3426580171
	3426580172
	3426580173
	3426580174
	3426580175
	3426580176
	3426580177
	3426580178
	3426580179
	3426580180
	3426580181
	3426580182
	3426580183
	3426580184
	3426580185
	3426580186
	3426580187
	3426580188
	3426580189
	3426580190
	3426580191
	3426580192
	3426580193
	3426580194
	3426580195
	3426580196
	3426580197
	3426580198
	3426580199
	3426580200
	3426580201
	3426580202
	3426580203
	3426580204
	3426580205
	3426580206
	3426580207
	3426580208
	3426580209
	3426580210
	3426580211
	3426580212
	3426580213
	3426580214
	3426580215
	3426580216
	3426580217
	3426580218
	3426580219
	3426580220
	3426580221
	3426580222
	3426580223
	3426580224
	3426580225
	3426580226
	3426580227
	3426580228
	3426580229
	3426580230
	3426580231
	3426580232
	3426580233
	3426580234
	3426580235
	3426580236
	3426580237
	3426580238
	3426580239
	3426580240
	3426580241
	3426580242
	3426580243
	3426580244
	3426580245
	3426580246
	3426580247
	3426580248
	3426580249
	3426580250
	3426580251
	3426580252
	3426580253
	3426580254
	3426580255
	3426580256
	3426580257
	3426580258
	3426580259
	3426580260
	3426580261
	3426580262
	3426580263
	3426580264
	3426580265
	3426580266
	3426580267
	3426580268
	3426580269
	3426580270
	3426580271
	3426580272
	3426580273
	3426580274
	3426580275
	3426580276
	3426580277
	3426580278
	3426580279
	3426580280
	3426580281
	3426580282
	3426580283
	3426580284
	3426580285
	3426580286
	3426580287
	3426580288
	3426580289
	3426580290
	3426580291
	3426580292
	3426580293
	3426580294
	3426580295
	3426580296
	3426580297
	3426580298
	3426580299
	3426580300
	3426580301
	3426580302
	3426580303
	3426580304
	3426580305
	3426580306
	3426580307
	3426580308
	3426580309
	3426580310
	3426580311
	3426580312
	3426580313
	3426580314
	3426580315
	3426580316
	3426580317
	3426580318
	3426580319
	3426580320
	3426580321
	3426580322
	3426580323
	3426580324
	3426580325
	3426580326
	3426580327
	3426580328
	3426580329
	3426580330
	3426580331
	3426580332
	3426580333
	3426580334
	3426580335
	3426580336
	3426580337
	3426580338
	3426580339
	3426580340
	3426580341
	3426580342
	3426580343
	3426580344
	3426580345
	3426580346
	3426580347
	3426580348
	3426580349
	3426580350
	3426580351
	3426580352
	3426580353
	3426580354
	3426580355
	3426580356
	3426580357
	3426580358
	3426580359
	3426580360
	3426580361
	3426580362
	3426580363
	3426580364
	3426580365
	3426580366
	3426580367
	3426580368
	3426580369
	3426580370
	3426580371
	3426580372
	3426580373
	3426580374
	3426580375
	3426580376
	3426580377
	3426580378
	3426580379
	3426580380
	3426580381
	3426580382
	3426580383
	3426580384
	3426580385
	3426580386
	3426580387
	3426580388
	3426580389
	3426580390
	3426580391
	3426580392
	3426580393
	3426580394
	3426580395
	3426580396
	3426580397
	3426580398
	3426580399
	3426580400
	3426580401
	3426580402
	3426580403
	3426580404
	3426580405
	3426580406
	3426580407
	3426580408
	3426580409
	3426580410
	3426580411
	3426580412
	3426580413
	3426580414
	3426580415
	3426580416
	3426580417
	3426580418
	3426580419
	3426580420
	3426580421
	3426580422
	3426580423
	3426580424
	3426580425
	3426580426
	3426580427
	3426580428
	3426580429
	3426580430
	3426580431
	3426580432
	3426580433
	3426580434
	3426580435
	3426580436
	3426580437
	3426580438
	3426580439
	3426580440
	3426580441
	3426580442
	3426580443
	3426580444
	3426580445
	3426580446
	3426580447
	3426580448
	3426580449
	3426580450
	3426580451
	3426580452
	3426580453
	3426580454
	3426580455
	3426580456
	3426580457
	3426580458
	3426580459
	3426580460
	3426580461
	3426580462
	3426580463
	3426580464
	3426580465
	3426580466
	3426580467
	3426580468
	3426580469
	3426580470
	3426580471
	3426580472
	3426580473
	3426580474
	3426580475
	3426580476
	3426580477
	3426580478
	3426580479
	3426580480
	3426580481
	3426580482
	3426580483
	3426580484
	3426580485
	3426580486
	3426580487
	3426580488
	3426580489
	3426580490
	3426580491
	3426580492
	3426580493
	3426580494
	3426580495
	3426580496
	3426580497
	3426580498
	3426580499
	3426580500
	3426580501
	3426580502
	3426580503
	3426580504
	3426580505
	3426580506
	3426580507
	3426580508
	3426580509
	3426580510
	3426580511
	3426580512
	3426580513
	3426580514
	3426580515
	3426580516
	3426580517
	3426580518
	3426580519
	3426580520
	3426580521
	3426580522
	3426580523
	3426580524
	3426580525
	3426580526
	3426580527
	3426580528
	3426580529
	3426580530
	3426580531
	3426580532
	3426580533
	3426580534
	3426580535
	3426580536
	3426580537
	3426580538
	3426580539
	3426580540
	3426580541
	3426580542
	3426580543
	3426580544
	3426580545
	3426580546
	3426580547
	3426580548
	3426580549
	3426580550
	3426580551
	3426580552
	3426580553
	3426580554
	3426580555
	3426580556
	3426580557
	3426580558
	3426580559
	3426580560
	3426580561
	3426580562
	3426580563
	3426580564
	3426580565
	3426580566
	3426580567
	3426580568
	3426580569
	3426580570
	3426580571
	3426580572
	3426580573
	3426580574
	3426580575
	3426580576
	3426580577
	3426580578
	3426580579
	3426580580
	3426580581
	3426580582
	3426580583
	3426580584
	3426580585
	3426580586
	3426580587
	3426580588
	3426580589
	3426580590
	3426580591
	3426580592
	3426580593
	3426580594
	3426580595
	3426580596
	3426580597
	3426580598
	3426580599
	3426580600
	3426580601
	3426580602
	3426580603
	3426580604
	3426580605
	3426580606
	3426580607
	3426580608
	3426580609
	3426580610
	3426580611
	3426580612
	3426580613
	3426580614
	3426580615
	3426580616
	3426580617
	3426580618
	3426580619
	3426580620
	3426580621
	3426580622
	3426580623
	3426580624
	3426580625
	3426580626
	3426580627
	3426580628
	3426580629
	3426580630
	3426580631
	3426580632
	3426580633
	3426580634
	3426580635
	3426580636
	3426580637
	3426580638
	3426580639
	3426580640
	3426580641
	3426580642
	3426580643
	3426580644
	3426580645
	3426580646
	3426580647
	3426580648
	3426580649
	3426580650
	3426580651
	3426580652
	3426580653
	3426580654
	3426580655
	3426580656
	3426580657
	3426580658
	3426580659
	3426580660
	3426580661
	3426580662
	3426580663
	3426580664
	3426580665
	3426580666
	3426580667
	3426580668
	3426580669
	3426580670
	3426580671
	3426580672
	3426580673
	3426580674
	3426580675
	3426580676
	3426580677
	3426580678
	3426580679
	3426580680
	3426580681
	3426580682
	3426580683
	3426580684
	3426580685
	3426580686
	3426580687
	3426580688
	3426580689
	3426580690
	3426580691
	3426580692
	3426580693
	3426580694
	3426580695
	3426580696
	3426580697
	3426580698
	3426580699
	3426580700
	3426580701
	3426580702
	3426580703
	3426580704
	3426580705
	3426580706
	3426580707
	3426580708
	3426580709
	3426580710
	3426580711
	3426580712
	3426580713
	3426580714
	3426580715
	3426580716
	3426580717
	3426580718
	3426580719
	3426580720
	3426580721
	3426580722
	3426580723
	3426580724
	3426580725
	3426580726
	3426580727
	3426580728
	3426580729
	3426580730
	3426580731
	3426580732
	3426580733
	3426580734
	3426580735
	3426580736
	3426580737
	3426580738
	3426580739
	3426580740
	3426580741
	3426580742
	3426580743
	3426580744
	3426580745
	3426580746
	3426580747
	3426580748
	3426580749
	3426580750
	3426580751
	3426580752
	3426580753
	3426580754
	3426580755
	3426580756
	3426580757
	3426580758
	3426580759
	3426580760
	3426580761
	3426580762
	3426580763
	3426580764
	3426580765
	3426580766
	3426580767
	3426580768
	3426580769
	3426580770
	3426580771
	3426580772
	3426580773
	3426580774
	3426580775
	3426580776
	3426580777
	3426580778
	3426580779
	3426580780
	3426580781
	3426580782
	3426580783
	3426580784
	3426580785
	3426580786
	3426580787
	3426580788
	3426580789
	3426580790
	3426580791
	3426580792
	3426580793
	3426580794
	3426580795
	3426580796
	3426580797
	3426580798
	3426580799
	3426580800
	3426580801
	3426580802
	3426580803
	3426580804
	3426580805
	3426580806
	3426580807
	3426580808
	3426580809
	3426580810
	3426580811
	3426580812
	3426580813
	3426580814
	3426580815
	3426580816
	3426580817
	3426580818
	3426580819
	3426580820
	3426580821
	3426580822
	3426580823
	3426580824
	3426580825
	3426580826
	3426580827
	3426580828
	3426580829
	3426580830
	3426580831
	3426580832
	3426580833
	3426580834
	3426580835
	3426580836
	3426580837
	3426580838
	3426580839
	3426580840
	3426580841
	3426580842
	3426580843
	3426580844
	3426580845
	3426580846
	3426580847
	3426580848
	3426580849
	3426580850
	3426580851
	3426580852
	3426580853
	3426580854
	3426580855
	3426580856
	3426580857
	3426580858
	3426580859
	3426580860
	3426580861
	3426580862
	3426580863
	3426580864
	3426580865
	3426580866
	3426580867
	3426580868
	3426580869
	3426580870
	3426580871
	3426580872
	3426580873
	3426580874
	3426580875
	3426580876
	3426580877
	3426580878
	3426580879
	3426580880
	3426580881
	3426580882
	3426580883
	3426580884
	3426580885
	3426580886
	3426580887
	3426580888
	3426580889
	3426580890
	3426580891
	3426580892
	3426580893
	3426580894
	3426580895
	3426580896
	3426580897
	3426580898
	3426580899
	3426580900
	3426580901
	3426580902
	3426580903
	3426580904
	3426580905
	3426580906
	3426580907
	3426580908
	3426580909
	3426580910
	3426580911
	3426580912
	3426580913
	3426580914
	3426580915
	3426580916
	3426580917
	3426580918
	3426580919
	3426580920
	3426580921
	3426580922
	3426580923
	3426580924
	3426580925
	3426580926
	3426580927
	3426580928
	3426580929
	3426580930
	3426580931
	3426580932
	3426580933
	3426580934
	3426580935
	3426580936
	3426580937
	3426580938
	3426580939
	3426580940
	3426580941
	3426580942
	3426580943
	3426580944
	3426580945
	3426580946
	3426580947
	3426580948
	3426580949
	3426580950
	3426580951
	3426580952
	3426580953
	3426580954
	3426580955
	3426580956
	3426580957
	3426580958
	3426580959
	3426580960
	3426580961
	3426580962
	3426580963
	3426580964
	3426580965
	3426580966
	3426580967
	3426580968
	3426580969
	3426580970
	3426580971
	3426580972
	3426580973
	3426580974
	3426580975
	3426580976
	3426580977
	3426580978
	3426580979
	3426580980
	3426580981
	3426580982
	3426580983
	3426580984
	3426580985
	3426580986
	3426580987
	3426580988
	3426580989
	3426580990
	3426580991
	3426580992
	3426580993
	3426580994
	3426580995
	3426580996
	3426580997
	3426580998
	3426580999
	3426581000
	3426581001
	3426581002
	3426581003
	3426581004
	3426581005
	3426581006
	3426581007
	3426581008
	3426581009
	3426581010
	3426581011
	3426581012
	3426581013
	3426581014
	3426581015
	3426581016
	3426581017
	3426581018
	3426581019
	3426581020
	3426581021
	3426581022
	3426581023
	3426581024
	3426581025
	3426581026
	3426581027
	3426581028
	3426581029
	3426581030
	3426581031
	3426581032
	3426581033
	3426581034
	3426581035
	3426581036
	3426581037
	3426581038
	3426581039
	3426581040
	3426581041
	3426581042
	3426581043
	3426581044
	3426581045
	3426581046
	3426581047
	3426581048
	3426581049
	3426581050
	3426581051
	3426581052
	3426581053
	3426581054
	3426581055
	3426581056
	3426581057
	3426581058
	3426581059
	3426581060
	3426581061
	3426581062
	3426581063
	3426581064
	3426581065
	3426581066
	3426581067
	3426581068
	3426581069
	3426581070
	3426581071
	3426581072
	3426581073
	3426581074
	3426581075
	3426581076
	3426581077
	3426581078
	3426581079
	3426581080
	3426581081
	3426581082
	3426581083
	3426581084
	3426581085
	3426581086
	3426581087
	3426581088
	3426581089
	3426581090
	3426581091
	3426581092
	3426581093
	3426581094
	3426581095
	3426581096
	3426581097
	3426581098
	3426581099
	3426581100
	3426581101
	3426581102
	3426581103
	3426581104
	3426581105
	3426581106
	3426581107
	3426581108
	3426581109
	3426581110
	3426581111
	3426581112
	3426581113
	3426581114
	3426581115
	3426581116
	3426581117
	3426581118
	3426581119
	3426581120
	3426581121
	3426581122
	3426581123
	3426581124
	3426581125
	3426581126
	3426581127
	3426581128
	3426581129
	3426581130
	3426581131
	3426581132
	3426581133
	3426581134
	3426581135
	3426581136
	3426581137
	3426581138
	3426581139
	3426581140
	3426581141
	3426581142
	3426581143
	3426581144
	3426581145
	3426581146
	3426581147
	3426581148
	3426581149
	3426581150
	3426581151
	3426581152
	3426581153
	3426581154
	3426581155
	3426581156
	3426581157
	3426581158
	3426581159
	3426581160
	3426581161
	3426581162
	3426581163
	3426581164
	3426581165
	3426581166
	3426581167
	3426581168
	3426581169
	3426581170
	3426581171
	3426581172
	3426581173
	3426581174
	3426581175
	3426581176
	3426581177
	3426581178
	3426581179
	3426581180
	3426581181
	3426581182
	3426581183
	3426581184
	3426581185
	3426581186
	3426581187
	3426581188
	3426581189
	3426581190
	3426581191
	3426581192
	3426581193
	3426581194
	3426581195
	3426581196
	3426581197
	3426581198
	3426581199
	3426581200
	3426581201
	3426581202
	3426581203
	3426581204
	3426581205
	3426581206
	3426581207
	3426581208
	3426581209
	3426581210
	3426581211
	3426581212
	3426581213
	3426581214
	3426581215
	3426581216
	3426581217
	3426581218
	3426581219
	3426581220
	3426581221
	3426581222
	3426581223
	3426581224
	3426581225
	3426581226
	3426581227
	3426581228
	3426581229
	3426581230
	3426581231
	3426581232
	3426581233
	3426581234
	3426581235
	3426581236
	3426581237
	3426581238
	3426581239
	3426581240
	3426581241
	3426581242
	3426581243
	3426581244
	3426581245
	3426581246
	3426581247
	3426581248
	3426581249
	3426581250
	3426581251
	3426581252
	3426581253
	3426581254
	3426581255
	3426581256
	3426581257
	3426581258
	3426581259
	3426581260
	3426581261
	3426581262
	3426581263
	3426581264
	3426581265
	3426581266
	3426581267
	3426581268
	3426581269
	3426581270
	3426581271
	3426581272
	3426581273
	3426581274
	3426581275
	3426581276
	3426581277
	3426581278
	3426581279
	3426581280
	3426581281
	3426581282
	3426581283
	3426581284
	3426581285
	3426581286
	3426581287
	3426581288
	3426581289
	3426581290
	3426581291
	3426581292
	3426581293
	3426581294
	3426581295
	3426581296
	3426581297
	3426581298
	3426581299
	3426581300
	3426581301
	3426581302
	3426581303
	3426581304
	3426581305
	3426581306
	3426581307
	3426581308
	3426581309
	3426581310
	3426581311
	3426581312
	3426581313
	3426581314
	3426581315
	3426581316
	3426581317
	3426581318
	3426581319
	3426581320
	3426581321
	3426581322
	3426581323
	3426581324
	3426581325
	3426581326
	3426581327
	3426581328
	3426581329
	3426581330
	3426581331
	3426581332
	3426581333
	3426581334
	3426581335
	3426581336
	3426581337
	3426581338
	3426581339
	3426581340
	3426581341
	3426581342
	3426581343
	3426581344
	3426581345
	3426581346
	3426581347
	3426581348
	3426581349
	3426581350
	3426581351
	3426581352
	3426581353
	3426581354
	3426581355
	3426581356
	3426581357
	3426581358
	3426581359
	3426581360
	3426581361
	3426581362
	3426581363
	3426581364
	3426581365
	3426581366
	3426581367
	3426581368
	3426581369
	3426581370
	3426581371
	3426581372
	3426581373
	3426581374
	3426581375
	3426581376
	3426581377
	3426581378
	3426581379
	3426581380
	3426581381
	3426581382
	3426581383
	3426581384
	3426581385
	3426581386
	3426581387
	3426581388
	3426581389
	3426581390
	3426581391
	3426581392
	3426581393
	3426581394
	3426581395
	3426581396
	3426581397
	3426581398
	3426581399
	3426581400
	3426581401
	3426581402
	3426581403
	3426581404
	3426581405
	3426581406
	3426581407
	3426581408
	3426581409
	3426581410
	3426581411
	3426581412
	3426581413
	3426581414
	3426581415
	3426581416
	3426581417
	3426581418
	3426581419
	3426581420
	3426581421
	3426581422
	3426581423
	3426581424
	3426581425
	3426581426
	3426581427
	3426581428
	3426581429
	3426581430
	3426581431
	3426581432
	3426581433
	3426581434
	3426581435
	3426581436
	3426581437
	3426581438
	3426581439
	3426581440
	3426581441
	3426581442
	3426581443
	3426581444
	3426581445
	3426581446
	3426581447
	3426581448
	3426581449
	3426581450
	3426581451
	3426581452
	3426581453
	3426581454
	3426581455
	3426581456
	3426581457
	3426581458
	3426581459
	3426581460
	3426581461
	3426581462
	3426581463
	3426581464
	3426581465
	3426581466
	3426581467
	3426581468
	3426581469
	3426581470
	3426581471
	3426581472
	3426581473
	3426581474
	3426581475
	3426581476
	3426581477
	3426581478
	3426581479
	3426581480
	3426581481
	3426581482
	3426581483
	3426581484
	3426581485
	3426581486
	3426581487
	3426581488
	3426581489
	3426581490
	3426581491
	3426581492
	3426581493
	3426581494
	3426581495
	3426581496
	3426581497
	3426581498
	3426581499
	3426581500
	3426581501
	3426581502
	3426581503
	3426581504
	3426581505
	3426581506
	3426581507
	3426581508
	3426581509
	3426581510
	3426581511
	3426581512
	3426581513
	3426581514
	3426581515
	3426581516
	3426581517
	3426581518
	3426581519
	3426581520
	3426581521
	3426581522
	3426581523
	3426581524
	3426581525
	3426581526
	3426581527
	3426581528
	3426581529
	3426581530
	3426581531
	3426581532
	3426581533
	3426581534
	3426581535
	3426581536
	3426581537
	3426581538
	3426581539
	3426581540
	3426581541
	3426581542
	3426581543
	3426581544
	3426581545
	3426581546
	3426581547
	3426581548
	3426581549
	3426581550
	3426581551
	3426581552
	3426581553
	3426581554
	3426581555
	3426581556
	3426581557
	3426581558
	3426581559
	3426581560
	3426581561
	3426581562
	3426581563
	3426581564
	3426581565
	3426581566
	3426581567
	3426581568
	3426581569
	3426581570
	3426581571
	3426581572
	3426581573
	3426581574
	3426581575
	3426581576
	3426581577
	3426581578
	3426581579
	3426581580
	3426581581
	3426581582
	3426581583
	3426581584
	3426581585
	3426581586
	3426581587
	3426581588
	3426581589
	3426581590
	3426581591
	3426581592
	3426581593
	3426581594
	3426581595
	3426581596
	3426581597
	3426581598
	3426581599
	3426581600
	3426581601
	3426581602
	3426581603
	3426581604
	3426581605
	3426581606
	3426581607
	3426581608
	3426581609
	3426581610
	3426581611
	3426581612
	3426581613
	3426581614
	3426581615
	3426581616
	3426581617
	3426581618
	3426581619
	3426581620
	3426581621
	3426581622
	3426581623
	3426581624
	3426581625
	3426581626
	3426581627
	3426581628
	3426581629
	3426581630
	3426581631
	3426581632
	3426581633
	3426581634
	3426581635
	3426581636
	3426581637
	3426581638
	3426581639
	3426581640
	3426581641
	3426581642
	3426581643
	3426581644
	3426581645
	3426581646
	3426581647
	3426581648
	3426581649
	3426581650
	3426581651
	3426581652
	3426581653
	3426581654
	3426581655
	3426581656
	3426581657
	3426581658
	3426581659
	3426581660
	3426581661
	3426581662
	3426581663
	3426581664
	3426581665
	3426581666
	3426581667
	3426581668
	3426581669
	3426581670
	3426581671
	3426581672
	3426581673
	3426581674
	3426581675
	3426581676
	3426581677
	3426581678
	3426581679
	3426581680
	3426581681
	3426581682
	3426581683
	3426581684
	3426581685
	3426581686
	3426581687
	3426581688
	3426581689
	3426581690
	3426581691
	3426581692
	3426581693
	3426581694
	3426581695
	3426581696
	3426581697
	3426581698
	3426581699
	3426581700
	3426581701
	3426581702
	3426581703
	3426581704
	3426581705
	3426581706
	3426581707
	3426581708
	3426581709
	3426581710
	3426581711
	3426581712
	3426581713
	3426581714
	3426581715
	3426581716
	3426581717
	3426581718
	3426581719
	3426581720
	3426581721
	3426581722
	3426581723
	3426581724
	3426581725
	3426581726
	3426581727
	3426581728
	3426581729
	3426581730
	3426581731
	3426581732
	3426581733
	3426581734
	3426581735
	3426581736
	3426581737
	3426581738
	3426581739
	3426581740
	3426581741
	3426581742
	3426581743
	3426581744
	3426581745
	3426581746
	3426581747
	3426581748
	3426581749
	3426581750
	3426581751
	3426581752
	3426581753
	3426581754
	3426581755
	3426581756
	3426581757
	3426581758
	3426581759
	3426581760
	3426581761
	3426581762
	3426581763
	3426581764
	3426581765
	3426581766
	3426581767
	3426581768
	3426581769
	3426581770
	3426581771
	3426581772
	3426581773
	3426581774
	3426581775
	3426581776
	3426581777
	3426581778
	3426581779
	3426581780
	3426581781
	3426581782
	3426581783
	3426581784
	3426581785
	3426581786
	3426581787
	3426581788
	3426581789
	3426581790
	3426581791
	3426581792
	3426581793
	3426581794
	3426581795
	3426581796
	3426581797
	3426581798
	3426581799
	3426581800
	3426581801
	3426581802
	3426581803
	3426581804
	3426581805
	3426581806
	3426581807
	3426581808
	3426581809
	3426581810
	3426581811
	3426581812
	3426581813
	3426581814
	3426581815
	3426581816
	3426581817
	3426581818
	3426581819
	3426581820
	3426581821
	3426581822
	3426581823
	3426581824
	3426581825
	3426581826
	3426581827
	3426581828
	3426581829
	3426581830
	3426581831
	3426581832
	3426581833
	3426581834
	3426581835
	3426581836
	3426581837
	3426581838
	3426581839
	3426581840
	3426581841
	3426581842
	3426581843
	3426581844
	3426581845
	3426581846
	3426581847
	3426581848
	3426581849
	3426581850
	3426581851
	3426581852
	3426581853
	3426581854
	3426581855
	3426581856
	3426581857
	3426581858
	3426581859
	3426581860
	3426581861
	3426581862
	3426581863
	3426581864
	3426581865
	3426581866
	3426581867
	3426581868
	3426581869
	3426581870
	3426581871
	3426581872
	3426581873
	3426581874
	3426581875
	3426581876
	3426581877
	3426581878
	3426581879
	3426581880
	3426581881
	3426581882
	3426581883
	3426581884
	3426581885
	3426581886
	3426581887
	3426581888
	3426581889
	3426581890
	3426581891
	3426581892
	3426581893
	3426581894
	3426581895
	3426581896
	3426581897
	3426581898
	3426581899
	3426581900
	3426581901
	3426581902
	3426581903
	3426581904
	3426581905
	3426581906
	3426581907
	3426581908
	3426581909
	3426581910
	3426581911
	3426581912
	3426581913
	3426581914
	3426581915
	3426581916
	3426581917
	3426581918
	3426581919
	3426581920
	3426581921
	3426581922
	3426581923
	3426581924
	3426581925
	3426581926
	3426581927
	3426581928
	3426581929
	3426581930
	3426581931
	3426581932
	3426581933
	3426581934
	3426581935
	3426581936
	3426581937
	3426581938
	3426581939
	3426581940
	3426581941
	3426581942
	3426581943
	3426581944
	3426581945
	3426581946
	3426581947
	3426581948
	3426581949
	3426581950
	3426581951
	3426581952
	3426581953
	3426581954
	3426581955
	3426581956
	3426581957
	3426581958
	3426581959
	3426581960
	3426581961
	3426581962
	3426581963
	3426581964
	3426581965
	3426581966
	3426581967
	3426581968
	3426581969
	3426581970
	3426581971
	3426581972
	3426581973
	3426581974
	3426581975
	3426581976
	3426581977
	3426581978
	3426581979
	3426581980
	3426581981
	3426581982
	3426581983
	3426581984
	3426581985
	3426581986
	3426581987
	3426581988
	3426581989
	3426581990
	3426581991
	3426581992
	3426581993
	3426581994
	3426581995
	3426581996
	3426581997
	3426581998
	3426581999
	3426582000
	3426582001
	3426582002
	3426582003
	3426582004
	3426582005
	3426582006
	3426582007
	3426582008
	3426582009
	3426582010
	3426582011
	3426582012
	3426582013
	3426582014
	3426582015
	3426582016
	3426582017
	3426582018
	3426582019
	3426582020
	3426582021
	3426582022
	3426582023
	3426582024
	3426582025
	3426582026
	3426582027
	3426582028
	3426582029
	3426582030
	3426582031
	3426582032
	3426582033
	3426582034
	3426582035
	3426582036
	3426582037
	3426582038
	3426582039
	3426582040
	3426582041
	3426582042
	3426582043
	3426582044
	3426582045
	3426582046
	3426582047
	3426582048
	3426582049
	3426582050
	3426582051
	3426582052
	3426582053
	3426582054
	3426582055
	3426582056
	3426582057
	3426582058
	3426582059
	3426582060
	3426582061
	3426582062
	3426582063
	3426582064
	3426582065
	3426582066
	3426582067
	3426582068
	3426582069
	3426582070
	3426582071
	3426582072
	3426582073
	3426582074
	3426582075
	3426582076
	3426582077
	3426582078
	3426582079
	3426582080
	3426582081
	3426582082
	3426582083
	3426582084
	3426582085
	3426582086
	3426582087
	3426582088
	3426582089
	3426582090
	3426582091
	3426582092
	3426582093
	3426582094
	3426582095
	3426582096
	3426582097
	3426582098
	3426582099
	3426582100
	3426582101
	3426582102
	3426582103
	3426582104
	3426582105
	3426582106
	3426582107
	3426582108
	3426582109
	3426582110
	3426582111
	3426582112
	3426582113
	3426582114
	3426582115
	3426582116
	3426582117
	3426582118
	3426582119
	3426582120
	3426582121
	3426582122
	3426582123
	3426582124
	3426582125
	3426582126
	3426582127
	3426582128
	3426582129
	3426582130
	3426582131
	3426582132
	3426582133
	3426582134
	3426582135
	3426582136
	3426582137
	3426582138
	3426582139
	3426582140
	3426582141
	3426582142
	3426582143
	3426582144
	3426582145
	3426582146
	3426582147
	3426582148
	3426582149
	3426582150
	3426582151
	3426582152
	3426582153
	3426582154
	3426582155
	3426582156
	3426582157
	3426582158
	3426582159
	3426582160
	3426582161
	3426582162
	3426582163
	3426582164
	3426582165
	3426582166
	3426582167
	3426582168
	3426582169
	3426582170
	3426582171
	3426582172
	3426582173
	3426582174
	3426582175
	3426582176
	3426582177
	3426582178
	3426582179
	3426582180
	3426582181
	3426582182
	3426582183
	3426582184
	3426582185
	3426582186
	3426582187
	3426582188
	3426582189
	3426582190
	3426582191
	3426582192
	3426582193
	3426582194
	3426582195
	3426582196
	3426582197
	3426582198
	3426582199
	3426582200
	3426582201
	3426582202
	3426582203
	3426582204
	3426582205
	3426582206
	3426582207
	3426582208
	3426582209
	3426582210
	3426582211
	3426582212
	3426582213
	3426582214
	3426582215
	3426582216
	3426582217
	3426582218
	3426582219
	3426582220
	3426582221
	3426582222
	3426582223
	3426582224
	3426582225
	3426582226
	3426582227
	3426582228
	3426582229
	3426582230
	3426582231
	3426582232
	3426582233
	3426582234
	3426582235
	3426582236
	3426582237
	3426582238
	3426582239
	3426582240
	3426582241
	3426582242
	3426582243
	3426582244
	3426582245
	3426582246
	3426582247
	3426582248
	3426582249
	3426582250
	3426582251
	3426582252
	3426582253
	3426582254
	3426582255
	3426582256
	3426582257
	3426582258
	3426582259
	3426582260
	3426582261
	3426582262
	3426582263
	3426582264
	3426582265
	3426582266
	3426582267
	3426582268
	3426582269
	3426582270
	3426582271
	3426582272
	3426582273
	3426582274
	3426582275
	3426582276
	3426582277
	3426582278
	3426582279
	3426582280
	3426582281
	3426582282
	3426582283
	3426582284
	3426582285
	3426582286
	3426582287
	3426582288
	3426582289
	3426582290
	3426582291
	3426582292
	3426582293
	3426582294
	3426582295
	3426582296
	3426582297
	3426582298
	3426582299
	3426582300
	3426582301
	3426582302
	3426582303
	3426582304
	3426582305
	3426582306
	3426582307
	3426582308
	3426582309
	3426582310
	3426582311
	3426582312
	3426582313
	3426582314
	3426582315
	3426582316
	3426582317
	3426582318
	3426582319
	3426582320
	3426582321
	3426582322
	3426582323
	3426582324
	3426582325
	3426582326
	3426582327
	3426582328
	3426582329
	3426582330
	3426582331
	3426582332
	3426582333
	3426582334
	3426582335
	3426582336
	3426582337
	3426582338
	3426582339
	3426582340
	3426582341
	3426582342
	3426582343
	3426582344
	3426582345
	3426582346
	3426582347
	3426582348
	3426582349
	3426582350
	3426582351
	3426582352
	3426582353
	3426582354
	3426582355
	3426582356
	3426582357
	3426582358
	3426582359
	3426582360
	3426582361
	3426582362
	3426582363
	3426582364
	3426582365
	3426582366
	3426582367
	3426582368
	3426582369
	3426582370
	3426582371
	3426582372
	3426582373
	3426582374
	3426582375
	3426582376
	3426582377
	3426582378
	3426582379
	3426582380
	3426582381
	3426582382
	3426582383
	3426582384
	3426582385
	3426582386
	3426582387
	3426582388
	3426582389
	3426582390
	3426582391
	3426582392
	3426582393
	3426582394
	3426582395
	3426582396
	3426582397
	3426582398
	3426582399
	3426582400
	3426582401
	3426582402
	3426582403
	3426582404
	3426582405
	3426582406
	3426582407
	3426582408
	3426582409
	3426582410
	3426582411
	3426582412
	3426582413
	3426582414
	3426582415
	3426582416
	3426582417
	3426582418
	3426582419
	3426582420
	3426582421
	3426582422
	3426582423
	3426582424
	3426582425
	3426582426
	3426582427
	3426582428
	3426582429
	3426582430
	3426582431
	3426582432
	3426582433
	3426582434
	3426582435
	3426582436
	3426582437
	3426582438
	3426582439
	3426582440
	3426582441
	3426582442
	3426582443
	3426582444
	3426582445
	3426582446
	3426582447
	3426582448
	3426582449
	3426582450
	3426582451
	3426582452
	3426582453
	3426582454
	3426582455
	3426582456
	3426582457
	3426582458
	3426582459
	3426582460
	3426582461
	3426582462
	3426582463
	3426582464
	3426582465
	3426582466
	3426582467
	3426582468
	3426582469
	3426582470
	3426582471
	3426582472
	3426582473
	3426582474
	3426582475
	3426582476
	3426582477
	3426582478
	3426582479
	3426582480
	3426582481
	3426582482
	3426582483
	3426582484
	3426582485
	3426582486
	3426582487
	3426582488
	3426582489
	3426582490
	3426582491
	3426582492
	3426582493
	3426582494
	3426582495
	3426582496
	3426582497
	3426582498
	3426582499
	3426582500
	3426582501
	3426582502
	3426582503
	3426582504
	3426582505
	3426582506
	3426582507
	3426582508
	3426582509
	3426582510
	3426582511
	3426582512
	3426582513
	3426582514
	3426582515
	3426582516
	3426582517
	3426582518
	3426582519
	3426582520
	3426582521
	3426582522
	3426582523
	3426582524
	3426582525
	3426582526
	3426582527
	3426582528
	3426582529
	3426582530
	3426582531
	3426582532
	3426582533
	3426582534
	3426582535
	3426582536
	3426582537
	3426582538
	3426582539
	3426582540
	3426582541
	3426582542
	3426582543
	3426582544
	3426582545
	3426582546
	3426582547
	3426582548
	3426582549
	3426582550
	3426582551
	3426582552
	3426582553
	3426582554
	3426582555
	3426582556
	3426582557
	3426582558
	3426582559
	3426582560
	3426582561
	3426582562
	3426582563
	3426582564
	3426582565
	3426582566
	3426582567
	3426582568
	3426582569
	3426582570
	3426582571
	3426582572
	3426582573
	3426582574
	3426582575
	3426582576
	3426582577
	3426582578
	3426582579
	3426582580
	3426582581
	3426582582
	3426582583
	3426582584
	3426582585
	3426582586
	3426582587
	3426582588
	3426582589
	3426582590
	3426582591
	3426582592
	3426582593
	3426582594
	3426582595
	3426582596
	3426582597
	3426582598
	3426582599
	3426582600
	3426582601
	3426582602
	3426582603
	3426582604
	3426582605
	3426582606
	3426582607
	3426582608
	3426582609
	3426582610
	3426582611
	3426582612
	3426582613
	3426582614
	3426582615
	3426582616
	3426582617
	3426582618
	3426582619
	3426582620
	3426582621
	3426582622
	3426582623
	3426582624
	3426582625
	3426582626
	3426582627
	3426582628
	3426582629
	3426582630
	3426582631
	3426582632
	3426582633
	3426582634
	3426582635
	3426582636
	3426582637
	3426582638
	3426582639
	3426582640
	3426582641
	3426582642
	3426582643
	3426582644
	3426582645
	3426582646
	3426582647
	3426582648
	3426582649
	3426582650
	3426582651
	3426582652
	3426582653
	3426582654
	3426582655
	3426582656
	3426582657
	3426582658
	3426582659
	3426582660
	3426582661
	3426582662
	3426582663
	3426582664
	3426582665
	3426582666
	3426582667
	3426582668
	3426582669
	3426582670
	3426582671
	3426582672
	3426582673
	3426582674
	3426582675
	3426582676
	3426582677
	3426582678
	3426582679
	3426582680
	3426582681
	3426582682
	3426582683
	3426582684
	3426582685
	3426582686
	3426582687
	3426582688
	3426582689
	3426582690
	3426582691
	3426582692
	3426582693
	3426582694
	3426582695
	3426582696
	3426582697
	3426582698
	3426582699
	3426582700
	3426582701
	3426582702
	3426582703
	3426582704
	3426582705
	3426582706
	3426582707
	3426582708
	3426582709
	3426582710
	3426582711
	3426582712
	3426582713
	3426582714
	3426582715
	3426582716
	3426582717
	3426582718
	3426582719
	3426582720
	3426582721
	3426582722
	3426582723
	3426582724
	3426582725
	3426582726
	3426582727
	3426582728
	3426582729
	3426582730
	3426582731
	3426582732
	3426582733
	3426582734
	3426582735
	3426582736
	3426582737
	3426582738
	3426582739
	3426582740
	3426582741
	3426582742
	3426582743
	3426582744
	3426582745
	3426582746
	3426582747
	3426582748
	3426582749
	3426582750
	3426582751
	3426582752
	3426582753
	3426582754
	3426582755
	3426582756
	3426582757
	3426582758
	3426582759
	3426582760
	3426582761
	3426582762
	3426582763
	3426582764
	3426582765
	3426582766
	3426582767
	3426582768
	3426582769
	3426582770
	3426582771
	3426582772
	3426582773
	3426582774
	3426582775
	3426582776
	3426582777
	3426582778
	3426582779
	3426582780
	3426582781
	3426582782
	3426582783
	3426582784
	3426582785
	3426582786
	3426582787
	3426582788
	3426582789
	3426582790
	3426582791
	3426582792
	3426582793
	3426582794
	3426582795
	3426582796
	3426582797
	3426582798
	3426582799
	3426582800
	3426582801
	3426582802
	3426582803
	3426582804
	3426582805
	3426582806
	3426582807
	3426582808
	3426582809
	3426582810
	3426582811
	3426582812
	3426582813
	3426582814
	3426582815
	3426582816
	3426582817
	3426582818
	3426582819
	3426582820
	3426582821
	3426582822
	3426582823
	3426582824
	3426582825
	3426582826
	3426582827
	3426582828
	3426582829
	3426582830
	3426582831
	3426582832
	3426582833
	3426582834
	3426582835
	3426582836
	3426582837
	3426582838
	3426582839
	3426582840
	3426582841
	3426582842
	3426582843
	3426582844
	3426582845
	3426582846
	3426582847
	3426582848
	3426582849
	3426582850
	3426582851
	3426582852
	3426582853
	3426582854
	3426582855
	3426582856
	3426582857
	3426582858
	3426582859
	3426582860
	3426582861
	3426582862
	3426582863
	3426582864
	3426582865
	3426582866
	3426582867
	3426582868
	3426582869
	3426582870
	3426582871
	3426582872
	3426582873
	3426582874
	3426582875
	3426582876
	3426582877
	3426582878
	3426582879
	3426582880
	3426582881
	3426582882
	3426582883
	3426582884
	3426582885
	3426582886
	3426582887
	3426582888
	3426582889
	3426582890
	3426582891
	3426582892
	3426582893
	3426582894
	3426582895
	3426582896
	3426582897
	3426582898
	3426582899
	3426582900
	3426582901
	3426582902
	3426582903
	3426582904
	3426582905
	3426582906
	3426582907
	3426582908
	3426582909
	3426582910
	3426582911
	3426582912
	3426582913
	3426582914
	3426582915
	3426582916
	3426582917
	3426582918
	3426582919
	3426582920
	3426582921
	3426582922
	3426582923
	3426582924
	3426582925
	3426582926
	3426582927
	3426582928
	3426582929
	3426582930
	3426582931
	3426582932
	3426582933
	3426582934
	3426582935
	3426582936
	3426582937
	3426582938
	3426582939
	3426582940
	3426582941
	3426582942
	3426582943
	3426582944
	3426582945
	3426582946
	3426582947
	3426582948
	3426582949
	3426582950
	3426582951
	3426582952
	3426582953
	3426582954
	3426582955
	3426582956
	3426582957
	3426582958
	3426582959
	3426582960
	3426582961
	3426582962
	3426582963
	3426582964
	3426582965
	3426582966
	3426582967
	3426582968
	3426582969
	3426582970
	3426582971
	3426582972
	3426582973
	3426582974
	3426582975
	3426582976
	3426582977
	3426582978
	3426582979
	3426582980
	3426582981
	3426582982
	3426582983
	3426582984
	3426582985
	3426582986
	3426582987
	3426582988
	3426582989
	3426582990
	3426582991
	3426582992
	3426582993
	3426582994
	3426582995
	3426582996
	3426582997
	3426582998
	3426582999
	3426583000
	3426583001
	3426583002
	3426583003
	3426583004
	3426583005
	3426583006
	3426583007
	3426583008
	3426583009
	3426583010
	3426583011
	3426583012
	3426583013
	3426583014
	3426583015
	3426583016
	3426583017
	3426583018
	3426583019
	3426583020
	3426583021
	3426583022
	3426583023
	3426583024
	3426583025
	3426583026
	3426583027
	3426583028
	3426583029
	3426583030
	3426583031
	3426583032
	3426583033
	3426583034
	3426583035
	3426583036
	3426583037
	3426583038
	3426583039
	3426583040
	3426583041
	3426583042
	3426583043
	3426583044
	3426583045
	3426583046
	3426583047
	3426583048
	3426583049
	3426583050
	3426583051
	3426583052
	3426583053
	3426583054
	3426583055
	3426583056
	3426583057
	3426583058
	3426583059
	3426583060
	3426583061
	3426583062
	3426583063
	3426583064
	3426583065
	3426583066
	3426583067
	3426583068
	3426583069
	3426583070
	3426583071
	3426583072
	3426583073
	3426583074
	3426583075
	3426583076
	3426583077
	3426583078
	3426583079
	3426583080
	3426583081
	3426583082
	3426583083
	3426583084
	3426583085
	3426583086
	3426583087
	3426583088
	3426583089
	3426583090
	3426583091
	3426583092
	3426583093
	3426583094
	3426583095
	3426583096
	3426583097
	3426583098
	3426583099
	3426583100
	3426583101
	3426583102
	3426583103
	3426583104
	3426583105
	3426583106
	3426583107
	3426583108
	3426583109
	3426583110
	3426583111
	3426583112
	3426583113
	3426583114
	3426583115
	3426583116
	3426583117
	3426583118
	3426583119
	3426583120
	3426583121
	3426583122
	3426583123
	3426583124
	3426583125
	3426583126
	3426583127
	3426583128
	3426583129
	3426583130
	3426583131
	3426583132
	3426583133
	3426583134
	3426583135
	3426583136
	3426583137
	3426583138
	3426583139
	3426583140
	3426583141
	3426583142
	3426583143
	3426583144
	3426583145
	3426583146
	3426583147
	3426583148
	3426583149
	3426583150
	3426583151
	3426583152
	3426583153
	3426583154
	3426583155
	3426583156
	3426583157
	3426583158
	3426583159
	3426583160
	3426583161
	3426583162
	3426583163
	3426583164
	3426583165
	3426583166
	3426583167
	3426583168
	3426583169
	3426583170
	3426583171
	3426583172
	3426583173
	3426583174
	3426583175
	3426583176
	3426583177
	3426583178
	3426583179
	3426583180
	3426583181
	3426583182
	3426583183
	3426583184
	3426583185
	3426583186
	3426583187
	3426583188
	3426583189
	3426583190
	3426583191
	3426583192
	3426583193
	3426583194
	3426583195
	3426583196
	3426583197
	3426583198
	3426583199
	3426583200
	3426583201
	3426583202
	3426583203
	3426583204
	3426583205
	3426583206
	3426583207
	3426583208
	3426583209
	3426583210
	3426583211
	3426583212
	3426583213
	3426583214
	3426583215
	3426583216
	3426583217
	3426583218
	3426583219
	3426583220
	3426583221
	3426583222
	3426583223
	3426583224
	3426583225
	3426583226
	3426583227
	3426583228
	3426583229
	3426583230
	3426583231
	3426583232
	3426583233
	3426583234
	3426583235
	3426583236
	3426583237
	3426583238
	3426583239
	3426583240
	3426583241
	3426583242
	3426583243
	3426583244
	3426583245
	3426583246
	3426583247
	3426583248
	3426583249
	3426583250
	3426583251
	3426583252
	3426583253
	3426583254
	3426583255
	3426583256
	3426583257
	3426583258
	3426583259
	3426583260
	3426583261
	3426583262
	3426583263
	3426583264
	3426583265
	3426583266
	3426583267
	3426583268
	3426583269
	3426583270
	3426583271
	3426583272
	3426583273
	3426583274
	3426583275
	3426583276
	3426583277
	3426583278
	3426583279
	3426583280
	3426583281
	3426583282
	3426583283
	3426583284
	3426583285
	3426583286
	3426583287
	3426583288
	3426583289
	3426583290
	3426583291
	3426583292
	3426583293
	3426583294
	3426583295
	3426583296
	3426583297
	3426583298
	3426583299
	3426583300
	3426583301
	3426583302
	3426583303
	3426583304
	3426583305
	3426583306
	3426583307
	3426583308
	3426583309
	3426583310
	3426583311
	3426583312
	3426583313
	3426583314
	3426583315
	3426583316
	3426583317
	3426583318
	3426583319
	3426583320
	3426583321
	3426583322
	3426583323
	3426583324
	3426583325
	3426583326
	3426583327
	3426583328
	3426583329
	3426583330
	3426583331
	3426583332
	3426583333
	3426583334
	3426583335
	3426583336
	3426583337
	3426583338
	3426583339
	3426583340
	3426583341
	3426583342
	3426583343
	3426583344
	3426583345
	3426583346
	3426583347
	3426583348
	3426583349
	3426583350
	3426583351
	3426583352
	3426583353
	3426583354
	3426583355
	3426583356
	3426583357
	3426583358
	3426583359
	3426583360
	3426583361
	3426583362
	3426583363
	3426583364
	3426583365
	3426583366
	3426583367
	3426583368
	3426583369
	3426583370
	3426583371
	3426583372
	3426583373
	3426583374
	3426583375
	3426583376
	3426583377
	3426583378
	3426583379
	3426583380
	3426583381
	3426583382
	3426583383
	3426583384
	3426583385
	3426583386
	3426583387
	3426583388
	3426583389
	3426583390
	3426583391
	3426583392
	3426583393
	3426583394
	3426583395
	3426583396
	3426583397
	3426583398
	3426583399
	3426583400
	3426583401
	3426583402
	3426583403
	3426583404
	3426583405
	3426583406
	3426583407
	3426583408
	3426583409
	3426583410
	3426583411
	3426583412
	3426583413
	3426583414
	3426583415
	3426583416
	3426583417
	3426583418
	3426583419
	3426583420
	3426583421
	3426583422
	3426583423
	3426583424
	3426583425
	3426583426
	3426583427
	3426583428
	3426583429
	3426583430
	3426583431
	3426583432
	3426583433
	3426583434
	3426583435
	3426583436
	3426583437
	3426583438
	3426583439
	3426583440
	3426583441
	3426583442
	3426583443
	3426583444
	3426583445
	3426583446
	3426583447
	3426583448
	3426583449
	3426583450
	3426583451
	3426583452
	3426583453
	3426583454
	3426583455
	3426583456
	3426583457
	3426583458
	3426583459
	3426583460
	3426583461
	3426583462
	3426583463
	3426583464
	3426583465
	3426583466
	3426583467
	3426583468
	3426583469
	3426583470
	3426583471
	3426583472
	3426583473
	3426583474
	3426583475
	3426583476
	3426583477
	3426583478
	3426583479
	3426583480
	3426583481
	3426583482
	3426583483
	3426583484
	3426583485
	3426583486
	3426583487
	3426583488
	3426583489
	3426583490
	3426583491
	3426583492
	3426583493
	3426583494
	3426583495
	3426583496
	3426583497
	3426583498
	3426583499
	3426583500
	3426583501
	3426583502
	3426583503
	3426583504
	3426583505
	3426583506
	3426583507
	3426583508
	3426583509
	3426583510
	3426583511
	3426583512
	3426583513
	3426583514
	3426583515
	3426583516
	3426583517
	3426583518
