R99.99E
	3426481862
R99.99E
	3426481862
R99.99E
	3426481863
R99.99E
	3426481864
R99.99E
	3426481865
R99.99E
	3426481866
R99.99E
	3426481867
R99.99E
	3426481868
R99.99E
	3426481869
	3426481870
	3426481871
	3426481872
	3426481873
	3426481874
	3426481875
	3426481876
	3426481877
	3426481878
	3426481879
	3426481880
	3426481881
	3426481882
	3426481883
	3426481884
	3426481885
	3426481886
	3426481887
	3426481888
	3426481889
	3426481890
	3426481891
	3426481892
	3426481893
	3426481894
	3426481895
	3426481896
	3426481897
	3426481898
	3426481899
	3426481900
	3426481901
	3426481902
	3426481903
	3426481904
	3426481905
	3426481906
	3426481907
	3426481908
	3426481909
	3426481910
	3426481911
	3426481912
	3426481913
	3426481914
	3426481915
	3426481916
	3426481917
	3426481918
	3426481919
	3426481920
	3426481921
	3426481922
	3426481923
	3426481924
	3426481925
	3426481926
	3426481927
	3426481928
	3426481929
	3426481930
	3426481931
	3426481932
	3426481933
	3426481934
	3426481935
	3426481936
	3426481937
	3426481938
	3426481939
	3426481940
	3426481941
	3426481942
	3426481943
	3426481944
	3426481945
	3426481946
	3426481947
	3426481948
	3426481949
	3426481950
	3426481951
	3426481952
	3426481953
	3426481954
	3426481955
	3426481956
	3426481957
	3426481958
	3426481959
	3426481960
	3426481961
	3426481962
	3426481963
	3426481964
	3426481965
	3426481966
	3426481967
	3426481968
	3426481969
	3426481970
	3426481971
	3426481972
	3426481973
	3426481974
	3426481975
	3426481976
	3426481977
	3426481978
	3426481979
	3426481980
	3426481981
	3426481982
	3426481983
	3426481984
	3426481985
	3426481986
	3426481987
	3426481988
	3426481989
	3426481990
	3426481991
	3426481992
	3426481993
	3426481994
	3426481995
	3426481996
	3426481997
	3426481998
	3426481999
	3426482000
	3426482001
	3426482002
	3426482003
	3426482004
	3426482005
	3426482006
	3426482007
	3426482008
	3426482009
	3426482010
	3426482011
	3426482012
	3426482013
	3426482014
	3426482015
	3426482016
	3426482017
	3426482018
	3426482019
	3426482020
	3426482021
	3426482022
	3426482023
	3426482024
	3426482025
	3426482026
	3426482027
	3426482028
	3426482029
	3426482030
	3426482031
	3426482032
	3426482033
	3426482034
	3426482035
	3426482036
	3426482037
	3426482038
	3426482039
	3426482040
	3426482041
	3426482042
	3426482043
	3426482044
	3426482045
	3426482046
	3426482047
	3426482048
	3426482049
	3426482050
	3426482051
	3426482052
	3426482053
	3426482054
	3426482055
	3426482056
	3426482057
	3426482058
	3426482059
	3426482060
	3426482061
	3426482062
	3426482063
	3426482064
	3426482065
	3426482066
	3426482067
	3426482068
	3426482069
	3426482070
	3426482071
	3426482072
	3426482073
	3426482074
	3426482075
	3426482076
	3426482077
	3426482078
	3426482079
	3426482080
	3426482081
	3426482082
	3426482083
	3426482084
	3426482085
	3426482086
	3426482087
	3426482088
	3426482089
	3426482090
	3426482091
	3426482092
	3426482093
	3426482094
	3426482095
	3426482096
	3426482097
	3426482098
	3426482099
	3426482100
	3426482101
	3426482102
	3426482103
	3426482104
	3426482105
	3426482106
	3426482107
	3426482108
	3426482109
	3426482110
	3426482111
	3426482112
	3426482113
	3426482114
	3426482115
	3426482116
	3426482117
	3426482118
	3426482119
	3426482120
	3426482121
	3426482122
	3426482123
	3426482124
	3426482125
	3426482126
	3426482127
	3426482128
	3426482129
	3426482130
	3426482131
	3426482132
	3426482133
	3426482134
	3426482135
	3426482136
	3426482137
	3426482138
	3426482139
	3426482140
	3426482141
	3426482142
	3426482143
	3426482144
	3426482145
	3426482146
	3426482147
	3426482148
	3426482149
	3426482150
	3426482151
	3426482152
	3426482153
	3426482154
	3426482155
	3426482156
	3426482157
	3426482158
	3426482159
	3426482160
	3426482161
	3426482162
	3426482163
	3426482164
	3426482165
	3426482166
	3426482167
	3426482168
	3426482169
	3426482170
	3426482171
	3426482172
	3426482173
	3426482174
	3426482175
	3426482176
	3426482177
	3426482178
	3426482179
	3426482180
	3426482181
	3426482182
	3426482183
	3426482184
	3426482185
	3426482186
	3426482187
	3426482188
	3426482189
	3426482190
	3426482191
	3426482192
	3426482193
	3426482194
	3426482195
	3426482196
	3426482197
	3426482198
	3426482199
	3426482200
	3426482201
	3426482202
	3426482203
	3426482204
	3426482205
	3426482206
	3426482207
	3426482208
	3426482209
	3426482210
	3426482211
	3426482212
	3426482213
	3426482214
	3426482215
	3426482216
	3426482217
	3426482218
	3426482219
	3426482220
	3426482221
	3426482222
	3426482223
	3426482224
	3426482225
	3426482226
	3426482227
	3426482228
	3426482229
	3426482230
	3426482231
	3426482232
	3426482233
	3426482234
	3426482235
	3426482236
	3426482237
	3426482238
	3426482239
	3426482240
	3426482241
	3426482242
	3426482243
	3426482244
	3426482245
	3426482246
	3426482247
	3426482248
	3426482249
	3426482250
	3426482251
	3426482252
	3426482253
	3426482254
	3426482255
	3426482256
	3426482257
	3426482258
	3426482259
	3426482260
	3426482261
	3426482262
	3426482263
	3426482264
	3426482265
	3426482266
	3426482267
	3426482268
	3426482269
	3426482270
	3426482271
	3426482272
	3426482273
	3426482274
	3426482275
	3426482276
	3426482277
	3426482278
	3426482279
	3426482280
	3426482281
	3426482282
	3426482283
	3426482284
	3426482285
	3426482286
	3426482287
	3426482288
	3426482289
	3426482290
	3426482291
	3426482292
	3426482293
	3426482294
	3426482295
	3426482296
	3426482297
	3426482298
	3426482299
	3426482300
	3426482301
	3426482302
	3426482303
	3426482304
	3426482305
	3426482306
	3426482307
	3426482308
	3426482309
	3426482310
	3426482311
	3426482312
	3426482313
	3426482314
	3426482315
	3426482316
	3426482317
	3426482318
	3426482319
	3426482320
	3426482321
	3426482322
	3426482323
	3426482324
	3426482325
	3426482326
	3426482327
	3426482328
	3426482329
	3426482330
	3426482331
	3426482332
	3426482333
	3426482334
	3426482335
	3426482336
	3426482337
	3426482338
	3426482339
	3426482340
	3426482341
	3426482342
	3426482343
	3426482344
	3426482345
	3426482346
	3426482347
	3426482348
	3426482349
	3426482350
	3426482351
	3426482352
	3426482353
	3426482354
	3426482355
	3426482356
	3426482357
	3426482358
	3426482359
	3426482360
	3426482361
	3426482362
	3426482363
	3426482364
	3426482365
	3426482366
	3426482367
	3426482368
	3426482369
	3426482370
	3426482371
	3426482372
	3426482373
	3426482374
	3426482375
	3426482376
	3426482377
	3426482378
	3426482379
	3426482380
	3426482381
	3426482382
	3426482383
	3426482384
	3426482385
	3426482386
	3426482387
	3426482388
	3426482389
	3426482390
	3426482391
	3426482392
	3426482393
	3426482394
	3426482395
	3426482396
	3426482397
	3426482398
	3426482399
	3426482400
	3426482401
	3426482402
	3426482403
	3426482404
	3426482405
	3426482406
	3426482407
	3426482408
	3426482409
	3426482410
	3426482411
	3426482412
	3426482413
	3426482414
	3426482415
	3426482416
	3426482417
	3426482418
	3426482419
	3426482420
	3426482421
	3426482422
	3426482423
	3426482424
	3426482425
	3426482426
	3426482427
	3426482428
	3426482429
	3426482430
	3426482431
	3426482432
	3426482433
	3426482434
	3426482435
	3426482436
	3426482437
	3426482438
	3426482439
	3426482440
	3426482441
	3426482442
	3426482443
	3426482444
	3426482445
	3426482446
	3426482447
	3426482448
	3426482449
	3426482450
	3426482451
	3426482452
	3426482453
	3426482454
	3426482455
	3426482456
	3426482457
	3426482458
	3426482459
	3426482460
	3426482461
	3426482462
	3426482463
	3426482464
	3426482465
	3426482466
	3426482467
	3426482468
	3426482469
	3426482470
	3426482471
	3426482472
	3426482473
	3426482474
	3426482475
	3426482476
	3426482477
	3426482478
	3426482479
	3426482480
	3426482481
	3426482482
	3426482483
	3426482484
	3426482485
	3426482486
	3426482487
	3426482488
	3426482489
	3426482490
	3426482491
	3426482492
	3426482493
	3426482494
	3426482495
	3426482496
	3426482497
	3426482498
	3426482499
	3426482500
	3426482501
	3426482502
	3426482503
	3426482504
	3426482505
	3426482506
	3426482507
	3426482508
	3426482509
	3426482510
	3426482511
	3426482512
	3426482513
	3426482514
	3426482515
	3426482516
	3426482517
	3426482518
	3426482519
	3426482520
	3426482521
	3426482522
	3426482523
	3426482524
	3426482525
	3426482526
	3426482527
	3426482528
	3426482529
	3426482530
	3426482531
	3426482532
	3426482533
	3426482534
	3426482535
	3426482536
	3426482537
	3426482538
	3426482539
	3426482540
	3426482541
	3426482542
	3426482543
	3426482544
	3426482545
	3426482546
	3426482547
	3426482548
	3426482549
	3426482550
	3426482551
	3426482552
	3426482553
	3426482554
	3426482555
	3426482556
	3426482557
	3426482558
	3426482559
	3426482560
	3426482561
	3426482562
	3426482563
	3426482564
	3426482565
	3426482566
	3426482567
	3426482568
	3426482569
	3426482570
	3426482571
	3426482572
	3426482573
	3426482574
	3426482575
	3426482576
	3426482577
	3426482578
	3426482579
	3426482580
	3426482581
	3426482582
	3426482583
	3426482584
	3426482585
	3426482586
	3426482587
	3426482588
	3426482589
	3426482590
	3426482591
	3426482592
	3426482593
	3426482594
	3426482595
	3426482596
	3426482597
	3426482598
	3426482599
	3426482600
	3426482601
	3426482602
	3426482603
	3426482604
	3426482605
	3426482606
	3426482607
	3426482608
	3426482609
	3426482610
	3426482611
	3426482612
	3426482613
	3426482614
	3426482615
	3426482616
	3426482617
	3426482618
	3426482619
	3426482620
	3426482621
	3426482622
	3426482623
	3426482624
	3426482625
	3426482626
	3426482627
	3426482628
	3426482629
	3426482630
	3426482631
	3426482632
	3426482633
	3426482634
	3426482635
	3426482636
	3426482637
	3426482638
	3426482639
	3426482640
	3426482641
	3426482642
	3426482643
	3426482644
	3426482645
	3426482646
	3426482647
	3426482648
	3426482649
	3426482650
	3426482651
	3426482652
	3426482653
	3426482654
	3426482655
	3426482656
	3426482657
	3426482658
	3426482659
	3426482660
	3426482661
	3426482662
	3426482663
	3426482664
	3426482665
	3426482666
	3426482667
	3426482668
	3426482669
	3426482670
	3426482671
	3426482672
	3426482673
	3426482674
	3426482675
	3426482676
	3426482677
	3426482678
	3426482679
	3426482680
	3426482681
	3426482682
	3426482683
	3426482684
	3426482685
	3426482686
	3426482687
	3426482688
	3426482689
	3426482690
	3426482691
	3426482692
	3426482693
	3426482694
	3426482695
	3426482696
	3426482697
	3426482698
	3426482699
	3426482700
	3426482701
	3426482702
	3426482703
	3426482704
	3426482705
	3426482706
	3426482707
	3426482708
	3426482709
	3426482710
	3426482711
	3426482712
	3426482713
	3426482714
	3426482715
	3426482716
	3426482717
	3426482718
	3426482719
	3426482720
	3426482721
	3426482722
	3426482723
	3426482724
	3426482725
	3426482726
	3426482727
	3426482728
	3426482729
	3426482730
	3426482731
	3426482732
	3426482733
	3426482734
	3426482735
	3426482736
	3426482737
	3426482738
	3426482739
	3426482740
	3426482741
	3426482742
	3426482743
	3426482744
	3426482745
	3426482746
	3426482747
	3426482748
	3426482749
	3426482750
	3426482751
	3426482752
	3426482753
	3426482754
	3426482755
	3426482756
	3426482757
	3426482758
	3426482759
	3426482760
	3426482761
	3426482762
	3426482763
	3426482764
	3426482765
	3426482766
	3426482767
	3426482768
	3426482769
	3426482770
	3426482771
	3426482772
	3426482773
	3426482774
	3426482775
	3426482776
	3426482777
	3426482778
	3426482779
	3426482780
	3426482781
	3426482782
	3426482783
	3426482784
	3426482785
	3426482786
	3426482787
	3426482788
	3426482789
	3426482790
	3426482791
	3426482792
	3426482793
	3426482794
	3426482795
	3426482796
	3426482797
	3426482798
	3426482799
	3426482800
	3426482801
	3426482802
	3426482803
	3426482804
	3426482805
	3426482806
	3426482807
	3426482808
	3426482809
	3426482810
	3426482811
	3426482812
	3426482813
	3426482814
	3426482815
	3426482816
	3426482817
	3426482818
	3426482819
	3426482820
	3426482821
	3426482822
	3426482823
	3426482824
	3426482825
	3426482826
	3426482827
	3426482828
	3426482829
	3426482830
	3426482831
	3426482832
	3426482833
	3426482834
	3426482835
	3426482836
	3426482837
	3426482838
	3426482839
	3426482840
	3426482841
	3426482842
	3426482843
	3426482844
	3426482845
	3426482846
	3426482847
	3426482848
	3426482849
	3426482850
	3426482851
	3426482852
	3426482853
	3426482854
	3426482855
	3426482856
	3426482857
	3426482858
	3426482859
	3426482860
	3426482861
	3426482862
	3426482863
	3426482864
	3426482865
	3426482866
	3426482867
	3426482868
	3426482869
	3426482870
	3426482871
	3426482872
	3426482873
	3426482874
	3426482875
	3426482876
	3426482877
	3426482878
	3426482879
	3426482880
	3426482881
	3426482882
	3426482883
	3426482884
	3426482885
	3426482886
	3426482887
	3426482888
	3426482889
	3426482890
	3426482891
	3426482892
	3426482893
	3426482894
	3426482895
	3426482896
	3426482897
	3426482898
	3426482899
	3426482900
	3426482901
	3426482902
	3426482903
	3426482904
	3426482905
	3426482906
	3426482907
	3426482908
	3426482909
	3426482910
	3426482911
	3426482912
	3426482913
	3426482914
	3426482915
	3426482916
	3426482917
	3426482918
	3426482919
	3426482920
	3426482921
	3426482922
	3426482923
	3426482924
	3426482925
	3426482926
	3426482927
	3426482928
	3426482929
	3426482930
	3426482931
	3426482932
	3426482933
	3426482934
	3426482935
	3426482936
	3426482937
	3426482938
	3426482939
	3426482940
	3426482941
	3426482942
	3426482943
	3426482944
	3426482945
	3426482946
	3426482947
	3426482948
	3426482949
	3426482950
	3426482951
	3426482952
	3426482953
	3426482954
	3426482955
	3426482956
	3426482957
	3426482958
	3426482959
	3426482960
	3426482961
	3426482962
	3426482963
	3426482964
	3426482965
	3426482966
	3426482967
	3426482968
	3426482969
	3426482970
	3426482971
	3426482972
	3426482973
	3426482974
	3426482975
	3426482976
	3426482977
	3426482978
	3426482979
	3426482980
	3426482981
	3426482982
	3426482983
	3426482984
	3426482985
	3426482986
	3426482987
	3426482988
	3426482989
	3426482990
	3426482991
	3426482992
	3426482993
	3426482994
	3426482995
	3426482996
	3426482997
	3426482998
	3426482999
	3426483000
	3426483001
	3426483002
	3426483003
	3426483004
	3426483005
	3426483006
	3426483007
	3426483008
	3426483009
	3426483010
	3426483011
	3426483012
	3426483013
	3426483014
	3426483015
	3426483016
	3426483017
	3426483018
	3426483019
	3426483020
	3426483021
	3426483022
	3426483023
	3426483024
	3426483025
	3426483026
	3426483027
	3426483028
	3426483029
	3426483030
	3426483031
	3426483032
	3426483033
	3426483034
	3426483035
	3426483036
	3426483037
	3426483038
	3426483039
	3426483040
	3426483041
	3426483042
	3426483043
	3426483044
	3426483045
	3426483046
	3426483047
	3426483048
	3426483049
	3426483050
	3426483051
	3426483052
	3426483053
	3426483054
	3426483055
	3426483056
	3426483057
	3426483058
	3426483059
	3426483060
	3426483061
	3426483062
	3426483063
	3426483064
	3426483065
	3426483066
	3426483067
	3426483068
	3426483069
	3426483070
	3426483071
	3426483072
	3426483073
	3426483074
	3426483075
	3426483076
	3426483077
	3426483078
	3426483079
	3426483080
	3426483081
	3426483082
	3426483083
	3426483084
	3426483085
	3426483086
	3426483087
	3426483088
	3426483089
	3426483090
	3426483091
	3426483092
	3426483093
	3426483094
	3426483095
	3426483096
	3426483097
	3426483098
	3426483099
	3426483100
	3426483101
	3426483102
	3426483103
	3426483104
	3426483105
	3426483106
	3426483107
	3426483108
	3426483109
	3426483110
	3426483111
	3426483112
	3426483113
	3426483114
	3426483115
	3426483116
	3426483117
	3426483118
	3426483119
	3426483120
	3426483121
	3426483122
	3426483123
	3426483124
	3426483125
	3426483126
	3426483127
	3426483128
	3426483129
	3426483130
	3426483131
	3426483132
	3426483133
	3426483134
	3426483135
	3426483136
	3426483137
	3426483138
	3426483139
	3426483140
	3426483141
	3426483142
	3426483143
	3426483144
	3426483145
	3426483146
	3426483147
	3426483148
	3426483149
	3426483150
	3426483151
	3426483152
	3426483153
	3426483154
	3426483155
	3426483156
	3426483157
	3426483158
	3426483159
	3426483160
	3426483161
	3426483162
	3426483163
	3426483164
	3426483165
	3426483166
	3426483167
	3426483168
	3426483169
	3426483170
	3426483171
	3426483172
	3426483173
	3426483174
	3426483175
	3426483176
	3426483177
	3426483178
	3426483179
	3426483180
	3426483181
	3426483182
	3426483183
	3426483184
	3426483185
	3426483186
	3426483187
	3426483188
	3426483189
	3426483190
	3426483191
	3426483192
	3426483193
	3426483194
	3426483195
	3426483196
	3426483197
	3426483198
	3426483199
	3426483200
	3426483201
	3426483202
	3426483203
	3426483204
	3426483205
	3426483206
	3426483207
	3426483208
	3426483209
	3426483210
	3426483211
	3426483212
	3426483213
	3426483214
	3426483215
	3426483216
	3426483217
	3426483218
	3426483219
	3426483220
	3426483221
	3426483222
	3426483223
	3426483224
	3426483225
	3426483226
	3426483227
	3426483228
	3426483229
	3426483230
	3426483231
	3426483232
	3426483233
	3426483234
	3426483235
	3426483236
	3426483237
	3426483238
	3426483239
	3426483240
	3426483241
	3426483242
	3426483243
	3426483244
	3426483245
	3426483246
	3426483247
	3426483248
	3426483249
	3426483250
	3426483251
	3426483252
	3426483253
	3426483254
	3426483255
	3426483256
	3426483257
	3426483258
	3426483259
	3426483260
	3426483261
	3426483262
	3426483263
	3426483264
	3426483265
	3426483266
	3426483267
	3426483268
	3426483269
	3426483270
	3426483271
	3426483272
	3426483273
	3426483274
	3426483275
	3426483276
	3426483277
	3426483278
	3426483279
	3426483280
	3426483281
	3426483282
	3426483283
	3426483284
	3426483285
	3426483286
	3426483287
	3426483288
	3426483289
	3426483290
	3426483291
	3426483292
	3426483293
	3426483294
	3426483295
	3426483296
	3426483297
	3426483298
	3426483299
	3426483300
	3426483301
	3426483302
	3426483303
	3426483304
	3426483305
	3426483306
	3426483307
	3426483308
	3426483309
	3426483310
	3426483311
	3426483312
	3426483313
	3426483314
	3426483315
	3426483316
	3426483317
	3426483318
	3426483319
	3426483320
	3426483321
	3426483322
	3426483323
	3426483324
	3426483325
	3426483326
	3426483327
	3426483328
	3426483329
	3426483330
	3426483331
	3426483332
	3426483333
	3426483334
	3426483335
	3426483336
	3426483337
	3426483338
	3426483339
	3426483340
	3426483341
	3426483342
	3426483343
	3426483344
	3426483345
	3426483346
	3426483347
	3426483348
	3426483349
	3426483350
	3426483351
	3426483352
	3426483353
	3426483354
	3426483355
	3426483356
	3426483357
	3426483358
	3426483359
	3426483360
	3426483361
	3426483362
	3426483363
	3426483364
	3426483365
	3426483366
	3426483367
	3426483368
	3426483369
	3426483370
	3426483371
	3426483372
	3426483373
	3426483374
	3426483375
	3426483376
	3426483377
	3426483378
	3426483379
	3426483380
	3426483381
	3426483382
	3426483383
	3426483384
	3426483385
	3426483386
	3426483387
	3426483388
	3426483389
	3426483390
	3426483391
	3426483392
	3426483393
	3426483394
	3426483395
	3426483396
	3426483397
	3426483398
	3426483399
	3426483400
	3426483401
	3426483402
	3426483403
	3426483404
	3426483405
	3426483406
	3426483407
	3426483408
	3426483409
	3426483410
	3426483411
	3426483412
	3426483413
	3426483414
	3426483415
	3426483416
	3426483417
	3426483418
	3426483419
	3426483420
	3426483421
	3426483422
	3426483423
	3426483424
	3426483425
	3426483426
	3426483427
	3426483428
	3426483429
	3426483430
	3426483431
	3426483432
	3426483433
	3426483434
	3426483435
	3426483436
	3426483437
	3426483438
	3426483439
	3426483440
	3426483441
	3426483442
	3426483443
	3426483444
	3426483445
	3426483446
	3426483447
	3426483448
	3426483449
	3426483450
	3426483451
	3426483452
	3426483453
	3426483454
	3426483455
	3426483456
	3426483457
	3426483458
	3426483459
	3426483460
	3426483461
	3426483462
	3426483463
	3426483464
	3426483465
	3426483466
	3426483467
	3426483468
	3426483469
	3426483470
	3426483471
	3426483472
	3426483473
	3426483474
	3426483475
	3426483476
	3426483477
	3426483478
	3426483479
	3426483480
	3426483481
	3426483482
	3426483483
	3426483484
	3426483485
	3426483486
	3426483487
	3426483488
	3426483489
	3426483490
	3426483491
	3426483492
	3426483493
	3426483494
	3426483495
	3426483496
	3426483497
	3426483498
	3426483499
	3426483500
	3426483501
	3426483502
	3426483503
	3426483504
	3426483505
	3426483506
	3426483507
	3426483508
	3426483509
	3426483510
	3426483511
	3426483512
	3426483513
	3426483514
	3426483515
	3426483516
	3426483517
	3426483518
	3426483519
	3426483520
	3426483521
	3426483522
	3426483523
	3426483524
	3426483525
	3426483526
	3426483527
	3426483528
	3426483529
	3426483530
	3426483531
	3426483532
	3426483533
	3426483534
	3426483535
	3426483536
	3426483537
	3426483538
	3426483539
	3426483540
	3426483541
	3426483542
	3426483543
	3426483544
	3426483545
	3426483546
	3426483547
	3426483548
	3426483549
	3426483550
	3426483551
	3426483552
	3426483553
	3426483554
	3426483555
	3426483556
	3426483557
	3426483558
	3426483559
	3426483560
	3426483561
	3426483562
	3426483563
	3426483564
	3426483565
	3426483566
	3426483567
	3426483568
	3426483569
	3426483570
	3426483571
	3426483572
	3426483573
	3426483574
	3426483575
	3426483576
	3426483577
	3426483578
	3426483579
	3426483580
	3426483581
	3426483582
	3426483583
	3426483584
	3426483585
	3426483586
	3426483587
	3426483588
	3426483589
	3426483590
	3426483591
	3426483592
	3426483593
	3426483594
	3426483595
	3426483596
	3426483597
	3426483598
	3426483599
	3426483600
	3426483601
	3426483602
	3426483603
	3426483604
	3426483605
	3426483606
	3426483607
	3426483608
	3426483609
	3426483610
	3426483611
	3426483612
	3426483613
	3426483614
	3426483615
	3426483616
	3426483617
	3426483618
	3426483619
	3426483620
	3426483621
	3426483622
	3426483623
	3426483624
	3426483625
	3426483626
	3426483627
	3426483628
	3426483629
	3426483630
	3426483631
	3426483632
	3426483633
	3426483634
	3426483635
	3426483636
	3426483637
	3426483638
	3426483639
	3426483640
	3426483641
	3426483642
	3426483643
	3426483644
	3426483645
	3426483646
	3426483647
	3426483648
	3426483649
	3426483650
	3426483651
	3426483652
	3426483653
	3426483654
	3426483655
	3426483656
	3426483657
	3426483658
	3426483659
	3426483660
	3426483661
	3426483662
	3426483663
	3426483664
	3426483665
	3426483666
	3426483667
	3426483668
	3426483669
	3426483670
	3426483671
	3426483672
	3426483673
	3426483674
	3426483675
	3426483676
	3426483677
	3426483678
	3426483679
	3426483680
	3426483681
	3426483682
	3426483683
	3426483684
	3426483685
	3426483686
	3426483687
	3426483688
	3426483689
	3426483690
	3426483691
	3426483692
	3426483693
	3426483694
	3426483695
	3426483696
	3426483697
	3426483698
	3426483699
	3426483700
	3426483701
	3426483702
	3426483703
	3426483704
	3426483705
	3426483706
	3426483707
	3426483708
	3426483709
	3426483710
	3426483711
	3426483712
	3426483713
	3426483714
	3426483715
	3426483716
	3426483717
	3426483718
	3426483719
	3426483720
	3426483721
	3426483722
	3426483723
	3426483724
	3426483725
	3426483726
	3426483727
	3426483728
	3426483729
	3426483730
	3426483731
	3426483732
	3426483733
	3426483734
	3426483735
	3426483736
	3426483737
	3426483738
	3426483739
	3426483740
	3426483741
	3426483742
	3426483743
	3426483744
	3426483745
	3426483746
	3426483747
	3426483748
	3426483749
	3426483750
	3426483751
	3426483752
	3426483753
	3426483754
	3426483755
	3426483756
	3426483757
	3426483758
	3426483759
	3426483760
	3426483761
	3426483762
	3426483763
	3426483764
	3426483765
	3426483766
	3426483767
	3426483768
	3426483769
	3426483770
	3426483771
	3426483772
	3426483773
	3426483774
	3426483775
	3426483776
	3426483777
	3426483778
	3426483779
	3426483780
	3426483781
	3426483782
	3426483783
	3426483784
	3426483785
	3426483786
	3426483787
	3426483788
	3426483789
	3426483790
	3426483791
	3426483792
	3426483793
	3426483794
	3426483795
	3426483796
	3426483797
	3426483798
	3426483799
	3426483800
	3426483801
	3426483802
	3426483803
	3426483804
	3426483805
	3426483806
	3426483807
	3426483808
	3426483809
	3426483810
	3426483811
	3426483812
	3426483813
	3426483814
	3426483815
	3426483816
	3426483817
	3426483818
	3426483819
	3426483820
	3426483821
	3426483822
	3426483823
	3426483824
	3426483825
	3426483826
	3426483827
	3426483828
	3426483829
	3426483830
	3426483831
	3426483832
	3426483833
	3426483834
	3426483835
	3426483836
	3426483837
	3426483838
	3426483839
	3426483840
	3426483841
	3426483842
	3426483843
	3426483844
	3426483845
	3426483846
	3426483847
	3426483848
	3426483849
	3426483850
	3426483851
	3426483852
	3426483853
	3426483854
	3426483855
	3426483856
	3426483857
	3426483858
	3426483859
	3426483860
	3426483861
	3426483862
	3426483863
	3426483864
	3426483865
	3426483866
	3426483867
	3426483868
	3426483869
	3426483870
	3426483871
	3426483872
	3426483873
	3426483874
	3426483875
	3426483876
	3426483877
	3426483878
	3426483879
	3426483880
	3426483881
	3426483882
	3426483883
	3426483884
	3426483885
	3426483886
	3426483887
	3426483888
	3426483889
	3426483890
	3426483891
	3426483892
	3426483893
	3426483894
	3426483895
	3426483896
	3426483897
	3426483898
	3426483899
	3426483900
	3426483901
	3426483902
	3426483903
	3426483904
	3426483905
	3426483906
	3426483907
	3426483908
	3426483909
	3426483910
	3426483911
	3426483912
	3426483913
	3426483914
	3426483915
	3426483916
	3426483917
	3426483918
	3426483919
	3426483920
	3426483921
	3426483922
	3426483923
	3426483924
	3426483925
	3426483926
	3426483927
	3426483928
	3426483929
	3426483930
	3426483931
	3426483932
	3426483933
	3426483934
	3426483935
	3426483936
	3426483937
	3426483938
	3426483939
	3426483940
	3426483941
	3426483942
	3426483943
	3426483944
	3426483945
	3426483946
	3426483947
	3426483948
	3426483949
	3426483950
	3426483951
	3426483952
	3426483953
	3426483954
	3426483955
	3426483956
	3426483957
	3426483958
	3426483959
	3426483960
	3426483961
	3426483962
	3426483963
	3426483964
	3426483965
	3426483966
	3426483967
	3426483968
	3426483969
	3426483970
	3426483971
	3426483972
	3426483973
	3426483974
	3426483975
	3426483976
	3426483977
	3426483978
	3426483979
	3426483980
	3426483981
	3426483982
	3426483983
	3426483984
	3426483985
	3426483986
	3426483987
	3426483988
	3426483989
	3426483990
	3426483991
	3426483992
	3426483993
	3426483994
	3426483995
	3426483996
	3426483997
	3426483998
	3426483999
	3426484000
	3426484001
	3426484002
	3426484003
	3426484004
	3426484005
	3426484006
	3426484007
	3426484008
	3426484009
	3426484010
	3426484011
	3426484012
	3426484013
	3426484014
	3426484015
	3426484016
	3426484017
	3426484018
	3426484019
	3426484020
	3426484021
	3426484022
	3426484023
	3426484024
	3426484025
	3426484026
	3426484027
	3426484028
	3426484029
	3426484030
	3426484031
	3426484032
	3426484033
	3426484034
	3426484035
	3426484036
	3426484037
	3426484038
	3426484039
	3426484040
	3426484041
	3426484042
	3426484043
	3426484044
	3426484045
	3426484046
	3426484047
	3426484048
	3426484049
	3426484050
	3426484051
	3426484052
	3426484053
	3426484054
	3426484055
	3426484056
	3426484057
	3426484058
	3426484059
	3426484060
	3426484061
	3426484062
	3426484063
	3426484064
	3426484065
	3426484066
	3426484067
	3426484068
	3426484069
	3426484070
	3426484071
	3426484072
	3426484073
	3426484074
	3426484075
	3426484076
	3426484077
	3426484078
	3426484079
	3426484080
	3426484081
	3426484082
	3426484083
	3426484084
	3426484085
	3426484086
	3426484087
	3426484088
	3426484089
	3426484090
	3426484091
	3426484092
	3426484093
	3426484094
	3426484095
	3426484096
	3426484097
	3426484098
	3426484099
	3426484100
	3426484101
	3426484102
	3426484103
	3426484104
	3426484105
	3426484106
	3426484107
	3426484108
	3426484109
	3426484110
	3426484111
	3426484112
	3426484113
	3426484114
	3426484115
	3426484116
	3426484117
	3426484118
	3426484119
	3426484120
	3426484121
	3426484122
	3426484123
	3426484124
	3426484125
	3426484126
	3426484127
	3426484128
	3426484129
	3426484130
	3426484131
	3426484132
	3426484133
	3426484134
	3426484135
	3426484136
	3426484137
	3426484138
	3426484139
	3426484140
	3426484141
	3426484142
	3426484143
	3426484144
	3426484145
	3426484146
	3426484147
	3426484148
	3426484149
	3426484150
	3426484151
	3426484152
	3426484153
	3426484154
	3426484155
	3426484156
	3426484157
	3426484158
	3426484159
	3426484160
	3426484161
	3426484162
	3426484163
	3426484164
	3426484165
	3426484166
	3426484167
	3426484168
	3426484169
	3426484170
	3426484171
	3426484172
	3426484173
	3426484174
	3426484175
	3426484176
	3426484177
	3426484178
	3426484179
	3426484180
	3426484181
	3426484182
	3426484183
	3426484184
	3426484185
	3426484186
	3426484187
	3426484188
	3426484189
	3426484190
	3426484191
	3426484192
	3426484193
	3426484194
	3426484195
	3426484196
	3426484197
	3426484198
	3426484199
	3426484200
	3426484201
	3426484202
	3426484203
	3426484204
	3426484205
	3426484206
	3426484207
	3426484208
	3426484209
	3426484210
	3426484211
	3426484212
	3426484213
	3426484214
	3426484215
	3426484216
	3426484217
	3426484218
	3426484219
	3426484220
	3426484221
	3426484222
	3426484223
	3426484224
	3426484225
	3426484226
	3426484227
	3426484228
	3426484229
	3426484230
	3426484231
	3426484232
	3426484233
	3426484234
	3426484235
	3426484236
	3426484237
	3426484238
	3426484239
	3426484240
	3426484241
	3426484242
	3426484243
	3426484244
	3426484245
	3426484246
	3426484247
	3426484248
	3426484249
	3426484250
	3426484251
	3426484252
	3426484253
	3426484254
	3426484255
	3426484256
	3426484257
	3426484258
	3426484259
	3426484260
	3426484261
	3426484262
	3426484263
	3426484264
	3426484265
	3426484266
	3426484267
	3426484268
	3426484269
	3426484270
	3426484271
	3426484272
	3426484273
	3426484274
	3426484275
	3426484276
	3426484277
	3426484278
	3426484279
	3426484280
	3426484281
	3426484282
	3426484283
	3426484284
	3426484285
	3426484286
	3426484287
	3426484288
	3426484289
	3426484290
	3426484291
	3426484292
	3426484293
	3426484294
	3426484295
	3426484296
	3426484297
	3426484298
	3426484299
	3426484300
	3426484301
	3426484302
	3426484303
	3426484304
	3426484305
	3426484306
	3426484307
	3426484308
	3426484309
	3426484310
	3426484311
	3426484312
	3426484313
	3426484314
	3426484315
	3426484316
	3426484317
	3426484318
	3426484319
	3426484320
	3426484321
	3426484322
	3426484323
	3426484324
	3426484325
	3426484326
	3426484327
	3426484328
	3426484329
	3426484330
	3426484331
	3426484332
	3426484333
	3426484334
	3426484335
	3426484336
	3426484337
	3426484338
	3426484339
	3426484340
	3426484341
	3426484342
	3426484343
	3426484344
	3426484345
	3426484346
	3426484347
	3426484348
	3426484349
	3426484350
	3426484351
	3426484352
	3426484353
	3426484354
	3426484355
	3426484356
	3426484357
	3426484358
	3426484359
	3426484360
	3426484361
	3426484362
	3426484363
	3426484364
	3426484365
	3426484366
	3426484367
	3426484368
	3426484369
	3426484370
	3426484371
	3426484372
	3426484373
	3426484374
	3426484375
	3426484376
	3426484377
	3426484378
	3426484379
	3426484380
	3426484381
	3426484382
	3426484383
	3426484384
	3426484385
	3426484386
	3426484387
	3426484388
	3426484389
	3426484390
	3426484391
	3426484392
	3426484393
	3426484394
	3426484395
	3426484396
	3426484397
	3426484398
	3426484399
	3426484400
	3426484401
	3426484402
	3426484403
	3426484404
	3426484405
	3426484406
	3426484407
	3426484408
	3426484409
	3426484410
	3426484411
	3426484412
	3426484413
	3426484414
	3426484415
	3426484416
	3426484417
	3426484418
	3426484419
	3426484420
	3426484421
	3426484422
	3426484423
	3426484424
	3426484425
	3426484426
	3426484427
	3426484428
	3426484429
	3426484430
	3426484431
	3426484432
	3426484433
	3426484434
	3426484435
	3426484436
	3426484437
	3426484438
	3426484439
	3426484440
	3426484441
	3426484442
	3426484443
	3426484444
	3426484445
	3426484446
	3426484447
	3426484448
	3426484449
	3426484450
	3426484451
	3426484452
	3426484453
	3426484454
	3426484455
	3426484456
	3426484457
	3426484458
	3426484459
	3426484460
	3426484461
	3426484462
	3426484463
	3426484464
	3426484465
	3426484466
	3426484467
	3426484468
	3426484469
	3426484470
	3426484471
	3426484472
	3426484473
	3426484474
	3426484475
	3426484476
	3426484477
	3426484478
	3426484479
	3426484480
	3426484481
	3426484482
	3426484483
	3426484484
	3426484485
	3426484486
	3426484487
	3426484488
	3426484489
	3426484490
	3426484491
	3426484492
	3426484493
	3426484494
	3426484495
	3426484496
	3426484497
	3426484498
	3426484499
	3426484500
	3426484501
	3426484502
	3426484503
	3426484504
	3426484505
	3426484506
	3426484507
	3426484508
	3426484509
	3426484510
	3426484511
	3426484512
	3426484513
	3426484514
	3426484515
	3426484516
	3426484517
	3426484518
	3426484519
	3426484520
	3426484521
	3426484522
	3426484523
	3426484524
	3426484525
	3426484526
	3426484527
	3426484528
	3426484529
	3426484530
	3426484531
	3426484532
	3426484533
	3426484534
	3426484535
	3426484536
	3426484537
	3426484538
	3426484539
	3426484540
	3426484541
	3426484542
	3426484543
	3426484544
	3426484545
	3426484546
	3426484547
	3426484548
	3426484549
	3426484550
	3426484551
	3426484552
	3426484553
	3426484554
	3426484555
	3426484556
	3426484557
	3426484558
	3426484559
	3426484560
	3426484561
	3426484562
	3426484563
	3426484564
	3426484565
	3426484566
	3426484567
	3426484568
	3426484569
	3426484570
	3426484571
	3426484572
	3426484573
	3426484574
	3426484575
	3426484576
	3426484577
	3426484578
	3426484579
	3426484580
	3426484581
	3426484582
	3426484583
	3426484584
	3426484585
	3426484586
	3426484587
	3426484588
	3426484589
	3426484590
	3426484591
	3426484592
	3426484593
	3426484594
	3426484595
	3426484596
	3426484597
	3426484598
	3426484599
	3426484600
	3426484601
	3426484602
	3426484603
	3426484604
	3426484605
	3426484606
	3426484607
	3426484608
	3426484609
	3426484610
	3426484611
	3426484612
	3426484613
	3426484614
	3426484615
	3426484616
	3426484617
	3426484618
	3426484619
	3426484620
	3426484621
	3426484622
	3426484623
	3426484624
	3426484625
	3426484626
	3426484627
	3426484628
	3426484629
	3426484630
	3426484631
	3426484632
	3426484633
	3426484634
	3426484635
	3426484636
	3426484637
	3426484638
	3426484639
	3426484640
	3426484641
	3426484642
	3426484643
	3426484644
	3426484645
	3426484646
	3426484647
	3426484648
	3426484649
	3426484650
	3426484651
	3426484652
	3426484653
	3426484654
	3426484655
	3426484656
	3426484657
	3426484658
	3426484659
	3426484660
	3426484661
	3426484662
	3426484663
	3426484664
	3426484665
	3426484666
	3426484667
	3426484668
	3426484669
	3426484670
	3426484671
	3426484672
	3426484673
	3426484674
	3426484675
	3426484676
	3426484677
	3426484678
	3426484679
	3426484680
	3426484681
	3426484682
	3426484683
	3426484684
	3426484685
	3426484686
	3426484687
	3426484688
	3426484689
	3426484690
	3426484691
	3426484692
	3426484693
	3426484694
	3426484695
	3426484696
	3426484697
	3426484698
	3426484699
	3426484700
	3426484701
	3426484702
	3426484703
	3426484704
	3426484705
	3426484706
	3426484707
	3426484708
	3426484709
	3426484710
	3426484711
	3426484712
	3426484713
	3426484714
	3426484715
	3426484716
	3426484717
	3426484718
	3426484719
	3426484720
	3426484721
	3426484722
	3426484723
	3426484724
	3426484725
	3426484726
	3426484727
	3426484728
	3426484729
	3426484730
	3426484731
	3426484732
	3426484733
	3426484734
	3426484735
	3426484736
	3426484737
	3426484738
	3426484739
	3426484740
	3426484741
	3426484742
	3426484743
	3426484744
	3426484745
	3426484746
	3426484747
	3426484748
	3426484749
	3426484750
	3426484751
	3426484752
	3426484753
	3426484754
	3426484755
	3426484756
	3426484757
	3426484758
	3426484759
	3426484760
	3426484761
	3426484762
	3426484763
	3426484764
	3426484765
	3426484766
	3426484767
	3426484768
	3426484769
	3426484770
	3426484771
	3426484772
	3426484773
	3426484774
	3426484775
	3426484776
	3426484777
	3426484778
	3426484779
	3426484780
	3426484781
	3426484782
	3426484783
	3426484784
	3426484785
	3426484786
	3426484787
	3426484788
	3426484789
	3426484790
	3426484791
	3426484792
	3426484793
	3426484794
	3426484795
	3426484796
	3426484797
	3426484798
	3426484799
	3426484800
	3426484801
	3426484802
	3426484803
	3426484804
	3426484805
	3426484806
	3426484807
	3426484808
	3426484809
	3426484810
	3426484811
	3426484812
	3426484813
	3426484814
	3426484815
	3426484816
	3426484817
	3426484818
	3426484819
	3426484820
	3426484821
	3426484822
	3426484823
	3426484824
	3426484825
	3426484826
	3426484827
	3426484828
	3426484829
	3426484830
	3426484831
	3426484832
	3426484833
	3426484834
	3426484835
	3426484836
	3426484837
	3426484838
	3426484839
	3426484840
	3426484841
	3426484842
	3426484843
	3426484844
	3426484845
	3426484846
	3426484847
	3426484848
	3426484849
	3426484850
	3426484851
	3426484852
	3426484853
	3426484854
	3426484855
	3426484856
	3426484857
	3426484858
	3426484859
	3426484860
	3426484861
	3426484862
	3426484863
	3426484864
	3426484865
	3426484866
	3426484867
	3426484868
	3426484869
	3426484870
	3426484871
	3426484872
	3426484873
	3426484874
	3426484875
	3426484876
	3426484877
	3426484878
	3426484879
	3426484880
	3426484881
	3426484882
	3426484883
	3426484884
	3426484885
	3426484886
	3426484887
	3426484888
	3426484889
	3426484890
	3426484891
	3426484892
	3426484893
	3426484894
	3426484895
	3426484896
	3426484897
	3426484898
	3426484899
	3426484900
	3426484901
	3426484902
	3426484903
	3426484904
	3426484905
	3426484906
	3426484907
	3426484908
	3426484909
	3426484910
	3426484911
	3426484912
	3426484913
	3426484914
	3426484915
	3426484916
	3426484917
	3426484918
	3426484919
	3426484920
	3426484921
	3426484922
	3426484923
	3426484924
	3426484925
	3426484926
	3426484927
	3426484928
	3426484929
	3426484930
	3426484931
	3426484932
	3426484933
	3426484934
	3426484935
	3426484936
	3426484937
	3426484938
	3426484939
	3426484940
	3426484941
	3426484942
	3426484943
	3426484944
	3426484945
	3426484946
	3426484947
	3426484948
	3426484949
	3426484950
	3426484951
	3426484952
	3426484953
	3426484954
	3426484955
	3426484956
	3426484957
	3426484958
	3426484959
	3426484960
	3426484961
	3426484962
	3426484963
	3426484964
	3426484965
	3426484966
	3426484967
	3426484968
	3426484969
	3426484970
	3426484971
	3426484972
	3426484973
	3426484974
	3426484975
	3426484976
	3426484977
	3426484978
	3426484979
	3426484980
	3426484981
	3426484982
	3426484983
	3426484984
	3426484985
	3426484986
	3426484987
	3426484988
	3426484989
	3426484990
	3426484991
	3426484992
	3426484993
	3426484994
	3426484995
	3426484996
	3426484997
	3426484998
	3426484999
	3426485000
	3426485001
	3426485002
	3426485003
	3426485004
	3426485005
	3426485006
	3426485007
	3426485008
	3426485009
	3426485010
	3426485011
	3426485012
	3426485013
	3426485014
	3426485015
	3426485016
	3426485017
	3426485018
	3426485019
	3426485020
	3426485021
	3426485022
	3426485023
	3426485024
	3426485025
	3426485026
	3426485027
	3426485028
	3426485029
	3426485030
	3426485031
	3426485032
	3426485033
	3426485034
	3426485035
	3426485036
	3426485037
	3426485038
	3426485039
	3426485040
	3426485041
	3426485042
	3426485043
	3426485044
	3426485045
	3426485046
	3426485047
	3426485048
	3426485049
	3426485050
	3426485051
	3426485052
	3426485053
	3426485054
	3426485055
	3426485056
	3426485057
	3426485058
	3426485059
	3426485060
	3426485061
	3426485062
	3426485063
	3426485064
	3426485065
	3426485066
	3426485067
	3426485068
	3426485069
	3426485070
	3426485071
	3426485072
	3426485073
	3426485074
	3426485075
	3426485076
	3426485077
	3426485078
	3426485079
	3426485080
	3426485081
	3426485082
	3426485083
	3426485084
	3426485085
	3426485086
	3426485087
	3426485088
	3426485089
	3426485090
	3426485091
	3426485092
	3426485093
	3426485094
	3426485095
	3426485096
	3426485097
	3426485098
	3426485099
	3426485100
	3426485101
	3426485102
	3426485103
	3426485104
	3426485105
	3426485106
	3426485107
	3426485108
	3426485109
	3426485110
	3426485111
	3426485112
	3426485113
	3426485114
	3426485115
	3426485116
	3426485117
	3426485118
	3426485119
	3426485120
	3426485121
	3426485122
	3426485123
	3426485124
	3426485125
	3426485126
	3426485127
	3426485128
	3426485129
	3426485130
	3426485131
	3426485132
	3426485133
	3426485134
	3426485135
	3426485136
	3426485137
	3426485138
	3426485139
	3426485140
	3426485141
	3426485142
	3426485143
	3426485144
	3426485145
	3426485146
	3426485147
	3426485148
	3426485149
	3426485150
	3426485151
	3426485152
	3426485153
	3426485154
	3426485155
	3426485156
	3426485157
	3426485158
	3426485159
	3426485160
	3426485161
	3426485162
	3426485163
	3426485164
	3426485165
	3426485166
	3426485167
	3426485168
	3426485169
	3426485170
	3426485171
	3426485172
	3426485173
	3426485174
	3426485175
	3426485176
	3426485177
	3426485178
	3426485179
	3426485180
	3426485181
	3426485182
	3426485183
	3426485184
	3426485185
	3426485186
	3426485187
	3426485188
	3426485189
	3426485190
	3426485191
	3426485192
	3426485193
	3426485194
	3426485195
	3426485196
	3426485197
	3426485198
	3426485199
	3426485200
	3426485201
	3426485202
	3426485203
	3426485204
	3426485205
	3426485206
	3426485207
	3426485208
	3426485209
	3426485210
	3426485211
	3426485212
	3426485213
	3426485214
	3426485215
	3426485216
	3426485217
	3426485218
	3426485219
	3426485220
	3426485221
	3426485222
	3426485223
	3426485224
	3426485225
	3426485226
	3426485227
	3426485228
	3426485229
	3426485230
	3426485231
	3426485232
	3426485233
	3426485234
	3426485235
	3426485236
	3426485237
	3426485238
	3426485239
	3426485240
	3426485241
	3426485242
	3426485243
	3426485244
	3426485245
	3426485246
	3426485247
	3426485248
	3426485249
	3426485250
	3426485251
	3426485252
	3426485253
	3426485254
	3426485255
	3426485256
	3426485257
	3426485258
	3426485259
	3426485260
	3426485261
	3426485262
	3426485263
	3426485264
	3426485265
	3426485266
	3426485267
	3426485268
	3426485269
	3426485270
	3426485271
	3426485272
	3426485273
	3426485274
	3426485275
	3426485276
	3426485277
	3426485278
	3426485279
	3426485280
	3426485281
	3426485282
	3426485283
	3426485284
	3426485285
	3426485286
	3426485287
	3426485288
	3426485289
	3426485290
	3426485291
	3426485292
	3426485293
	3426485294
	3426485295
	3426485296
	3426485297
	3426485298
	3426485299
	3426485300
	3426485301
	3426485302
	3426485303
	3426485304
	3426485305
	3426485306
	3426485307
	3426485308
	3426485309
	3426485310
	3426485311
	3426485312
	3426485313
	3426485314
	3426485315
	3426485316
	3426485317
	3426485318
	3426485319
	3426485320
	3426485321
	3426485322
	3426485323
	3426485324
	3426485325
	3426485326
	3426485327
	3426485328
	3426485329
	3426485330
	3426485331
	3426485332
	3426485333
	3426485334
	3426485335
	3426485336
	3426485337
	3426485338
	3426485339
	3426485340
	3426485341
	3426485342
	3426485343
	3426485344
	3426485345
	3426485346
	3426485347
	3426485348
	3426485349
	3426485350
	3426485351
	3426485352
	3426485353
	3426485354
	3426485355
	3426485356
	3426485357
	3426485358
	3426485359
	3426485360
	3426485361
	3426485362
	3426485363
	3426485364
	3426485365
	3426485366
	3426485367
	3426485368
	3426485369
	3426485370
	3426485371
	3426485372
	3426485373
	3426485374
	3426485375
	3426485376
	3426485377
	3426485378
	3426485379
	3426485380
	3426485381
	3426485382
	3426485383
	3426485384
	3426485385
	3426485386
	3426485387
	3426485388
	3426485389
	3426485390
	3426485391
	3426485392
	3426485393
	3426485394
	3426485395
	3426485396
	3426485397
	3426485398
	3426485399
	3426485400
	3426485401
	3426485402
	3426485403
	3426485404
	3426485405
	3426485406
	3426485407
	3426485408
	3426485409
	3426485410
	3426485411
	3426485412
	3426485413
	3426485414
	3426485415
	3426485416
	3426485417
	3426485418
	3426485419
	3426485420
	3426485421
	3426485422
	3426485423
	3426485424
	3426485425
	3426485426
	3426485427
	3426485428
	3426485429
	3426485430
	3426485431
	3426485432
	3426485433
	3426485434
	3426485435
	3426485436
	3426485437
	3426485438
	3426485439
	3426485440
	3426485441
	3426485442
	3426485443
	3426485444
	3426485445
	3426485446
	3426485447
	3426485448
	3426485449
	3426485450
	3426485451
	3426485452
	3426485453
	3426485454
	3426485455
	3426485456
	3426485457
	3426485458
	3426485459
	3426485460
