	3426685179
	3426685180
	3426685181
	3426685182
	3426685183
	3426685184
	3426685185
	3426685186
	3426685187
	3426685188
	3426685189
	3426685190
	3426685191
	3426685192
	3426685193
	3426685194
	3426685195
	3426685196
	3426685197
	3426685198
	3426685199
	3426685200
	3426685201
	3426685202
	3426685203
	3426685204
	3426685205
	3426685206
	3426685207
	3426685208
	3426685209
	3426685210
	3426685211
	3426685212
	3426685213
	3426685214
	3426685215
	3426685216
	3426685217
	3426685218
	3426685219
	3426685220
	3426685221
	3426685222
	3426685223
	3426685224
	3426685225
	3426685226
	3426685227
	3426685228
	3426685229
	3426685230
	3426685231
	3426685232
	3426685233
	3426685234
	3426685235
	3426685236
	3426685237
	3426685238
	3426685239
	3426685240
	3426685241
	3426685242
	3426685243
	3426685244
	3426685245
	3426685246
	3426685247
	3426685248
	3426685249
	3426685250
	3426685251
	3426685252
	3426685253
	3426685254
	3426685255
	3426685256
	3426685257
	3426685258
	3426685259
	3426685260
	3426685261
	3426685262
	3426685263
	3426685264
	3426685265
	3426685266
	3426685267
	3426685268
	3426685269
	3426685270
	3426685271
	3426685272
	3426685273
	3426685274
	3426685275
	3426685276
	3426685277
	3426685278
	3426685279
	3426685280
	3426685281
	3426685282
	3426685283
	3426685284
	3426685285
	3426685286
	3426685287
	3426685288
	3426685289
	3426685290
	3426685291
	3426685292
	3426685293
	3426685294
	3426685295
	3426685296
	3426685297
	3426685298
	3426685299
	3426685300
	3426685301
	3426685302
	3426685303
	3426685304
	3426685305
	3426685306
	3426685307
	3426685308
	3426685309
	3426685310
	3426685311
	3426685312
	3426685313
	3426685314
	3426685315
	3426685316
	3426685317
	3426685318
	3426685319
	3426685320
	3426685321
	3426685322
	3426685323
	3426685324
	3426685325
	3426685326
	3426685327
	3426685328
	3426685329
	3426685330
	3426685331
	3426685332
	3426685333
	3426685334
	3426685335
	3426685336
	3426685337
	3426685338
	3426685339
	3426685340
	3426685341
	3426685342
	3426685343
	3426685344
	3426685345
	3426685346
	3426685347
	3426685348
	3426685349
	3426685350
	3426685351
	3426685352
	3426685353
	3426685354
	3426685355
	3426685356
	3426685357
	3426685358
	3426685359
	3426685360
	3426685361
	3426685362
	3426685363
	3426685364
	3426685365
	3426685366
	3426685367
	3426685368
	3426685369
	3426685370
	3426685371
	3426685372
	3426685373
	3426685374
	3426685375
	3426685376
	3426685377
	3426685378
	3426685379
	3426685380
	3426685381
	3426685382
	3426685383
	3426685384
	3426685385
	3426685386
	3426685387
	3426685388
	3426685389
	3426685390
	3426685391
	3426685392
	3426685393
	3426685394
	3426685395
	3426685396
	3426685397
	3426685398
	3426685399
	3426685400
	3426685401
	3426685402
	3426685403
	3426685404
	3426685405
	3426685406
	3426685407
	3426685408
	3426685409
	3426685410
	3426685411
	3426685412
	3426685413
	3426685414
	3426685415
	3426685416
	3426685417
	3426685418
	3426685419
	3426685420
	3426685421
	3426685422
	3426685423
	3426685424
	3426685425
	3426685426
	3426685427
	3426685428
	3426685429
	3426685430
	3426685431
	3426685432
	3426685433
	3426685434
	3426685435
	3426685436
	3426685437
	3426685438
	3426685439
	3426685440
	3426685441
	3426685442
	3426685443
	3426685444
	3426685445
	3426685446
	3426685447
	3426685448
	3426685449
	3426685450
	3426685451
	3426685452
	3426685453
	3426685454
	3426685455
	3426685456
	3426685457
	3426685458
	3426685459
	3426685460
	3426685461
	3426685462
	3426685463
	3426685464
	3426685465
	3426685466
	3426685467
	3426685468
	3426685469
	3426685470
	3426685471
	3426685472
	3426685473
	3426685474
	3426685475
	3426685476
	3426685477
	3426685478
	3426685479
	3426685480
	3426685481
	3426685482
	3426685483
	3426685484
	3426685485
	3426685486
	3426685487
	3426685488
	3426685489
	3426685490
	3426685491
	3426685492
	3426685493
	3426685494
	3426685495
	3426685496
	3426685497
	3426685498
	3426685499
	3426685500
	3426685501
	3426685502
	3426685503
	3426685504
	3426685505
	3426685506
	3426685507
	3426685508
	3426685509
	3426685510
	3426685511
	3426685512
	3426685513
	3426685514
	3426685515
	3426685516
	3426685517
	3426685518
	3426685519
	3426685520
	3426685521
	3426685522
	3426685523
	3426685524
	3426685525
	3426685526
	3426685527
	3426685528
	3426685529
	3426685530
	3426685531
	3426685532
	3426685533
	3426685534
	3426685535
	3426685536
	3426685537
	3426685538
	3426685539
	3426685540
	3426685541
	3426685542
	3426685543
	3426685544
	3426685545
	3426685546
	3426685547
	3426685548
	3426685549
	3426685550
	3426685551
	3426685552
	3426685553
	3426685554
	3426685555
	3426685556
	3426685557
	3426685558
	3426685559
	3426685560
	3426685561
	3426685562
	3426685563
	3426685564
	3426685565
	3426685566
	3426685567
	3426685568
	3426685569
	3426685570
	3426685571
	3426685572
	3426685573
	3426685574
	3426685575
	3426685576
	3426685577
	3426685578
	3426685579
	3426685580
	3426685581
	3426685582
	3426685583
	3426685584
	3426685585
	3426685586
	3426685587
	3426685588
	3426685589
	3426685590
	3426685591
	3426685592
	3426685593
	3426685594
	3426685595
	3426685596
	3426685597
	3426685598
	3426685599
	3426685600
	3426685601
	3426685602
	3426685603
	3426685604
	3426685605
	3426685606
	3426685607
	3426685608
	3426685609
	3426685610
	3426685611
	3426685612
	3426685613
	3426685614
	3426685615
	3426685616
	3426685617
	3426685618
	3426685619
	3426685620
	3426685621
	3426685622
	3426685623
	3426685624
	3426685625
	3426685626
	3426685627
	3426685628
	3426685629
	3426685630
	3426685631
	3426685632
	3426685633
	3426685634
	3426685635
	3426685636
	3426685637
	3426685638
	3426685639
	3426685640
	3426685641
	3426685642
	3426685643
	3426685644
	3426685645
	3426685646
	3426685647
	3426685648
	3426685649
	3426685650
	3426685651
	3426685652
	3426685653
	3426685654
	3426685655
	3426685656
	3426685657
	3426685658
	3426685659
	3426685660
	3426685661
	3426685662
	3426685663
	3426685664
	3426685665
	3426685666
	3426685667
	3426685668
	3426685669
	3426685670
	3426685671
	3426685672
	3426685673
	3426685674
	3426685675
	3426685676
	3426685677
	3426685678
	3426685679
	3426685680
	3426685681
	3426685682
	3426685683
	3426685684
	3426685685
	3426685686
	3426685687
	3426685688
	3426685689
	3426685690
	3426685691
	3426685692
	3426685693
	3426685694
	3426685695
	3426685696
	3426685697
	3426685698
	3426685699
	3426685700
	3426685701
	3426685702
	3426685703
	3426685704
	3426685705
	3426685706
	3426685707
	3426685708
	3426685709
	3426685710
	3426685711
	3426685712
	3426685713
	3426685714
	3426685715
	3426685716
	3426685717
	3426685718
	3426685719
	3426685720
	3426685721
	3426685722
	3426685723
	3426685724
	3426685725
	3426685726
	3426685727
	3426685728
	3426685729
	3426685730
	3426685731
	3426685732
	3426685733
	3426685734
	3426685735
	3426685736
	3426685737
	3426685738
	3426685739
	3426685740
	3426685741
	3426685742
	3426685743
	3426685744
	3426685745
	3426685746
	3426685747
	3426685748
	3426685749
	3426685750
	3426685751
	3426685752
	3426685753
	3426685754
	3426685755
	3426685756
	3426685757
	3426685758
	3426685759
	3426685760
	3426685761
	3426685762
	3426685763
	3426685764
	3426685765
	3426685766
	3426685767
	3426685768
	3426685769
	3426685770
	3426685771
	3426685772
	3426685773
	3426685774
	3426685775
	3426685776
	3426685777
	3426685778
	3426685779
	3426685780
	3426685781
	3426685782
	3426685783
	3426685784
	3426685785
	3426685786
	3426685787
	3426685788
	3426685789
	3426685790
	3426685791
	3426685792
	3426685793
	3426685794
	3426685795
	3426685796
	3426685797
	3426685798
	3426685799
	3426685800
	3426685801
	3426685802
	3426685803
	3426685804
	3426685805
	3426685806
	3426685807
	3426685808
	3426685809
	3426685810
	3426685811
	3426685812
	3426685813
	3426685814
	3426685815
	3426685816
	3426685817
	3426685818
	3426685819
	3426685820
	3426685821
	3426685822
	3426685823
	3426685824
	3426685825
	3426685826
	3426685827
	3426685828
	3426685829
	3426685830
	3426685831
	3426685832
	3426685833
	3426685834
	3426685835
	3426685836
	3426685837
	3426685838
	3426685839
	3426685840
	3426685841
	3426685842
	3426685843
	3426685844
	3426685845
	3426685846
	3426685847
	3426685848
	3426685849
	3426685850
	3426685851
	3426685852
	3426685853
	3426685854
	3426685855
	3426685856
	3426685857
	3426685858
	3426685859
	3426685860
	3426685861
	3426685862
	3426685863
	3426685864
	3426685865
	3426685866
	3426685867
	3426685868
	3426685869
	3426685870
	3426685871
	3426685872
	3426685873
	3426685874
	3426685875
	3426685876
	3426685877
	3426685878
	3426685879
	3426685880
	3426685881
	3426685882
	3426685883
	3426685884
	3426685885
	3426685886
	3426685887
	3426685888
	3426685889
	3426685890
	3426685891
	3426685892
	3426685893
	3426685894
	3426685895
	3426685896
	3426685897
	3426685898
	3426685899
	3426685900
	3426685901
	3426685902
	3426685903
	3426685904
	3426685905
	3426685906
	3426685907
	3426685908
	3426685909
	3426685910
	3426685911
	3426685912
	3426685913
	3426685914
	3426685915
	3426685916
	3426685917
	3426685918
	3426685919
	3426685920
	3426685921
	3426685922
	3426685923
	3426685924
	3426685925
	3426685926
	3426685927
	3426685928
	3426685929
	3426685930
	3426685931
	3426685932
	3426685933
	3426685934
	3426685935
	3426685936
	3426685937
	3426685938
	3426685939
	3426685940
	3426685941
	3426685942
	3426685943
	3426685944
	3426685945
	3426685946
	3426685947
	3426685948
	3426685949
	3426685950
	3426685951
	3426685952
	3426685953
	3426685954
	3426685955
	3426685956
	3426685957
	3426685958
	3426685959
	3426685960
	3426685961
	3426685962
	3426685963
	3426685964
	3426685965
	3426685966
	3426685967
	3426685968
	3426685969
	3426685970
	3426685971
	3426685972
	3426685973
	3426685974
	3426685975
	3426685976
	3426685977
	3426685978
	3426685979
	3426685980
	3426685981
	3426685982
	3426685983
	3426685984
	3426685985
	3426685986
	3426685987
	3426685988
	3426685989
	3426685990
	3426685991
	3426685992
	3426685993
	3426685994
	3426685995
	3426685996
	3426685997
	3426685998
	3426685999
	3426686000
	3426686001
	3426686002
	3426686003
	3426686004
	3426686005
	3426686006
	3426686007
	3426686008
	3426686009
	3426686010
	3426686011
	3426686012
	3426686013
	3426686014
	3426686015
	3426686016
	3426686017
	3426686018
	3426686019
	3426686020
	3426686021
	3426686022
	3426686023
	3426686024
	3426686025
	3426686026
	3426686027
	3426686028
	3426686029
	3426686030
	3426686031
	3426686032
	3426686033
	3426686034
	3426686035
	3426686036
	3426686037
	3426686038
	3426686039
	3426686040
	3426686041
	3426686042
	3426686043
	3426686044
	3426686045
	3426686046
	3426686047
	3426686048
	3426686049
	3426686050
	3426686051
	3426686052
	3426686053
	3426686054
	3426686055
	3426686056
	3426686057
	3426686058
	3426686059
	3426686060
	3426686061
	3426686062
	3426686063
	3426686064
	3426686065
	3426686066
	3426686067
	3426686068
	3426686069
	3426686070
	3426686071
	3426686072
	3426686073
	3426686074
	3426686075
	3426686076
	3426686077
	3426686078
	3426686079
	3426686080
	3426686081
	3426686082
	3426686083
	3426686084
	3426686085
	3426686086
	3426686087
	3426686088
	3426686089
	3426686090
	3426686091
	3426686092
	3426686093
	3426686094
	3426686095
	3426686096
	3426686097
	3426686098
	3426686099
	3426686100
	3426686101
	3426686102
	3426686103
	3426686104
	3426686105
	3426686106
	3426686107
	3426686108
	3426686109
	3426686110
	3426686111
	3426686112
	3426686113
	3426686114
	3426686115
	3426686116
	3426686117
	3426686118
	3426686119
	3426686120
	3426686121
	3426686122
	3426686123
	3426686124
	3426686125
	3426686126
	3426686127
	3426686128
	3426686129
	3426686130
	3426686131
	3426686132
	3426686133
	3426686134
	3426686135
	3426686136
	3426686137
	3426686138
	3426686139
	3426686140
	3426686141
	3426686142
	3426686143
	3426686144
	3426686145
	3426686146
	3426686147
	3426686148
	3426686149
	3426686150
	3426686151
	3426686152
	3426686153
	3426686154
	3426686155
	3426686156
	3426686157
	3426686158
	3426686159
	3426686160
	3426686161
	3426686162
	3426686163
	3426686164
	3426686165
	3426686166
	3426686167
	3426686168
	3426686169
	3426686170
	3426686171
	3426686172
	3426686173
	3426686174
	3426686175
	3426686176
	3426686177
	3426686178
	3426686179
	3426686180
	3426686181
	3426686182
	3426686183
	3426686184
	3426686185
	3426686186
	3426686187
	3426686188
	3426686189
	3426686190
	3426686191
	3426686192
	3426686193
	3426686194
	3426686195
	3426686196
	3426686197
	3426686198
	3426686199
	3426686200
	3426686201
	3426686202
	3426686203
	3426686204
	3426686205
	3426686206
	3426686207
	3426686208
	3426686209
	3426686210
	3426686211
	3426686212
	3426686213
	3426686214
	3426686215
	3426686216
	3426686217
	3426686218
	3426686219
	3426686220
	3426686221
	3426686222
	3426686223
	3426686224
	3426686225
	3426686226
	3426686227
	3426686228
	3426686229
	3426686230
	3426686231
	3426686232
	3426686233
	3426686234
	3426686235
	3426686236
	3426686237
	3426686238
	3426686239
	3426686240
	3426686241
	3426686242
	3426686243
	3426686244
	3426686245
	3426686246
	3426686247
	3426686248
	3426686249
	3426686250
	3426686251
	3426686252
	3426686253
	3426686254
	3426686255
	3426686256
	3426686257
	3426686258
	3426686259
	3426686260
	3426686261
	3426686262
	3426686263
	3426686264
	3426686265
	3426686266
	3426686267
	3426686268
	3426686269
	3426686270
	3426686271
	3426686272
	3426686273
	3426686274
	3426686275
	3426686276
	3426686277
	3426686278
	3426686279
	3426686280
	3426686281
	3426686282
	3426686283
	3426686284
	3426686285
	3426686286
	3426686287
	3426686288
	3426686289
	3426686290
	3426686291
	3426686292
	3426686293
	3426686294
	3426686295
	3426686296
	3426686297
	3426686298
	3426686299
	3426686300
	3426686301
	3426686302
	3426686303
	3426686304
	3426686305
	3426686306
	3426686307
	3426686308
	3426686309
	3426686310
	3426686311
	3426686312
	3426686313
	3426686314
	3426686315
	3426686316
	3426686317
	3426686318
	3426686319
	3426686320
	3426686321
	3426686322
	3426686323
	3426686324
	3426686325
	3426686326
	3426686327
	3426686328
	3426686329
	3426686330
	3426686331
	3426686332
	3426686333
	3426686334
	3426686335
	3426686336
	3426686337
	3426686338
	3426686339
	3426686340
	3426686341
	3426686342
	3426686343
	3426686344
	3426686345
	3426686346
	3426686347
	3426686348
	3426686349
	3426686350
	3426686351
	3426686352
	3426686353
	3426686354
	3426686355
	3426686356
	3426686357
	3426686358
	3426686359
	3426686360
	3426686361
	3426686362
	3426686363
	3426686364
	3426686365
	3426686366
	3426686367
	3426686368
	3426686369
	3426686370
	3426686371
	3426686372
	3426686373
	3426686374
	3426686375
	3426686376
	3426686377
	3426686378
	3426686379
	3426686380
	3426686381
	3426686382
	3426686383
	3426686384
	3426686385
	3426686386
	3426686387
	3426686388
	3426686389
	3426686390
	3426686391
	3426686392
	3426686393
	3426686394
	3426686395
	3426686396
	3426686397
	3426686398
	3426686399
	3426686400
	3426686401
	3426686402
	3426686403
	3426686404
	3426686405
	3426686406
	3426686407
	3426686408
	3426686409
	3426686410
	3426686411
	3426686412
	3426686413
	3426686414
	3426686415
	3426686416
	3426686417
	3426686418
	3426686419
	3426686420
	3426686421
	3426686422
	3426686423
	3426686424
	3426686425
	3426686426
	3426686427
	3426686428
	3426686429
	3426686430
	3426686431
	3426686432
	3426686433
	3426686434
	3426686435
	3426686436
	3426686437
	3426686438
	3426686439
	3426686440
	3426686441
	3426686442
	3426686443
	3426686444
	3426686445
	3426686446
	3426686447
	3426686448
	3426686449
	3426686450
	3426686451
	3426686452
	3426686453
	3426686454
	3426686455
	3426686456
	3426686457
	3426686458
	3426686459
	3426686460
	3426686461
	3426686462
	3426686463
	3426686464
	3426686465
	3426686466
	3426686467
	3426686468
	3426686469
	3426686470
	3426686471
	3426686472
	3426686473
	3426686474
	3426686475
	3426686476
	3426686477
	3426686478
	3426686479
	3426686480
	3426686481
	3426686482
	3426686483
	3426686484
	3426686485
	3426686486
	3426686487
	3426686488
	3426686489
	3426686490
	3426686491
	3426686492
	3426686493
	3426686494
	3426686495
	3426686496
	3426686497
	3426686498
	3426686499
	3426686500
	3426686501
	3426686502
	3426686503
	3426686504
	3426686505
	3426686506
	3426686507
	3426686508
	3426686509
	3426686510
	3426686511
	3426686512
	3426686513
	3426686514
	3426686515
	3426686516
	3426686517
	3426686518
	3426686519
	3426686520
	3426686521
	3426686522
	3426686523
	3426686524
	3426686525
	3426686526
	3426686527
	3426686528
	3426686529
	3426686530
	3426686531
	3426686532
	3426686533
	3426686534
	3426686535
	3426686536
	3426686537
	3426686538
	3426686539
	3426686540
	3426686541
	3426686542
	3426686543
	3426686544
	3426686545
	3426686546
	3426686547
	3426686548
	3426686549
	3426686550
	3426686551
	3426686552
	3426686553
	3426686554
	3426686555
	3426686556
	3426686557
	3426686558
	3426686559
	3426686560
	3426686561
	3426686562
	3426686563
	3426686564
	3426686565
	3426686566
	3426686567
	3426686568
	3426686569
	3426686570
	3426686571
	3426686572
	3426686573
	3426686574
	3426686575
	3426686576
	3426686577
	3426686578
	3426686579
	3426686580
	3426686581
	3426686582
	3426686583
	3426686584
	3426686585
	3426686586
	3426686587
	3426686588
	3426686589
	3426686590
	3426686591
	3426686592
	3426686593
	3426686594
	3426686595
	3426686596
	3426686597
	3426686598
	3426686599
	3426686600
	3426686601
	3426686602
	3426686603
	3426686604
	3426686605
	3426686606
	3426686607
	3426686608
	3426686609
	3426686610
	3426686611
	3426686612
	3426686613
	3426686614
	3426686615
	3426686616
	3426686617
	3426686618
	3426686619
	3426686620
	3426686621
	3426686622
	3426686623
	3426686624
	3426686625
	3426686626
	3426686627
	3426686628
	3426686629
	3426686630
	3426686631
	3426686632
	3426686633
	3426686634
	3426686635
	3426686636
	3426686637
	3426686638
	3426686639
	3426686640
	3426686641
	3426686642
	3426686643
	3426686644
	3426686645
	3426686646
	3426686647
	3426686648
	3426686649
	3426686650
	3426686651
	3426686652
	3426686653
	3426686654
	3426686655
	3426686656
	3426686657
	3426686658
	3426686659
	3426686660
	3426686661
	3426686662
	3426686663
	3426686664
	3426686665
	3426686666
	3426686667
	3426686668
	3426686669
	3426686670
	3426686671
	3426686672
	3426686673
	3426686674
	3426686675
	3426686676
	3426686677
	3426686678
	3426686679
	3426686680
	3426686681
	3426686682
	3426686683
	3426686684
	3426686685
	3426686686
	3426686687
	3426686688
	3426686689
	3426686690
	3426686691
	3426686692
	3426686693
	3426686694
	3426686695
	3426686696
	3426686697
	3426686698
	3426686699
	3426686700
	3426686701
	3426686702
	3426686703
	3426686704
	3426686705
	3426686706
	3426686707
	3426686708
	3426686709
	3426686710
	3426686711
	3426686712
	3426686713
	3426686714
	3426686715
	3426686716
	3426686717
	3426686718
	3426686719
	3426686720
	3426686721
	3426686722
	3426686723
	3426686724
	3426686725
	3426686726
	3426686727
	3426686728
	3426686729
	3426686730
	3426686731
	3426686732
	3426686733
	3426686734
	3426686735
	3426686736
	3426686737
	3426686738
	3426686739
	3426686740
	3426686741
	3426686742
	3426686743
	3426686744
	3426686745
	3426686746
	3426686747
	3426686748
	3426686749
	3426686750
	3426686751
	3426686752
	3426686753
	3426686754
	3426686755
	3426686756
	3426686757
	3426686758
	3426686759
	3426686760
	3426686761
	3426686762
	3426686763
	3426686764
	3426686765
	3426686766
	3426686767
	3426686768
	3426686769
	3426686770
	3426686771
	3426686772
	3426686773
	3426686774
	3426686775
	3426686776
	3426686777
	3426686778
	3426686779
	3426686780
	3426686781
	3426686782
	3426686783
	3426686784
	3426686785
	3426686786
	3426686787
	3426686788
	3426686789
	3426686790
	3426686791
	3426686792
	3426686793
	3426686794
	3426686795
	3426686796
	3426686797
	3426686798
	3426686799
	3426686800
	3426686801
	3426686802
	3426686803
	3426686804
	3426686805
	3426686806
	3426686807
	3426686808
	3426686809
	3426686810
	3426686811
	3426686812
	3426686813
	3426686814
	3426686815
	3426686816
	3426686817
	3426686818
	3426686819
	3426686820
	3426686821
	3426686822
	3426686823
	3426686824
	3426686825
	3426686826
	3426686827
	3426686828
	3426686829
	3426686830
	3426686831
	3426686832
	3426686833
	3426686834
	3426686835
	3426686836
	3426686837
	3426686838
	3426686839
	3426686840
	3426686841
	3426686842
	3426686843
	3426686844
	3426686845
	3426686846
	3426686847
	3426686848
	3426686849
	3426686850
	3426686851
	3426686852
	3426686853
	3426686854
	3426686855
	3426686856
	3426686857
	3426686858
	3426686859
	3426686860
	3426686861
	3426686862
	3426686863
	3426686864
	3426686865
	3426686866
	3426686867
	3426686868
	3426686869
	3426686870
	3426686871
	3426686872
	3426686873
	3426686874
	3426686875
	3426686876
	3426686877
	3426686878
	3426686879
	3426686880
	3426686881
	3426686882
	3426686883
	3426686884
	3426686885
	3426686886
	3426686887
	3426686888
	3426686889
	3426686890
	3426686891
	3426686892
	3426686893
	3426686894
	3426686895
	3426686896
	3426686897
	3426686898
	3426686899
	3426686900
	3426686901
	3426686902
	3426686903
	3426686904
	3426686905
	3426686906
	3426686907
	3426686908
	3426686909
	3426686910
	3426686911
	3426686912
	3426686913
	3426686914
	3426686915
	3426686916
	3426686917
	3426686918
	3426686919
	3426686920
	3426686921
	3426686922
	3426686923
	3426686924
	3426686925
	3426686926
	3426686927
	3426686928
	3426686929
	3426686930
	3426686931
	3426686932
	3426686933
	3426686934
	3426686935
	3426686936
	3426686937
	3426686938
	3426686939
	3426686940
	3426686941
	3426686942
	3426686943
	3426686944
	3426686945
	3426686946
	3426686947
	3426686948
	3426686949
	3426686950
	3426686951
	3426686952
	3426686953
	3426686954
	3426686955
	3426686956
	3426686957
	3426686958
	3426686959
	3426686960
	3426686961
	3426686962
	3426686963
	3426686964
	3426686965
	3426686966
	3426686967
	3426686968
	3426686969
	3426686970
	3426686971
	3426686972
	3426686973
	3426686974
	3426686975
	3426686976
	3426686977
	3426686978
	3426686979
	3426686980
	3426686981
	3426686982
	3426686983
	3426686984
	3426686985
	3426686986
	3426686987
	3426686988
	3426686989
	3426686990
	3426686991
	3426686992
	3426686993
	3426686994
	3426686995
	3426686996
	3426686997
	3426686998
	3426686999
	3426687000
	3426687001
	3426687002
	3426687003
	3426687004
	3426687005
	3426687006
	3426687007
	3426687008
	3426687009
	3426687010
	3426687011
	3426687012
	3426687013
	3426687014
	3426687015
	3426687016
	3426687017
	3426687018
	3426687019
	3426687020
	3426687021
	3426687022
	3426687023
	3426687024
	3426687025
	3426687026
	3426687027
	3426687028
	3426687029
	3426687030
	3426687031
	3426687032
	3426687033
	3426687034
	3426687035
	3426687036
	3426687037
	3426687038
	3426687039
	3426687040
	3426687041
	3426687042
	3426687043
	3426687044
	3426687045
	3426687046
	3426687047
	3426687048
	3426687049
	3426687050
	3426687051
	3426687052
	3426687053
	3426687054
	3426687055
	3426687056
	3426687057
	3426687058
	3426687059
	3426687060
	3426687061
	3426687062
	3426687063
	3426687064
	3426687065
	3426687066
	3426687067
	3426687068
	3426687069
	3426687070
	3426687071
	3426687072
	3426687073
	3426687074
	3426687075
	3426687076
	3426687077
	3426687078
	3426687079
	3426687080
	3426687081
	3426687082
	3426687083
	3426687084
	3426687085
	3426687086
	3426687087
	3426687088
	3426687089
	3426687090
	3426687091
	3426687092
	3426687093
	3426687094
	3426687095
	3426687096
	3426687097
	3426687098
	3426687099
	3426687100
	3426687101
	3426687102
	3426687103
	3426687104
	3426687105
	3426687106
	3426687107
	3426687108
	3426687109
	3426687110
	3426687111
	3426687112
	3426687113
	3426687114
	3426687115
	3426687116
	3426687117
	3426687118
	3426687119
	3426687120
	3426687121
	3426687122
	3426687123
	3426687124
	3426687125
	3426687126
	3426687127
	3426687128
	3426687129
	3426687130
	3426687131
	3426687132
	3426687133
	3426687134
	3426687135
	3426687136
	3426687137
	3426687138
	3426687139
	3426687140
	3426687141
	3426687142
	3426687143
	3426687144
	3426687145
	3426687146
	3426687147
	3426687148
	3426687149
	3426687150
	3426687151
	3426687152
	3426687153
	3426687154
	3426687155
	3426687156
	3426687157
	3426687158
	3426687159
	3426687160
	3426687161
	3426687162
	3426687163
	3426687164
	3426687165
	3426687166
	3426687167
	3426687168
	3426687169
	3426687170
	3426687171
	3426687172
	3426687173
	3426687174
	3426687175
	3426687176
	3426687177
	3426687178
	3426687179
	3426687180
	3426687181
	3426687182
	3426687183
	3426687184
	3426687185
	3426687186
	3426687187
	3426687188
	3426687189
	3426687190
	3426687191
	3426687192
	3426687193
	3426687194
	3426687195
	3426687196
	3426687197
	3426687198
	3426687199
	3426687200
	3426687201
	3426687202
	3426687203
	3426687204
	3426687205
	3426687206
	3426687207
	3426687208
	3426687209
	3426687210
	3426687211
	3426687212
	3426687213
	3426687214
	3426687215
	3426687216
	3426687217
	3426687218
	3426687219
	3426687220
	3426687221
	3426687222
	3426687223
	3426687224
	3426687225
	3426687226
	3426687227
	3426687228
	3426687229
	3426687230
	3426687231
	3426687232
	3426687233
	3426687234
	3426687235
	3426687236
	3426687237
	3426687238
	3426687239
	3426687240
	3426687241
	3426687242
	3426687243
	3426687244
	3426687245
	3426687246
	3426687247
	3426687248
	3426687249
	3426687250
	3426687251
	3426687252
	3426687253
	3426687254
	3426687255
	3426687256
	3426687257
	3426687258
	3426687259
	3426687260
	3426687261
	3426687262
	3426687263
	3426687264
	3426687265
	3426687266
	3426687267
	3426687268
	3426687269
	3426687270
	3426687271
	3426687272
	3426687273
	3426687274
	3426687275
	3426687276
	3426687277
	3426687278
	3426687279
	3426687280
	3426687281
	3426687282
	3426687283
	3426687284
	3426687285
	3426687286
	3426687287
	3426687288
	3426687289
	3426687290
	3426687291
	3426687292
	3426687293
	3426687294
	3426687295
	3426687296
	3426687297
	3426687298
	3426687299
	3426687300
	3426687301
	3426687302
	3426687303
	3426687304
	3426687305
	3426687306
	3426687307
	3426687308
	3426687309
	3426687310
	3426687311
	3426687312
	3426687313
	3426687314
	3426687315
	3426687316
	3426687317
	3426687318
	3426687319
	3426687320
	3426687321
	3426687322
	3426687323
	3426687324
	3426687325
	3426687326
	3426687327
	3426687328
	3426687329
	3426687330
	3426687331
	3426687332
	3426687333
	3426687334
	3426687335
	3426687336
	3426687337
	3426687338
	3426687339
	3426687340
	3426687341
	3426687342
	3426687343
	3426687344
	3426687345
	3426687346
	3426687347
	3426687348
	3426687349
	3426687350
	3426687351
	3426687352
	3426687353
	3426687354
	3426687355
	3426687356
	3426687357
	3426687358
	3426687359
	3426687360
	3426687361
	3426687362
	3426687363
	3426687364
	3426687365
	3426687366
	3426687367
	3426687368
	3426687369
	3426687370
	3426687371
	3426687372
	3426687373
	3426687374
	3426687375
	3426687376
	3426687377
	3426687378
	3426687379
	3426687380
	3426687381
	3426687382
	3426687383
	3426687384
	3426687385
	3426687386
	3426687387
	3426687388
	3426687389
	3426687390
	3426687391
	3426687392
	3426687393
	3426687394
	3426687395
	3426687396
	3426687397
	3426687398
	3426687399
	3426687400
	3426687401
	3426687402
	3426687403
	3426687404
	3426687405
	3426687406
	3426687407
	3426687408
	3426687409
	3426687410
	3426687411
	3426687412
	3426687413
	3426687414
	3426687415
	3426687416
	3426687417
	3426687418
	3426687419
	3426687420
	3426687421
	3426687422
	3426687423
	3426687424
	3426687425
	3426687426
	3426687427
	3426687428
	3426687429
	3426687430
	3426687431
	3426687432
	3426687433
	3426687434
	3426687435
	3426687436
	3426687437
	3426687438
	3426687439
	3426687440
	3426687441
	3426687442
	3426687443
	3426687444
	3426687445
	3426687446
	3426687447
	3426687448
	3426687449
	3426687450
	3426687451
	3426687452
	3426687453
	3426687454
	3426687455
	3426687456
	3426687457
	3426687458
	3426687459
	3426687460
	3426687461
	3426687462
	3426687463
	3426687464
	3426687465
	3426687466
	3426687467
	3426687468
	3426687469
	3426687470
	3426687471
	3426687472
	3426687473
	3426687474
	3426687475
	3426687476
	3426687477
	3426687478
	3426687479
	3426687480
	3426687481
	3426687482
	3426687483
	3426687484
	3426687485
	3426687486
	3426687487
	3426687488
	3426687489
	3426687490
	3426687491
	3426687492
	3426687493
	3426687494
	3426687495
	3426687496
	3426687497
	3426687498
	3426687499
	3426687500
	3426687501
	3426687502
	3426687503
	3426687504
	3426687505
	3426687506
	3426687507
	3426687508
	3426687509
	3426687510
	3426687511
	3426687512
	3426687513
	3426687514
	3426687515
	3426687516
	3426687517
	3426687518
	3426687519
	3426687520
	3426687521
	3426687522
	3426687523
	3426687524
	3426687525
	3426687526
	3426687527
	3426687528
	3426687529
	3426687530
	3426687531
	3426687532
	3426687533
	3426687534
	3426687535
	3426687536
	3426687537
	3426687538
	3426687539
	3426687540
	3426687541
	3426687542
	3426687543
	3426687544
	3426687545
	3426687546
	3426687547
	3426687548
	3426687549
	3426687550
	3426687551
	3426687552
	3426687553
	3426687554
	3426687555
	3426687556
	3426687557
	3426687558
	3426687559
	3426687560
	3426687561
	3426687562
	3426687563
	3426687564
	3426687565
	3426687566
	3426687567
	3426687568
	3426687569
	3426687570
	3426687571
	3426687572
	3426687573
	3426687574
	3426687575
	3426687576
	3426687577
	3426687578
	3426687579
	3426687580
	3426687581
	3426687582
	3426687583
	3426687584
	3426687585
	3426687586
	3426687587
	3426687588
	3426687589
	3426687590
	3426687591
	3426687592
	3426687593
	3426687594
	3426687595
	3426687596
	3426687597
	3426687598
	3426687599
	3426687600
	3426687601
	3426687602
	3426687603
	3426687604
	3426687605
	3426687606
	3426687607
	3426687608
	3426687609
	3426687610
	3426687611
	3426687612
	3426687613
	3426687614
	3426687615
	3426687616
	3426687617
	3426687618
	3426687619
	3426687620
	3426687621
	3426687622
	3426687623
	3426687624
	3426687625
	3426687626
	3426687627
	3426687628
	3426687629
	3426687630
	3426687631
	3426687632
	3426687633
	3426687634
	3426687635
	3426687636
	3426687637
	3426687638
	3426687639
	3426687640
	3426687641
	3426687642
	3426687643
	3426687644
	3426687645
	3426687646
	3426687647
	3426687648
	3426687649
	3426687650
	3426687651
	3426687652
	3426687653
	3426687654
	3426687655
	3426687656
	3426687657
	3426687658
	3426687659
	3426687660
	3426687661
	3426687662
	3426687663
	3426687664
	3426687665
	3426687666
	3426687667
	3426687668
	3426687669
	3426687670
	3426687671
	3426687672
	3426687673
	3426687674
	3426687675
	3426687676
	3426687677
	3426687678
	3426687679
	3426687680
	3426687681
	3426687682
	3426687683
	3426687684
	3426687685
	3426687686
	3426687687
	3426687688
	3426687689
	3426687690
	3426687691
	3426687692
	3426687693
	3426687694
	3426687695
	3426687696
	3426687697
	3426687698
	3426687699
	3426687700
	3426687701
	3426687702
	3426687703
	3426687704
	3426687705
	3426687706
	3426687707
	3426687708
	3426687709
	3426687710
	3426687711
	3426687712
	3426687713
	3426687714
	3426687715
	3426687716
	3426687717
	3426687718
	3426687719
	3426687720
	3426687721
	3426687722
	3426687723
	3426687724
	3426687725
	3426687726
	3426687727
	3426687728
	3426687729
	3426687730
	3426687731
	3426687732
	3426687733
	3426687734
	3426687735
	3426687736
	3426687737
	3426687738
	3426687739
	3426687740
	3426687741
	3426687742
	3426687743
	3426687744
	3426687745
	3426687746
	3426687747
	3426687748
	3426687749
	3426687750
	3426687751
	3426687752
	3426687753
	3426687754
	3426687755
	3426687756
	3426687757
	3426687758
	3426687759
	3426687760
	3426687761
	3426687762
	3426687763
	3426687764
	3426687765
	3426687766
	3426687767
	3426687768
	3426687769
	3426687770
	3426687771
	3426687772
	3426687773
	3426687774
	3426687775
	3426687776
	3426687777
	3426687778
	3426687779
	3426687780
	3426687781
	3426687782
	3426687783
	3426687784
	3426687785
	3426687786
	3426687787
	3426687788
	3426687789
	3426687790
	3426687791
	3426687792
	3426687793
	3426687794
	3426687795
	3426687796
	3426687797
	3426687798
	3426687799
	3426687800
	3426687801
	3426687802
	3426687803
	3426687804
	3426687805
	3426687806
	3426687807
	3426687808
	3426687809
	3426687810
	3426687811
	3426687812
	3426687813
	3426687814
	3426687815
	3426687816
	3426687817
	3426687818
	3426687819
	3426687820
	3426687821
	3426687822
	3426687823
	3426687824
	3426687825
	3426687826
	3426687827
	3426687828
	3426687829
	3426687830
	3426687831
	3426687832
	3426687833
	3426687834
	3426687835
	3426687836
	3426687837
	3426687838
	3426687839
	3426687840
	3426687841
	3426687842
	3426687843
	3426687844
	3426687845
	3426687846
	3426687847
	3426687848
	3426687849
	3426687850
	3426687851
	3426687852
	3426687853
	3426687854
	3426687855
	3426687856
	3426687857
	3426687858
	3426687859
	3426687860
	3426687861
	3426687862
	3426687863
	3426687864
	3426687865
	3426687866
	3426687867
	3426687868
	3426687869
	3426687870
	3426687871
	3426687872
	3426687873
	3426687874
	3426687875
	3426687876
	3426687877
	3426687878
	3426687879
	3426687880
	3426687881
	3426687882
	3426687883
	3426687884
	3426687885
	3426687886
	3426687887
	3426687888
	3426687889
	3426687890
	3426687891
	3426687892
	3426687893
	3426687894
	3426687895
	3426687896
	3426687897
	3426687898
	3426687899
	3426687900
	3426687901
	3426687902
	3426687903
	3426687904
	3426687905
	3426687906
	3426687907
	3426687908
	3426687909
	3426687910
	3426687911
	3426687912
	3426687913
	3426687914
	3426687915
	3426687916
	3426687917
	3426687918
	3426687919
	3426687920
	3426687921
	3426687922
	3426687923
	3426687924
	3426687925
	3426687926
	3426687927
	3426687928
	3426687929
	3426687930
	3426687931
	3426687932
	3426687933
	3426687934
	3426687935
	3426687936
	3426687937
	3426687938
	3426687939
	3426687940
	3426687941
	3426687942
	3426687943
	3426687944
	3426687945
	3426687946
	3426687947
	3426687948
	3426687949
	3426687950
	3426687951
	3426687952
	3426687953
	3426687954
	3426687955
	3426687956
	3426687957
	3426687958
	3426687959
	3426687960
	3426687961
	3426687962
	3426687963
	3426687964
	3426687965
	3426687966
	3426687967
	3426687968
	3426687969
	3426687970
	3426687971
	3426687972
	3426687973
	3426687974
	3426687975
	3426687976
	3426687977
	3426687978
	3426687979
	3426687980
	3426687981
	3426687982
	3426687983
	3426687984
	3426687985
	3426687986
	3426687987
	3426687988
	3426687989
	3426687990
	3426687991
	3426687992
	3426687993
	3426687994
	3426687995
	3426687996
	3426687997
	3426687998
	3426687999
	3426688000
	3426688001
	3426688002
	3426688003
	3426688004
	3426688005
	3426688006
	3426688007
	3426688008
	3426688009
	3426688010
	3426688011
	3426688012
	3426688013
	3426688014
	3426688015
	3426688016
	3426688017
	3426688018
	3426688019
	3426688020
	3426688021
	3426688022
	3426688023
	3426688024
	3426688025
	3426688026
	3426688027
	3426688028
	3426688029
	3426688030
	3426688031
	3426688032
	3426688033
	3426688034
	3426688035
	3426688036
	3426688037
	3426688038
	3426688039
	3426688040
	3426688041
	3426688042
	3426688043
	3426688044
	3426688045
	3426688046
	3426688047
	3426688048
	3426688049
	3426688050
	3426688051
	3426688052
	3426688053
	3426688054
	3426688055
	3426688056
	3426688057
	3426688058
	3426688059
	3426688060
	3426688061
	3426688062
	3426688063
	3426688064
	3426688065
	3426688066
	3426688067
	3426688068
	3426688069
	3426688070
	3426688071
	3426688072
	3426688073
	3426688074
	3426688075
	3426688076
	3426688077
	3426688078
	3426688079
	3426688080
	3426688081
	3426688082
	3426688083
	3426688084
	3426688085
	3426688086
	3426688087
	3426688088
	3426688089
	3426688090
	3426688091
	3426688092
	3426688093
	3426688094
	3426688095
	3426688096
	3426688097
	3426688098
	3426688099
	3426688100
	3426688101
	3426688102
	3426688103
	3426688104
	3426688105
	3426688106
	3426688107
	3426688108
	3426688109
	3426688110
	3426688111
	3426688112
	3426688113
	3426688114
	3426688115
	3426688116
	3426688117
	3426688118
	3426688119
	3426688120
	3426688121
	3426688122
	3426688123
	3426688124
	3426688125
	3426688126
	3426688127
	3426688128
	3426688129
	3426688130
	3426688131
	3426688132
	3426688133
	3426688134
	3426688135
	3426688136
	3426688137
	3426688138
	3426688139
	3426688140
	3426688141
	3426688142
	3426688143
	3426688144
	3426688145
	3426688146
	3426688147
	3426688148
	3426688149
	3426688150
	3426688151
	3426688152
	3426688153
	3426688154
	3426688155
	3426688156
	3426688157
	3426688158
	3426688159
	3426688160
	3426688161
	3426688162
	3426688163
	3426688164
	3426688165
	3426688166
	3426688167
	3426688168
	3426688169
	3426688170
	3426688171
	3426688172
	3426688173
	3426688174
	3426688175
	3426688176
	3426688177
	3426688178
	3426688179
	3426688180
	3426688181
	3426688182
	3426688183
	3426688184
	3426688185
	3426688186
	3426688187
	3426688188
	3426688189
	3426688190
	3426688191
	3426688192
	3426688193
	3426688194
	3426688195
	3426688196
	3426688197
	3426688198
	3426688199
	3426688200
	3426688201
	3426688202
	3426688203
	3426688204
	3426688205
	3426688206
	3426688207
	3426688208
	3426688209
	3426688210
	3426688211
	3426688212
	3426688213
	3426688214
	3426688215
	3426688216
	3426688217
	3426688218
	3426688219
	3426688220
	3426688221
	3426688222
	3426688223
	3426688224
	3426688225
	3426688226
	3426688227
	3426688228
	3426688229
	3426688230
	3426688231
	3426688232
	3426688233
	3426688234
	3426688235
	3426688236
	3426688237
	3426688238
	3426688239
	3426688240
	3426688241
	3426688242
	3426688243
	3426688244
	3426688245
	3426688246
	3426688247
	3426688248
	3426688249
	3426688250
	3426688251
	3426688252
	3426688253
	3426688254
	3426688255
	3426688256
	3426688257
	3426688258
	3426688259
	3426688260
	3426688261
	3426688262
	3426688263
	3426688264
	3426688265
	3426688266
	3426688267
	3426688268
	3426688269
	3426688270
	3426688271
	3426688272
	3426688273
	3426688274
	3426688275
	3426688276
	3426688277
	3426688278
	3426688279
	3426688280
	3426688281
	3426688282
	3426688283
	3426688284
	3426688285
	3426688286
	3426688287
	3426688288
	3426688289
	3426688290
	3426688291
	3426688292
	3426688293
	3426688294
	3426688295
	3426688296
	3426688297
	3426688298
	3426688299
	3426688300
	3426688301
	3426688302
	3426688303
	3426688304
	3426688305
	3426688306
	3426688307
	3426688308
	3426688309
	3426688310
	3426688311
	3426688312
	3426688313
	3426688314
	3426688315
	3426688316
	3426688317
	3426688318
	3426688319
	3426688320
	3426688321
	3426688322
	3426688323
	3426688324
	3426688325
	3426688326
	3426688327
	3426688328
	3426688329
	3426688330
	3426688331
	3426688332
	3426688333
	3426688334
	3426688335
	3426688336
	3426688337
	3426688338
	3426688339
	3426688340
	3426688341
	3426688342
	3426688343
	3426688344
	3426688345
	3426688346
	3426688347
	3426688348
	3426688349
	3426688350
	3426688351
	3426688352
	3426688353
	3426688354
	3426688355
	3426688356
	3426688357
	3426688358
	3426688359
	3426688360
	3426688361
	3426688362
	3426688363
	3426688364
	3426688365
	3426688366
	3426688367
	3426688368
	3426688369
	3426688370
	3426688371
	3426688372
	3426688373
	3426688374
	3426688375
	3426688376
	3426688377
	3426688378
	3426688379
	3426688380
	3426688381
	3426688382
	3426688383
	3426688384
	3426688385
	3426688386
	3426688387
	3426688388
	3426688389
	3426688390
	3426688391
	3426688392
	3426688393
	3426688394
	3426688395
	3426688396
	3426688397
	3426688398
	3426688399
	3426688400
	3426688401
	3426688402
	3426688403
	3426688404
	3426688405
	3426688406
	3426688407
	3426688408
	3426688409
	3426688410
	3426688411
	3426688412
	3426688413
	3426688414
	3426688415
	3426688416
	3426688417
	3426688418
	3426688419
	3426688420
	3426688421
	3426688422
	3426688423
	3426688424
	3426688425
	3426688426
	3426688427
	3426688428
	3426688429
	3426688430
	3426688431
	3426688432
	3426688433
	3426688434
	3426688435
	3426688436
	3426688437
	3426688438
	3426688439
	3426688440
	3426688441
	3426688442
	3426688443
	3426688444
	3426688445
	3426688446
	3426688447
	3426688448
	3426688449
	3426688450
	3426688451
	3426688452
	3426688453
	3426688454
	3426688455
	3426688456
	3426688457
	3426688458
	3426688459
	3426688460
	3426688461
	3426688462
	3426688463
	3426688464
	3426688465
	3426688466
	3426688467
	3426688468
	3426688469
	3426688470
	3426688471
	3426688472
	3426688473
	3426688474
	3426688475
	3426688476
	3426688477
	3426688478
	3426688479
	3426688480
	3426688481
	3426688482
	3426688483
	3426688484
	3426688485
	3426688486
	3426688487
	3426688488
	3426688489
	3426688490
	3426688491
	3426688492
	3426688493
	3426688494
	3426688495
	3426688496
	3426688497
	3426688498
	3426688499
	3426688500
	3426688501
	3426688502
	3426688503
	3426688504
	3426688505
	3426688506
	3426688507
	3426688508
	3426688509
	3426688510
	3426688511
	3426688512
	3426688513
	3426688514
	3426688515
	3426688516
	3426688517
	3426688518
	3426688519
	3426688520
	3426688521
	3426688522
	3426688523
	3426688524
	3426688525
	3426688526
	3426688527
	3426688528
	3426688529
	3426688530
	3426688531
	3426688532
	3426688533
	3426688534
	3426688535
	3426688536
	3426688537
	3426688538
	3426688539
	3426688540
	3426688541
	3426688542
	3426688543
	3426688544
	3426688545
	3426688546
	3426688547
	3426688548
	3426688549
	3426688550
	3426688551
	3426688552
	3426688553
	3426688554
	3426688555
	3426688556
	3426688557
	3426688558
	3426688559
	3426688560
	3426688561
	3426688562
	3426688563
	3426688564
	3426688565
	3426688566
	3426688567
	3426688568
	3426688569
	3426688570
	3426688571
	3426688572
	3426688573
	3426688574
	3426688575
	3426688576
	3426688577
	3426688578
	3426688579
	3426688580
	3426688581
	3426688582
	3426688583
	3426688584
	3426688585
	3426688586
	3426688587
	3426688588
	3426688589
	3426688590
	3426688591
	3426688592
	3426688593
	3426688594
	3426688595
	3426688596
	3426688597
	3426688598
	3426688599
	3426688600
	3426688601
	3426688602
	3426688603
	3426688604
	3426688605
	3426688606
	3426688607
	3426688608
	3426688609
	3426688610
	3426688611
	3426688612
	3426688613
	3426688614
	3426688615
	3426688616
	3426688617
	3426688618
	3426688619
	3426688620
	3426688621
	3426688622
	3426688623
	3426688624
	3426688625
	3426688626
	3426688627
	3426688628
	3426688629
	3426688630
	3426688631
	3426688632
	3426688633
	3426688634
	3426688635
	3426688636
	3426688637
	3426688638
	3426688639
	3426688640
	3426688641
	3426688642
	3426688643
	3426688644
	3426688645
	3426688646
	3426688647
	3426688648
	3426688649
	3426688650
	3426688651
	3426688652
	3426688653
	3426688654
	3426688655
	3426688656
	3426688657
	3426688658
	3426688659
	3426688660
	3426688661
	3426688662
	3426688663
	3426688664
	3426688665
	3426688666
	3426688667
	3426688668
	3426688669
	3426688670
	3426688671
	3426688672
	3426688673
	3426688674
	3426688675
	3426688676
	3426688677
	3426688678
	3426688679
	3426688680
	3426688681
	3426688682
	3426688683
	3426688684
	3426688685
	3426688686
	3426688687
	3426688688
	3426688689
	3426688690
	3426688691
	3426688692
	3426688693
	3426688694
	3426688695
	3426688696
	3426688697
	3426688698
	3426688699
	3426688700
	3426688701
	3426688702
	3426688703
	3426688704
	3426688705
	3426688706
	3426688707
	3426688708
	3426688709
	3426688710
	3426688711
	3426688712
	3426688713
	3426688714
	3426688715
	3426688716
	3426688717
	3426688718
	3426688719
	3426688720
	3426688721
	3426688722
	3426688723
	3426688724
	3426688725
	3426688726
	3426688727
	3426688728
	3426688729
	3426688730
	3426688731
	3426688732
	3426688733
	3426688734
	3426688735
	3426688736
	3426688737
	3426688738
	3426688739
	3426688740
	3426688741
	3426688742
	3426688743
	3426688744
	3426688745
	3426688746
	3426688747
	3426688748
	3426688749
	3426688750
	3426688751
	3426688752
	3426688753
	3426688754
	3426688755
	3426688756
	3426688757
	3426688758
	3426688759
	3426688760
	3426688761
	3426688762
	3426688763
	3426688764
	3426688765
	3426688766
	3426688767
	3426688768
	3426688769
	3426688770
	3426688771
	3426688772
	3426688773
	3426688774
	3426688775
	3426688776
	3426688777
	3426688778
