	3426772438
	3426772439
	3426772440
	3426772441
	3426772442
	3426772443
	3426772444
	3426772445
	3426772446
	3426772447
	3426772448
	3426772449
	3426772450
	3426772451
	3426772452
	3426772453
	3426772454
	3426772455
	3426772456
	3426772457
	3426772458
	3426772459
	3426772460
	3426772461
	3426772462
	3426772463
	3426772464
	3426772465
	3426772466
	3426772467
	3426772468
	3426772469
	3426772470
	3426772471
	3426772472
	3426772473
	3426772474
	3426772475
	3426772476
	3426772477
	3426772478
	3426772479
	3426772480
	3426772481
	3426772482
	3426772483
	3426772484
	3426772485
	3426772486
	3426772487
	3426772488
	3426772489
	3426772490
	3426772491
	3426772492
	3426772493
	3426772494
	3426772495
	3426772496
	3426772497
	3426772498
	3426772499
	3426772500
	3426772501
	3426772502
	3426772503
	3426772504
	3426772505
	3426772506
	3426772507
	3426772508
	3426772509
	3426772510
	3426772511
	3426772512
	3426772513
	3426772514
	3426772515
	3426772516
	3426772517
	3426772518
	3426772519
	3426772520
	3426772521
	3426772522
	3426772523
	3426772524
	3426772525
	3426772526
	3426772527
	3426772528
	3426772529
	3426772530
	3426772531
	3426772532
	3426772533
	3426772534
	3426772535
	3426772536
	3426772537
	3426772538
	3426772539
	3426772540
	3426772541
	3426772542
	3426772543
	3426772544
	3426772545
	3426772546
	3426772547
	3426772548
	3426772549
	3426772550
	3426772551
	3426772552
	3426772553
	3426772554
	3426772555
	3426772556
	3426772557
	3426772558
	3426772559
	3426772560
	3426772561
	3426772562
	3426772563
	3426772564
	3426772565
	3426772566
	3426772567
	3426772568
	3426772569
	3426772570
	3426772571
	3426772572
	3426772573
	3426772574
	3426772575
	3426772576
	3426772577
	3426772578
	3426772579
	3426772580
	3426772581
	3426772582
	3426772583
	3426772584
	3426772585
	3426772586
	3426772587
	3426772588
	3426772589
	3426772590
	3426772591
	3426772592
	3426772593
	3426772594
	3426772595
	3426772596
	3426772597
	3426772598
	3426772599
	3426772600
	3426772601
	3426772602
	3426772603
	3426772604
	3426772605
	3426772606
	3426772607
	3426772608
	3426772609
	3426772610
	3426772611
	3426772612
	3426772613
	3426772614
	3426772615
	3426772616
	3426772617
	3426772618
	3426772619
	3426772620
	3426772621
	3426772622
	3426772623
	3426772624
	3426772625
	3426772626
	3426772627
	3426772628
	3426772629
	3426772630
	3426772631
	3426772632
	3426772633
	3426772634
	3426772635
	3426772636
	3426772637
	3426772638
	3426772639
	3426772640
	3426772641
	3426772642
	3426772643
	3426772644
	3426772645
	3426772646
	3426772647
	3426772648
	3426772649
	3426772650
	3426772651
	3426772652
	3426772653
	3426772654
	3426772655
	3426772656
	3426772657
	3426772658
	3426772659
	3426772660
	3426772661
	3426772662
	3426772663
	3426772664
	3426772665
	3426772666
	3426772667
	3426772668
	3426772669
	3426772670
	3426772671
	3426772672
	3426772673
	3426772674
	3426772675
	3426772676
	3426772677
	3426772678
	3426772679
	3426772680
	3426772681
	3426772682
	3426772683
	3426772684
	3426772685
	3426772686
	3426772687
	3426772688
	3426772689
	3426772690
	3426772691
	3426772692
	3426772693
	3426772694
	3426772695
	3426772696
	3426772697
	3426772698
	3426772699
	3426772700
	3426772701
	3426772702
	3426772703
	3426772704
	3426772705
	3426772706
	3426772707
	3426772708
	3426772709
	3426772710
	3426772711
	3426772712
	3426772713
	3426772714
	3426772715
	3426772716
	3426772717
	3426772718
	3426772719
	3426772720
	3426772721
	3426772722
	3426772723
	3426772724
	3426772725
	3426772726
	3426772727
	3426772728
	3426772729
	3426772730
	3426772731
	3426772732
	3426772733
	3426772734
	3426772735
	3426772736
	3426772737
	3426772738
	3426772739
	3426772740
	3426772741
	3426772742
	3426772743
	3426772744
	3426772745
	3426772746
	3426772747
	3426772748
	3426772749
	3426772750
	3426772751
	3426772752
	3426772753
	3426772754
	3426772755
	3426772756
	3426772757
	3426772758
	3426772759
	3426772760
	3426772761
	3426772762
	3426772763
	3426772764
	3426772765
	3426772766
	3426772767
	3426772768
	3426772769
	3426772770
	3426772771
	3426772772
	3426772773
	3426772774
	3426772775
	3426772776
	3426772777
	3426772778
	3426772779
	3426772780
	3426772781
	3426772782
	3426772783
	3426772784
	3426772785
	3426772786
	3426772787
	3426772788
	3426772789
	3426772790
	3426772791
	3426772792
	3426772793
	3426772794
	3426772795
	3426772796
	3426772797
	3426772798
	3426772799
	3426772800
	3426772801
	3426772802
	3426772803
	3426772804
	3426772805
	3426772806
	3426772807
	3426772808
	3426772809
	3426772810
	3426772811
	3426772812
	3426772813
	3426772814
	3426772815
	3426772816
	3426772817
	3426772818
	3426772819
	3426772820
	3426772821
	3426772822
	3426772823
	3426772824
	3426772825
	3426772826
	3426772827
	3426772828
	3426772829
	3426772830
	3426772831
	3426772832
	3426772833
	3426772834
	3426772835
	3426772836
	3426772837
	3426772838
	3426772839
	3426772840
	3426772841
	3426772842
	3426772843
	3426772844
	3426772845
	3426772846
	3426772847
	3426772848
	3426772849
	3426772850
	3426772851
	3426772852
	3426772853
	3426772854
	3426772855
	3426772856
	3426772857
	3426772858
	3426772859
	3426772860
	3426772861
	3426772862
	3426772863
	3426772864
	3426772865
	3426772866
	3426772867
	3426772868
	3426772869
	3426772870
	3426772871
	3426772872
	3426772873
	3426772874
	3426772875
	3426772876
	3426772877
	3426772878
	3426772879
	3426772880
	3426772881
	3426772882
	3426772883
	3426772884
	3426772885
	3426772886
	3426772887
	3426772888
	3426772889
	3426772890
	3426772891
	3426772892
	3426772893
	3426772894
	3426772895
	3426772896
	3426772897
	3426772898
	3426772899
	3426772900
	3426772901
	3426772902
	3426772903
	3426772904
	3426772905
	3426772906
	3426772907
	3426772908
	3426772909
	3426772910
	3426772911
	3426772912
	3426772913
	3426772914
	3426772915
	3426772916
	3426772917
	3426772918
	3426772919
	3426772920
	3426772921
	3426772922
	3426772923
	3426772924
	3426772925
	3426772926
	3426772927
	3426772928
	3426772929
	3426772930
	3426772931
	3426772932
	3426772933
	3426772934
	3426772935
	3426772936
	3426772937
	3426772938
	3426772939
	3426772940
	3426772941
	3426772942
	3426772943
	3426772944
	3426772945
	3426772946
	3426772947
	3426772948
	3426772949
	3426772950
	3426772951
	3426772952
	3426772953
	3426772954
	3426772955
	3426772956
	3426772957
	3426772958
	3426772959
	3426772960
	3426772961
	3426772962
	3426772963
	3426772964
	3426772965
	3426772966
	3426772967
	3426772968
	3426772969
	3426772970
	3426772971
	3426772972
	3426772973
	3426772974
	3426772975
	3426772976
	3426772977
	3426772978
	3426772979
	3426772980
	3426772981
	3426772982
	3426772983
	3426772984
	3426772985
	3426772986
	3426772987
	3426772988
	3426772989
	3426772990
	3426772991
	3426772992
	3426772993
	3426772994
	3426772995
	3426772996
	3426772997
	3426772998
	3426772999
	3426773000
	3426773001
	3426773002
	3426773003
	3426773004
	3426773005
	3426773006
	3426773007
	3426773008
	3426773009
	3426773010
	3426773011
	3426773012
	3426773013
	3426773014
	3426773015
	3426773016
	3426773017
	3426773018
	3426773019
	3426773020
	3426773021
	3426773022
	3426773023
	3426773024
	3426773025
	3426773026
	3426773027
	3426773028
	3426773029
	3426773030
	3426773031
	3426773032
	3426773033
	3426773034
	3426773035
	3426773036
	3426773037
	3426773038
	3426773039
	3426773040
	3426773041
	3426773042
	3426773043
	3426773044
	3426773045
	3426773046
	3426773047
	3426773048
	3426773049
	3426773050
	3426773051
	3426773052
	3426773053
	3426773054
	3426773055
	3426773056
	3426773057
	3426773058
	3426773059
	3426773060
	3426773061
	3426773062
	3426773063
	3426773064
	3426773065
	3426773066
	3426773067
	3426773068
	3426773069
	3426773070
	3426773071
	3426773072
	3426773073
	3426773074
	3426773075
	3426773076
	3426773077
	3426773078
	3426773079
	3426773080
	3426773081
	3426773082
	3426773083
	3426773084
	3426773085
	3426773086
	3426773087
	3426773088
	3426773089
	3426773090
	3426773091
	3426773092
	3426773093
	3426773094
	3426773095
	3426773096
	3426773097
	3426773098
	3426773099
	3426773100
	3426773101
	3426773102
	3426773103
	3426773104
	3426773105
	3426773106
	3426773107
	3426773108
	3426773109
	3426773110
	3426773111
	3426773112
	3426773113
	3426773114
	3426773115
	3426773116
	3426773117
	3426773118
	3426773119
	3426773120
	3426773121
	3426773122
	3426773123
	3426773124
	3426773125
	3426773126
	3426773127
	3426773128
	3426773129
	3426773130
	3426773131
	3426773132
	3426773133
	3426773134
	3426773135
	3426773136
	3426773137
	3426773138
	3426773139
	3426773140
	3426773141
	3426773142
	3426773143
	3426773144
	3426773145
	3426773146
	3426773147
	3426773148
	3426773149
	3426773150
	3426773151
	3426773152
	3426773153
	3426773154
	3426773155
	3426773156
	3426773157
	3426773158
	3426773159
	3426773160
	3426773161
	3426773162
	3426773163
	3426773164
	3426773165
	3426773166
	3426773167
	3426773168
	3426773169
	3426773170
	3426773171
	3426773172
	3426773173
	3426773174
	3426773175
	3426773176
	3426773177
	3426773178
	3426773179
	3426773180
	3426773181
	3426773182
	3426773183
	3426773184
	3426773185
	3426773186
	3426773187
	3426773188
	3426773189
	3426773190
	3426773191
	3426773192
	3426773193
	3426773194
	3426773195
	3426773196
	3426773197
	3426773198
	3426773199
	3426773200
	3426773201
	3426773202
	3426773203
	3426773204
	3426773205
	3426773206
	3426773207
	3426773208
	3426773209
	3426773210
	3426773211
	3426773212
	3426773213
	3426773214
	3426773215
	3426773216
	3426773217
	3426773218
	3426773219
	3426773220
	3426773221
	3426773222
	3426773223
	3426773224
	3426773225
	3426773226
	3426773227
	3426773228
	3426773229
	3426773230
	3426773231
	3426773232
	3426773233
	3426773234
	3426773235
	3426773236
	3426773237
	3426773238
	3426773239
	3426773240
	3426773241
	3426773242
	3426773243
	3426773244
	3426773245
	3426773246
	3426773247
	3426773248
	3426773249
	3426773250
	3426773251
	3426773252
	3426773253
	3426773254
	3426773255
	3426773256
	3426773257
	3426773258
	3426773259
	3426773260
	3426773261
	3426773262
	3426773263
	3426773264
	3426773265
	3426773266
	3426773267
	3426773268
	3426773269
	3426773270
	3426773271
	3426773272
	3426773273
	3426773274
	3426773275
	3426773276
	3426773277
	3426773278
	3426773279
	3426773280
	3426773281
	3426773282
	3426773283
	3426773284
	3426773285
	3426773286
	3426773287
	3426773288
	3426773289
	3426773290
	3426773291
	3426773292
	3426773293
	3426773294
	3426773295
	3426773296
	3426773297
	3426773298
	3426773299
	3426773300
	3426773301
	3426773302
	3426773303
	3426773304
	3426773305
	3426773306
	3426773307
	3426773308
	3426773309
	3426773310
	3426773311
	3426773312
	3426773313
	3426773314
	3426773315
	3426773316
	3426773317
	3426773318
	3426773319
	3426773320
	3426773321
	3426773322
	3426773323
	3426773324
	3426773325
	3426773326
	3426773327
	3426773328
	3426773329
	3426773330
	3426773331
	3426773332
	3426773333
	3426773334
	3426773335
	3426773336
	3426773337
	3426773338
	3426773339
	3426773340
	3426773341
	3426773342
	3426773343
	3426773344
	3426773345
	3426773346
	3426773347
	3426773348
	3426773349
	3426773350
	3426773351
	3426773352
	3426773353
	3426773354
	3426773355
	3426773356
	3426773357
	3426773358
	3426773359
	3426773360
	3426773361
	3426773362
	3426773363
	3426773364
	3426773365
	3426773366
	3426773367
	3426773368
	3426773369
	3426773370
	3426773371
	3426773372
	3426773373
	3426773374
	3426773375
	3426773376
	3426773377
	3426773378
	3426773379
	3426773380
	3426773381
	3426773382
	3426773383
	3426773384
	3426773385
	3426773386
	3426773387
	3426773388
	3426773389
	3426773390
	3426773391
	3426773392
	3426773393
	3426773394
	3426773395
	3426773396
	3426773397
	3426773398
	3426773399
	3426773400
	3426773401
	3426773402
	3426773403
	3426773404
	3426773405
	3426773406
	3426773407
	3426773408
	3426773409
	3426773410
	3426773411
	3426773412
	3426773413
	3426773414
	3426773415
	3426773416
	3426773417
	3426773418
	3426773419
	3426773420
	3426773421
	3426773422
	3426773423
	3426773424
	3426773425
	3426773426
	3426773427
	3426773428
	3426773429
	3426773430
	3426773431
	3426773432
	3426773433
	3426773434
	3426773435
	3426773436
	3426773437
	3426773438
	3426773439
	3426773440
	3426773441
	3426773442
	3426773443
	3426773444
	3426773445
	3426773446
	3426773447
	3426773448
	3426773449
	3426773450
	3426773451
	3426773452
	3426773453
	3426773454
	3426773455
	3426773456
	3426773457
	3426773458
	3426773459
	3426773460
	3426773461
	3426773462
	3426773463
	3426773464
	3426773465
	3426773466
	3426773467
	3426773468
	3426773469
	3426773470
	3426773471
	3426773472
	3426773473
	3426773474
	3426773475
	3426773476
	3426773477
	3426773478
	3426773479
	3426773480
	3426773481
	3426773482
	3426773483
	3426773484
	3426773485
	3426773486
	3426773487
	3426773488
	3426773489
	3426773490
	3426773491
	3426773492
	3426773493
	3426773494
	3426773495
	3426773496
	3426773497
	3426773498
	3426773499
	3426773500
	3426773501
	3426773502
	3426773503
	3426773504
	3426773505
	3426773506
	3426773507
	3426773508
	3426773509
	3426773510
	3426773511
	3426773512
	3426773513
	3426773514
	3426773515
	3426773516
	3426773517
	3426773518
	3426773519
	3426773520
	3426773521
	3426773522
	3426773523
	3426773524
	3426773525
	3426773526
	3426773527
	3426773528
	3426773529
	3426773530
	3426773531
	3426773532
	3426773533
	3426773534
	3426773535
	3426773536
	3426773537
	3426773538
	3426773539
	3426773540
	3426773541
	3426773542
	3426773543
	3426773544
	3426773545
	3426773546
	3426773547
	3426773548
	3426773549
	3426773550
	3426773551
	3426773552
	3426773553
	3426773554
	3426773555
	3426773556
	3426773557
	3426773558
	3426773559
	3426773560
	3426773561
	3426773562
	3426773563
	3426773564
	3426773565
	3426773566
	3426773567
	3426773568
	3426773569
	3426773570
	3426773571
	3426773572
	3426773573
	3426773574
	3426773575
	3426773576
	3426773577
	3426773578
	3426773579
	3426773580
	3426773581
	3426773582
	3426773583
	3426773584
	3426773585
	3426773586
	3426773587
	3426773588
	3426773589
	3426773590
	3426773591
	3426773592
	3426773593
	3426773594
	3426773595
	3426773596
	3426773597
	3426773598
	3426773599
	3426773600
	3426773601
	3426773602
	3426773603
	3426773604
	3426773605
	3426773606
	3426773607
	3426773608
	3426773609
	3426773610
	3426773611
	3426773612
	3426773613
	3426773614
	3426773615
	3426773616
	3426773617
	3426773618
	3426773619
	3426773620
	3426773621
	3426773622
	3426773623
	3426773624
	3426773625
	3426773626
	3426773627
	3426773628
	3426773629
	3426773630
	3426773631
	3426773632
	3426773633
	3426773634
	3426773635
	3426773636
	3426773637
	3426773638
	3426773639
	3426773640
	3426773641
	3426773642
	3426773643
	3426773644
	3426773645
	3426773646
	3426773647
	3426773648
	3426773649
	3426773650
	3426773651
	3426773652
	3426773653
	3426773654
	3426773655
	3426773656
	3426773657
	3426773658
	3426773659
	3426773660
	3426773661
	3426773662
	3426773663
	3426773664
	3426773665
	3426773666
	3426773667
	3426773668
	3426773669
	3426773670
	3426773671
	3426773672
	3426773673
	3426773674
	3426773675
	3426773676
	3426773677
	3426773678
	3426773679
	3426773680
	3426773681
	3426773682
	3426773683
	3426773684
	3426773685
	3426773686
	3426773687
	3426773688
	3426773689
	3426773690
	3426773691
	3426773692
	3426773693
	3426773694
	3426773695
	3426773696
	3426773697
	3426773698
	3426773699
	3426773700
	3426773701
	3426773702
	3426773703
	3426773704
	3426773705
	3426773706
	3426773707
	3426773708
	3426773709
	3426773710
	3426773711
	3426773712
	3426773713
	3426773714
	3426773715
	3426773716
	3426773717
	3426773718
	3426773719
	3426773720
	3426773721
	3426773722
	3426773723
	3426773724
	3426773725
	3426773726
	3426773727
	3426773728
	3426773729
	3426773730
	3426773731
	3426773732
	3426773733
	3426773734
	3426773735
	3426773736
	3426773737
	3426773738
	3426773739
	3426773740
	3426773741
	3426773742
	3426773743
	3426773744
	3426773745
	3426773746
	3426773747
	3426773748
	3426773749
	3426773750
	3426773751
	3426773752
	3426773753
	3426773754
	3426773755
	3426773756
	3426773757
	3426773758
	3426773759
	3426773760
	3426773761
	3426773762
	3426773763
	3426773764
	3426773765
	3426773766
	3426773767
	3426773768
	3426773769
	3426773770
	3426773771
	3426773772
	3426773773
	3426773774
	3426773775
	3426773776
	3426773777
	3426773778
	3426773779
	3426773780
	3426773781
	3426773782
	3426773783
	3426773784
	3426773785
	3426773786
	3426773787
	3426773788
	3426773789
	3426773790
	3426773791
	3426773792
	3426773793
	3426773794
	3426773795
	3426773796
	3426773797
	3426773798
	3426773799
	3426773800
	3426773801
	3426773802
	3426773803
	3426773804
	3426773805
	3426773806
	3426773807
	3426773808
	3426773809
	3426773810
	3426773811
	3426773812
	3426773813
	3426773814
	3426773815
	3426773816
	3426773817
	3426773818
	3426773819
	3426773820
	3426773821
	3426773822
	3426773823
	3426773824
	3426773825
	3426773826
	3426773827
	3426773828
	3426773829
	3426773830
	3426773831
	3426773832
	3426773833
	3426773834
	3426773835
	3426773836
	3426773837
	3426773838
	3426773839
	3426773840
	3426773841
	3426773842
	3426773843
	3426773844
	3426773845
	3426773846
	3426773847
	3426773848
	3426773849
	3426773850
	3426773851
	3426773852
	3426773853
	3426773854
	3426773855
	3426773856
	3426773857
	3426773858
	3426773859
	3426773860
	3426773861
	3426773862
	3426773863
	3426773864
	3426773865
	3426773866
	3426773867
	3426773868
	3426773869
	3426773870
	3426773871
	3426773872
	3426773873
	3426773874
	3426773875
	3426773876
	3426773877
	3426773878
	3426773879
	3426773880
	3426773881
	3426773882
	3426773883
	3426773884
	3426773885
	3426773886
	3426773887
	3426773888
	3426773889
	3426773890
	3426773891
	3426773892
	3426773893
	3426773894
	3426773895
	3426773896
	3426773897
	3426773898
	3426773899
	3426773900
	3426773901
	3426773902
	3426773903
	3426773904
	3426773905
	3426773906
	3426773907
	3426773908
	3426773909
	3426773910
	3426773911
	3426773912
	3426773913
	3426773914
	3426773915
	3426773916
	3426773917
	3426773918
	3426773919
	3426773920
	3426773921
	3426773922
	3426773923
	3426773924
	3426773925
	3426773926
	3426773927
	3426773928
	3426773929
	3426773930
	3426773931
	3426773932
	3426773933
	3426773934
	3426773935
	3426773936
	3426773937
	3426773938
	3426773939
	3426773940
	3426773941
	3426773942
	3426773943
	3426773944
	3426773945
	3426773946
	3426773947
	3426773948
	3426773949
	3426773950
	3426773951
	3426773952
	3426773953
	3426773954
	3426773955
	3426773956
	3426773957
	3426773958
	3426773959
	3426773960
	3426773961
	3426773962
	3426773963
	3426773964
	3426773965
	3426773966
	3426773967
	3426773968
	3426773969
	3426773970
	3426773971
	3426773972
	3426773973
	3426773974
	3426773975
	3426773976
	3426773977
	3426773978
	3426773979
	3426773980
	3426773981
	3426773982
	3426773983
	3426773984
	3426773985
	3426773986
	3426773987
	3426773988
	3426773989
	3426773990
	3426773991
	3426773992
	3426773993
	3426773994
	3426773995
	3426773996
	3426773997
	3426773998
	3426773999
	3426774000
	3426774001
	3426774002
	3426774003
	3426774004
	3426774005
	3426774006
	3426774007
	3426774008
	3426774009
	3426774010
	3426774011
	3426774012
	3426774013
	3426774014
	3426774015
	3426774016
	3426774017
	3426774018
	3426774019
	3426774020
	3426774021
	3426774022
	3426774023
	3426774024
	3426774025
	3426774026
	3426774027
	3426774028
	3426774029
	3426774030
	3426774031
	3426774032
	3426774033
	3426774034
	3426774035
	3426774036
	3426774037
	3426774038
	3426774039
	3426774040
	3426774041
	3426774042
	3426774043
	3426774044
	3426774045
	3426774046
	3426774047
	3426774048
	3426774049
	3426774050
	3426774051
	3426774052
	3426774053
	3426774054
	3426774055
	3426774056
	3426774057
	3426774058
	3426774059
	3426774060
	3426774061
	3426774062
	3426774063
	3426774064
	3426774065
	3426774066
	3426774067
	3426774068
	3426774069
	3426774070
	3426774071
	3426774072
	3426774073
	3426774074
	3426774075
	3426774076
	3426774077
	3426774078
	3426774079
	3426774080
	3426774081
	3426774082
	3426774083
	3426774084
	3426774085
	3426774086
	3426774087
	3426774088
	3426774089
	3426774090
	3426774091
	3426774092
	3426774093
	3426774094
	3426774095
	3426774096
	3426774097
	3426774098
	3426774099
	3426774100
	3426774101
	3426774102
	3426774103
	3426774104
	3426774105
	3426774106
	3426774107
	3426774108
	3426774109
	3426774110
	3426774111
	3426774112
	3426774113
	3426774114
	3426774115
	3426774116
	3426774117
	3426774118
	3426774119
	3426774120
	3426774121
	3426774122
	3426774123
	3426774124
	3426774125
	3426774126
	3426774127
	3426774128
	3426774129
	3426774130
	3426774131
	3426774132
	3426774133
	3426774134
	3426774135
	3426774136
	3426774137
	3426774138
	3426774139
	3426774140
	3426774141
	3426774142
	3426774143
	3426774144
	3426774145
	3426774146
	3426774147
	3426774148
	3426774149
	3426774150
	3426774151
	3426774152
	3426774153
	3426774154
	3426774155
	3426774156
	3426774157
	3426774158
	3426774159
	3426774160
	3426774161
	3426774162
	3426774163
	3426774164
	3426774165
	3426774166
	3426774167
	3426774168
	3426774169
	3426774170
	3426774171
	3426774172
	3426774173
	3426774174
	3426774175
	3426774176
	3426774177
	3426774178
	3426774179
	3426774180
	3426774181
	3426774182
	3426774183
	3426774184
	3426774185
	3426774186
	3426774187
	3426774188
	3426774189
	3426774190
	3426774191
	3426774192
	3426774193
	3426774194
	3426774195
	3426774196
	3426774197
	3426774198
	3426774199
	3426774200
	3426774201
	3426774202
	3426774203
	3426774204
	3426774205
	3426774206
	3426774207
	3426774208
	3426774209
	3426774210
	3426774211
	3426774212
	3426774213
	3426774214
	3426774215
	3426774216
	3426774217
	3426774218
	3426774219
	3426774220
	3426774221
	3426774222
	3426774223
	3426774224
	3426774225
	3426774226
	3426774227
	3426774228
	3426774229
	3426774230
	3426774231
	3426774232
	3426774233
	3426774234
	3426774235
	3426774236
	3426774237
	3426774238
	3426774239
	3426774240
	3426774241
	3426774242
	3426774243
	3426774244
	3426774245
	3426774246
	3426774247
	3426774248
	3426774249
	3426774250
	3426774251
	3426774252
	3426774253
	3426774254
	3426774255
	3426774256
	3426774257
	3426774258
	3426774259
	3426774260
	3426774261
	3426774262
	3426774263
	3426774264
	3426774265
	3426774266
	3426774267
	3426774268
	3426774269
	3426774270
	3426774271
	3426774272
	3426774273
	3426774274
	3426774275
	3426774276
	3426774277
	3426774278
	3426774279
	3426774280
	3426774281
	3426774282
	3426774283
	3426774284
	3426774285
	3426774286
	3426774287
	3426774288
	3426774289
	3426774290
	3426774291
	3426774292
	3426774293
	3426774294
	3426774295
	3426774296
	3426774297
	3426774298
	3426774299
	3426774300
	3426774301
	3426774302
	3426774303
	3426774304
	3426774305
	3426774306
	3426774307
	3426774308
	3426774309
	3426774310
	3426774311
	3426774312
	3426774313
	3426774314
	3426774315
	3426774316
	3426774317
	3426774318
	3426774319
	3426774320
	3426774321
	3426774322
	3426774323
	3426774324
	3426774325
	3426774326
	3426774327
	3426774328
	3426774329
	3426774330
	3426774331
	3426774332
	3426774333
	3426774334
	3426774335
	3426774336
	3426774337
	3426774338
	3426774339
	3426774340
	3426774341
	3426774342
	3426774343
	3426774344
	3426774345
	3426774346
	3426774347
	3426774348
	3426774349
	3426774350
	3426774351
	3426774352
	3426774353
	3426774354
	3426774355
	3426774356
	3426774357
	3426774358
	3426774359
	3426774360
	3426774361
	3426774362
	3426774363
	3426774364
	3426774365
	3426774366
	3426774367
	3426774368
	3426774369
	3426774370
	3426774371
	3426774372
	3426774373
	3426774374
	3426774375
	3426774376
	3426774377
	3426774378
	3426774379
	3426774380
	3426774381
	3426774382
	3426774383
	3426774384
	3426774385
	3426774386
	3426774387
	3426774388
	3426774389
	3426774390
	3426774391
	3426774392
	3426774393
	3426774394
	3426774395
	3426774396
	3426774397
	3426774398
	3426774399
	3426774400
	3426774401
	3426774402
	3426774403
	3426774404
	3426774405
	3426774406
	3426774407
	3426774408
	3426774409
	3426774410
	3426774411
	3426774412
	3426774413
	3426774414
	3426774415
	3426774416
	3426774417
	3426774418
	3426774419
	3426774420
	3426774421
	3426774422
	3426774423
	3426774424
	3426774425
	3426774426
	3426774427
	3426774428
	3426774429
	3426774430
	3426774431
	3426774432
	3426774433
	3426774434
	3426774435
	3426774436
	3426774437
	3426774438
	3426774439
	3426774440
	3426774441
	3426774442
	3426774443
	3426774444
	3426774445
	3426774446
	3426774447
	3426774448
	3426774449
	3426774450
	3426774451
	3426774452
	3426774453
	3426774454
	3426774455
	3426774456
	3426774457
	3426774458
	3426774459
	3426774460
	3426774461
	3426774462
	3426774463
	3426774464
	3426774465
	3426774466
	3426774467
	3426774468
	3426774469
	3426774470
	3426774471
	3426774472
	3426774473
	3426774474
	3426774475
	3426774476
	3426774477
	3426774478
	3426774479
	3426774480
	3426774481
	3426774482
	3426774483
	3426774484
	3426774485
	3426774486
	3426774487
	3426774488
	3426774489
	3426774490
	3426774491
	3426774492
	3426774493
	3426774494
	3426774495
	3426774496
	3426774497
	3426774498
	3426774499
	3426774500
	3426774501
	3426774502
	3426774503
	3426774504
	3426774505
	3426774506
	3426774507
	3426774508
	3426774509
	3426774510
	3426774511
	3426774512
	3426774513
	3426774514
	3426774515
	3426774516
	3426774517
	3426774518
	3426774519
	3426774520
	3426774521
	3426774522
	3426774523
	3426774524
	3426774525
	3426774526
	3426774527
	3426774528
	3426774529
	3426774530
	3426774531
	3426774532
	3426774533
	3426774534
	3426774535
	3426774536
	3426774537
	3426774538
	3426774539
	3426774540
	3426774541
	3426774542
	3426774543
	3426774544
	3426774545
	3426774546
	3426774547
	3426774548
	3426774549
	3426774550
	3426774551
	3426774552
	3426774553
	3426774554
	3426774555
	3426774556
	3426774557
	3426774558
	3426774559
	3426774560
	3426774561
	3426774562
	3426774563
	3426774564
	3426774565
	3426774566
	3426774567
	3426774568
	3426774569
	3426774570
	3426774571
	3426774572
	3426774573
	3426774574
	3426774575
	3426774576
	3426774577
	3426774578
	3426774579
	3426774580
	3426774581
	3426774582
	3426774583
	3426774584
	3426774585
	3426774586
	3426774587
	3426774588
	3426774589
	3426774590
	3426774591
	3426774592
	3426774593
	3426774594
	3426774595
	3426774596
	3426774597
	3426774598
	3426774599
	3426774600
	3426774601
	3426774602
	3426774603
	3426774604
	3426774605
	3426774606
	3426774607
	3426774608
	3426774609
	3426774610
	3426774611
	3426774612
	3426774613
	3426774614
	3426774615
	3426774616
	3426774617
	3426774618
	3426774619
	3426774620
	3426774621
	3426774622
	3426774623
	3426774624
	3426774625
	3426774626
	3426774627
	3426774628
	3426774629
	3426774630
	3426774631
	3426774632
	3426774633
	3426774634
	3426774635
	3426774636
	3426774637
	3426774638
	3426774639
	3426774640
	3426774641
	3426774642
	3426774643
	3426774644
	3426774645
	3426774646
	3426774647
	3426774648
	3426774649
	3426774650
	3426774651
	3426774652
	3426774653
	3426774654
	3426774655
	3426774656
	3426774657
	3426774658
	3426774659
	3426774660
	3426774661
	3426774662
	3426774663
	3426774664
	3426774665
	3426774666
	3426774667
	3426774668
	3426774669
	3426774670
	3426774671
	3426774672
	3426774673
	3426774674
	3426774675
	3426774676
	3426774677
	3426774678
	3426774679
	3426774680
	3426774681
	3426774682
	3426774683
	3426774684
	3426774685
	3426774686
	3426774687
	3426774688
	3426774689
	3426774690
	3426774691
	3426774692
	3426774693
	3426774694
	3426774695
	3426774696
	3426774697
	3426774698
	3426774699
	3426774700
	3426774701
	3426774702
	3426774703
	3426774704
	3426774705
	3426774706
	3426774707
	3426774708
	3426774709
	3426774710
	3426774711
	3426774712
	3426774713
	3426774714
	3426774715
	3426774716
	3426774717
	3426774718
	3426774719
	3426774720
	3426774721
	3426774722
	3426774723
	3426774724
	3426774725
	3426774726
	3426774727
	3426774728
	3426774729
	3426774730
	3426774731
	3426774732
	3426774733
	3426774734
	3426774735
	3426774736
	3426774737
	3426774738
	3426774739
	3426774740
	3426774741
	3426774742
	3426774743
	3426774744
	3426774745
	3426774746
	3426774747
	3426774748
	3426774749
	3426774750
	3426774751
	3426774752
	3426774753
	3426774754
	3426774755
	3426774756
	3426774757
	3426774758
	3426774759
	3426774760
	3426774761
	3426774762
	3426774763
	3426774764
	3426774765
	3426774766
	3426774767
	3426774768
	3426774769
	3426774770
	3426774771
	3426774772
	3426774773
	3426774774
	3426774775
	3426774776
	3426774777
	3426774778
	3426774779
	3426774780
	3426774781
	3426774782
	3426774783
	3426774784
	3426774785
	3426774786
	3426774787
	3426774788
	3426774789
	3426774790
	3426774791
	3426774792
	3426774793
	3426774794
	3426774795
	3426774796
	3426774797
	3426774798
	3426774799
	3426774800
	3426774801
	3426774802
	3426774803
	3426774804
	3426774805
	3426774806
	3426774807
	3426774808
	3426774809
	3426774810
	3426774811
	3426774812
	3426774813
	3426774814
	3426774815
	3426774816
	3426774817
	3426774818
	3426774819
	3426774820
	3426774821
	3426774822
	3426774823
	3426774824
	3426774825
	3426774826
	3426774827
	3426774828
	3426774829
	3426774830
	3426774831
	3426774832
	3426774833
	3426774834
	3426774835
	3426774836
	3426774837
	3426774838
	3426774839
	3426774840
	3426774841
	3426774842
	3426774843
	3426774844
	3426774845
	3426774846
	3426774847
	3426774848
	3426774849
	3426774850
	3426774851
	3426774852
	3426774853
	3426774854
	3426774855
	3426774856
	3426774857
	3426774858
	3426774859
	3426774860
	3426774861
	3426774862
	3426774863
	3426774864
	3426774865
	3426774866
	3426774867
	3426774868
	3426774869
	3426774870
	3426774871
	3426774872
	3426774873
	3426774874
	3426774875
	3426774876
	3426774877
	3426774878
	3426774879
	3426774880
	3426774881
	3426774882
	3426774883
	3426774884
	3426774885
	3426774886
	3426774887
	3426774888
	3426774889
	3426774890
	3426774891
	3426774892
	3426774893
	3426774894
	3426774895
	3426774896
	3426774897
	3426774898
	3426774899
	3426774900
	3426774901
	3426774902
	3426774903
	3426774904
	3426774905
	3426774906
	3426774907
	3426774908
	3426774909
	3426774910
	3426774911
	3426774912
	3426774913
	3426774914
	3426774915
	3426774916
	3426774917
	3426774918
	3426774919
	3426774920
	3426774921
	3426774922
	3426774923
	3426774924
	3426774925
	3426774926
	3426774927
	3426774928
	3426774929
	3426774930
	3426774931
	3426774932
	3426774933
	3426774934
	3426774935
	3426774936
	3426774937
	3426774938
	3426774939
	3426774940
	3426774941
	3426774942
	3426774943
	3426774944
	3426774945
	3426774946
	3426774947
	3426774948
	3426774949
	3426774950
	3426774951
	3426774952
	3426774953
	3426774954
	3426774955
	3426774956
	3426774957
	3426774958
	3426774959
	3426774960
	3426774961
	3426774962
	3426774963
	3426774964
	3426774965
	3426774966
	3426774967
	3426774968
	3426774969
	3426774970
	3426774971
	3426774972
	3426774973
	3426774974
	3426774975
	3426774976
	3426774977
	3426774978
	3426774979
	3426774980
	3426774981
	3426774982
	3426774983
	3426774984
	3426774985
	3426774986
	3426774987
	3426774988
	3426774989
	3426774990
	3426774991
	3426774992
	3426774993
	3426774994
	3426774995
	3426774996
	3426774997
	3426774998
	3426774999
	3426775000
	3426775001
	3426775002
	3426775003
	3426775004
	3426775005
	3426775006
	3426775007
	3426775008
	3426775009
	3426775010
	3426775011
	3426775012
	3426775013
	3426775014
	3426775015
	3426775016
	3426775017
	3426775018
	3426775019
	3426775020
	3426775021
	3426775022
	3426775023
	3426775024
	3426775025
	3426775026
	3426775027
	3426775028
	3426775029
	3426775030
	3426775031
	3426775032
	3426775033
	3426775034
	3426775035
	3426775036
	3426775037
	3426775038
	3426775039
	3426775040
	3426775041
	3426775042
	3426775043
	3426775044
	3426775045
	3426775046
	3426775047
	3426775048
	3426775049
	3426775050
	3426775051
	3426775052
	3426775053
	3426775054
	3426775055
	3426775056
	3426775057
	3426775058
	3426775059
	3426775060
	3426775061
	3426775062
	3426775063
	3426775064
	3426775065
	3426775066
	3426775067
	3426775068
	3426775069
	3426775070
	3426775071
	3426775072
	3426775073
	3426775074
	3426775075
	3426775076
	3426775077
	3426775078
	3426775079
	3426775080
	3426775081
	3426775082
	3426775083
	3426775084
	3426775085
	3426775086
	3426775087
	3426775088
	3426775089
	3426775090
	3426775091
	3426775092
	3426775093
	3426775094
	3426775095
	3426775096
	3426775097
	3426775098
	3426775099
	3426775100
	3426775101
	3426775102
	3426775103
	3426775104
	3426775105
	3426775106
	3426775107
	3426775108
	3426775109
	3426775110
	3426775111
	3426775112
	3426775113
	3426775114
	3426775115
	3426775116
	3426775117
	3426775118
	3426775119
	3426775120
	3426775121
	3426775122
	3426775123
	3426775124
	3426775125
	3426775126
	3426775127
	3426775128
	3426775129
	3426775130
	3426775131
	3426775132
	3426775133
	3426775134
	3426775135
	3426775136
	3426775137
	3426775138
	3426775139
	3426775140
	3426775141
	3426775142
	3426775143
	3426775144
	3426775145
	3426775146
	3426775147
	3426775148
	3426775149
	3426775150
	3426775151
	3426775152
	3426775153
	3426775154
	3426775155
	3426775156
	3426775157
	3426775158
	3426775159
	3426775160
	3426775161
	3426775162
	3426775163
	3426775164
	3426775165
	3426775166
	3426775167
	3426775168
	3426775169
	3426775170
	3426775171
	3426775172
	3426775173
	3426775174
	3426775175
	3426775176
	3426775177
	3426775178
	3426775179
	3426775180
	3426775181
	3426775182
	3426775183
	3426775184
	3426775185
	3426775186
	3426775187
	3426775188
	3426775189
	3426775190
	3426775191
	3426775192
	3426775193
	3426775194
	3426775195
	3426775196
	3426775197
	3426775198
	3426775199
	3426775200
	3426775201
	3426775202
	3426775203
	3426775204
	3426775205
	3426775206
	3426775207
	3426775208
	3426775209
	3426775210
	3426775211
	3426775212
	3426775213
	3426775214
	3426775215
	3426775216
	3426775217
	3426775218
	3426775219
	3426775220
	3426775221
	3426775222
	3426775223
	3426775224
	3426775225
	3426775226
	3426775227
	3426775228
	3426775229
	3426775230
	3426775231
	3426775232
	3426775233
	3426775234
	3426775235
	3426775236
	3426775237
	3426775238
	3426775239
	3426775240
	3426775241
	3426775242
	3426775243
	3426775244
	3426775245
	3426775246
	3426775247
	3426775248
	3426775249
	3426775250
	3426775251
	3426775252
	3426775253
	3426775254
	3426775255
	3426775256
	3426775257
	3426775258
	3426775259
	3426775260
	3426775261
	3426775262
	3426775263
	3426775264
	3426775265
	3426775266
	3426775267
	3426775268
	3426775269
	3426775270
	3426775271
	3426775272
	3426775273
	3426775274
	3426775275
	3426775276
	3426775277
	3426775278
	3426775279
	3426775280
	3426775281
	3426775282
	3426775283
	3426775284
	3426775285
	3426775286
	3426775287
	3426775288
	3426775289
	3426775290
	3426775291
	3426775292
	3426775293
	3426775294
	3426775295
	3426775296
	3426775297
	3426775298
	3426775299
	3426775300
	3426775301
	3426775302
	3426775303
	3426775304
	3426775305
	3426775306
	3426775307
	3426775308
	3426775309
	3426775310
	3426775311
	3426775312
	3426775313
	3426775314
	3426775315
	3426775316
	3426775317
	3426775318
	3426775319
	3426775320
	3426775321
	3426775322
	3426775323
	3426775324
	3426775325
	3426775326
	3426775327
	3426775328
	3426775329
	3426775330
	3426775331
	3426775332
	3426775333
	3426775334
	3426775335
	3426775336
	3426775337
	3426775338
	3426775339
	3426775340
	3426775341
	3426775342
	3426775343
	3426775344
	3426775345
	3426775346
	3426775347
	3426775348
	3426775349
	3426775350
	3426775351
	3426775352
	3426775353
	3426775354
	3426775355
	3426775356
	3426775357
	3426775358
	3426775359
	3426775360
	3426775361
	3426775362
	3426775363
	3426775364
	3426775365
	3426775366
	3426775367
	3426775368
	3426775369
	3426775370
	3426775371
	3426775372
	3426775373
	3426775374
	3426775375
	3426775376
	3426775377
	3426775378
	3426775379
	3426775380
	3426775381
	3426775382
	3426775383
	3426775384
	3426775385
	3426775386
	3426775387
	3426775388
	3426775389
	3426775390
	3426775391
	3426775392
	3426775393
	3426775394
	3426775395
	3426775396
	3426775397
	3426775398
	3426775399
	3426775400
	3426775401
	3426775402
	3426775403
	3426775404
	3426775405
	3426775406
	3426775407
	3426775408
	3426775409
	3426775410
	3426775411
	3426775412
	3426775413
	3426775414
	3426775415
	3426775416
	3426775417
	3426775418
	3426775419
	3426775420
	3426775421
	3426775422
	3426775423
	3426775424
	3426775425
	3426775426
	3426775427
	3426775428
	3426775429
	3426775430
	3426775431
	3426775432
	3426775433
	3426775434
	3426775435
	3426775436
	3426775437
	3426775438
	3426775439
	3426775440
	3426775441
	3426775442
	3426775443
	3426775444
	3426775445
	3426775446
	3426775447
	3426775448
	3426775449
	3426775450
	3426775451
	3426775452
	3426775453
	3426775454
	3426775455
	3426775456
	3426775457
	3426775458
	3426775459
	3426775460
	3426775461
	3426775462
	3426775463
	3426775464
	3426775465
	3426775466
	3426775467
	3426775468
	3426775469
	3426775470
	3426775471
	3426775472
	3426775473
	3426775474
	3426775475
	3426775476
	3426775477
	3426775478
	3426775479
	3426775480
	3426775481
	3426775482
	3426775483
	3426775484
	3426775485
	3426775486
	3426775487
	3426775488
	3426775489
	3426775490
	3426775491
	3426775492
	3426775493
	3426775494
	3426775495
	3426775496
	3426775497
	3426775498
	3426775499
	3426775500
	3426775501
	3426775502
	3426775503
	3426775504
	3426775505
	3426775506
	3426775507
	3426775508
	3426775509
	3426775510
	3426775511
	3426775512
	3426775513
	3426775514
	3426775515
	3426775516
	3426775517
	3426775518
	3426775519
	3426775520
	3426775521
	3426775522
	3426775523
	3426775524
	3426775525
	3426775526
	3426775527
	3426775528
	3426775529
	3426775530
	3426775531
	3426775532
	3426775533
	3426775534
	3426775535
	3426775536
	3426775537
	3426775538
	3426775539
	3426775540
	3426775541
	3426775542
	3426775543
	3426775544
	3426775545
	3426775546
	3426775547
	3426775548
	3426775549
	3426775550
	3426775551
	3426775552
	3426775553
	3426775554
	3426775555
	3426775556
	3426775557
	3426775558
	3426775559
	3426775560
	3426775561
	3426775562
	3426775563
	3426775564
	3426775565
	3426775566
	3426775567
	3426775568
	3426775569
	3426775570
	3426775571
	3426775572
	3426775573
	3426775574
	3426775575
	3426775576
	3426775577
	3426775578
	3426775579
	3426775580
	3426775581
	3426775582
	3426775583
	3426775584
	3426775585
	3426775586
	3426775587
	3426775588
	3426775589
	3426775590
	3426775591
	3426775592
	3426775593
	3426775594
	3426775595
	3426775596
	3426775597
	3426775598
	3426775599
	3426775600
	3426775601
	3426775602
	3426775603
	3426775604
	3426775605
	3426775606
	3426775607
	3426775608
	3426775609
	3426775610
	3426775611
	3426775612
	3426775613
	3426775614
	3426775615
	3426775616
	3426775617
	3426775618
	3426775619
	3426775620
	3426775621
	3426775622
	3426775623
	3426775624
	3426775625
	3426775626
	3426775627
	3426775628
	3426775629
	3426775630
	3426775631
	3426775632
	3426775633
	3426775634
	3426775635
	3426775636
	3426775637
	3426775638
	3426775639
	3426775640
	3426775641
	3426775642
	3426775643
	3426775644
	3426775645
	3426775646
	3426775647
	3426775648
	3426775649
	3426775650
	3426775651
	3426775652
	3426775653
	3426775654
	3426775655
	3426775656
	3426775657
	3426775658
	3426775659
	3426775660
	3426775661
	3426775662
	3426775663
	3426775664
	3426775665
	3426775666
	3426775667
	3426775668
	3426775669
	3426775670
	3426775671
	3426775672
	3426775673
	3426775674
	3426775675
	3426775676
	3426775677
	3426775678
	3426775679
	3426775680
	3426775681
	3426775682
	3426775683
	3426775684
	3426775685
	3426775686
	3426775687
	3426775688
	3426775689
	3426775690
	3426775691
	3426775692
	3426775693
	3426775694
	3426775695
	3426775696
	3426775697
	3426775698
	3426775699
	3426775700
	3426775701
	3426775702
	3426775703
	3426775704
	3426775705
	3426775706
	3426775707
	3426775708
	3426775709
	3426775710
	3426775711
	3426775712
	3426775713
	3426775714
	3426775715
	3426775716
	3426775717
	3426775718
	3426775719
	3426775720
	3426775721
	3426775722
	3426775723
	3426775724
	3426775725
	3426775726
	3426775727
	3426775728
	3426775729
	3426775730
	3426775731
	3426775732
	3426775733
	3426775734
	3426775735
	3426775736
	3426775737
	3426775738
	3426775739
	3426775740
	3426775741
	3426775742
	3426775743
	3426775744
	3426775745
	3426775746
	3426775747
	3426775748
	3426775749
	3426775750
	3426775751
	3426775752
	3426775753
	3426775754
	3426775755
	3426775756
	3426775757
	3426775758
	3426775759
	3426775760
	3426775761
	3426775762
	3426775763
	3426775764
	3426775765
	3426775766
	3426775767
	3426775768
	3426775769
	3426775770
	3426775771
	3426775772
	3426775773
	3426775774
	3426775775
	3426775776
	3426775777
	3426775778
	3426775779
	3426775780
	3426775781
	3426775782
	3426775783
	3426775784
	3426775785
	3426775786
	3426775787
	3426775788
	3426775789
	3426775790
	3426775791
	3426775792
	3426775793
	3426775794
	3426775795
	3426775796
	3426775797
	3426775798
	3426775799
	3426775800
	3426775801
	3426775802
	3426775803
	3426775804
	3426775805
	3426775806
	3426775807
	3426775808
	3426775809
	3426775810
	3426775811
	3426775812
	3426775813
	3426775814
	3426775815
	3426775816
	3426775817
	3426775818
	3426775819
	3426775820
	3426775821
	3426775822
	3426775823
	3426775824
	3426775825
	3426775826
	3426775827
	3426775828
	3426775829
	3426775830
	3426775831
	3426775832
	3426775833
	3426775834
	3426775835
	3426775836
	3426775837
	3426775838
	3426775839
	3426775840
	3426775841
	3426775842
	3426775843
	3426775844
	3426775845
	3426775846
	3426775847
	3426775848
	3426775849
	3426775850
	3426775851
	3426775852
	3426775853
	3426775854
	3426775855
	3426775856
	3426775857
	3426775858
	3426775859
	3426775860
	3426775861
	3426775862
	3426775863
	3426775864
	3426775865
	3426775866
	3426775867
	3426775868
	3426775869
	3426775870
	3426775871
	3426775872
	3426775873
	3426775874
	3426775875
	3426775876
	3426775877
	3426775878
	3426775879
	3426775880
	3426775881
	3426775882
	3426775883
	3426775884
	3426775885
	3426775886
	3426775887
	3426775888
	3426775889
	3426775890
	3426775891
	3426775892
	3426775893
	3426775894
	3426775895
	3426775896
	3426775897
	3426775898
	3426775899
	3426775900
	3426775901
	3426775902
	3426775903
	3426775904
	3426775905
	3426775906
	3426775907
	3426775908
	3426775909
	3426775910
	3426775911
	3426775912
	3426775913
	3426775914
	3426775915
	3426775916
	3426775917
	3426775918
	3426775919
	3426775920
	3426775921
	3426775922
	3426775923
	3426775924
	3426775925
	3426775926
	3426775927
	3426775928
	3426775929
	3426775930
	3426775931
	3426775932
	3426775933
	3426775934
	3426775935
	3426775936
	3426775937
	3426775938
	3426775939
	3426775940
	3426775941
	3426775942
	3426775943
	3426775944
	3426775945
	3426775946
	3426775947
	3426775948
	3426775949
	3426775950
	3426775951
	3426775952
	3426775953
	3426775954
	3426775955
	3426775956
	3426775957
	3426775958
	3426775959
	3426775960
	3426775961
	3426775962
	3426775963
	3426775964
	3426775965
	3426775966
	3426775967
	3426775968
	3426775969
	3426775970
	3426775971
	3426775972
	3426775973
	3426775974
	3426775975
	3426775976
	3426775977
	3426775978
	3426775979
	3426775980
	3426775981
	3426775982
	3426775983
	3426775984
	3426775985
	3426775986
	3426775987
	3426775988
	3426775989
	3426775990
	3426775991
	3426775992
	3426775993
	3426775994
	3426775995
	3426775996
	3426775997
	3426775998
	3426775999
	3426776000
	3426776001
	3426776002
	3426776003
	3426776004
	3426776005
	3426776006
	3426776007
	3426776008
	3426776009
	3426776010
	3426776011
	3426776012
	3426776013
	3426776014
	3426776015
	3426776016
	3426776017
	3426776018
	3426776019
	3426776020
	3426776021
	3426776022
	3426776023
	3426776024
	3426776025
	3426776026
	3426776027
	3426776028
	3426776029
	3426776030
	3426776031
	3426776032
	3426776033
	3426776034
	3426776035
	3426776036
	3426776037
