	3426663579
	3426663580
	3426663581
	3426663582
	3426663583
	3426663584
	3426663585
	3426663586
	3426663587
	3426663588
	3426663589
	3426663590
	3426663591
	3426663592
	3426663593
	3426663594
	3426663595
	3426663596
	3426663597
	3426663598
	3426663599
	3426663600
	3426663601
	3426663602
	3426663603
	3426663604
	3426663605
	3426663606
	3426663607
	3426663608
	3426663609
	3426663610
	3426663611
	3426663612
	3426663613
	3426663614
	3426663615
	3426663616
	3426663617
	3426663618
	3426663619
	3426663620
	3426663621
	3426663622
	3426663623
	3426663624
	3426663625
	3426663626
	3426663627
	3426663628
	3426663629
	3426663630
	3426663631
	3426663632
	3426663633
	3426663634
	3426663635
	3426663636
	3426663637
	3426663638
	3426663639
	3426663640
	3426663641
	3426663642
	3426663643
	3426663644
	3426663645
	3426663646
	3426663647
	3426663648
	3426663649
	3426663650
	3426663651
	3426663652
	3426663653
	3426663654
	3426663655
	3426663656
	3426663657
	3426663658
	3426663659
	3426663660
	3426663661
	3426663662
	3426663663
	3426663664
	3426663665
	3426663666
	3426663667
	3426663668
	3426663669
	3426663670
	3426663671
	3426663672
	3426663673
	3426663674
	3426663675
	3426663676
	3426663677
	3426663678
	3426663679
	3426663680
	3426663681
	3426663682
	3426663683
	3426663684
	3426663685
	3426663686
	3426663687
	3426663688
	3426663689
	3426663690
	3426663691
	3426663692
	3426663693
	3426663694
	3426663695
	3426663696
	3426663697
	3426663698
	3426663699
	3426663700
	3426663701
	3426663702
	3426663703
	3426663704
	3426663705
	3426663706
	3426663707
	3426663708
	3426663709
	3426663710
	3426663711
	3426663712
	3426663713
	3426663714
	3426663715
	3426663716
	3426663717
	3426663718
	3426663719
	3426663720
	3426663721
	3426663722
	3426663723
	3426663724
	3426663725
	3426663726
	3426663727
	3426663728
	3426663729
	3426663730
	3426663731
	3426663732
	3426663733
	3426663734
	3426663735
	3426663736
	3426663737
	3426663738
	3426663739
	3426663740
	3426663741
	3426663742
	3426663743
	3426663744
	3426663745
	3426663746
	3426663747
	3426663748
	3426663749
	3426663750
	3426663751
	3426663752
	3426663753
	3426663754
	3426663755
	3426663756
	3426663757
	3426663758
	3426663759
	3426663760
	3426663761
	3426663762
	3426663763
	3426663764
	3426663765
	3426663766
	3426663767
	3426663768
	3426663769
	3426663770
	3426663771
	3426663772
	3426663773
	3426663774
	3426663775
	3426663776
	3426663777
	3426663778
	3426663779
	3426663780
	3426663781
	3426663782
	3426663783
	3426663784
	3426663785
	3426663786
	3426663787
	3426663788
	3426663789
	3426663790
	3426663791
	3426663792
	3426663793
	3426663794
	3426663795
	3426663796
	3426663797
	3426663798
	3426663799
	3426663800
	3426663801
	3426663802
	3426663803
	3426663804
	3426663805
	3426663806
	3426663807
	3426663808
	3426663809
	3426663810
	3426663811
	3426663812
	3426663813
	3426663814
	3426663815
	3426663816
	3426663817
	3426663818
	3426663819
	3426663820
	3426663821
	3426663822
	3426663823
	3426663824
	3426663825
	3426663826
	3426663827
	3426663828
	3426663829
	3426663830
	3426663831
	3426663832
	3426663833
	3426663834
	3426663835
	3426663836
	3426663837
	3426663838
	3426663839
	3426663840
	3426663841
	3426663842
	3426663843
	3426663844
	3426663845
	3426663846
	3426663847
	3426663848
	3426663849
	3426663850
	3426663851
	3426663852
	3426663853
	3426663854
	3426663855
	3426663856
	3426663857
	3426663858
	3426663859
	3426663860
	3426663861
	3426663862
	3426663863
	3426663864
	3426663865
	3426663866
	3426663867
	3426663868
	3426663869
	3426663870
	3426663871
	3426663872
	3426663873
	3426663874
	3426663875
	3426663876
	3426663877
	3426663878
	3426663879
	3426663880
	3426663881
	3426663882
	3426663883
	3426663884
	3426663885
	3426663886
	3426663887
	3426663888
	3426663889
	3426663890
	3426663891
	3426663892
	3426663893
	3426663894
	3426663895
	3426663896
	3426663897
	3426663898
	3426663899
	3426663900
	3426663901
	3426663902
	3426663903
	3426663904
	3426663905
	3426663906
	3426663907
	3426663908
	3426663909
	3426663910
	3426663911
	3426663912
	3426663913
	3426663914
	3426663915
	3426663916
	3426663917
	3426663918
	3426663919
	3426663920
	3426663921
	3426663922
	3426663923
	3426663924
	3426663925
	3426663926
	3426663927
	3426663928
	3426663929
	3426663930
	3426663931
	3426663932
	3426663933
	3426663934
	3426663935
	3426663936
	3426663937
	3426663938
	3426663939
	3426663940
	3426663941
	3426663942
	3426663943
	3426663944
	3426663945
	3426663946
	3426663947
	3426663948
	3426663949
	3426663950
	3426663951
	3426663952
	3426663953
	3426663954
	3426663955
	3426663956
	3426663957
	3426663958
	3426663959
	3426663960
	3426663961
	3426663962
	3426663963
	3426663964
	3426663965
	3426663966
	3426663967
	3426663968
	3426663969
	3426663970
	3426663971
	3426663972
	3426663973
	3426663974
	3426663975
	3426663976
	3426663977
	3426663978
	3426663979
	3426663980
	3426663981
	3426663982
	3426663983
	3426663984
	3426663985
	3426663986
	3426663987
	3426663988
	3426663989
	3426663990
	3426663991
	3426663992
	3426663993
	3426663994
	3426663995
	3426663996
	3426663997
	3426663998
	3426663999
	3426664000
	3426664001
	3426664002
	3426664003
	3426664004
	3426664005
	3426664006
	3426664007
	3426664008
	3426664009
	3426664010
	3426664011
	3426664012
	3426664013
	3426664014
	3426664015
	3426664016
	3426664017
	3426664018
	3426664019
	3426664020
	3426664021
	3426664022
	3426664023
	3426664024
	3426664025
	3426664026
	3426664027
	3426664028
	3426664029
	3426664030
	3426664031
	3426664032
	3426664033
	3426664034
	3426664035
	3426664036
	3426664037
	3426664038
	3426664039
	3426664040
	3426664041
	3426664042
	3426664043
	3426664044
	3426664045
	3426664046
	3426664047
	3426664048
	3426664049
	3426664050
	3426664051
	3426664052
	3426664053
	3426664054
	3426664055
	3426664056
	3426664057
	3426664058
	3426664059
	3426664060
	3426664061
	3426664062
	3426664063
	3426664064
	3426664065
	3426664066
	3426664067
	3426664068
	3426664069
	3426664070
	3426664071
	3426664072
	3426664073
	3426664074
	3426664075
	3426664076
	3426664077
	3426664078
	3426664079
	3426664080
	3426664081
	3426664082
	3426664083
	3426664084
	3426664085
	3426664086
	3426664087
	3426664088
	3426664089
	3426664090
	3426664091
	3426664092
	3426664093
	3426664094
	3426664095
	3426664096
	3426664097
	3426664098
	3426664099
	3426664100
	3426664101
	3426664102
	3426664103
	3426664104
	3426664105
	3426664106
	3426664107
	3426664108
	3426664109
	3426664110
	3426664111
	3426664112
	3426664113
	3426664114
	3426664115
	3426664116
	3426664117
	3426664118
	3426664119
	3426664120
	3426664121
	3426664122
	3426664123
	3426664124
	3426664125
	3426664126
	3426664127
	3426664128
	3426664129
	3426664130
	3426664131
	3426664132
	3426664133
	3426664134
	3426664135
	3426664136
	3426664137
	3426664138
	3426664139
	3426664140
	3426664141
	3426664142
	3426664143
	3426664144
	3426664145
	3426664146
	3426664147
	3426664148
	3426664149
	3426664150
	3426664151
	3426664152
	3426664153
	3426664154
	3426664155
	3426664156
	3426664157
	3426664158
	3426664159
	3426664160
	3426664161
	3426664162
	3426664163
	3426664164
	3426664165
	3426664166
	3426664167
	3426664168
	3426664169
	3426664170
	3426664171
	3426664172
	3426664173
	3426664174
	3426664175
	3426664176
	3426664177
	3426664178
	3426664179
	3426664180
	3426664181
	3426664182
	3426664183
	3426664184
	3426664185
	3426664186
	3426664187
	3426664188
	3426664189
	3426664190
	3426664191
	3426664192
	3426664193
	3426664194
	3426664195
	3426664196
	3426664197
	3426664198
	3426664199
	3426664200
	3426664201
	3426664202
	3426664203
	3426664204
	3426664205
	3426664206
	3426664207
	3426664208
	3426664209
	3426664210
	3426664211
	3426664212
	3426664213
	3426664214
	3426664215
	3426664216
	3426664217
	3426664218
	3426664219
	3426664220
	3426664221
	3426664222
	3426664223
	3426664224
	3426664225
	3426664226
	3426664227
	3426664228
	3426664229
	3426664230
	3426664231
	3426664232
	3426664233
	3426664234
	3426664235
	3426664236
	3426664237
	3426664238
	3426664239
	3426664240
	3426664241
	3426664242
	3426664243
	3426664244
	3426664245
	3426664246
	3426664247
	3426664248
	3426664249
	3426664250
	3426664251
	3426664252
	3426664253
	3426664254
	3426664255
	3426664256
	3426664257
	3426664258
	3426664259
	3426664260
	3426664261
	3426664262
	3426664263
	3426664264
	3426664265
	3426664266
	3426664267
	3426664268
	3426664269
	3426664270
	3426664271
	3426664272
	3426664273
	3426664274
	3426664275
	3426664276
	3426664277
	3426664278
	3426664279
	3426664280
	3426664281
	3426664282
	3426664283
	3426664284
	3426664285
	3426664286
	3426664287
	3426664288
	3426664289
	3426664290
	3426664291
	3426664292
	3426664293
	3426664294
	3426664295
	3426664296
	3426664297
	3426664298
	3426664299
	3426664300
	3426664301
	3426664302
	3426664303
	3426664304
	3426664305
	3426664306
	3426664307
	3426664308
	3426664309
	3426664310
	3426664311
	3426664312
	3426664313
	3426664314
	3426664315
	3426664316
	3426664317
	3426664318
	3426664319
	3426664320
	3426664321
	3426664322
	3426664323
	3426664324
	3426664325
	3426664326
	3426664327
	3426664328
	3426664329
	3426664330
	3426664331
	3426664332
	3426664333
	3426664334
	3426664335
	3426664336
	3426664337
	3426664338
	3426664339
	3426664340
	3426664341
	3426664342
	3426664343
	3426664344
	3426664345
	3426664346
	3426664347
	3426664348
	3426664349
	3426664350
	3426664351
	3426664352
	3426664353
	3426664354
	3426664355
	3426664356
	3426664357
	3426664358
	3426664359
	3426664360
	3426664361
	3426664362
	3426664363
	3426664364
	3426664365
	3426664366
	3426664367
	3426664368
	3426664369
	3426664370
	3426664371
	3426664372
	3426664373
	3426664374
	3426664375
	3426664376
	3426664377
	3426664378
	3426664379
	3426664380
	3426664381
	3426664382
	3426664383
	3426664384
	3426664385
	3426664386
	3426664387
	3426664388
	3426664389
	3426664390
	3426664391
	3426664392
	3426664393
	3426664394
	3426664395
	3426664396
	3426664397
	3426664398
	3426664399
	3426664400
	3426664401
	3426664402
	3426664403
	3426664404
	3426664405
	3426664406
	3426664407
	3426664408
	3426664409
	3426664410
	3426664411
	3426664412
	3426664413
	3426664414
	3426664415
	3426664416
	3426664417
	3426664418
	3426664419
	3426664420
	3426664421
	3426664422
	3426664423
	3426664424
	3426664425
	3426664426
	3426664427
	3426664428
	3426664429
	3426664430
	3426664431
	3426664432
	3426664433
	3426664434
	3426664435
	3426664436
	3426664437
	3426664438
	3426664439
	3426664440
	3426664441
	3426664442
	3426664443
	3426664444
	3426664445
	3426664446
	3426664447
	3426664448
	3426664449
	3426664450
	3426664451
	3426664452
	3426664453
	3426664454
	3426664455
	3426664456
	3426664457
	3426664458
	3426664459
	3426664460
	3426664461
	3426664462
	3426664463
	3426664464
	3426664465
	3426664466
	3426664467
	3426664468
	3426664469
	3426664470
	3426664471
	3426664472
	3426664473
	3426664474
	3426664475
	3426664476
	3426664477
	3426664478
	3426664479
	3426664480
	3426664481
	3426664482
	3426664483
	3426664484
	3426664485
	3426664486
	3426664487
	3426664488
	3426664489
	3426664490
	3426664491
	3426664492
	3426664493
	3426664494
	3426664495
	3426664496
	3426664497
	3426664498
	3426664499
	3426664500
	3426664501
	3426664502
	3426664503
	3426664504
	3426664505
	3426664506
	3426664507
	3426664508
	3426664509
	3426664510
	3426664511
	3426664512
	3426664513
	3426664514
	3426664515
	3426664516
	3426664517
	3426664518
	3426664519
	3426664520
	3426664521
	3426664522
	3426664523
	3426664524
	3426664525
	3426664526
	3426664527
	3426664528
	3426664529
	3426664530
	3426664531
	3426664532
	3426664533
	3426664534
	3426664535
	3426664536
	3426664537
	3426664538
	3426664539
	3426664540
	3426664541
	3426664542
	3426664543
	3426664544
	3426664545
	3426664546
	3426664547
	3426664548
	3426664549
	3426664550
	3426664551
	3426664552
	3426664553
	3426664554
	3426664555
	3426664556
	3426664557
	3426664558
	3426664559
	3426664560
	3426664561
	3426664562
	3426664563
	3426664564
	3426664565
	3426664566
	3426664567
	3426664568
	3426664569
	3426664570
	3426664571
	3426664572
	3426664573
	3426664574
	3426664575
	3426664576
	3426664577
	3426664578
	3426664579
	3426664580
	3426664581
	3426664582
	3426664583
	3426664584
	3426664585
	3426664586
	3426664587
	3426664588
	3426664589
	3426664590
	3426664591
	3426664592
	3426664593
	3426664594
	3426664595
	3426664596
	3426664597
	3426664598
	3426664599
	3426664600
	3426664601
	3426664602
	3426664603
	3426664604
	3426664605
	3426664606
	3426664607
	3426664608
	3426664609
	3426664610
	3426664611
	3426664612
	3426664613
	3426664614
	3426664615
	3426664616
	3426664617
	3426664618
	3426664619
	3426664620
	3426664621
	3426664622
	3426664623
	3426664624
	3426664625
	3426664626
	3426664627
	3426664628
	3426664629
	3426664630
	3426664631
	3426664632
	3426664633
	3426664634
	3426664635
	3426664636
	3426664637
	3426664638
	3426664639
	3426664640
	3426664641
	3426664642
	3426664643
	3426664644
	3426664645
	3426664646
	3426664647
	3426664648
	3426664649
	3426664650
	3426664651
	3426664652
	3426664653
	3426664654
	3426664655
	3426664656
	3426664657
	3426664658
	3426664659
	3426664660
	3426664661
	3426664662
	3426664663
	3426664664
	3426664665
	3426664666
	3426664667
	3426664668
	3426664669
	3426664670
	3426664671
	3426664672
	3426664673
	3426664674
	3426664675
	3426664676
	3426664677
	3426664678
	3426664679
	3426664680
	3426664681
	3426664682
	3426664683
	3426664684
	3426664685
	3426664686
	3426664687
	3426664688
	3426664689
	3426664690
	3426664691
	3426664692
	3426664693
	3426664694
	3426664695
	3426664696
	3426664697
	3426664698
	3426664699
	3426664700
	3426664701
	3426664702
	3426664703
	3426664704
	3426664705
	3426664706
	3426664707
	3426664708
	3426664709
	3426664710
	3426664711
	3426664712
	3426664713
	3426664714
	3426664715
	3426664716
	3426664717
	3426664718
	3426664719
	3426664720
	3426664721
	3426664722
	3426664723
	3426664724
	3426664725
	3426664726
	3426664727
	3426664728
	3426664729
	3426664730
	3426664731
	3426664732
	3426664733
	3426664734
	3426664735
	3426664736
	3426664737
	3426664738
	3426664739
	3426664740
	3426664741
	3426664742
	3426664743
	3426664744
	3426664745
	3426664746
	3426664747
	3426664748
	3426664749
	3426664750
	3426664751
	3426664752
	3426664753
	3426664754
	3426664755
	3426664756
	3426664757
	3426664758
	3426664759
	3426664760
	3426664761
	3426664762
	3426664763
	3426664764
	3426664765
	3426664766
	3426664767
	3426664768
	3426664769
	3426664770
	3426664771
	3426664772
	3426664773
	3426664774
	3426664775
	3426664776
	3426664777
	3426664778
	3426664779
	3426664780
	3426664781
	3426664782
	3426664783
	3426664784
	3426664785
	3426664786
	3426664787
	3426664788
	3426664789
	3426664790
	3426664791
	3426664792
	3426664793
	3426664794
	3426664795
	3426664796
	3426664797
	3426664798
	3426664799
	3426664800
	3426664801
	3426664802
	3426664803
	3426664804
	3426664805
	3426664806
	3426664807
	3426664808
	3426664809
	3426664810
	3426664811
	3426664812
	3426664813
	3426664814
	3426664815
	3426664816
	3426664817
	3426664818
	3426664819
	3426664820
	3426664821
	3426664822
	3426664823
	3426664824
	3426664825
	3426664826
	3426664827
	3426664828
	3426664829
	3426664830
	3426664831
	3426664832
	3426664833
	3426664834
	3426664835
	3426664836
	3426664837
	3426664838
	3426664839
	3426664840
	3426664841
	3426664842
	3426664843
	3426664844
	3426664845
	3426664846
	3426664847
	3426664848
	3426664849
	3426664850
	3426664851
	3426664852
	3426664853
	3426664854
	3426664855
	3426664856
	3426664857
	3426664858
	3426664859
	3426664860
	3426664861
	3426664862
	3426664863
	3426664864
	3426664865
	3426664866
	3426664867
	3426664868
	3426664869
	3426664870
	3426664871
	3426664872
	3426664873
	3426664874
	3426664875
	3426664876
	3426664877
	3426664878
	3426664879
	3426664880
	3426664881
	3426664882
	3426664883
	3426664884
	3426664885
	3426664886
	3426664887
	3426664888
	3426664889
	3426664890
	3426664891
	3426664892
	3426664893
	3426664894
	3426664895
	3426664896
	3426664897
	3426664898
	3426664899
	3426664900
	3426664901
	3426664902
	3426664903
	3426664904
	3426664905
	3426664906
	3426664907
	3426664908
	3426664909
	3426664910
	3426664911
	3426664912
	3426664913
	3426664914
	3426664915
	3426664916
	3426664917
	3426664918
	3426664919
	3426664920
	3426664921
	3426664922
	3426664923
	3426664924
	3426664925
	3426664926
	3426664927
	3426664928
	3426664929
	3426664930
	3426664931
	3426664932
	3426664933
	3426664934
	3426664935
	3426664936
	3426664937
	3426664938
	3426664939
	3426664940
	3426664941
	3426664942
	3426664943
	3426664944
	3426664945
	3426664946
	3426664947
	3426664948
	3426664949
	3426664950
	3426664951
	3426664952
	3426664953
	3426664954
	3426664955
	3426664956
	3426664957
	3426664958
	3426664959
	3426664960
	3426664961
	3426664962
	3426664963
	3426664964
	3426664965
	3426664966
	3426664967
	3426664968
	3426664969
	3426664970
	3426664971
	3426664972
	3426664973
	3426664974
	3426664975
	3426664976
	3426664977
	3426664978
	3426664979
	3426664980
	3426664981
	3426664982
	3426664983
	3426664984
	3426664985
	3426664986
	3426664987
	3426664988
	3426664989
	3426664990
	3426664991
	3426664992
	3426664993
	3426664994
	3426664995
	3426664996
	3426664997
	3426664998
	3426664999
	3426665000
	3426665001
	3426665002
	3426665003
	3426665004
	3426665005
	3426665006
	3426665007
	3426665008
	3426665009
	3426665010
	3426665011
	3426665012
	3426665013
	3426665014
	3426665015
	3426665016
	3426665017
	3426665018
	3426665019
	3426665020
	3426665021
	3426665022
	3426665023
	3426665024
	3426665025
	3426665026
	3426665027
	3426665028
	3426665029
	3426665030
	3426665031
	3426665032
	3426665033
	3426665034
	3426665035
	3426665036
	3426665037
	3426665038
	3426665039
	3426665040
	3426665041
	3426665042
	3426665043
	3426665044
	3426665045
	3426665046
	3426665047
	3426665048
	3426665049
	3426665050
	3426665051
	3426665052
	3426665053
	3426665054
	3426665055
	3426665056
	3426665057
	3426665058
	3426665059
	3426665060
	3426665061
	3426665062
	3426665063
	3426665064
	3426665065
	3426665066
	3426665067
	3426665068
	3426665069
	3426665070
	3426665071
	3426665072
	3426665073
	3426665074
	3426665075
	3426665076
	3426665077
	3426665078
	3426665079
	3426665080
	3426665081
	3426665082
	3426665083
	3426665084
	3426665085
	3426665086
	3426665087
	3426665088
	3426665089
	3426665090
	3426665091
	3426665092
	3426665093
	3426665094
	3426665095
	3426665096
	3426665097
	3426665098
	3426665099
	3426665100
	3426665101
	3426665102
	3426665103
	3426665104
	3426665105
	3426665106
	3426665107
	3426665108
	3426665109
	3426665110
	3426665111
	3426665112
	3426665113
	3426665114
	3426665115
	3426665116
	3426665117
	3426665118
	3426665119
	3426665120
	3426665121
	3426665122
	3426665123
	3426665124
	3426665125
	3426665126
	3426665127
	3426665128
	3426665129
	3426665130
	3426665131
	3426665132
	3426665133
	3426665134
	3426665135
	3426665136
	3426665137
	3426665138
	3426665139
	3426665140
	3426665141
	3426665142
	3426665143
	3426665144
	3426665145
	3426665146
	3426665147
	3426665148
	3426665149
	3426665150
	3426665151
	3426665152
	3426665153
	3426665154
	3426665155
	3426665156
	3426665157
	3426665158
	3426665159
	3426665160
	3426665161
	3426665162
	3426665163
	3426665164
	3426665165
	3426665166
	3426665167
	3426665168
	3426665169
	3426665170
	3426665171
	3426665172
	3426665173
	3426665174
	3426665175
	3426665176
	3426665177
	3426665178
	3426665179
	3426665180
	3426665181
	3426665182
	3426665183
	3426665184
	3426665185
	3426665186
	3426665187
	3426665188
	3426665189
	3426665190
	3426665191
	3426665192
	3426665193
	3426665194
	3426665195
	3426665196
	3426665197
	3426665198
	3426665199
	3426665200
	3426665201
	3426665202
	3426665203
	3426665204
	3426665205
	3426665206
	3426665207
	3426665208
	3426665209
	3426665210
	3426665211
	3426665212
	3426665213
	3426665214
	3426665215
	3426665216
	3426665217
	3426665218
	3426665219
	3426665220
	3426665221
	3426665222
	3426665223
	3426665224
	3426665225
	3426665226
	3426665227
	3426665228
	3426665229
	3426665230
	3426665231
	3426665232
	3426665233
	3426665234
	3426665235
	3426665236
	3426665237
	3426665238
	3426665239
	3426665240
	3426665241
	3426665242
	3426665243
	3426665244
	3426665245
	3426665246
	3426665247
	3426665248
	3426665249
	3426665250
	3426665251
	3426665252
	3426665253
	3426665254
	3426665255
	3426665256
	3426665257
	3426665258
	3426665259
	3426665260
	3426665261
	3426665262
	3426665263
	3426665264
	3426665265
	3426665266
	3426665267
	3426665268
	3426665269
	3426665270
	3426665271
	3426665272
	3426665273
	3426665274
	3426665275
	3426665276
	3426665277
	3426665278
	3426665279
	3426665280
	3426665281
	3426665282
	3426665283
	3426665284
	3426665285
	3426665286
	3426665287
	3426665288
	3426665289
	3426665290
	3426665291
	3426665292
	3426665293
	3426665294
	3426665295
	3426665296
	3426665297
	3426665298
	3426665299
	3426665300
	3426665301
	3426665302
	3426665303
	3426665304
	3426665305
	3426665306
	3426665307
	3426665308
	3426665309
	3426665310
	3426665311
	3426665312
	3426665313
	3426665314
	3426665315
	3426665316
	3426665317
	3426665318
	3426665319
	3426665320
	3426665321
	3426665322
	3426665323
	3426665324
	3426665325
	3426665326
	3426665327
	3426665328
	3426665329
	3426665330
	3426665331
	3426665332
	3426665333
	3426665334
	3426665335
	3426665336
	3426665337
	3426665338
	3426665339
	3426665340
	3426665341
	3426665342
	3426665343
	3426665344
	3426665345
	3426665346
	3426665347
	3426665348
	3426665349
	3426665350
	3426665351
	3426665352
	3426665353
	3426665354
	3426665355
	3426665356
	3426665357
	3426665358
	3426665359
	3426665360
	3426665361
	3426665362
	3426665363
	3426665364
	3426665365
	3426665366
	3426665367
	3426665368
	3426665369
	3426665370
	3426665371
	3426665372
	3426665373
	3426665374
	3426665375
	3426665376
	3426665377
	3426665378
	3426665379
	3426665380
	3426665381
	3426665382
	3426665383
	3426665384
	3426665385
	3426665386
	3426665387
	3426665388
	3426665389
	3426665390
	3426665391
	3426665392
	3426665393
	3426665394
	3426665395
	3426665396
	3426665397
	3426665398
	3426665399
	3426665400
	3426665401
	3426665402
	3426665403
	3426665404
	3426665405
	3426665406
	3426665407
	3426665408
	3426665409
	3426665410
	3426665411
	3426665412
	3426665413
	3426665414
	3426665415
	3426665416
	3426665417
	3426665418
	3426665419
	3426665420
	3426665421
	3426665422
	3426665423
	3426665424
	3426665425
	3426665426
	3426665427
	3426665428
	3426665429
	3426665430
	3426665431
	3426665432
	3426665433
	3426665434
	3426665435
	3426665436
	3426665437
	3426665438
	3426665439
	3426665440
	3426665441
	3426665442
	3426665443
	3426665444
	3426665445
	3426665446
	3426665447
	3426665448
	3426665449
	3426665450
	3426665451
	3426665452
	3426665453
	3426665454
	3426665455
	3426665456
	3426665457
	3426665458
	3426665459
	3426665460
	3426665461
	3426665462
	3426665463
	3426665464
	3426665465
	3426665466
	3426665467
	3426665468
	3426665469
	3426665470
	3426665471
	3426665472
	3426665473
	3426665474
	3426665475
	3426665476
	3426665477
	3426665478
	3426665479
	3426665480
	3426665481
	3426665482
	3426665483
	3426665484
	3426665485
	3426665486
	3426665487
	3426665488
	3426665489
	3426665490
	3426665491
	3426665492
	3426665493
	3426665494
	3426665495
	3426665496
	3426665497
	3426665498
	3426665499
	3426665500
	3426665501
	3426665502
	3426665503
	3426665504
	3426665505
	3426665506
	3426665507
	3426665508
	3426665509
	3426665510
	3426665511
	3426665512
	3426665513
	3426665514
	3426665515
	3426665516
	3426665517
	3426665518
	3426665519
	3426665520
	3426665521
	3426665522
	3426665523
	3426665524
	3426665525
	3426665526
	3426665527
	3426665528
	3426665529
	3426665530
	3426665531
	3426665532
	3426665533
	3426665534
	3426665535
	3426665536
	3426665537
	3426665538
	3426665539
	3426665540
	3426665541
	3426665542
	3426665543
	3426665544
	3426665545
	3426665546
	3426665547
	3426665548
	3426665549
	3426665550
	3426665551
	3426665552
	3426665553
	3426665554
	3426665555
	3426665556
	3426665557
	3426665558
	3426665559
	3426665560
	3426665561
	3426665562
	3426665563
	3426665564
	3426665565
	3426665566
	3426665567
	3426665568
	3426665569
	3426665570
	3426665571
	3426665572
	3426665573
	3426665574
	3426665575
	3426665576
	3426665577
	3426665578
	3426665579
	3426665580
	3426665581
	3426665582
	3426665583
	3426665584
	3426665585
	3426665586
	3426665587
	3426665588
	3426665589
	3426665590
	3426665591
	3426665592
	3426665593
	3426665594
	3426665595
	3426665596
	3426665597
	3426665598
	3426665599
	3426665600
	3426665601
	3426665602
	3426665603
	3426665604
	3426665605
	3426665606
	3426665607
	3426665608
	3426665609
	3426665610
	3426665611
	3426665612
	3426665613
	3426665614
	3426665615
	3426665616
	3426665617
	3426665618
	3426665619
	3426665620
	3426665621
	3426665622
	3426665623
	3426665624
	3426665625
	3426665626
	3426665627
	3426665628
	3426665629
	3426665630
	3426665631
	3426665632
	3426665633
	3426665634
	3426665635
	3426665636
	3426665637
	3426665638
	3426665639
	3426665640
	3426665641
	3426665642
	3426665643
	3426665644
	3426665645
	3426665646
	3426665647
	3426665648
	3426665649
	3426665650
	3426665651
	3426665652
	3426665653
	3426665654
	3426665655
	3426665656
	3426665657
	3426665658
	3426665659
	3426665660
	3426665661
	3426665662
	3426665663
	3426665664
	3426665665
	3426665666
	3426665667
	3426665668
	3426665669
	3426665670
	3426665671
	3426665672
	3426665673
	3426665674
	3426665675
	3426665676
	3426665677
	3426665678
	3426665679
	3426665680
	3426665681
	3426665682
	3426665683
	3426665684
	3426665685
	3426665686
	3426665687
	3426665688
	3426665689
	3426665690
	3426665691
	3426665692
	3426665693
	3426665694
	3426665695
	3426665696
	3426665697
	3426665698
	3426665699
	3426665700
	3426665701
	3426665702
	3426665703
	3426665704
	3426665705
	3426665706
	3426665707
	3426665708
	3426665709
	3426665710
	3426665711
	3426665712
	3426665713
	3426665714
	3426665715
	3426665716
	3426665717
	3426665718
	3426665719
	3426665720
	3426665721
	3426665722
	3426665723
	3426665724
	3426665725
	3426665726
	3426665727
	3426665728
	3426665729
	3426665730
	3426665731
	3426665732
	3426665733
	3426665734
	3426665735
	3426665736
	3426665737
	3426665738
	3426665739
	3426665740
	3426665741
	3426665742
	3426665743
	3426665744
	3426665745
	3426665746
	3426665747
	3426665748
	3426665749
	3426665750
	3426665751
	3426665752
	3426665753
	3426665754
	3426665755
	3426665756
	3426665757
	3426665758
	3426665759
	3426665760
	3426665761
	3426665762
	3426665763
	3426665764
	3426665765
	3426665766
	3426665767
	3426665768
	3426665769
	3426665770
	3426665771
	3426665772
	3426665773
	3426665774
	3426665775
	3426665776
	3426665777
	3426665778
	3426665779
	3426665780
	3426665781
	3426665782
	3426665783
	3426665784
	3426665785
	3426665786
	3426665787
	3426665788
	3426665789
	3426665790
	3426665791
	3426665792
	3426665793
	3426665794
	3426665795
	3426665796
	3426665797
	3426665798
	3426665799
	3426665800
	3426665801
	3426665802
	3426665803
	3426665804
	3426665805
	3426665806
	3426665807
	3426665808
	3426665809
	3426665810
	3426665811
	3426665812
	3426665813
	3426665814
	3426665815
	3426665816
	3426665817
	3426665818
	3426665819
	3426665820
	3426665821
	3426665822
	3426665823
	3426665824
	3426665825
	3426665826
	3426665827
	3426665828
	3426665829
	3426665830
	3426665831
	3426665832
	3426665833
	3426665834
	3426665835
	3426665836
	3426665837
	3426665838
	3426665839
	3426665840
	3426665841
	3426665842
	3426665843
	3426665844
	3426665845
	3426665846
	3426665847
	3426665848
	3426665849
	3426665850
	3426665851
	3426665852
	3426665853
	3426665854
	3426665855
	3426665856
	3426665857
	3426665858
	3426665859
	3426665860
	3426665861
	3426665862
	3426665863
	3426665864
	3426665865
	3426665866
	3426665867
	3426665868
	3426665869
	3426665870
	3426665871
	3426665872
	3426665873
	3426665874
	3426665875
	3426665876
	3426665877
	3426665878
	3426665879
	3426665880
	3426665881
	3426665882
	3426665883
	3426665884
	3426665885
	3426665886
	3426665887
	3426665888
	3426665889
	3426665890
	3426665891
	3426665892
	3426665893
	3426665894
	3426665895
	3426665896
	3426665897
	3426665898
	3426665899
	3426665900
	3426665901
	3426665902
	3426665903
	3426665904
	3426665905
	3426665906
	3426665907
	3426665908
	3426665909
	3426665910
	3426665911
	3426665912
	3426665913
	3426665914
	3426665915
	3426665916
	3426665917
	3426665918
	3426665919
	3426665920
	3426665921
	3426665922
	3426665923
	3426665924
	3426665925
	3426665926
	3426665927
	3426665928
	3426665929
	3426665930
	3426665931
	3426665932
	3426665933
	3426665934
	3426665935
	3426665936
	3426665937
	3426665938
	3426665939
	3426665940
	3426665941
	3426665942
	3426665943
	3426665944
	3426665945
	3426665946
	3426665947
	3426665948
	3426665949
	3426665950
	3426665951
	3426665952
	3426665953
	3426665954
	3426665955
	3426665956
	3426665957
	3426665958
	3426665959
	3426665960
	3426665961
	3426665962
	3426665963
	3426665964
	3426665965
	3426665966
	3426665967
	3426665968
	3426665969
	3426665970
	3426665971
	3426665972
	3426665973
	3426665974
	3426665975
	3426665976
	3426665977
	3426665978
	3426665979
	3426665980
	3426665981
	3426665982
	3426665983
	3426665984
	3426665985
	3426665986
	3426665987
	3426665988
	3426665989
	3426665990
	3426665991
	3426665992
	3426665993
	3426665994
	3426665995
	3426665996
	3426665997
	3426665998
	3426665999
	3426666000
	3426666001
	3426666002
	3426666003
	3426666004
	3426666005
	3426666006
	3426666007
	3426666008
	3426666009
	3426666010
	3426666011
	3426666012
	3426666013
	3426666014
	3426666015
	3426666016
	3426666017
	3426666018
	3426666019
	3426666020
	3426666021
	3426666022
	3426666023
	3426666024
	3426666025
	3426666026
	3426666027
	3426666028
	3426666029
	3426666030
	3426666031
	3426666032
	3426666033
	3426666034
	3426666035
	3426666036
	3426666037
	3426666038
	3426666039
	3426666040
	3426666041
	3426666042
	3426666043
	3426666044
	3426666045
	3426666046
	3426666047
	3426666048
	3426666049
	3426666050
	3426666051
	3426666052
	3426666053
	3426666054
	3426666055
	3426666056
	3426666057
	3426666058
	3426666059
	3426666060
	3426666061
	3426666062
	3426666063
	3426666064
	3426666065
	3426666066
	3426666067
	3426666068
	3426666069
	3426666070
	3426666071
	3426666072
	3426666073
	3426666074
	3426666075
	3426666076
	3426666077
	3426666078
	3426666079
	3426666080
	3426666081
	3426666082
	3426666083
	3426666084
	3426666085
	3426666086
	3426666087
	3426666088
	3426666089
	3426666090
	3426666091
	3426666092
	3426666093
	3426666094
	3426666095
	3426666096
	3426666097
	3426666098
	3426666099
	3426666100
	3426666101
	3426666102
	3426666103
	3426666104
	3426666105
	3426666106
	3426666107
	3426666108
	3426666109
	3426666110
	3426666111
	3426666112
	3426666113
	3426666114
	3426666115
	3426666116
	3426666117
	3426666118
	3426666119
	3426666120
	3426666121
	3426666122
	3426666123
	3426666124
	3426666125
	3426666126
	3426666127
	3426666128
	3426666129
	3426666130
	3426666131
	3426666132
	3426666133
	3426666134
	3426666135
	3426666136
	3426666137
	3426666138
	3426666139
	3426666140
	3426666141
	3426666142
	3426666143
	3426666144
	3426666145
	3426666146
	3426666147
	3426666148
	3426666149
	3426666150
	3426666151
	3426666152
	3426666153
	3426666154
	3426666155
	3426666156
	3426666157
	3426666158
	3426666159
	3426666160
	3426666161
	3426666162
	3426666163
	3426666164
	3426666165
	3426666166
	3426666167
	3426666168
	3426666169
	3426666170
	3426666171
	3426666172
	3426666173
	3426666174
	3426666175
	3426666176
	3426666177
	3426666178
	3426666179
	3426666180
	3426666181
	3426666182
	3426666183
	3426666184
	3426666185
	3426666186
	3426666187
	3426666188
	3426666189
	3426666190
	3426666191
	3426666192
	3426666193
	3426666194
	3426666195
	3426666196
	3426666197
	3426666198
	3426666199
	3426666200
	3426666201
	3426666202
	3426666203
	3426666204
	3426666205
	3426666206
	3426666207
	3426666208
	3426666209
	3426666210
	3426666211
	3426666212
	3426666213
	3426666214
	3426666215
	3426666216
	3426666217
	3426666218
	3426666219
	3426666220
	3426666221
	3426666222
	3426666223
	3426666224
	3426666225
	3426666226
	3426666227
	3426666228
	3426666229
	3426666230
	3426666231
	3426666232
	3426666233
	3426666234
	3426666235
	3426666236
	3426666237
	3426666238
	3426666239
	3426666240
	3426666241
	3426666242
	3426666243
	3426666244
	3426666245
	3426666246
	3426666247
	3426666248
	3426666249
	3426666250
	3426666251
	3426666252
	3426666253
	3426666254
	3426666255
	3426666256
	3426666257
	3426666258
	3426666259
	3426666260
	3426666261
	3426666262
	3426666263
	3426666264
	3426666265
	3426666266
	3426666267
	3426666268
	3426666269
	3426666270
	3426666271
	3426666272
	3426666273
	3426666274
	3426666275
	3426666276
	3426666277
	3426666278
	3426666279
	3426666280
	3426666281
	3426666282
	3426666283
	3426666284
	3426666285
	3426666286
	3426666287
	3426666288
	3426666289
	3426666290
	3426666291
	3426666292
	3426666293
	3426666294
	3426666295
	3426666296
	3426666297
	3426666298
	3426666299
	3426666300
	3426666301
	3426666302
	3426666303
	3426666304
	3426666305
	3426666306
	3426666307
	3426666308
	3426666309
	3426666310
	3426666311
	3426666312
	3426666313
	3426666314
	3426666315
	3426666316
	3426666317
	3426666318
	3426666319
	3426666320
	3426666321
	3426666322
	3426666323
	3426666324
	3426666325
	3426666326
	3426666327
	3426666328
	3426666329
	3426666330
	3426666331
	3426666332
	3426666333
	3426666334
	3426666335
	3426666336
	3426666337
	3426666338
	3426666339
	3426666340
	3426666341
	3426666342
	3426666343
	3426666344
	3426666345
	3426666346
	3426666347
	3426666348
	3426666349
	3426666350
	3426666351
	3426666352
	3426666353
	3426666354
	3426666355
	3426666356
	3426666357
	3426666358
	3426666359
	3426666360
	3426666361
	3426666362
	3426666363
	3426666364
	3426666365
	3426666366
	3426666367
	3426666368
	3426666369
	3426666370
	3426666371
	3426666372
	3426666373
	3426666374
	3426666375
	3426666376
	3426666377
	3426666378
	3426666379
	3426666380
	3426666381
	3426666382
	3426666383
	3426666384
	3426666385
	3426666386
	3426666387
	3426666388
	3426666389
	3426666390
	3426666391
	3426666392
	3426666393
	3426666394
	3426666395
	3426666396
	3426666397
	3426666398
	3426666399
	3426666400
	3426666401
	3426666402
	3426666403
	3426666404
	3426666405
	3426666406
	3426666407
	3426666408
	3426666409
	3426666410
	3426666411
	3426666412
	3426666413
	3426666414
	3426666415
	3426666416
	3426666417
	3426666418
	3426666419
	3426666420
	3426666421
	3426666422
	3426666423
	3426666424
	3426666425
	3426666426
	3426666427
	3426666428
	3426666429
	3426666430
	3426666431
	3426666432
	3426666433
	3426666434
	3426666435
	3426666436
	3426666437
	3426666438
	3426666439
	3426666440
	3426666441
	3426666442
	3426666443
	3426666444
	3426666445
	3426666446
	3426666447
	3426666448
	3426666449
	3426666450
	3426666451
	3426666452
	3426666453
	3426666454
	3426666455
	3426666456
	3426666457
	3426666458
	3426666459
	3426666460
	3426666461
	3426666462
	3426666463
	3426666464
	3426666465
	3426666466
	3426666467
	3426666468
	3426666469
	3426666470
	3426666471
	3426666472
	3426666473
	3426666474
	3426666475
	3426666476
	3426666477
	3426666478
	3426666479
	3426666480
	3426666481
	3426666482
	3426666483
	3426666484
	3426666485
	3426666486
	3426666487
	3426666488
	3426666489
	3426666490
	3426666491
	3426666492
	3426666493
	3426666494
	3426666495
	3426666496
	3426666497
	3426666498
	3426666499
	3426666500
	3426666501
	3426666502
	3426666503
	3426666504
	3426666505
	3426666506
	3426666507
	3426666508
	3426666509
	3426666510
	3426666511
	3426666512
	3426666513
	3426666514
	3426666515
	3426666516
	3426666517
	3426666518
	3426666519
	3426666520
	3426666521
	3426666522
	3426666523
	3426666524
	3426666525
	3426666526
	3426666527
	3426666528
	3426666529
	3426666530
	3426666531
	3426666532
	3426666533
	3426666534
	3426666535
	3426666536
	3426666537
	3426666538
	3426666539
	3426666540
	3426666541
	3426666542
	3426666543
	3426666544
	3426666545
	3426666546
	3426666547
	3426666548
	3426666549
	3426666550
	3426666551
	3426666552
	3426666553
	3426666554
	3426666555
	3426666556
	3426666557
	3426666558
	3426666559
	3426666560
	3426666561
	3426666562
	3426666563
	3426666564
	3426666565
	3426666566
	3426666567
	3426666568
	3426666569
	3426666570
	3426666571
	3426666572
	3426666573
	3426666574
	3426666575
	3426666576
	3426666577
	3426666578
	3426666579
	3426666580
	3426666581
	3426666582
	3426666583
	3426666584
	3426666585
	3426666586
	3426666587
	3426666588
	3426666589
	3426666590
	3426666591
	3426666592
	3426666593
	3426666594
	3426666595
	3426666596
	3426666597
	3426666598
	3426666599
	3426666600
	3426666601
	3426666602
	3426666603
	3426666604
	3426666605
	3426666606
	3426666607
	3426666608
	3426666609
	3426666610
	3426666611
	3426666612
	3426666613
	3426666614
	3426666615
	3426666616
	3426666617
	3426666618
	3426666619
	3426666620
	3426666621
	3426666622
	3426666623
	3426666624
	3426666625
	3426666626
	3426666627
	3426666628
	3426666629
	3426666630
	3426666631
	3426666632
	3426666633
	3426666634
	3426666635
	3426666636
	3426666637
	3426666638
	3426666639
	3426666640
	3426666641
	3426666642
	3426666643
	3426666644
	3426666645
	3426666646
	3426666647
	3426666648
	3426666649
	3426666650
	3426666651
	3426666652
	3426666653
	3426666654
	3426666655
	3426666656
	3426666657
	3426666658
	3426666659
	3426666660
	3426666661
	3426666662
	3426666663
	3426666664
	3426666665
	3426666666
	3426666667
	3426666668
	3426666669
	3426666670
	3426666671
	3426666672
	3426666673
	3426666674
	3426666675
	3426666676
	3426666677
	3426666678
	3426666679
	3426666680
	3426666681
	3426666682
	3426666683
	3426666684
	3426666685
	3426666686
	3426666687
	3426666688
	3426666689
	3426666690
	3426666691
	3426666692
	3426666693
	3426666694
	3426666695
	3426666696
	3426666697
	3426666698
	3426666699
	3426666700
	3426666701
	3426666702
	3426666703
	3426666704
	3426666705
	3426666706
	3426666707
	3426666708
	3426666709
	3426666710
	3426666711
	3426666712
	3426666713
	3426666714
	3426666715
	3426666716
	3426666717
	3426666718
	3426666719
	3426666720
	3426666721
	3426666722
	3426666723
	3426666724
	3426666725
	3426666726
	3426666727
	3426666728
	3426666729
	3426666730
	3426666731
	3426666732
	3426666733
	3426666734
	3426666735
	3426666736
	3426666737
	3426666738
	3426666739
	3426666740
	3426666741
	3426666742
	3426666743
	3426666744
	3426666745
	3426666746
	3426666747
	3426666748
	3426666749
	3426666750
	3426666751
	3426666752
	3426666753
	3426666754
	3426666755
	3426666756
	3426666757
	3426666758
	3426666759
	3426666760
	3426666761
	3426666762
	3426666763
	3426666764
	3426666765
	3426666766
	3426666767
	3426666768
	3426666769
	3426666770
	3426666771
	3426666772
	3426666773
	3426666774
	3426666775
	3426666776
	3426666777
	3426666778
	3426666779
	3426666780
	3426666781
	3426666782
	3426666783
	3426666784
	3426666785
	3426666786
	3426666787
	3426666788
	3426666789
	3426666790
	3426666791
	3426666792
	3426666793
	3426666794
	3426666795
	3426666796
	3426666797
	3426666798
	3426666799
	3426666800
	3426666801
	3426666802
	3426666803
	3426666804
	3426666805
	3426666806
	3426666807
	3426666808
	3426666809
	3426666810
	3426666811
	3426666812
	3426666813
	3426666814
	3426666815
	3426666816
	3426666817
	3426666818
	3426666819
	3426666820
	3426666821
	3426666822
	3426666823
	3426666824
	3426666825
	3426666826
	3426666827
	3426666828
	3426666829
	3426666830
	3426666831
	3426666832
	3426666833
	3426666834
	3426666835
	3426666836
	3426666837
	3426666838
	3426666839
	3426666840
	3426666841
	3426666842
	3426666843
	3426666844
	3426666845
	3426666846
	3426666847
	3426666848
	3426666849
	3426666850
	3426666851
	3426666852
	3426666853
	3426666854
	3426666855
	3426666856
	3426666857
	3426666858
	3426666859
	3426666860
	3426666861
	3426666862
	3426666863
	3426666864
	3426666865
	3426666866
	3426666867
	3426666868
	3426666869
	3426666870
	3426666871
	3426666872
	3426666873
	3426666874
	3426666875
	3426666876
	3426666877
	3426666878
	3426666879
	3426666880
	3426666881
	3426666882
	3426666883
	3426666884
	3426666885
	3426666886
	3426666887
	3426666888
	3426666889
	3426666890
	3426666891
	3426666892
	3426666893
	3426666894
	3426666895
	3426666896
	3426666897
	3426666898
	3426666899
	3426666900
	3426666901
	3426666902
	3426666903
	3426666904
	3426666905
	3426666906
	3426666907
	3426666908
	3426666909
	3426666910
	3426666911
	3426666912
	3426666913
	3426666914
	3426666915
	3426666916
	3426666917
	3426666918
	3426666919
	3426666920
	3426666921
	3426666922
	3426666923
	3426666924
	3426666925
	3426666926
	3426666927
	3426666928
	3426666929
	3426666930
	3426666931
	3426666932
	3426666933
	3426666934
	3426666935
	3426666936
	3426666937
	3426666938
	3426666939
	3426666940
	3426666941
	3426666942
	3426666943
	3426666944
	3426666945
	3426666946
	3426666947
	3426666948
	3426666949
	3426666950
	3426666951
	3426666952
	3426666953
	3426666954
	3426666955
	3426666956
	3426666957
	3426666958
	3426666959
	3426666960
	3426666961
	3426666962
	3426666963
	3426666964
	3426666965
	3426666966
	3426666967
	3426666968
	3426666969
	3426666970
	3426666971
	3426666972
	3426666973
	3426666974
	3426666975
	3426666976
	3426666977
	3426666978
	3426666979
	3426666980
	3426666981
	3426666982
	3426666983
	3426666984
	3426666985
	3426666986
	3426666987
	3426666988
	3426666989
	3426666990
	3426666991
	3426666992
	3426666993
	3426666994
	3426666995
	3426666996
	3426666997
	3426666998
	3426666999
	3426667000
	3426667001
	3426667002
	3426667003
	3426667004
	3426667005
	3426667006
	3426667007
	3426667008
	3426667009
	3426667010
	3426667011
	3426667012
	3426667013
	3426667014
	3426667015
	3426667016
	3426667017
	3426667018
	3426667019
	3426667020
	3426667021
	3426667022
	3426667023
	3426667024
	3426667025
	3426667026
	3426667027
	3426667028
	3426667029
	3426667030
	3426667031
	3426667032
	3426667033
	3426667034
	3426667035
	3426667036
	3426667037
	3426667038
	3426667039
	3426667040
	3426667041
	3426667042
	3426667043
	3426667044
	3426667045
	3426667046
	3426667047
	3426667048
	3426667049
	3426667050
	3426667051
	3426667052
	3426667053
	3426667054
	3426667055
	3426667056
	3426667057
	3426667058
	3426667059
	3426667060
	3426667061
	3426667062
	3426667063
	3426667064
	3426667065
	3426667066
	3426667067
	3426667068
	3426667069
	3426667070
	3426667071
	3426667072
	3426667073
	3426667074
	3426667075
	3426667076
	3426667077
	3426667078
	3426667079
	3426667080
	3426667081
	3426667082
	3426667083
	3426667084
	3426667085
	3426667086
	3426667087
	3426667088
	3426667089
	3426667090
	3426667091
	3426667092
	3426667093
	3426667094
	3426667095
	3426667096
	3426667097
	3426667098
	3426667099
	3426667100
	3426667101
	3426667102
	3426667103
	3426667104
	3426667105
	3426667106
	3426667107
	3426667108
	3426667109
	3426667110
	3426667111
	3426667112
	3426667113
	3426667114
	3426667115
	3426667116
	3426667117
	3426667118
	3426667119
	3426667120
	3426667121
	3426667122
	3426667123
	3426667124
	3426667125
	3426667126
	3426667127
	3426667128
	3426667129
	3426667130
	3426667131
	3426667132
	3426667133
	3426667134
	3426667135
	3426667136
	3426667137
	3426667138
	3426667139
	3426667140
	3426667141
	3426667142
	3426667143
	3426667144
	3426667145
	3426667146
	3426667147
	3426667148
	3426667149
	3426667150
	3426667151
	3426667152
	3426667153
	3426667154
	3426667155
	3426667156
	3426667157
	3426667158
	3426667159
	3426667160
	3426667161
	3426667162
	3426667163
	3426667164
	3426667165
	3426667166
	3426667167
	3426667168
	3426667169
	3426667170
	3426667171
	3426667172
	3426667173
	3426667174
	3426667175
	3426667176
	3426667177
	3426667178
