	3426644719
	3426644720
	3426644721
	3426644722
	3426644723
	3426644724
	3426644725
	3426644726
	3426644727
	3426644728
	3426644729
	3426644730
	3426644731
	3426644732
	3426644733
	3426644734
	3426644735
	3426644736
	3426644737
	3426644738
	3426644739
	3426644740
	3426644741
	3426644742
	3426644743
	3426644744
	3426644745
	3426644746
	3426644747
	3426644748
	3426644749
	3426644750
	3426644751
	3426644752
	3426644753
	3426644754
	3426644755
	3426644756
	3426644757
	3426644758
	3426644759
	3426644760
	3426644761
	3426644762
	3426644763
	3426644764
	3426644765
	3426644766
	3426644767
	3426644768
	3426644769
	3426644770
	3426644771
	3426644772
	3426644773
	3426644774
	3426644775
	3426644776
	3426644777
	3426644778
	3426644779
	3426644780
	3426644781
	3426644782
	3426644783
	3426644784
	3426644785
	3426644786
	3426644787
	3426644788
	3426644789
	3426644790
	3426644791
	3426644792
	3426644793
	3426644794
	3426644795
	3426644796
	3426644797
	3426644798
	3426644799
	3426644800
	3426644801
	3426644802
	3426644803
	3426644804
	3426644805
	3426644806
	3426644807
	3426644808
	3426644809
	3426644810
	3426644811
	3426644812
	3426644813
	3426644814
	3426644815
	3426644816
	3426644817
	3426644818
	3426644819
	3426644820
	3426644821
	3426644822
	3426644823
	3426644824
	3426644825
	3426644826
	3426644827
	3426644828
	3426644829
	3426644830
	3426644831
	3426644832
	3426644833
	3426644834
	3426644835
	3426644836
	3426644837
	3426644838
	3426644839
	3426644840
	3426644841
	3426644842
	3426644843
	3426644844
	3426644845
	3426644846
	3426644847
	3426644848
	3426644849
	3426644850
	3426644851
	3426644852
	3426644853
	3426644854
	3426644855
	3426644856
	3426644857
	3426644858
	3426644859
	3426644860
	3426644861
	3426644862
	3426644863
	3426644864
	3426644865
	3426644866
	3426644867
	3426644868
	3426644869
	3426644870
	3426644871
	3426644872
	3426644873
	3426644874
	3426644875
	3426644876
	3426644877
	3426644878
	3426644879
	3426644880
	3426644881
	3426644882
	3426644883
	3426644884
	3426644885
	3426644886
	3426644887
	3426644888
	3426644889
	3426644890
	3426644891
	3426644892
	3426644893
	3426644894
	3426644895
	3426644896
	3426644897
	3426644898
	3426644899
	3426644900
	3426644901
	3426644902
	3426644903
	3426644904
	3426644905
	3426644906
	3426644907
	3426644908
	3426644909
	3426644910
	3426644911
	3426644912
	3426644913
	3426644914
	3426644915
	3426644916
	3426644917
	3426644918
	3426644919
	3426644920
	3426644921
	3426644922
	3426644923
	3426644924
	3426644925
	3426644926
	3426644927
	3426644928
	3426644929
	3426644930
	3426644931
	3426644932
	3426644933
	3426644934
	3426644935
	3426644936
	3426644937
	3426644938
	3426644939
	3426644940
	3426644941
	3426644942
	3426644943
	3426644944
	3426644945
	3426644946
	3426644947
	3426644948
	3426644949
	3426644950
	3426644951
	3426644952
	3426644953
	3426644954
	3426644955
	3426644956
	3426644957
	3426644958
	3426644959
	3426644960
	3426644961
	3426644962
	3426644963
	3426644964
	3426644965
	3426644966
	3426644967
	3426644968
	3426644969
	3426644970
	3426644971
	3426644972
	3426644973
	3426644974
	3426644975
	3426644976
	3426644977
	3426644978
	3426644979
	3426644980
	3426644981
	3426644982
	3426644983
	3426644984
	3426644985
	3426644986
	3426644987
	3426644988
	3426644989
	3426644990
	3426644991
	3426644992
	3426644993
	3426644994
	3426644995
	3426644996
	3426644997
	3426644998
	3426644999
	3426645000
	3426645001
	3426645002
	3426645003
	3426645004
	3426645005
	3426645006
	3426645007
	3426645008
	3426645009
	3426645010
	3426645011
	3426645012
	3426645013
	3426645014
	3426645015
	3426645016
	3426645017
	3426645018
	3426645019
	3426645020
	3426645021
	3426645022
	3426645023
	3426645024
	3426645025
	3426645026
	3426645027
	3426645028
	3426645029
	3426645030
	3426645031
	3426645032
	3426645033
	3426645034
	3426645035
	3426645036
	3426645037
	3426645038
	3426645039
	3426645040
	3426645041
	3426645042
	3426645043
	3426645044
	3426645045
	3426645046
	3426645047
	3426645048
	3426645049
	3426645050
	3426645051
	3426645052
	3426645053
	3426645054
	3426645055
	3426645056
	3426645057
	3426645058
	3426645059
	3426645060
	3426645061
	3426645062
	3426645063
	3426645064
	3426645065
	3426645066
	3426645067
	3426645068
	3426645069
	3426645070
	3426645071
	3426645072
	3426645073
	3426645074
	3426645075
	3426645076
	3426645077
	3426645078
	3426645079
	3426645080
	3426645081
	3426645082
	3426645083
	3426645084
	3426645085
	3426645086
	3426645087
	3426645088
	3426645089
	3426645090
	3426645091
	3426645092
	3426645093
	3426645094
	3426645095
	3426645096
	3426645097
	3426645098
	3426645099
	3426645100
	3426645101
	3426645102
	3426645103
	3426645104
	3426645105
	3426645106
	3426645107
	3426645108
	3426645109
	3426645110
	3426645111
	3426645112
	3426645113
	3426645114
	3426645115
	3426645116
	3426645117
	3426645118
	3426645119
	3426645120
	3426645121
	3426645122
	3426645123
	3426645124
	3426645125
	3426645126
	3426645127
	3426645128
	3426645129
	3426645130
	3426645131
	3426645132
	3426645133
	3426645134
	3426645135
	3426645136
	3426645137
	3426645138
	3426645139
	3426645140
	3426645141
	3426645142
	3426645143
	3426645144
	3426645145
	3426645146
	3426645147
	3426645148
	3426645149
	3426645150
	3426645151
	3426645152
	3426645153
	3426645154
	3426645155
	3426645156
	3426645157
	3426645158
	3426645159
	3426645160
	3426645161
	3426645162
	3426645163
	3426645164
	3426645165
	3426645166
	3426645167
	3426645168
	3426645169
	3426645170
	3426645171
	3426645172
	3426645173
	3426645174
	3426645175
	3426645176
	3426645177
	3426645178
	3426645179
	3426645180
	3426645181
	3426645182
	3426645183
	3426645184
	3426645185
	3426645186
	3426645187
	3426645188
	3426645189
	3426645190
	3426645191
	3426645192
	3426645193
	3426645194
	3426645195
	3426645196
	3426645197
	3426645198
	3426645199
	3426645200
	3426645201
	3426645202
	3426645203
	3426645204
	3426645205
	3426645206
	3426645207
	3426645208
	3426645209
	3426645210
	3426645211
	3426645212
	3426645213
	3426645214
	3426645215
	3426645216
	3426645217
	3426645218
	3426645219
	3426645220
	3426645221
	3426645222
	3426645223
	3426645224
	3426645225
	3426645226
	3426645227
	3426645228
	3426645229
	3426645230
	3426645231
	3426645232
	3426645233
	3426645234
	3426645235
	3426645236
	3426645237
	3426645238
	3426645239
	3426645240
	3426645241
	3426645242
	3426645243
	3426645244
	3426645245
	3426645246
	3426645247
	3426645248
	3426645249
	3426645250
	3426645251
	3426645252
	3426645253
	3426645254
	3426645255
	3426645256
	3426645257
	3426645258
	3426645259
	3426645260
	3426645261
	3426645262
	3426645263
	3426645264
	3426645265
	3426645266
	3426645267
	3426645268
	3426645269
	3426645270
	3426645271
	3426645272
	3426645273
	3426645274
	3426645275
	3426645276
	3426645277
	3426645278
	3426645279
	3426645280
	3426645281
	3426645282
	3426645283
	3426645284
	3426645285
	3426645286
	3426645287
	3426645288
	3426645289
	3426645290
	3426645291
	3426645292
	3426645293
	3426645294
	3426645295
	3426645296
	3426645297
	3426645298
	3426645299
	3426645300
	3426645301
	3426645302
	3426645303
	3426645304
	3426645305
	3426645306
	3426645307
	3426645308
	3426645309
	3426645310
	3426645311
	3426645312
	3426645313
	3426645314
	3426645315
	3426645316
	3426645317
	3426645318
	3426645319
	3426645320
	3426645321
	3426645322
	3426645323
	3426645324
	3426645325
	3426645326
	3426645327
	3426645328
	3426645329
	3426645330
	3426645331
	3426645332
	3426645333
	3426645334
	3426645335
	3426645336
	3426645337
	3426645338
	3426645339
	3426645340
	3426645341
	3426645342
	3426645343
	3426645344
	3426645345
	3426645346
	3426645347
	3426645348
	3426645349
	3426645350
	3426645351
	3426645352
	3426645353
	3426645354
	3426645355
	3426645356
	3426645357
	3426645358
	3426645359
	3426645360
	3426645361
	3426645362
	3426645363
	3426645364
	3426645365
	3426645366
	3426645367
	3426645368
	3426645369
	3426645370
	3426645371
	3426645372
	3426645373
	3426645374
	3426645375
	3426645376
	3426645377
	3426645378
	3426645379
	3426645380
	3426645381
	3426645382
	3426645383
	3426645384
	3426645385
	3426645386
	3426645387
	3426645388
	3426645389
	3426645390
	3426645391
	3426645392
	3426645393
	3426645394
	3426645395
	3426645396
	3426645397
	3426645398
	3426645399
	3426645400
	3426645401
	3426645402
	3426645403
	3426645404
	3426645405
	3426645406
	3426645407
	3426645408
	3426645409
	3426645410
	3426645411
	3426645412
	3426645413
	3426645414
	3426645415
	3426645416
	3426645417
	3426645418
	3426645419
	3426645420
	3426645421
	3426645422
	3426645423
	3426645424
	3426645425
	3426645426
	3426645427
	3426645428
	3426645429
	3426645430
	3426645431
	3426645432
	3426645433
	3426645434
	3426645435
	3426645436
	3426645437
	3426645438
	3426645439
	3426645440
	3426645441
	3426645442
	3426645443
	3426645444
	3426645445
	3426645446
	3426645447
	3426645448
	3426645449
	3426645450
	3426645451
	3426645452
	3426645453
	3426645454
	3426645455
	3426645456
	3426645457
	3426645458
	3426645459
	3426645460
	3426645461
	3426645462
	3426645463
	3426645464
	3426645465
	3426645466
	3426645467
	3426645468
	3426645469
	3426645470
	3426645471
	3426645472
	3426645473
	3426645474
	3426645475
	3426645476
	3426645477
	3426645478
	3426645479
	3426645480
	3426645481
	3426645482
	3426645483
	3426645484
	3426645485
	3426645486
	3426645487
	3426645488
	3426645489
	3426645490
	3426645491
	3426645492
	3426645493
	3426645494
	3426645495
	3426645496
	3426645497
	3426645498
	3426645499
	3426645500
	3426645501
	3426645502
	3426645503
	3426645504
	3426645505
	3426645506
	3426645507
	3426645508
	3426645509
	3426645510
	3426645511
	3426645512
	3426645513
	3426645514
	3426645515
	3426645516
	3426645517
	3426645518
	3426645519
	3426645520
	3426645521
	3426645522
	3426645523
	3426645524
	3426645525
	3426645526
	3426645527
	3426645528
	3426645529
	3426645530
	3426645531
	3426645532
	3426645533
	3426645534
	3426645535
	3426645536
	3426645537
	3426645538
	3426645539
	3426645540
	3426645541
	3426645542
	3426645543
	3426645544
	3426645545
	3426645546
	3426645547
	3426645548
	3426645549
	3426645550
	3426645551
	3426645552
	3426645553
	3426645554
	3426645555
	3426645556
	3426645557
	3426645558
	3426645559
	3426645560
	3426645561
	3426645562
	3426645563
	3426645564
	3426645565
	3426645566
	3426645567
	3426645568
	3426645569
	3426645570
	3426645571
	3426645572
	3426645573
	3426645574
	3426645575
	3426645576
	3426645577
	3426645578
	3426645579
	3426645580
	3426645581
	3426645582
	3426645583
	3426645584
	3426645585
	3426645586
	3426645587
	3426645588
	3426645589
	3426645590
	3426645591
	3426645592
	3426645593
	3426645594
	3426645595
	3426645596
	3426645597
	3426645598
	3426645599
	3426645600
	3426645601
	3426645602
	3426645603
	3426645604
	3426645605
	3426645606
	3426645607
	3426645608
	3426645609
	3426645610
	3426645611
	3426645612
	3426645613
	3426645614
	3426645615
	3426645616
	3426645617
	3426645618
	3426645619
	3426645620
	3426645621
	3426645622
	3426645623
	3426645624
	3426645625
	3426645626
	3426645627
	3426645628
	3426645629
	3426645630
	3426645631
	3426645632
	3426645633
	3426645634
	3426645635
	3426645636
	3426645637
	3426645638
	3426645639
	3426645640
	3426645641
	3426645642
	3426645643
	3426645644
	3426645645
	3426645646
	3426645647
	3426645648
	3426645649
	3426645650
	3426645651
	3426645652
	3426645653
	3426645654
	3426645655
	3426645656
	3426645657
	3426645658
	3426645659
	3426645660
	3426645661
	3426645662
	3426645663
	3426645664
	3426645665
	3426645666
	3426645667
	3426645668
	3426645669
	3426645670
	3426645671
	3426645672
	3426645673
	3426645674
	3426645675
	3426645676
	3426645677
	3426645678
	3426645679
	3426645680
	3426645681
	3426645682
	3426645683
	3426645684
	3426645685
	3426645686
	3426645687
	3426645688
	3426645689
	3426645690
	3426645691
	3426645692
	3426645693
	3426645694
	3426645695
	3426645696
	3426645697
	3426645698
	3426645699
	3426645700
	3426645701
	3426645702
	3426645703
	3426645704
	3426645705
	3426645706
	3426645707
	3426645708
	3426645709
	3426645710
	3426645711
	3426645712
	3426645713
	3426645714
	3426645715
	3426645716
	3426645717
	3426645718
	3426645719
	3426645720
	3426645721
	3426645722
	3426645723
	3426645724
	3426645725
	3426645726
	3426645727
	3426645728
	3426645729
	3426645730
	3426645731
	3426645732
	3426645733
	3426645734
	3426645735
	3426645736
	3426645737
	3426645738
	3426645739
	3426645740
	3426645741
	3426645742
	3426645743
	3426645744
	3426645745
	3426645746
	3426645747
	3426645748
	3426645749
	3426645750
	3426645751
	3426645752
	3426645753
	3426645754
	3426645755
	3426645756
	3426645757
	3426645758
	3426645759
	3426645760
	3426645761
	3426645762
	3426645763
	3426645764
	3426645765
	3426645766
	3426645767
	3426645768
	3426645769
	3426645770
	3426645771
	3426645772
	3426645773
	3426645774
	3426645775
	3426645776
	3426645777
	3426645778
	3426645779
	3426645780
	3426645781
	3426645782
	3426645783
	3426645784
	3426645785
	3426645786
	3426645787
	3426645788
	3426645789
	3426645790
	3426645791
	3426645792
	3426645793
	3426645794
	3426645795
	3426645796
	3426645797
	3426645798
	3426645799
	3426645800
	3426645801
	3426645802
	3426645803
	3426645804
	3426645805
	3426645806
	3426645807
	3426645808
	3426645809
	3426645810
	3426645811
	3426645812
	3426645813
	3426645814
	3426645815
	3426645816
	3426645817
	3426645818
	3426645819
	3426645820
	3426645821
	3426645822
	3426645823
	3426645824
	3426645825
	3426645826
	3426645827
	3426645828
	3426645829
	3426645830
	3426645831
	3426645832
	3426645833
	3426645834
	3426645835
	3426645836
	3426645837
	3426645838
	3426645839
	3426645840
	3426645841
	3426645842
	3426645843
	3426645844
	3426645845
	3426645846
	3426645847
	3426645848
	3426645849
	3426645850
	3426645851
	3426645852
	3426645853
	3426645854
	3426645855
	3426645856
	3426645857
	3426645858
	3426645859
	3426645860
	3426645861
	3426645862
	3426645863
	3426645864
	3426645865
	3426645866
	3426645867
	3426645868
	3426645869
	3426645870
	3426645871
	3426645872
	3426645873
	3426645874
	3426645875
	3426645876
	3426645877
	3426645878
	3426645879
	3426645880
	3426645881
	3426645882
	3426645883
	3426645884
	3426645885
	3426645886
	3426645887
	3426645888
	3426645889
	3426645890
	3426645891
	3426645892
	3426645893
	3426645894
	3426645895
	3426645896
	3426645897
	3426645898
	3426645899
	3426645900
	3426645901
	3426645902
	3426645903
	3426645904
	3426645905
	3426645906
	3426645907
	3426645908
	3426645909
	3426645910
	3426645911
	3426645912
	3426645913
	3426645914
	3426645915
	3426645916
	3426645917
	3426645918
	3426645919
	3426645920
	3426645921
	3426645922
	3426645923
	3426645924
	3426645925
	3426645926
	3426645927
	3426645928
	3426645929
	3426645930
	3426645931
	3426645932
	3426645933
	3426645934
	3426645935
	3426645936
	3426645937
	3426645938
	3426645939
	3426645940
	3426645941
	3426645942
	3426645943
	3426645944
	3426645945
	3426645946
	3426645947
	3426645948
	3426645949
	3426645950
	3426645951
	3426645952
	3426645953
	3426645954
	3426645955
	3426645956
	3426645957
	3426645958
	3426645959
	3426645960
	3426645961
	3426645962
	3426645963
	3426645964
	3426645965
	3426645966
	3426645967
	3426645968
	3426645969
	3426645970
	3426645971
	3426645972
	3426645973
	3426645974
	3426645975
	3426645976
	3426645977
	3426645978
	3426645979
	3426645980
	3426645981
	3426645982
	3426645983
	3426645984
	3426645985
	3426645986
	3426645987
	3426645988
	3426645989
	3426645990
	3426645991
	3426645992
	3426645993
	3426645994
	3426645995
	3426645996
	3426645997
	3426645998
	3426645999
	3426646000
	3426646001
	3426646002
	3426646003
	3426646004
	3426646005
	3426646006
	3426646007
	3426646008
	3426646009
	3426646010
	3426646011
	3426646012
	3426646013
	3426646014
	3426646015
	3426646016
	3426646017
	3426646018
	3426646019
	3426646020
	3426646021
	3426646022
	3426646023
	3426646024
	3426646025
	3426646026
	3426646027
	3426646028
	3426646029
	3426646030
	3426646031
	3426646032
	3426646033
	3426646034
	3426646035
	3426646036
	3426646037
	3426646038
	3426646039
	3426646040
	3426646041
	3426646042
	3426646043
	3426646044
	3426646045
	3426646046
	3426646047
	3426646048
	3426646049
	3426646050
	3426646051
	3426646052
	3426646053
	3426646054
	3426646055
	3426646056
	3426646057
	3426646058
	3426646059
	3426646060
	3426646061
	3426646062
	3426646063
	3426646064
	3426646065
	3426646066
	3426646067
	3426646068
	3426646069
	3426646070
	3426646071
	3426646072
	3426646073
	3426646074
	3426646075
	3426646076
	3426646077
	3426646078
	3426646079
	3426646080
	3426646081
	3426646082
	3426646083
	3426646084
	3426646085
	3426646086
	3426646087
	3426646088
	3426646089
	3426646090
	3426646091
	3426646092
	3426646093
	3426646094
	3426646095
	3426646096
	3426646097
	3426646098
	3426646099
	3426646100
	3426646101
	3426646102
	3426646103
	3426646104
	3426646105
	3426646106
	3426646107
	3426646108
	3426646109
	3426646110
	3426646111
	3426646112
	3426646113
	3426646114
	3426646115
	3426646116
	3426646117
	3426646118
	3426646119
	3426646120
	3426646121
	3426646122
	3426646123
	3426646124
	3426646125
	3426646126
	3426646127
	3426646128
	3426646129
	3426646130
	3426646131
	3426646132
	3426646133
	3426646134
	3426646135
	3426646136
	3426646137
	3426646138
	3426646139
	3426646140
	3426646141
	3426646142
	3426646143
	3426646144
	3426646145
	3426646146
	3426646147
	3426646148
	3426646149
	3426646150
	3426646151
	3426646152
	3426646153
	3426646154
	3426646155
	3426646156
	3426646157
	3426646158
	3426646159
	3426646160
	3426646161
	3426646162
	3426646163
	3426646164
	3426646165
	3426646166
	3426646167
	3426646168
	3426646169
	3426646170
	3426646171
	3426646172
	3426646173
	3426646174
	3426646175
	3426646176
	3426646177
	3426646178
	3426646179
	3426646180
	3426646181
	3426646182
	3426646183
	3426646184
	3426646185
	3426646186
	3426646187
	3426646188
	3426646189
	3426646190
	3426646191
	3426646192
	3426646193
	3426646194
	3426646195
	3426646196
	3426646197
	3426646198
	3426646199
	3426646200
	3426646201
	3426646202
	3426646203
	3426646204
	3426646205
	3426646206
	3426646207
	3426646208
	3426646209
	3426646210
	3426646211
	3426646212
	3426646213
	3426646214
	3426646215
	3426646216
	3426646217
	3426646218
	3426646219
	3426646220
	3426646221
	3426646222
	3426646223
	3426646224
	3426646225
	3426646226
	3426646227
	3426646228
	3426646229
	3426646230
	3426646231
	3426646232
	3426646233
	3426646234
	3426646235
	3426646236
	3426646237
	3426646238
	3426646239
	3426646240
	3426646241
	3426646242
	3426646243
	3426646244
	3426646245
	3426646246
	3426646247
	3426646248
	3426646249
	3426646250
	3426646251
	3426646252
	3426646253
	3426646254
	3426646255
	3426646256
	3426646257
	3426646258
	3426646259
	3426646260
	3426646261
	3426646262
	3426646263
	3426646264
	3426646265
	3426646266
	3426646267
	3426646268
	3426646269
	3426646270
	3426646271
	3426646272
	3426646273
	3426646274
	3426646275
	3426646276
	3426646277
	3426646278
	3426646279
	3426646280
	3426646281
	3426646282
	3426646283
	3426646284
	3426646285
	3426646286
	3426646287
	3426646288
	3426646289
	3426646290
	3426646291
	3426646292
	3426646293
	3426646294
	3426646295
	3426646296
	3426646297
	3426646298
	3426646299
	3426646300
	3426646301
	3426646302
	3426646303
	3426646304
	3426646305
	3426646306
	3426646307
	3426646308
	3426646309
	3426646310
	3426646311
	3426646312
	3426646313
	3426646314
	3426646315
	3426646316
	3426646317
	3426646318
	3426646319
	3426646320
	3426646321
	3426646322
	3426646323
	3426646324
	3426646325
	3426646326
	3426646327
	3426646328
	3426646329
	3426646330
	3426646331
	3426646332
	3426646333
	3426646334
	3426646335
	3426646336
	3426646337
	3426646338
	3426646339
	3426646340
	3426646341
	3426646342
	3426646343
	3426646344
	3426646345
	3426646346
	3426646347
	3426646348
	3426646349
	3426646350
	3426646351
	3426646352
	3426646353
	3426646354
	3426646355
	3426646356
	3426646357
	3426646358
	3426646359
	3426646360
	3426646361
	3426646362
	3426646363
	3426646364
	3426646365
	3426646366
	3426646367
	3426646368
	3426646369
	3426646370
	3426646371
	3426646372
	3426646373
	3426646374
	3426646375
	3426646376
	3426646377
	3426646378
	3426646379
	3426646380
	3426646381
	3426646382
	3426646383
	3426646384
	3426646385
	3426646386
	3426646387
	3426646388
	3426646389
	3426646390
	3426646391
	3426646392
	3426646393
	3426646394
	3426646395
	3426646396
	3426646397
	3426646398
	3426646399
	3426646400
	3426646401
	3426646402
	3426646403
	3426646404
	3426646405
	3426646406
	3426646407
	3426646408
	3426646409
	3426646410
	3426646411
	3426646412
	3426646413
	3426646414
	3426646415
	3426646416
	3426646417
	3426646418
	3426646419
	3426646420
	3426646421
	3426646422
	3426646423
	3426646424
	3426646425
	3426646426
	3426646427
	3426646428
	3426646429
	3426646430
	3426646431
	3426646432
	3426646433
	3426646434
	3426646435
	3426646436
	3426646437
	3426646438
	3426646439
	3426646440
	3426646441
	3426646442
	3426646443
	3426646444
	3426646445
	3426646446
	3426646447
	3426646448
	3426646449
	3426646450
	3426646451
	3426646452
	3426646453
	3426646454
	3426646455
	3426646456
	3426646457
	3426646458
	3426646459
	3426646460
	3426646461
	3426646462
	3426646463
	3426646464
	3426646465
	3426646466
	3426646467
	3426646468
	3426646469
	3426646470
	3426646471
	3426646472
	3426646473
	3426646474
	3426646475
	3426646476
	3426646477
	3426646478
	3426646479
	3426646480
	3426646481
	3426646482
	3426646483
	3426646484
	3426646485
	3426646486
	3426646487
	3426646488
	3426646489
	3426646490
	3426646491
	3426646492
	3426646493
	3426646494
	3426646495
	3426646496
	3426646497
	3426646498
	3426646499
	3426646500
	3426646501
	3426646502
	3426646503
	3426646504
	3426646505
	3426646506
	3426646507
	3426646508
	3426646509
	3426646510
	3426646511
	3426646512
	3426646513
	3426646514
	3426646515
	3426646516
	3426646517
	3426646518
	3426646519
	3426646520
	3426646521
	3426646522
	3426646523
	3426646524
	3426646525
	3426646526
	3426646527
	3426646528
	3426646529
	3426646530
	3426646531
	3426646532
	3426646533
	3426646534
	3426646535
	3426646536
	3426646537
	3426646538
	3426646539
	3426646540
	3426646541
	3426646542
	3426646543
	3426646544
	3426646545
	3426646546
	3426646547
	3426646548
	3426646549
	3426646550
	3426646551
	3426646552
	3426646553
	3426646554
	3426646555
	3426646556
	3426646557
	3426646558
	3426646559
	3426646560
	3426646561
	3426646562
	3426646563
	3426646564
	3426646565
	3426646566
	3426646567
	3426646568
	3426646569
	3426646570
	3426646571
	3426646572
	3426646573
	3426646574
	3426646575
	3426646576
	3426646577
	3426646578
	3426646579
	3426646580
	3426646581
	3426646582
	3426646583
	3426646584
	3426646585
	3426646586
	3426646587
	3426646588
	3426646589
	3426646590
	3426646591
	3426646592
	3426646593
	3426646594
	3426646595
	3426646596
	3426646597
	3426646598
	3426646599
	3426646600
	3426646601
	3426646602
	3426646603
	3426646604
	3426646605
	3426646606
	3426646607
	3426646608
	3426646609
	3426646610
	3426646611
	3426646612
	3426646613
	3426646614
	3426646615
	3426646616
	3426646617
	3426646618
	3426646619
	3426646620
	3426646621
	3426646622
	3426646623
	3426646624
	3426646625
	3426646626
	3426646627
	3426646628
	3426646629
	3426646630
	3426646631
	3426646632
	3426646633
	3426646634
	3426646635
	3426646636
	3426646637
	3426646638
	3426646639
	3426646640
	3426646641
	3426646642
	3426646643
	3426646644
	3426646645
	3426646646
	3426646647
	3426646648
	3426646649
	3426646650
	3426646651
	3426646652
	3426646653
	3426646654
	3426646655
	3426646656
	3426646657
	3426646658
	3426646659
	3426646660
	3426646661
	3426646662
	3426646663
	3426646664
	3426646665
	3426646666
	3426646667
	3426646668
	3426646669
	3426646670
	3426646671
	3426646672
	3426646673
	3426646674
	3426646675
	3426646676
	3426646677
	3426646678
	3426646679
	3426646680
	3426646681
	3426646682
	3426646683
	3426646684
	3426646685
	3426646686
	3426646687
	3426646688
	3426646689
	3426646690
	3426646691
	3426646692
	3426646693
	3426646694
	3426646695
	3426646696
	3426646697
	3426646698
	3426646699
	3426646700
	3426646701
	3426646702
	3426646703
	3426646704
	3426646705
	3426646706
	3426646707
	3426646708
	3426646709
	3426646710
	3426646711
	3426646712
	3426646713
	3426646714
	3426646715
	3426646716
	3426646717
	3426646718
	3426646719
	3426646720
	3426646721
	3426646722
	3426646723
	3426646724
	3426646725
	3426646726
	3426646727
	3426646728
	3426646729
	3426646730
	3426646731
	3426646732
	3426646733
	3426646734
	3426646735
	3426646736
	3426646737
	3426646738
	3426646739
	3426646740
	3426646741
	3426646742
	3426646743
	3426646744
	3426646745
	3426646746
	3426646747
	3426646748
	3426646749
	3426646750
	3426646751
	3426646752
	3426646753
	3426646754
	3426646755
	3426646756
	3426646757
	3426646758
	3426646759
	3426646760
	3426646761
	3426646762
	3426646763
	3426646764
	3426646765
	3426646766
	3426646767
	3426646768
	3426646769
	3426646770
	3426646771
	3426646772
	3426646773
	3426646774
	3426646775
	3426646776
	3426646777
	3426646778
	3426646779
	3426646780
	3426646781
	3426646782
	3426646783
	3426646784
	3426646785
	3426646786
	3426646787
	3426646788
	3426646789
	3426646790
	3426646791
	3426646792
	3426646793
	3426646794
	3426646795
	3426646796
	3426646797
	3426646798
	3426646799
	3426646800
	3426646801
	3426646802
	3426646803
	3426646804
	3426646805
	3426646806
	3426646807
	3426646808
	3426646809
	3426646810
	3426646811
	3426646812
	3426646813
	3426646814
	3426646815
	3426646816
	3426646817
	3426646818
	3426646819
	3426646820
	3426646821
	3426646822
	3426646823
	3426646824
	3426646825
	3426646826
	3426646827
	3426646828
	3426646829
	3426646830
	3426646831
	3426646832
	3426646833
	3426646834
	3426646835
	3426646836
	3426646837
	3426646838
	3426646839
	3426646840
	3426646841
	3426646842
	3426646843
	3426646844
	3426646845
	3426646846
	3426646847
	3426646848
	3426646849
	3426646850
	3426646851
	3426646852
	3426646853
	3426646854
	3426646855
	3426646856
	3426646857
	3426646858
	3426646859
	3426646860
	3426646861
	3426646862
	3426646863
	3426646864
	3426646865
	3426646866
	3426646867
	3426646868
	3426646869
	3426646870
	3426646871
	3426646872
	3426646873
	3426646874
	3426646875
	3426646876
	3426646877
	3426646878
	3426646879
	3426646880
	3426646881
	3426646882
	3426646883
	3426646884
	3426646885
	3426646886
	3426646887
	3426646888
	3426646889
	3426646890
	3426646891
	3426646892
	3426646893
	3426646894
	3426646895
	3426646896
	3426646897
	3426646898
	3426646899
	3426646900
	3426646901
	3426646902
	3426646903
	3426646904
	3426646905
	3426646906
	3426646907
	3426646908
	3426646909
	3426646910
	3426646911
	3426646912
	3426646913
	3426646914
	3426646915
	3426646916
	3426646917
	3426646918
	3426646919
	3426646920
	3426646921
	3426646922
	3426646923
	3426646924
	3426646925
	3426646926
	3426646927
	3426646928
	3426646929
	3426646930
	3426646931
	3426646932
	3426646933
	3426646934
	3426646935
	3426646936
	3426646937
	3426646938
	3426646939
	3426646940
	3426646941
	3426646942
	3426646943
	3426646944
	3426646945
	3426646946
	3426646947
	3426646948
	3426646949
	3426646950
	3426646951
	3426646952
	3426646953
	3426646954
	3426646955
	3426646956
	3426646957
	3426646958
	3426646959
	3426646960
	3426646961
	3426646962
	3426646963
	3426646964
	3426646965
	3426646966
	3426646967
	3426646968
	3426646969
	3426646970
	3426646971
	3426646972
	3426646973
	3426646974
	3426646975
	3426646976
	3426646977
	3426646978
	3426646979
	3426646980
	3426646981
	3426646982
	3426646983
	3426646984
	3426646985
	3426646986
	3426646987
	3426646988
	3426646989
	3426646990
	3426646991
	3426646992
	3426646993
	3426646994
	3426646995
	3426646996
	3426646997
	3426646998
	3426646999
	3426647000
	3426647001
	3426647002
	3426647003
	3426647004
	3426647005
	3426647006
	3426647007
	3426647008
	3426647009
	3426647010
	3426647011
	3426647012
	3426647013
	3426647014
	3426647015
	3426647016
	3426647017
	3426647018
	3426647019
	3426647020
	3426647021
	3426647022
	3426647023
	3426647024
	3426647025
	3426647026
	3426647027
	3426647028
	3426647029
	3426647030
	3426647031
	3426647032
	3426647033
	3426647034
	3426647035
	3426647036
	3426647037
	3426647038
	3426647039
	3426647040
	3426647041
	3426647042
	3426647043
	3426647044
	3426647045
	3426647046
	3426647047
	3426647048
	3426647049
	3426647050
	3426647051
	3426647052
	3426647053
	3426647054
	3426647055
	3426647056
	3426647057
	3426647058
	3426647059
	3426647060
	3426647061
	3426647062
	3426647063
	3426647064
	3426647065
	3426647066
	3426647067
	3426647068
	3426647069
	3426647070
	3426647071
	3426647072
	3426647073
	3426647074
	3426647075
	3426647076
	3426647077
	3426647078
	3426647079
	3426647080
	3426647081
	3426647082
	3426647083
	3426647084
	3426647085
	3426647086
	3426647087
	3426647088
	3426647089
	3426647090
	3426647091
	3426647092
	3426647093
	3426647094
	3426647095
	3426647096
	3426647097
	3426647098
	3426647099
	3426647100
	3426647101
	3426647102
	3426647103
	3426647104
	3426647105
	3426647106
	3426647107
	3426647108
	3426647109
	3426647110
	3426647111
	3426647112
	3426647113
	3426647114
	3426647115
	3426647116
	3426647117
	3426647118
	3426647119
	3426647120
	3426647121
	3426647122
	3426647123
	3426647124
	3426647125
	3426647126
	3426647127
	3426647128
	3426647129
	3426647130
	3426647131
	3426647132
	3426647133
	3426647134
	3426647135
	3426647136
	3426647137
	3426647138
	3426647139
	3426647140
	3426647141
	3426647142
	3426647143
	3426647144
	3426647145
	3426647146
	3426647147
	3426647148
	3426647149
	3426647150
	3426647151
	3426647152
	3426647153
	3426647154
	3426647155
	3426647156
	3426647157
	3426647158
	3426647159
	3426647160
	3426647161
	3426647162
	3426647163
	3426647164
	3426647165
	3426647166
	3426647167
	3426647168
	3426647169
	3426647170
	3426647171
	3426647172
	3426647173
	3426647174
	3426647175
	3426647176
	3426647177
	3426647178
	3426647179
	3426647180
	3426647181
	3426647182
	3426647183
	3426647184
	3426647185
	3426647186
	3426647187
	3426647188
	3426647189
	3426647190
	3426647191
	3426647192
	3426647193
	3426647194
	3426647195
	3426647196
	3426647197
	3426647198
	3426647199
	3426647200
	3426647201
	3426647202
	3426647203
	3426647204
	3426647205
	3426647206
	3426647207
	3426647208
	3426647209
	3426647210
	3426647211
	3426647212
	3426647213
	3426647214
	3426647215
	3426647216
	3426647217
	3426647218
	3426647219
	3426647220
	3426647221
	3426647222
	3426647223
	3426647224
	3426647225
	3426647226
	3426647227
	3426647228
	3426647229
	3426647230
	3426647231
	3426647232
	3426647233
	3426647234
	3426647235
	3426647236
	3426647237
	3426647238
	3426647239
	3426647240
	3426647241
	3426647242
	3426647243
	3426647244
	3426647245
	3426647246
	3426647247
	3426647248
	3426647249
	3426647250
	3426647251
	3426647252
	3426647253
	3426647254
	3426647255
	3426647256
	3426647257
	3426647258
	3426647259
	3426647260
	3426647261
	3426647262
	3426647263
	3426647264
	3426647265
	3426647266
	3426647267
	3426647268
	3426647269
	3426647270
	3426647271
	3426647272
	3426647273
	3426647274
	3426647275
	3426647276
	3426647277
	3426647278
	3426647279
	3426647280
	3426647281
	3426647282
	3426647283
	3426647284
	3426647285
	3426647286
	3426647287
	3426647288
	3426647289
	3426647290
	3426647291
	3426647292
	3426647293
	3426647294
	3426647295
	3426647296
	3426647297
	3426647298
	3426647299
	3426647300
	3426647301
	3426647302
	3426647303
	3426647304
	3426647305
	3426647306
	3426647307
	3426647308
	3426647309
	3426647310
	3426647311
	3426647312
	3426647313
	3426647314
	3426647315
	3426647316
	3426647317
	3426647318
	3426647319
	3426647320
	3426647321
	3426647322
	3426647323
	3426647324
	3426647325
	3426647326
	3426647327
	3426647328
	3426647329
	3426647330
	3426647331
	3426647332
	3426647333
	3426647334
	3426647335
	3426647336
	3426647337
	3426647338
	3426647339
	3426647340
	3426647341
	3426647342
	3426647343
	3426647344
	3426647345
	3426647346
	3426647347
	3426647348
	3426647349
	3426647350
	3426647351
	3426647352
	3426647353
	3426647354
	3426647355
	3426647356
	3426647357
	3426647358
	3426647359
	3426647360
	3426647361
	3426647362
	3426647363
	3426647364
	3426647365
	3426647366
	3426647367
	3426647368
	3426647369
	3426647370
	3426647371
	3426647372
	3426647373
	3426647374
	3426647375
	3426647376
	3426647377
	3426647378
	3426647379
	3426647380
	3426647381
	3426647382
	3426647383
	3426647384
	3426647385
	3426647386
	3426647387
	3426647388
	3426647389
	3426647390
	3426647391
	3426647392
	3426647393
	3426647394
	3426647395
	3426647396
	3426647397
	3426647398
	3426647399
	3426647400
	3426647401
	3426647402
	3426647403
	3426647404
	3426647405
	3426647406
	3426647407
	3426647408
	3426647409
	3426647410
	3426647411
	3426647412
	3426647413
	3426647414
	3426647415
	3426647416
	3426647417
	3426647418
	3426647419
	3426647420
	3426647421
	3426647422
	3426647423
	3426647424
	3426647425
	3426647426
	3426647427
	3426647428
	3426647429
	3426647430
	3426647431
	3426647432
	3426647433
	3426647434
	3426647435
	3426647436
	3426647437
	3426647438
	3426647439
	3426647440
	3426647441
	3426647442
	3426647443
	3426647444
	3426647445
	3426647446
	3426647447
	3426647448
	3426647449
	3426647450
	3426647451
	3426647452
	3426647453
	3426647454
	3426647455
	3426647456
	3426647457
	3426647458
	3426647459
	3426647460
	3426647461
	3426647462
	3426647463
	3426647464
	3426647465
	3426647466
	3426647467
	3426647468
	3426647469
	3426647470
	3426647471
	3426647472
	3426647473
	3426647474
	3426647475
	3426647476
	3426647477
	3426647478
	3426647479
	3426647480
	3426647481
	3426647482
	3426647483
	3426647484
	3426647485
	3426647486
	3426647487
	3426647488
	3426647489
	3426647490
	3426647491
	3426647492
	3426647493
	3426647494
	3426647495
	3426647496
	3426647497
	3426647498
	3426647499
	3426647500
	3426647501
	3426647502
	3426647503
	3426647504
	3426647505
	3426647506
	3426647507
	3426647508
	3426647509
	3426647510
	3426647511
	3426647512
	3426647513
	3426647514
	3426647515
	3426647516
	3426647517
	3426647518
	3426647519
	3426647520
	3426647521
	3426647522
	3426647523
	3426647524
	3426647525
	3426647526
	3426647527
	3426647528
	3426647529
	3426647530
	3426647531
	3426647532
	3426647533
	3426647534
	3426647535
	3426647536
	3426647537
	3426647538
	3426647539
	3426647540
	3426647541
	3426647542
	3426647543
	3426647544
	3426647545
	3426647546
	3426647547
	3426647548
	3426647549
	3426647550
	3426647551
	3426647552
	3426647553
	3426647554
	3426647555
	3426647556
	3426647557
	3426647558
	3426647559
	3426647560
	3426647561
	3426647562
	3426647563
	3426647564
	3426647565
	3426647566
	3426647567
	3426647568
	3426647569
	3426647570
	3426647571
	3426647572
	3426647573
	3426647574
	3426647575
	3426647576
	3426647577
	3426647578
	3426647579
	3426647580
	3426647581
	3426647582
	3426647583
	3426647584
	3426647585
	3426647586
	3426647587
	3426647588
	3426647589
	3426647590
	3426647591
	3426647592
	3426647593
	3426647594
	3426647595
	3426647596
	3426647597
	3426647598
	3426647599
	3426647600
	3426647601
	3426647602
	3426647603
	3426647604
	3426647605
	3426647606
	3426647607
	3426647608
	3426647609
	3426647610
	3426647611
	3426647612
	3426647613
	3426647614
	3426647615
	3426647616
	3426647617
	3426647618
	3426647619
	3426647620
	3426647621
	3426647622
	3426647623
	3426647624
	3426647625
	3426647626
	3426647627
	3426647628
	3426647629
	3426647630
	3426647631
	3426647632
	3426647633
	3426647634
	3426647635
	3426647636
	3426647637
	3426647638
	3426647639
	3426647640
	3426647641
	3426647642
	3426647643
	3426647644
	3426647645
	3426647646
	3426647647
	3426647648
	3426647649
	3426647650
	3426647651
	3426647652
	3426647653
	3426647654
	3426647655
	3426647656
	3426647657
	3426647658
	3426647659
	3426647660
	3426647661
	3426647662
	3426647663
	3426647664
	3426647665
	3426647666
	3426647667
	3426647668
	3426647669
	3426647670
	3426647671
	3426647672
	3426647673
	3426647674
	3426647675
	3426647676
	3426647677
	3426647678
	3426647679
	3426647680
	3426647681
	3426647682
	3426647683
	3426647684
	3426647685
	3426647686
	3426647687
	3426647688
	3426647689
	3426647690
	3426647691
	3426647692
	3426647693
	3426647694
	3426647695
	3426647696
	3426647697
	3426647698
	3426647699
	3426647700
	3426647701
	3426647702
	3426647703
	3426647704
	3426647705
	3426647706
	3426647707
	3426647708
	3426647709
	3426647710
	3426647711
	3426647712
	3426647713
	3426647714
	3426647715
	3426647716
	3426647717
	3426647718
	3426647719
	3426647720
	3426647721
	3426647722
	3426647723
	3426647724
	3426647725
	3426647726
	3426647727
	3426647728
	3426647729
	3426647730
	3426647731
	3426647732
	3426647733
	3426647734
	3426647735
	3426647736
	3426647737
	3426647738
	3426647739
	3426647740
	3426647741
	3426647742
	3426647743
	3426647744
	3426647745
	3426647746
	3426647747
	3426647748
	3426647749
	3426647750
	3426647751
	3426647752
	3426647753
	3426647754
	3426647755
	3426647756
	3426647757
	3426647758
	3426647759
	3426647760
	3426647761
	3426647762
	3426647763
	3426647764
	3426647765
	3426647766
	3426647767
	3426647768
	3426647769
	3426647770
	3426647771
	3426647772
	3426647773
	3426647774
	3426647775
	3426647776
	3426647777
	3426647778
	3426647779
	3426647780
	3426647781
	3426647782
	3426647783
	3426647784
	3426647785
	3426647786
	3426647787
	3426647788
	3426647789
	3426647790
	3426647791
	3426647792
	3426647793
	3426647794
	3426647795
	3426647796
	3426647797
	3426647798
	3426647799
	3426647800
	3426647801
	3426647802
	3426647803
	3426647804
	3426647805
	3426647806
	3426647807
	3426647808
	3426647809
	3426647810
	3426647811
	3426647812
	3426647813
	3426647814
	3426647815
	3426647816
	3426647817
	3426647818
	3426647819
	3426647820
	3426647821
	3426647822
	3426647823
	3426647824
	3426647825
	3426647826
	3426647827
	3426647828
	3426647829
	3426647830
	3426647831
	3426647832
	3426647833
	3426647834
	3426647835
	3426647836
	3426647837
	3426647838
	3426647839
	3426647840
	3426647841
	3426647842
	3426647843
	3426647844
	3426647845
	3426647846
	3426647847
	3426647848
	3426647849
	3426647850
	3426647851
	3426647852
	3426647853
	3426647854
	3426647855
	3426647856
	3426647857
	3426647858
	3426647859
	3426647860
	3426647861
	3426647862
	3426647863
	3426647864
	3426647865
	3426647866
	3426647867
	3426647868
	3426647869
	3426647870
	3426647871
	3426647872
	3426647873
	3426647874
	3426647875
	3426647876
	3426647877
	3426647878
	3426647879
	3426647880
	3426647881
	3426647882
	3426647883
	3426647884
	3426647885
	3426647886
	3426647887
	3426647888
	3426647889
	3426647890
	3426647891
	3426647892
	3426647893
	3426647894
	3426647895
	3426647896
	3426647897
	3426647898
	3426647899
	3426647900
	3426647901
	3426647902
	3426647903
	3426647904
	3426647905
	3426647906
	3426647907
	3426647908
	3426647909
	3426647910
	3426647911
	3426647912
	3426647913
	3426647914
	3426647915
	3426647916
	3426647917
	3426647918
	3426647919
	3426647920
	3426647921
	3426647922
	3426647923
	3426647924
	3426647925
	3426647926
	3426647927
	3426647928
	3426647929
	3426647930
	3426647931
	3426647932
	3426647933
	3426647934
	3426647935
	3426647936
	3426647937
	3426647938
	3426647939
	3426647940
	3426647941
	3426647942
	3426647943
	3426647944
	3426647945
	3426647946
	3426647947
	3426647948
	3426647949
	3426647950
	3426647951
	3426647952
	3426647953
	3426647954
	3426647955
	3426647956
	3426647957
	3426647958
	3426647959
	3426647960
	3426647961
	3426647962
	3426647963
	3426647964
	3426647965
	3426647966
	3426647967
	3426647968
	3426647969
	3426647970
	3426647971
	3426647972
	3426647973
	3426647974
	3426647975
	3426647976
	3426647977
	3426647978
	3426647979
	3426647980
	3426647981
	3426647982
	3426647983
	3426647984
	3426647985
	3426647986
	3426647987
	3426647988
	3426647989
	3426647990
	3426647991
	3426647992
	3426647993
	3426647994
	3426647995
	3426647996
	3426647997
	3426647998
	3426647999
	3426648000
	3426648001
	3426648002
	3426648003
	3426648004
	3426648005
	3426648006
	3426648007
	3426648008
	3426648009
	3426648010
	3426648011
	3426648012
	3426648013
	3426648014
	3426648015
	3426648016
	3426648017
	3426648018
	3426648019
	3426648020
	3426648021
	3426648022
	3426648023
	3426648024
	3426648025
	3426648026
	3426648027
	3426648028
	3426648029
	3426648030
	3426648031
	3426648032
	3426648033
	3426648034
	3426648035
	3426648036
	3426648037
	3426648038
	3426648039
	3426648040
	3426648041
	3426648042
	3426648043
	3426648044
	3426648045
	3426648046
	3426648047
	3426648048
	3426648049
	3426648050
	3426648051
	3426648052
	3426648053
	3426648054
	3426648055
	3426648056
	3426648057
	3426648058
	3426648059
	3426648060
	3426648061
	3426648062
	3426648063
	3426648064
	3426648065
	3426648066
	3426648067
	3426648068
	3426648069
	3426648070
	3426648071
	3426648072
	3426648073
	3426648074
	3426648075
	3426648076
	3426648077
	3426648078
	3426648079
	3426648080
	3426648081
	3426648082
	3426648083
	3426648084
	3426648085
	3426648086
	3426648087
	3426648088
	3426648089
	3426648090
	3426648091
	3426648092
	3426648093
	3426648094
	3426648095
	3426648096
	3426648097
	3426648098
	3426648099
	3426648100
	3426648101
	3426648102
	3426648103
	3426648104
	3426648105
	3426648106
	3426648107
	3426648108
	3426648109
	3426648110
	3426648111
	3426648112
	3426648113
	3426648114
	3426648115
	3426648116
	3426648117
	3426648118
	3426648119
	3426648120
	3426648121
	3426648122
	3426648123
	3426648124
	3426648125
	3426648126
	3426648127
	3426648128
	3426648129
	3426648130
	3426648131
	3426648132
	3426648133
	3426648134
	3426648135
	3426648136
	3426648137
	3426648138
	3426648139
	3426648140
	3426648141
	3426648142
	3426648143
	3426648144
	3426648145
	3426648146
	3426648147
	3426648148
	3426648149
	3426648150
	3426648151
	3426648152
	3426648153
	3426648154
	3426648155
	3426648156
	3426648157
	3426648158
	3426648159
	3426648160
	3426648161
	3426648162
	3426648163
	3426648164
	3426648165
	3426648166
	3426648167
	3426648168
	3426648169
	3426648170
	3426648171
	3426648172
	3426648173
	3426648174
	3426648175
	3426648176
	3426648177
	3426648178
	3426648179
	3426648180
	3426648181
	3426648182
	3426648183
	3426648184
	3426648185
	3426648186
	3426648187
	3426648188
	3426648189
	3426648190
	3426648191
	3426648192
	3426648193
	3426648194
	3426648195
	3426648196
	3426648197
	3426648198
	3426648199
	3426648200
	3426648201
	3426648202
	3426648203
	3426648204
	3426648205
	3426648206
	3426648207
	3426648208
	3426648209
	3426648210
	3426648211
	3426648212
	3426648213
	3426648214
	3426648215
	3426648216
	3426648217
	3426648218
	3426648219
	3426648220
	3426648221
	3426648222
	3426648223
	3426648224
	3426648225
	3426648226
	3426648227
	3426648228
	3426648229
	3426648230
	3426648231
	3426648232
	3426648233
	3426648234
	3426648235
	3426648236
	3426648237
	3426648238
	3426648239
	3426648240
	3426648241
	3426648242
	3426648243
	3426648244
	3426648245
	3426648246
	3426648247
	3426648248
	3426648249
	3426648250
	3426648251
	3426648252
	3426648253
	3426648254
	3426648255
	3426648256
	3426648257
	3426648258
	3426648259
	3426648260
	3426648261
	3426648262
	3426648263
	3426648264
	3426648265
	3426648266
	3426648267
	3426648268
	3426648269
	3426648270
	3426648271
	3426648272
	3426648273
	3426648274
	3426648275
	3426648276
	3426648277
	3426648278
	3426648279
	3426648280
	3426648281
	3426648282
	3426648283
	3426648284
	3426648285
	3426648286
	3426648287
	3426648288
	3426648289
	3426648290
	3426648291
	3426648292
	3426648293
	3426648294
	3426648295
	3426648296
	3426648297
	3426648298
	3426648299
	3426648300
	3426648301
	3426648302
	3426648303
	3426648304
	3426648305
	3426648306
	3426648307
	3426648308
	3426648309
	3426648310
	3426648311
	3426648312
	3426648313
	3426648314
	3426648315
	3426648316
	3426648317
	3426648318
