	3426615919
	3426615920
	3426615921
	3426615922
	3426615923
	3426615924
	3426615925
	3426615926
	3426615927
	3426615928
	3426615929
	3426615930
	3426615931
	3426615932
	3426615933
	3426615934
	3426615935
	3426615936
	3426615937
	3426615938
	3426615939
	3426615940
	3426615941
	3426615942
	3426615943
	3426615944
	3426615945
	3426615946
	3426615947
	3426615948
	3426615949
	3426615950
	3426615951
	3426615952
	3426615953
	3426615954
	3426615955
	3426615956
	3426615957
	3426615958
	3426615959
	3426615960
	3426615961
	3426615962
	3426615963
	3426615964
	3426615965
	3426615966
	3426615967
	3426615968
	3426615969
	3426615970
	3426615971
	3426615972
	3426615973
	3426615974
	3426615975
	3426615976
	3426615977
	3426615978
	3426615979
	3426615980
	3426615981
	3426615982
	3426615983
	3426615984
	3426615985
	3426615986
	3426615987
	3426615988
	3426615989
	3426615990
	3426615991
	3426615992
	3426615993
	3426615994
	3426615995
	3426615996
	3426615997
	3426615998
	3426615999
	3426616000
	3426616001
	3426616002
	3426616003
	3426616004
	3426616005
	3426616006
	3426616007
	3426616008
	3426616009
	3426616010
	3426616011
	3426616012
	3426616013
	3426616014
	3426616015
	3426616016
	3426616017
	3426616018
	3426616019
	3426616020
	3426616021
	3426616022
	3426616023
	3426616024
	3426616025
	3426616026
	3426616027
	3426616028
	3426616029
	3426616030
	3426616031
	3426616032
	3426616033
	3426616034
	3426616035
	3426616036
	3426616037
	3426616038
	3426616039
	3426616040
	3426616041
	3426616042
	3426616043
	3426616044
	3426616045
	3426616046
	3426616047
	3426616048
	3426616049
	3426616050
	3426616051
	3426616052
	3426616053
	3426616054
	3426616055
	3426616056
	3426616057
	3426616058
	3426616059
	3426616060
	3426616061
	3426616062
	3426616063
	3426616064
	3426616065
	3426616066
	3426616067
	3426616068
	3426616069
	3426616070
	3426616071
	3426616072
	3426616073
	3426616074
	3426616075
	3426616076
	3426616077
	3426616078
	3426616079
	3426616080
	3426616081
	3426616082
	3426616083
	3426616084
	3426616085
	3426616086
	3426616087
	3426616088
	3426616089
	3426616090
	3426616091
	3426616092
	3426616093
	3426616094
	3426616095
	3426616096
	3426616097
	3426616098
	3426616099
	3426616100
	3426616101
	3426616102
	3426616103
	3426616104
	3426616105
	3426616106
	3426616107
	3426616108
	3426616109
	3426616110
	3426616111
	3426616112
	3426616113
	3426616114
	3426616115
	3426616116
	3426616117
	3426616118
	3426616119
	3426616120
	3426616121
	3426616122
	3426616123
	3426616124
	3426616125
	3426616126
	3426616127
	3426616128
	3426616129
	3426616130
	3426616131
	3426616132
	3426616133
	3426616134
	3426616135
	3426616136
	3426616137
	3426616138
	3426616139
	3426616140
	3426616141
	3426616142
	3426616143
	3426616144
	3426616145
	3426616146
	3426616147
	3426616148
	3426616149
	3426616150
	3426616151
	3426616152
	3426616153
	3426616154
	3426616155
	3426616156
	3426616157
	3426616158
	3426616159
	3426616160
	3426616161
	3426616162
	3426616163
	3426616164
	3426616165
	3426616166
	3426616167
	3426616168
	3426616169
	3426616170
	3426616171
	3426616172
	3426616173
	3426616174
	3426616175
	3426616176
	3426616177
	3426616178
	3426616179
	3426616180
	3426616181
	3426616182
	3426616183
	3426616184
	3426616185
	3426616186
	3426616187
	3426616188
	3426616189
	3426616190
	3426616191
	3426616192
	3426616193
	3426616194
	3426616195
	3426616196
	3426616197
	3426616198
	3426616199
	3426616200
	3426616201
	3426616202
	3426616203
	3426616204
	3426616205
	3426616206
	3426616207
	3426616208
	3426616209
	3426616210
	3426616211
	3426616212
	3426616213
	3426616214
	3426616215
	3426616216
	3426616217
	3426616218
	3426616219
	3426616220
	3426616221
	3426616222
	3426616223
	3426616224
	3426616225
	3426616226
	3426616227
	3426616228
	3426616229
	3426616230
	3426616231
	3426616232
	3426616233
	3426616234
	3426616235
	3426616236
	3426616237
	3426616238
	3426616239
	3426616240
	3426616241
	3426616242
	3426616243
	3426616244
	3426616245
	3426616246
	3426616247
	3426616248
	3426616249
	3426616250
	3426616251
	3426616252
	3426616253
	3426616254
	3426616255
	3426616256
	3426616257
	3426616258
	3426616259
	3426616260
	3426616261
	3426616262
	3426616263
	3426616264
	3426616265
	3426616266
	3426616267
	3426616268
	3426616269
	3426616270
	3426616271
	3426616272
	3426616273
	3426616274
	3426616275
	3426616276
	3426616277
	3426616278
	3426616279
	3426616280
	3426616281
	3426616282
	3426616283
	3426616284
	3426616285
	3426616286
	3426616287
	3426616288
	3426616289
	3426616290
	3426616291
	3426616292
	3426616293
	3426616294
	3426616295
	3426616296
	3426616297
	3426616298
	3426616299
	3426616300
	3426616301
	3426616302
	3426616303
	3426616304
	3426616305
	3426616306
	3426616307
	3426616308
	3426616309
	3426616310
	3426616311
	3426616312
	3426616313
	3426616314
	3426616315
	3426616316
	3426616317
	3426616318
	3426616319
	3426616320
	3426616321
	3426616322
	3426616323
	3426616324
	3426616325
	3426616326
	3426616327
	3426616328
	3426616329
	3426616330
	3426616331
	3426616332
	3426616333
	3426616334
	3426616335
	3426616336
	3426616337
	3426616338
	3426616339
	3426616340
	3426616341
	3426616342
	3426616343
	3426616344
	3426616345
	3426616346
	3426616347
	3426616348
	3426616349
	3426616350
	3426616351
	3426616352
	3426616353
	3426616354
	3426616355
	3426616356
	3426616357
	3426616358
	3426616359
	3426616360
	3426616361
	3426616362
	3426616363
	3426616364
	3426616365
	3426616366
	3426616367
	3426616368
	3426616369
	3426616370
	3426616371
	3426616372
	3426616373
	3426616374
	3426616375
	3426616376
	3426616377
	3426616378
	3426616379
	3426616380
	3426616381
	3426616382
	3426616383
	3426616384
	3426616385
	3426616386
	3426616387
	3426616388
	3426616389
	3426616390
	3426616391
	3426616392
	3426616393
	3426616394
	3426616395
	3426616396
	3426616397
	3426616398
	3426616399
	3426616400
	3426616401
	3426616402
	3426616403
	3426616404
	3426616405
	3426616406
	3426616407
	3426616408
	3426616409
	3426616410
	3426616411
	3426616412
	3426616413
	3426616414
	3426616415
	3426616416
	3426616417
	3426616418
	3426616419
	3426616420
	3426616421
	3426616422
	3426616423
	3426616424
	3426616425
	3426616426
	3426616427
	3426616428
	3426616429
	3426616430
	3426616431
	3426616432
	3426616433
	3426616434
	3426616435
	3426616436
	3426616437
	3426616438
	3426616439
	3426616440
	3426616441
	3426616442
	3426616443
	3426616444
	3426616445
	3426616446
	3426616447
	3426616448
	3426616449
	3426616450
	3426616451
	3426616452
	3426616453
	3426616454
	3426616455
	3426616456
	3426616457
	3426616458
	3426616459
	3426616460
	3426616461
	3426616462
	3426616463
	3426616464
	3426616465
	3426616466
	3426616467
	3426616468
	3426616469
	3426616470
	3426616471
	3426616472
	3426616473
	3426616474
	3426616475
	3426616476
	3426616477
	3426616478
	3426616479
	3426616480
	3426616481
	3426616482
	3426616483
	3426616484
	3426616485
	3426616486
	3426616487
	3426616488
	3426616489
	3426616490
	3426616491
	3426616492
	3426616493
	3426616494
	3426616495
	3426616496
	3426616497
	3426616498
	3426616499
	3426616500
	3426616501
	3426616502
	3426616503
	3426616504
	3426616505
	3426616506
	3426616507
	3426616508
	3426616509
	3426616510
	3426616511
	3426616512
	3426616513
	3426616514
	3426616515
	3426616516
	3426616517
	3426616518
	3426616519
	3426616520
	3426616521
	3426616522
	3426616523
	3426616524
	3426616525
	3426616526
	3426616527
	3426616528
	3426616529
	3426616530
	3426616531
	3426616532
	3426616533
	3426616534
	3426616535
	3426616536
	3426616537
	3426616538
	3426616539
	3426616540
	3426616541
	3426616542
	3426616543
	3426616544
	3426616545
	3426616546
	3426616547
	3426616548
	3426616549
	3426616550
	3426616551
	3426616552
	3426616553
	3426616554
	3426616555
	3426616556
	3426616557
	3426616558
	3426616559
	3426616560
	3426616561
	3426616562
	3426616563
	3426616564
	3426616565
	3426616566
	3426616567
	3426616568
	3426616569
	3426616570
	3426616571
	3426616572
	3426616573
	3426616574
	3426616575
	3426616576
	3426616577
	3426616578
	3426616579
	3426616580
	3426616581
	3426616582
	3426616583
	3426616584
	3426616585
	3426616586
	3426616587
	3426616588
	3426616589
	3426616590
	3426616591
	3426616592
	3426616593
	3426616594
	3426616595
	3426616596
	3426616597
	3426616598
	3426616599
	3426616600
	3426616601
	3426616602
	3426616603
	3426616604
	3426616605
	3426616606
	3426616607
	3426616608
	3426616609
	3426616610
	3426616611
	3426616612
	3426616613
	3426616614
	3426616615
	3426616616
	3426616617
	3426616618
	3426616619
	3426616620
	3426616621
	3426616622
	3426616623
	3426616624
	3426616625
	3426616626
	3426616627
	3426616628
	3426616629
	3426616630
	3426616631
	3426616632
	3426616633
	3426616634
	3426616635
	3426616636
	3426616637
	3426616638
	3426616639
	3426616640
	3426616641
	3426616642
	3426616643
	3426616644
	3426616645
	3426616646
	3426616647
	3426616648
	3426616649
	3426616650
	3426616651
	3426616652
	3426616653
	3426616654
	3426616655
	3426616656
	3426616657
	3426616658
	3426616659
	3426616660
	3426616661
	3426616662
	3426616663
	3426616664
	3426616665
	3426616666
	3426616667
	3426616668
	3426616669
	3426616670
	3426616671
	3426616672
	3426616673
	3426616674
	3426616675
	3426616676
	3426616677
	3426616678
	3426616679
	3426616680
	3426616681
	3426616682
	3426616683
	3426616684
	3426616685
	3426616686
	3426616687
	3426616688
	3426616689
	3426616690
	3426616691
	3426616692
	3426616693
	3426616694
	3426616695
	3426616696
	3426616697
	3426616698
	3426616699
	3426616700
	3426616701
	3426616702
	3426616703
	3426616704
	3426616705
	3426616706
	3426616707
	3426616708
	3426616709
	3426616710
	3426616711
	3426616712
	3426616713
	3426616714
	3426616715
	3426616716
	3426616717
	3426616718
	3426616719
	3426616720
	3426616721
	3426616722
	3426616723
	3426616724
	3426616725
	3426616726
	3426616727
	3426616728
	3426616729
	3426616730
	3426616731
	3426616732
	3426616733
	3426616734
	3426616735
	3426616736
	3426616737
	3426616738
	3426616739
	3426616740
	3426616741
	3426616742
	3426616743
	3426616744
	3426616745
	3426616746
	3426616747
	3426616748
	3426616749
	3426616750
	3426616751
	3426616752
	3426616753
	3426616754
	3426616755
	3426616756
	3426616757
	3426616758
	3426616759
	3426616760
	3426616761
	3426616762
	3426616763
	3426616764
	3426616765
	3426616766
	3426616767
	3426616768
	3426616769
	3426616770
	3426616771
	3426616772
	3426616773
	3426616774
	3426616775
	3426616776
	3426616777
	3426616778
	3426616779
	3426616780
	3426616781
	3426616782
	3426616783
	3426616784
	3426616785
	3426616786
	3426616787
	3426616788
	3426616789
	3426616790
	3426616791
	3426616792
	3426616793
	3426616794
	3426616795
	3426616796
	3426616797
	3426616798
	3426616799
	3426616800
	3426616801
	3426616802
	3426616803
	3426616804
	3426616805
	3426616806
	3426616807
	3426616808
	3426616809
	3426616810
	3426616811
	3426616812
	3426616813
	3426616814
	3426616815
	3426616816
	3426616817
	3426616818
	3426616819
	3426616820
	3426616821
	3426616822
	3426616823
	3426616824
	3426616825
	3426616826
	3426616827
	3426616828
	3426616829
	3426616830
	3426616831
	3426616832
	3426616833
	3426616834
	3426616835
	3426616836
	3426616837
	3426616838
	3426616839
	3426616840
	3426616841
	3426616842
	3426616843
	3426616844
	3426616845
	3426616846
	3426616847
	3426616848
	3426616849
	3426616850
	3426616851
	3426616852
	3426616853
	3426616854
	3426616855
	3426616856
	3426616857
	3426616858
	3426616859
	3426616860
	3426616861
	3426616862
	3426616863
	3426616864
	3426616865
	3426616866
	3426616867
	3426616868
	3426616869
	3426616870
	3426616871
	3426616872
	3426616873
	3426616874
	3426616875
	3426616876
	3426616877
	3426616878
	3426616879
	3426616880
	3426616881
	3426616882
	3426616883
	3426616884
	3426616885
	3426616886
	3426616887
	3426616888
	3426616889
	3426616890
	3426616891
	3426616892
	3426616893
	3426616894
	3426616895
	3426616896
	3426616897
	3426616898
	3426616899
	3426616900
	3426616901
	3426616902
	3426616903
	3426616904
	3426616905
	3426616906
	3426616907
	3426616908
	3426616909
	3426616910
	3426616911
	3426616912
	3426616913
	3426616914
	3426616915
	3426616916
	3426616917
	3426616918
	3426616919
	3426616920
	3426616921
	3426616922
	3426616923
	3426616924
	3426616925
	3426616926
	3426616927
	3426616928
	3426616929
	3426616930
	3426616931
	3426616932
	3426616933
	3426616934
	3426616935
	3426616936
	3426616937
	3426616938
	3426616939
	3426616940
	3426616941
	3426616942
	3426616943
	3426616944
	3426616945
	3426616946
	3426616947
	3426616948
	3426616949
	3426616950
	3426616951
	3426616952
	3426616953
	3426616954
	3426616955
	3426616956
	3426616957
	3426616958
	3426616959
	3426616960
	3426616961
	3426616962
	3426616963
	3426616964
	3426616965
	3426616966
	3426616967
	3426616968
	3426616969
	3426616970
	3426616971
	3426616972
	3426616973
	3426616974
	3426616975
	3426616976
	3426616977
	3426616978
	3426616979
	3426616980
	3426616981
	3426616982
	3426616983
	3426616984
	3426616985
	3426616986
	3426616987
	3426616988
	3426616989
	3426616990
	3426616991
	3426616992
	3426616993
	3426616994
	3426616995
	3426616996
	3426616997
	3426616998
	3426616999
	3426617000
	3426617001
	3426617002
	3426617003
	3426617004
	3426617005
	3426617006
	3426617007
	3426617008
	3426617009
	3426617010
	3426617011
	3426617012
	3426617013
	3426617014
	3426617015
	3426617016
	3426617017
	3426617018
	3426617019
	3426617020
	3426617021
	3426617022
	3426617023
	3426617024
	3426617025
	3426617026
	3426617027
	3426617028
	3426617029
	3426617030
	3426617031
	3426617032
	3426617033
	3426617034
	3426617035
	3426617036
	3426617037
	3426617038
	3426617039
	3426617040
	3426617041
	3426617042
	3426617043
	3426617044
	3426617045
	3426617046
	3426617047
	3426617048
	3426617049
	3426617050
	3426617051
	3426617052
	3426617053
	3426617054
	3426617055
	3426617056
	3426617057
	3426617058
	3426617059
	3426617060
	3426617061
	3426617062
	3426617063
	3426617064
	3426617065
	3426617066
	3426617067
	3426617068
	3426617069
	3426617070
	3426617071
	3426617072
	3426617073
	3426617074
	3426617075
	3426617076
	3426617077
	3426617078
	3426617079
	3426617080
	3426617081
	3426617082
	3426617083
	3426617084
	3426617085
	3426617086
	3426617087
	3426617088
	3426617089
	3426617090
	3426617091
	3426617092
	3426617093
	3426617094
	3426617095
	3426617096
	3426617097
	3426617098
	3426617099
	3426617100
	3426617101
	3426617102
	3426617103
	3426617104
	3426617105
	3426617106
	3426617107
	3426617108
	3426617109
	3426617110
	3426617111
	3426617112
	3426617113
	3426617114
	3426617115
	3426617116
	3426617117
	3426617118
	3426617119
	3426617120
	3426617121
	3426617122
	3426617123
	3426617124
	3426617125
	3426617126
	3426617127
	3426617128
	3426617129
	3426617130
	3426617131
	3426617132
	3426617133
	3426617134
	3426617135
	3426617136
	3426617137
	3426617138
	3426617139
	3426617140
	3426617141
	3426617142
	3426617143
	3426617144
	3426617145
	3426617146
	3426617147
	3426617148
	3426617149
	3426617150
	3426617151
	3426617152
	3426617153
	3426617154
	3426617155
	3426617156
	3426617157
	3426617158
	3426617159
	3426617160
	3426617161
	3426617162
	3426617163
	3426617164
	3426617165
	3426617166
	3426617167
	3426617168
	3426617169
	3426617170
	3426617171
	3426617172
	3426617173
	3426617174
	3426617175
	3426617176
	3426617177
	3426617178
	3426617179
	3426617180
	3426617181
	3426617182
	3426617183
	3426617184
	3426617185
	3426617186
	3426617187
	3426617188
	3426617189
	3426617190
	3426617191
	3426617192
	3426617193
	3426617194
	3426617195
	3426617196
	3426617197
	3426617198
	3426617199
	3426617200
	3426617201
	3426617202
	3426617203
	3426617204
	3426617205
	3426617206
	3426617207
	3426617208
	3426617209
	3426617210
	3426617211
	3426617212
	3426617213
	3426617214
	3426617215
	3426617216
	3426617217
	3426617218
	3426617219
	3426617220
	3426617221
	3426617222
	3426617223
	3426617224
	3426617225
	3426617226
	3426617227
	3426617228
	3426617229
	3426617230
	3426617231
	3426617232
	3426617233
	3426617234
	3426617235
	3426617236
	3426617237
	3426617238
	3426617239
	3426617240
	3426617241
	3426617242
	3426617243
	3426617244
	3426617245
	3426617246
	3426617247
	3426617248
	3426617249
	3426617250
	3426617251
	3426617252
	3426617253
	3426617254
	3426617255
	3426617256
	3426617257
	3426617258
	3426617259
	3426617260
	3426617261
	3426617262
	3426617263
	3426617264
	3426617265
	3426617266
	3426617267
	3426617268
	3426617269
	3426617270
	3426617271
	3426617272
	3426617273
	3426617274
	3426617275
	3426617276
	3426617277
	3426617278
	3426617279
	3426617280
	3426617281
	3426617282
	3426617283
	3426617284
	3426617285
	3426617286
	3426617287
	3426617288
	3426617289
	3426617290
	3426617291
	3426617292
	3426617293
	3426617294
	3426617295
	3426617296
	3426617297
	3426617298
	3426617299
	3426617300
	3426617301
	3426617302
	3426617303
	3426617304
	3426617305
	3426617306
	3426617307
	3426617308
	3426617309
	3426617310
	3426617311
	3426617312
	3426617313
	3426617314
	3426617315
	3426617316
	3426617317
	3426617318
	3426617319
	3426617320
	3426617321
	3426617322
	3426617323
	3426617324
	3426617325
	3426617326
	3426617327
	3426617328
	3426617329
	3426617330
	3426617331
	3426617332
	3426617333
	3426617334
	3426617335
	3426617336
	3426617337
	3426617338
	3426617339
	3426617340
	3426617341
	3426617342
	3426617343
	3426617344
	3426617345
	3426617346
	3426617347
	3426617348
	3426617349
	3426617350
	3426617351
	3426617352
	3426617353
	3426617354
	3426617355
	3426617356
	3426617357
	3426617358
	3426617359
	3426617360
	3426617361
	3426617362
	3426617363
	3426617364
	3426617365
	3426617366
	3426617367
	3426617368
	3426617369
	3426617370
	3426617371
	3426617372
	3426617373
	3426617374
	3426617375
	3426617376
	3426617377
	3426617378
	3426617379
	3426617380
	3426617381
	3426617382
	3426617383
	3426617384
	3426617385
	3426617386
	3426617387
	3426617388
	3426617389
	3426617390
	3426617391
	3426617392
	3426617393
	3426617394
	3426617395
	3426617396
	3426617397
	3426617398
	3426617399
	3426617400
	3426617401
	3426617402
	3426617403
	3426617404
	3426617405
	3426617406
	3426617407
	3426617408
	3426617409
	3426617410
	3426617411
	3426617412
	3426617413
	3426617414
	3426617415
	3426617416
	3426617417
	3426617418
	3426617419
	3426617420
	3426617421
	3426617422
	3426617423
	3426617424
	3426617425
	3426617426
	3426617427
	3426617428
	3426617429
	3426617430
	3426617431
	3426617432
	3426617433
	3426617434
	3426617435
	3426617436
	3426617437
	3426617438
	3426617439
	3426617440
	3426617441
	3426617442
	3426617443
	3426617444
	3426617445
	3426617446
	3426617447
	3426617448
	3426617449
	3426617450
	3426617451
	3426617452
	3426617453
	3426617454
	3426617455
	3426617456
	3426617457
	3426617458
	3426617459
	3426617460
	3426617461
	3426617462
	3426617463
	3426617464
	3426617465
	3426617466
	3426617467
	3426617468
	3426617469
	3426617470
	3426617471
	3426617472
	3426617473
	3426617474
	3426617475
	3426617476
	3426617477
	3426617478
	3426617479
	3426617480
	3426617481
	3426617482
	3426617483
	3426617484
	3426617485
	3426617486
	3426617487
	3426617488
	3426617489
	3426617490
	3426617491
	3426617492
	3426617493
	3426617494
	3426617495
	3426617496
	3426617497
	3426617498
	3426617499
	3426617500
	3426617501
	3426617502
	3426617503
	3426617504
	3426617505
	3426617506
	3426617507
	3426617508
	3426617509
	3426617510
	3426617511
	3426617512
	3426617513
	3426617514
	3426617515
	3426617516
	3426617517
	3426617518
	3426617519
	3426617520
	3426617521
	3426617522
	3426617523
	3426617524
	3426617525
	3426617526
	3426617527
	3426617528
	3426617529
	3426617530
	3426617531
	3426617532
	3426617533
	3426617534
	3426617535
	3426617536
	3426617537
	3426617538
	3426617539
	3426617540
	3426617541
	3426617542
	3426617543
	3426617544
	3426617545
	3426617546
	3426617547
	3426617548
	3426617549
	3426617550
	3426617551
	3426617552
	3426617553
	3426617554
	3426617555
	3426617556
	3426617557
	3426617558
	3426617559
	3426617560
	3426617561
	3426617562
	3426617563
	3426617564
	3426617565
	3426617566
	3426617567
	3426617568
	3426617569
	3426617570
	3426617571
	3426617572
	3426617573
	3426617574
	3426617575
	3426617576
	3426617577
	3426617578
	3426617579
	3426617580
	3426617581
	3426617582
	3426617583
	3426617584
	3426617585
	3426617586
	3426617587
	3426617588
	3426617589
	3426617590
	3426617591
	3426617592
	3426617593
	3426617594
	3426617595
	3426617596
	3426617597
	3426617598
	3426617599
	3426617600
	3426617601
	3426617602
	3426617603
	3426617604
	3426617605
	3426617606
	3426617607
	3426617608
	3426617609
	3426617610
	3426617611
	3426617612
	3426617613
	3426617614
	3426617615
	3426617616
	3426617617
	3426617618
	3426617619
	3426617620
	3426617621
	3426617622
	3426617623
	3426617624
	3426617625
	3426617626
	3426617627
	3426617628
	3426617629
	3426617630
	3426617631
	3426617632
	3426617633
	3426617634
	3426617635
	3426617636
	3426617637
	3426617638
	3426617639
	3426617640
	3426617641
	3426617642
	3426617643
	3426617644
	3426617645
	3426617646
	3426617647
	3426617648
	3426617649
	3426617650
	3426617651
	3426617652
	3426617653
	3426617654
	3426617655
	3426617656
	3426617657
	3426617658
	3426617659
	3426617660
	3426617661
	3426617662
	3426617663
	3426617664
	3426617665
	3426617666
	3426617667
	3426617668
	3426617669
	3426617670
	3426617671
	3426617672
	3426617673
	3426617674
	3426617675
	3426617676
	3426617677
	3426617678
	3426617679
	3426617680
	3426617681
	3426617682
	3426617683
	3426617684
	3426617685
	3426617686
	3426617687
	3426617688
	3426617689
	3426617690
	3426617691
	3426617692
	3426617693
	3426617694
	3426617695
	3426617696
	3426617697
	3426617698
	3426617699
	3426617700
	3426617701
	3426617702
	3426617703
	3426617704
	3426617705
	3426617706
	3426617707
	3426617708
	3426617709
	3426617710
	3426617711
	3426617712
	3426617713
	3426617714
	3426617715
	3426617716
	3426617717
	3426617718
	3426617719
	3426617720
	3426617721
	3426617722
	3426617723
	3426617724
	3426617725
	3426617726
	3426617727
	3426617728
	3426617729
	3426617730
	3426617731
	3426617732
	3426617733
	3426617734
	3426617735
	3426617736
	3426617737
	3426617738
	3426617739
	3426617740
	3426617741
	3426617742
	3426617743
	3426617744
	3426617745
	3426617746
	3426617747
	3426617748
	3426617749
	3426617750
	3426617751
	3426617752
	3426617753
	3426617754
	3426617755
	3426617756
	3426617757
	3426617758
	3426617759
	3426617760
	3426617761
	3426617762
	3426617763
	3426617764
	3426617765
	3426617766
	3426617767
	3426617768
	3426617769
	3426617770
	3426617771
	3426617772
	3426617773
	3426617774
	3426617775
	3426617776
	3426617777
	3426617778
	3426617779
	3426617780
	3426617781
	3426617782
	3426617783
	3426617784
	3426617785
	3426617786
	3426617787
	3426617788
	3426617789
	3426617790
	3426617791
	3426617792
	3426617793
	3426617794
	3426617795
	3426617796
	3426617797
	3426617798
	3426617799
	3426617800
	3426617801
	3426617802
	3426617803
	3426617804
	3426617805
	3426617806
	3426617807
	3426617808
	3426617809
	3426617810
	3426617811
	3426617812
	3426617813
	3426617814
	3426617815
	3426617816
	3426617817
	3426617818
	3426617819
	3426617820
	3426617821
	3426617822
	3426617823
	3426617824
	3426617825
	3426617826
	3426617827
	3426617828
	3426617829
	3426617830
	3426617831
	3426617832
	3426617833
	3426617834
	3426617835
	3426617836
	3426617837
	3426617838
	3426617839
	3426617840
	3426617841
	3426617842
	3426617843
	3426617844
	3426617845
	3426617846
	3426617847
	3426617848
	3426617849
	3426617850
	3426617851
	3426617852
	3426617853
	3426617854
	3426617855
	3426617856
	3426617857
	3426617858
	3426617859
	3426617860
	3426617861
	3426617862
	3426617863
	3426617864
	3426617865
	3426617866
	3426617867
	3426617868
	3426617869
	3426617870
	3426617871
	3426617872
	3426617873
	3426617874
	3426617875
	3426617876
	3426617877
	3426617878
	3426617879
	3426617880
	3426617881
	3426617882
	3426617883
	3426617884
	3426617885
	3426617886
	3426617887
	3426617888
	3426617889
	3426617890
	3426617891
	3426617892
	3426617893
	3426617894
	3426617895
	3426617896
	3426617897
	3426617898
	3426617899
	3426617900
	3426617901
	3426617902
	3426617903
	3426617904
	3426617905
	3426617906
	3426617907
	3426617908
	3426617909
	3426617910
	3426617911
	3426617912
	3426617913
	3426617914
	3426617915
	3426617916
	3426617917
	3426617918
	3426617919
	3426617920
	3426617921
	3426617922
	3426617923
	3426617924
	3426617925
	3426617926
	3426617927
	3426617928
	3426617929
	3426617930
	3426617931
	3426617932
	3426617933
	3426617934
	3426617935
	3426617936
	3426617937
	3426617938
	3426617939
	3426617940
	3426617941
	3426617942
	3426617943
	3426617944
	3426617945
	3426617946
	3426617947
	3426617948
	3426617949
	3426617950
	3426617951
	3426617952
	3426617953
	3426617954
	3426617955
	3426617956
	3426617957
	3426617958
	3426617959
	3426617960
	3426617961
	3426617962
	3426617963
	3426617964
	3426617965
	3426617966
	3426617967
	3426617968
	3426617969
	3426617970
	3426617971
	3426617972
	3426617973
	3426617974
	3426617975
	3426617976
	3426617977
	3426617978
	3426617979
	3426617980
	3426617981
	3426617982
	3426617983
	3426617984
	3426617985
	3426617986
	3426617987
	3426617988
	3426617989
	3426617990
	3426617991
	3426617992
	3426617993
	3426617994
	3426617995
	3426617996
	3426617997
	3426617998
	3426617999
	3426618000
	3426618001
	3426618002
	3426618003
	3426618004
	3426618005
	3426618006
	3426618007
	3426618008
	3426618009
	3426618010
	3426618011
	3426618012
	3426618013
	3426618014
	3426618015
	3426618016
	3426618017
	3426618018
	3426618019
	3426618020
	3426618021
	3426618022
	3426618023
	3426618024
	3426618025
	3426618026
	3426618027
	3426618028
	3426618029
	3426618030
	3426618031
	3426618032
	3426618033
	3426618034
	3426618035
	3426618036
	3426618037
	3426618038
	3426618039
	3426618040
	3426618041
	3426618042
	3426618043
	3426618044
	3426618045
	3426618046
	3426618047
	3426618048
	3426618049
	3426618050
	3426618051
	3426618052
	3426618053
	3426618054
	3426618055
	3426618056
	3426618057
	3426618058
	3426618059
	3426618060
	3426618061
	3426618062
	3426618063
	3426618064
	3426618065
	3426618066
	3426618067
	3426618068
	3426618069
	3426618070
	3426618071
	3426618072
	3426618073
	3426618074
	3426618075
	3426618076
	3426618077
	3426618078
	3426618079
	3426618080
	3426618081
	3426618082
	3426618083
	3426618084
	3426618085
	3426618086
	3426618087
	3426618088
	3426618089
	3426618090
	3426618091
	3426618092
	3426618093
	3426618094
	3426618095
	3426618096
	3426618097
	3426618098
	3426618099
	3426618100
	3426618101
	3426618102
	3426618103
	3426618104
	3426618105
	3426618106
	3426618107
	3426618108
	3426618109
	3426618110
	3426618111
	3426618112
	3426618113
	3426618114
	3426618115
	3426618116
	3426618117
	3426618118
	3426618119
	3426618120
	3426618121
	3426618122
	3426618123
	3426618124
	3426618125
	3426618126
	3426618127
	3426618128
	3426618129
	3426618130
	3426618131
	3426618132
	3426618133
	3426618134
	3426618135
	3426618136
	3426618137
	3426618138
	3426618139
	3426618140
	3426618141
	3426618142
	3426618143
	3426618144
	3426618145
	3426618146
	3426618147
	3426618148
	3426618149
	3426618150
	3426618151
	3426618152
	3426618153
	3426618154
	3426618155
	3426618156
	3426618157
	3426618158
	3426618159
	3426618160
	3426618161
	3426618162
	3426618163
	3426618164
	3426618165
	3426618166
	3426618167
	3426618168
	3426618169
	3426618170
	3426618171
	3426618172
	3426618173
	3426618174
	3426618175
	3426618176
	3426618177
	3426618178
	3426618179
	3426618180
	3426618181
	3426618182
	3426618183
	3426618184
	3426618185
	3426618186
	3426618187
	3426618188
	3426618189
	3426618190
	3426618191
	3426618192
	3426618193
	3426618194
	3426618195
	3426618196
	3426618197
	3426618198
	3426618199
	3426618200
	3426618201
	3426618202
	3426618203
	3426618204
	3426618205
	3426618206
	3426618207
	3426618208
	3426618209
	3426618210
	3426618211
	3426618212
	3426618213
	3426618214
	3426618215
	3426618216
	3426618217
	3426618218
	3426618219
	3426618220
	3426618221
	3426618222
	3426618223
	3426618224
	3426618225
	3426618226
	3426618227
	3426618228
	3426618229
	3426618230
	3426618231
	3426618232
	3426618233
	3426618234
	3426618235
	3426618236
	3426618237
	3426618238
	3426618239
	3426618240
	3426618241
	3426618242
	3426618243
	3426618244
	3426618245
	3426618246
	3426618247
	3426618248
	3426618249
	3426618250
	3426618251
	3426618252
	3426618253
	3426618254
	3426618255
	3426618256
	3426618257
	3426618258
	3426618259
	3426618260
	3426618261
	3426618262
	3426618263
	3426618264
	3426618265
	3426618266
	3426618267
	3426618268
	3426618269
	3426618270
	3426618271
	3426618272
	3426618273
	3426618274
	3426618275
	3426618276
	3426618277
	3426618278
	3426618279
	3426618280
	3426618281
	3426618282
	3426618283
	3426618284
	3426618285
	3426618286
	3426618287
	3426618288
	3426618289
	3426618290
	3426618291
	3426618292
	3426618293
	3426618294
	3426618295
	3426618296
	3426618297
	3426618298
	3426618299
	3426618300
	3426618301
	3426618302
	3426618303
	3426618304
	3426618305
	3426618306
	3426618307
	3426618308
	3426618309
	3426618310
	3426618311
	3426618312
	3426618313
	3426618314
	3426618315
	3426618316
	3426618317
	3426618318
	3426618319
	3426618320
	3426618321
	3426618322
	3426618323
	3426618324
	3426618325
	3426618326
	3426618327
	3426618328
	3426618329
	3426618330
	3426618331
	3426618332
	3426618333
	3426618334
	3426618335
	3426618336
	3426618337
	3426618338
	3426618339
	3426618340
	3426618341
	3426618342
	3426618343
	3426618344
	3426618345
	3426618346
	3426618347
	3426618348
	3426618349
	3426618350
	3426618351
	3426618352
	3426618353
	3426618354
	3426618355
	3426618356
	3426618357
	3426618358
	3426618359
	3426618360
	3426618361
	3426618362
	3426618363
	3426618364
	3426618365
	3426618366
	3426618367
	3426618368
	3426618369
	3426618370
	3426618371
	3426618372
	3426618373
	3426618374
	3426618375
	3426618376
	3426618377
	3426618378
	3426618379
	3426618380
	3426618381
	3426618382
	3426618383
	3426618384
	3426618385
	3426618386
	3426618387
	3426618388
	3426618389
	3426618390
	3426618391
	3426618392
	3426618393
	3426618394
	3426618395
	3426618396
	3426618397
	3426618398
	3426618399
	3426618400
	3426618401
	3426618402
	3426618403
	3426618404
	3426618405
	3426618406
	3426618407
	3426618408
	3426618409
	3426618410
	3426618411
	3426618412
	3426618413
	3426618414
	3426618415
	3426618416
	3426618417
	3426618418
	3426618419
	3426618420
	3426618421
	3426618422
	3426618423
	3426618424
	3426618425
	3426618426
	3426618427
	3426618428
	3426618429
	3426618430
	3426618431
	3426618432
	3426618433
	3426618434
	3426618435
	3426618436
	3426618437
	3426618438
	3426618439
	3426618440
	3426618441
	3426618442
	3426618443
	3426618444
	3426618445
	3426618446
	3426618447
	3426618448
	3426618449
	3426618450
	3426618451
	3426618452
	3426618453
	3426618454
	3426618455
	3426618456
	3426618457
	3426618458
	3426618459
	3426618460
	3426618461
	3426618462
	3426618463
	3426618464
	3426618465
	3426618466
	3426618467
	3426618468
	3426618469
	3426618470
	3426618471
	3426618472
	3426618473
	3426618474
	3426618475
	3426618476
	3426618477
	3426618478
	3426618479
	3426618480
	3426618481
	3426618482
	3426618483
	3426618484
	3426618485
	3426618486
	3426618487
	3426618488
	3426618489
	3426618490
	3426618491
	3426618492
	3426618493
	3426618494
	3426618495
	3426618496
	3426618497
	3426618498
	3426618499
	3426618500
	3426618501
	3426618502
	3426618503
	3426618504
	3426618505
	3426618506
	3426618507
	3426618508
	3426618509
	3426618510
	3426618511
	3426618512
	3426618513
	3426618514
	3426618515
	3426618516
	3426618517
	3426618518
	3426618519
	3426618520
	3426618521
	3426618522
	3426618523
	3426618524
	3426618525
	3426618526
	3426618527
	3426618528
	3426618529
	3426618530
	3426618531
	3426618532
	3426618533
	3426618534
	3426618535
	3426618536
	3426618537
	3426618538
	3426618539
	3426618540
	3426618541
	3426618542
	3426618543
	3426618544
	3426618545
	3426618546
	3426618547
	3426618548
	3426618549
	3426618550
	3426618551
	3426618552
	3426618553
	3426618554
	3426618555
	3426618556
	3426618557
	3426618558
	3426618559
	3426618560
	3426618561
	3426618562
	3426618563
	3426618564
	3426618565
	3426618566
	3426618567
	3426618568
	3426618569
	3426618570
	3426618571
	3426618572
	3426618573
	3426618574
	3426618575
	3426618576
	3426618577
	3426618578
	3426618579
	3426618580
	3426618581
	3426618582
	3426618583
	3426618584
	3426618585
	3426618586
	3426618587
	3426618588
	3426618589
	3426618590
	3426618591
	3426618592
	3426618593
	3426618594
	3426618595
	3426618596
	3426618597
	3426618598
	3426618599
	3426618600
	3426618601
	3426618602
	3426618603
	3426618604
	3426618605
	3426618606
	3426618607
	3426618608
	3426618609
	3426618610
	3426618611
	3426618612
	3426618613
	3426618614
	3426618615
	3426618616
	3426618617
	3426618618
	3426618619
	3426618620
	3426618621
	3426618622
	3426618623
	3426618624
	3426618625
	3426618626
	3426618627
	3426618628
	3426618629
	3426618630
	3426618631
	3426618632
	3426618633
	3426618634
	3426618635
	3426618636
	3426618637
	3426618638
	3426618639
	3426618640
	3426618641
	3426618642
	3426618643
	3426618644
	3426618645
	3426618646
	3426618647
	3426618648
	3426618649
	3426618650
	3426618651
	3426618652
	3426618653
	3426618654
	3426618655
	3426618656
	3426618657
	3426618658
	3426618659
	3426618660
	3426618661
	3426618662
	3426618663
	3426618664
	3426618665
	3426618666
	3426618667
	3426618668
	3426618669
	3426618670
	3426618671
	3426618672
	3426618673
	3426618674
	3426618675
	3426618676
	3426618677
	3426618678
	3426618679
	3426618680
	3426618681
	3426618682
	3426618683
	3426618684
	3426618685
	3426618686
	3426618687
	3426618688
	3426618689
	3426618690
	3426618691
	3426618692
	3426618693
	3426618694
	3426618695
	3426618696
	3426618697
	3426618698
	3426618699
	3426618700
	3426618701
	3426618702
	3426618703
	3426618704
	3426618705
	3426618706
	3426618707
	3426618708
	3426618709
	3426618710
	3426618711
	3426618712
	3426618713
	3426618714
	3426618715
	3426618716
	3426618717
	3426618718
	3426618719
	3426618720
	3426618721
	3426618722
	3426618723
	3426618724
	3426618725
	3426618726
	3426618727
	3426618728
	3426618729
	3426618730
	3426618731
	3426618732
	3426618733
	3426618734
	3426618735
	3426618736
	3426618737
	3426618738
	3426618739
	3426618740
	3426618741
	3426618742
	3426618743
	3426618744
	3426618745
	3426618746
	3426618747
	3426618748
	3426618749
	3426618750
	3426618751
	3426618752
	3426618753
	3426618754
	3426618755
	3426618756
	3426618757
	3426618758
	3426618759
	3426618760
	3426618761
	3426618762
	3426618763
	3426618764
	3426618765
	3426618766
	3426618767
	3426618768
	3426618769
	3426618770
	3426618771
	3426618772
	3426618773
	3426618774
	3426618775
	3426618776
	3426618777
	3426618778
	3426618779
	3426618780
	3426618781
	3426618782
	3426618783
	3426618784
	3426618785
	3426618786
	3426618787
	3426618788
	3426618789
	3426618790
	3426618791
	3426618792
	3426618793
	3426618794
	3426618795
	3426618796
	3426618797
	3426618798
	3426618799
	3426618800
	3426618801
	3426618802
	3426618803
	3426618804
	3426618805
	3426618806
	3426618807
	3426618808
	3426618809
	3426618810
	3426618811
	3426618812
	3426618813
	3426618814
	3426618815
	3426618816
	3426618817
	3426618818
	3426618819
	3426618820
	3426618821
	3426618822
	3426618823
	3426618824
	3426618825
	3426618826
	3426618827
	3426618828
	3426618829
	3426618830
	3426618831
	3426618832
	3426618833
	3426618834
	3426618835
	3426618836
	3426618837
	3426618838
	3426618839
	3426618840
	3426618841
	3426618842
	3426618843
	3426618844
	3426618845
	3426618846
	3426618847
	3426618848
	3426618849
	3426618850
	3426618851
	3426618852
	3426618853
	3426618854
	3426618855
	3426618856
	3426618857
	3426618858
	3426618859
	3426618860
	3426618861
	3426618862
	3426618863
	3426618864
	3426618865
	3426618866
	3426618867
	3426618868
	3426618869
	3426618870
	3426618871
	3426618872
	3426618873
	3426618874
	3426618875
	3426618876
	3426618877
	3426618878
	3426618879
	3426618880
	3426618881
	3426618882
	3426618883
	3426618884
	3426618885
	3426618886
	3426618887
	3426618888
	3426618889
	3426618890
	3426618891
	3426618892
	3426618893
	3426618894
	3426618895
	3426618896
	3426618897
	3426618898
	3426618899
	3426618900
	3426618901
	3426618902
	3426618903
	3426618904
	3426618905
	3426618906
	3426618907
	3426618908
	3426618909
	3426618910
	3426618911
	3426618912
	3426618913
	3426618914
	3426618915
	3426618916
	3426618917
	3426618918
	3426618919
	3426618920
	3426618921
	3426618922
	3426618923
	3426618924
	3426618925
	3426618926
	3426618927
	3426618928
	3426618929
	3426618930
	3426618931
	3426618932
	3426618933
	3426618934
	3426618935
	3426618936
	3426618937
	3426618938
	3426618939
	3426618940
	3426618941
	3426618942
	3426618943
	3426618944
	3426618945
	3426618946
	3426618947
	3426618948
	3426618949
	3426618950
	3426618951
	3426618952
	3426618953
	3426618954
	3426618955
	3426618956
	3426618957
	3426618958
	3426618959
	3426618960
	3426618961
	3426618962
	3426618963
	3426618964
	3426618965
	3426618966
	3426618967
	3426618968
	3426618969
	3426618970
	3426618971
	3426618972
	3426618973
	3426618974
	3426618975
	3426618976
	3426618977
	3426618978
	3426618979
	3426618980
	3426618981
	3426618982
	3426618983
	3426618984
	3426618985
	3426618986
	3426618987
	3426618988
	3426618989
	3426618990
	3426618991
	3426618992
	3426618993
	3426618994
	3426618995
	3426618996
	3426618997
	3426618998
	3426618999
	3426619000
	3426619001
	3426619002
	3426619003
	3426619004
	3426619005
	3426619006
	3426619007
	3426619008
	3426619009
	3426619010
	3426619011
	3426619012
	3426619013
	3426619014
	3426619015
	3426619016
	3426619017
	3426619018
	3426619019
	3426619020
	3426619021
	3426619022
	3426619023
	3426619024
	3426619025
	3426619026
	3426619027
	3426619028
	3426619029
	3426619030
	3426619031
	3426619032
	3426619033
	3426619034
	3426619035
	3426619036
	3426619037
	3426619038
	3426619039
	3426619040
	3426619041
	3426619042
	3426619043
	3426619044
	3426619045
	3426619046
	3426619047
	3426619048
	3426619049
	3426619050
	3426619051
	3426619052
	3426619053
	3426619054
	3426619055
	3426619056
	3426619057
	3426619058
	3426619059
	3426619060
	3426619061
	3426619062
	3426619063
	3426619064
	3426619065
	3426619066
	3426619067
	3426619068
	3426619069
	3426619070
	3426619071
	3426619072
	3426619073
	3426619074
	3426619075
	3426619076
	3426619077
	3426619078
	3426619079
	3426619080
	3426619081
	3426619082
	3426619083
	3426619084
	3426619085
	3426619086
	3426619087
	3426619088
	3426619089
	3426619090
	3426619091
	3426619092
	3426619093
	3426619094
	3426619095
	3426619096
	3426619097
	3426619098
	3426619099
	3426619100
	3426619101
	3426619102
	3426619103
	3426619104
	3426619105
	3426619106
	3426619107
	3426619108
	3426619109
	3426619110
	3426619111
	3426619112
	3426619113
	3426619114
	3426619115
	3426619116
	3426619117
	3426619118
	3426619119
	3426619120
	3426619121
	3426619122
	3426619123
	3426619124
	3426619125
	3426619126
	3426619127
	3426619128
	3426619129
	3426619130
	3426619131
	3426619132
	3426619133
	3426619134
	3426619135
	3426619136
	3426619137
	3426619138
	3426619139
	3426619140
	3426619141
	3426619142
	3426619143
	3426619144
	3426619145
	3426619146
	3426619147
	3426619148
	3426619149
	3426619150
	3426619151
	3426619152
	3426619153
	3426619154
	3426619155
	3426619156
	3426619157
	3426619158
	3426619159
	3426619160
	3426619161
	3426619162
	3426619163
	3426619164
	3426619165
	3426619166
	3426619167
	3426619168
	3426619169
	3426619170
	3426619171
	3426619172
	3426619173
	3426619174
	3426619175
	3426619176
	3426619177
	3426619178
	3426619179
	3426619180
	3426619181
	3426619182
	3426619183
	3426619184
	3426619185
	3426619186
	3426619187
	3426619188
	3426619189
	3426619190
	3426619191
	3426619192
	3426619193
	3426619194
	3426619195
	3426619196
	3426619197
	3426619198
	3426619199
	3426619200
	3426619201
	3426619202
	3426619203
	3426619204
	3426619205
	3426619206
	3426619207
	3426619208
	3426619209
	3426619210
	3426619211
	3426619212
	3426619213
	3426619214
	3426619215
	3426619216
	3426619217
	3426619218
	3426619219
	3426619220
	3426619221
	3426619222
	3426619223
	3426619224
	3426619225
	3426619226
	3426619227
	3426619228
	3426619229
	3426619230
	3426619231
	3426619232
	3426619233
	3426619234
	3426619235
	3426619236
	3426619237
	3426619238
	3426619239
	3426619240
	3426619241
	3426619242
	3426619243
	3426619244
	3426619245
	3426619246
	3426619247
	3426619248
	3426619249
	3426619250
	3426619251
	3426619252
	3426619253
	3426619254
	3426619255
	3426619256
	3426619257
	3426619258
	3426619259
	3426619260
	3426619261
	3426619262
	3426619263
	3426619264
	3426619265
	3426619266
	3426619267
	3426619268
	3426619269
	3426619270
	3426619271
	3426619272
	3426619273
	3426619274
	3426619275
	3426619276
	3426619277
	3426619278
	3426619279
	3426619280
	3426619281
	3426619282
	3426619283
	3426619284
	3426619285
	3426619286
	3426619287
	3426619288
	3426619289
	3426619290
	3426619291
	3426619292
	3426619293
	3426619294
	3426619295
	3426619296
	3426619297
	3426619298
	3426619299
	3426619300
	3426619301
	3426619302
	3426619303
	3426619304
	3426619305
	3426619306
	3426619307
	3426619308
	3426619309
	3426619310
	3426619311
	3426619312
	3426619313
	3426619314
	3426619315
	3426619316
	3426619317
	3426619318
	3426619319
	3426619320
	3426619321
	3426619322
	3426619323
	3426619324
	3426619325
	3426619326
	3426619327
	3426619328
	3426619329
	3426619330
	3426619331
	3426619332
	3426619333
	3426619334
	3426619335
	3426619336
	3426619337
	3426619338
	3426619339
	3426619340
	3426619341
	3426619342
	3426619343
	3426619344
	3426619345
	3426619346
	3426619347
	3426619348
	3426619349
	3426619350
	3426619351
	3426619352
	3426619353
	3426619354
	3426619355
	3426619356
	3426619357
	3426619358
	3426619359
	3426619360
	3426619361
	3426619362
	3426619363
	3426619364
	3426619365
	3426619366
	3426619367
	3426619368
	3426619369
	3426619370
	3426619371
	3426619372
	3426619373
	3426619374
	3426619375
	3426619376
	3426619377
	3426619378
	3426619379
	3426619380
	3426619381
	3426619382
	3426619383
	3426619384
	3426619385
	3426619386
	3426619387
	3426619388
	3426619389
	3426619390
	3426619391
	3426619392
	3426619393
	3426619394
	3426619395
	3426619396
	3426619397
	3426619398
	3426619399
	3426619400
	3426619401
	3426619402
	3426619403
	3426619404
	3426619405
	3426619406
	3426619407
	3426619408
	3426619409
	3426619410
	3426619411
	3426619412
	3426619413
	3426619414
	3426619415
	3426619416
	3426619417
	3426619418
	3426619419
	3426619420
	3426619421
	3426619422
	3426619423
	3426619424
	3426619425
	3426619426
	3426619427
	3426619428
	3426619429
	3426619430
	3426619431
	3426619432
	3426619433
	3426619434
	3426619435
	3426619436
	3426619437
	3426619438
	3426619439
	3426619440
	3426619441
	3426619442
	3426619443
	3426619444
	3426619445
	3426619446
	3426619447
	3426619448
	3426619449
	3426619450
	3426619451
	3426619452
	3426619453
	3426619454
	3426619455
	3426619456
	3426619457
	3426619458
	3426619459
	3426619460
	3426619461
	3426619462
	3426619463
	3426619464
	3426619465
	3426619466
	3426619467
	3426619468
	3426619469
	3426619470
	3426619471
	3426619472
	3426619473
	3426619474
	3426619475
	3426619476
	3426619477
	3426619478
	3426619479
	3426619480
	3426619481
	3426619482
	3426619483
	3426619484
	3426619485
	3426619486
	3426619487
	3426619488
	3426619489
	3426619490
	3426619491
	3426619492
	3426619493
	3426619494
	3426619495
	3426619496
	3426619497
	3426619498
	3426619499
	3426619500
	3426619501
	3426619502
	3426619503
	3426619504
	3426619505
	3426619506
	3426619507
	3426619508
	3426619509
	3426619510
	3426619511
	3426619512
	3426619513
	3426619514
	3426619515
	3426619516
	3426619517
	3426619518
