	3426986549
	3426986550
	3426986551
	3426986552
	3426986553
	3426986554
	3426986555
	3426986556
	3426986557
	3426986558
	3426986559
	3426986560
	3426986561
	3426986562
	3426986563
	3426986564
	3426986565
	3426986566
	3426986567
	3426986568
	3426986569
	3426986570
	3426986571
	3426986572
	3426986573
	3426986574
	3426986575
	3426986576
	3426986577
	3426986578
	3426986579
	3426986580
	3426986581
	3426986582
	3426986583
	3426986584
	3426986585
	3426986586
	3426986587
	3426986588
	3426986589
	3426986590
	3426986591
	3426986592
	3426986593
	3426986594
	3426986595
	3426986596
	3426986597
	3426986598
	3426986599
	3426986600
	3426986601
	3426986602
	3426986603
	3426986604
	3426986605
	3426986606
	3426986607
	3426986608
	3426986609
	3426986610
	3426986611
	3426986612
	3426986613
	3426986614
	3426986615
	3426986616
	3426986617
	3426986618
	3426986619
	3426986620
	3426986621
	3426986622
	3426986623
	3426986624
	3426986625
	3426986626
	3426986627
	3426986628
	3426986629
	3426986630
	3426986631
	3426986632
	3426986633
	3426986634
	3426986635
	3426986636
	3426986637
	3426986638
	3426986639
	3426986640
	3426986641
	3426986642
	3426986643
	3426986644
	3426986645
	3426986646
	3426986647
	3426986648
	3426986649
	3426986650
	3426986651
	3426986652
	3426986653
	3426986654
	3426986655
	3426986656
	3426986657
	3426986658
	3426986659
	3426986660
	3426986661
	3426986662
	3426986663
	3426986664
	3426986665
	3426986666
	3426986667
	3426986668
	3426986669
	3426986670
	3426986671
	3426986672
	3426986673
	3426986674
	3426986675
	3426986676
	3426986677
	3426986678
	3426986679
	3426986680
	3426986681
	3426986682
	3426986683
	3426986684
	3426986685
	3426986686
	3426986687
	3426986688
	3426986689
	3426986690
	3426986691
	3426986692
	3426986693
	3426986694
	3426986695
	3426986696
	3426986697
	3426986698
	3426986699
	3426986700
	3426986701
	3426986702
	3426986703
	3426986704
	3426986705
	3426986706
	3426986707
	3426986708
	3426986709
	3426986710
	3426986711
	3426986712
	3426986713
	3426986714
	3426986715
	3426986716
	3426986717
	3426986718
	3426986719
	3426986720
	3426986721
	3426986722
	3426986723
	3426986724
	3426986725
	3426986726
	3426986727
	3426986728
	3426986729
	3426986730
	3426986731
	3426986732
	3426986733
	3426986734
	3426986735
	3426986736
	3426986737
	3426986738
	3426986739
	3426986740
	3426986741
	3426986742
	3426986743
	3426986744
	3426986745
	3426986746
	3426986747
	3426986748
	3426986749
	3426986750
	3426986751
	3426986752
	3426986753
	3426986754
	3426986755
	3426986756
	3426986757
	3426986758
	3426986759
	3426986760
	3426986761
	3426986762
	3426986763
	3426986764
	3426986765
	3426986766
	3426986767
	3426986768
	3426986769
	3426986770
	3426986771
	3426986772
	3426986773
	3426986774
	3426986775
	3426986776
	3426986777
	3426986778
	3426986779
	3426986780
	3426986781
	3426986782
	3426986783
	3426986784
	3426986785
	3426986786
	3426986787
	3426986788
	3426986789
	3426986790
	3426986791
	3426986792
	3426986793
	3426986794
	3426986795
	3426986796
	3426986797
	3426986798
	3426986799
	3426986800
	3426986801
	3426986802
	3426986803
	3426986804
	3426986805
	3426986806
	3426986807
	3426986808
	3426986809
	3426986810
	3426986811
	3426986812
	3426986813
	3426986814
	3426986815
	3426986816
	3426986817
	3426986818
	3426986819
	3426986820
	3426986821
	3426986822
	3426986823
	3426986824
	3426986825
	3426986826
	3426986827
	3426986828
	3426986829
	3426986830
	3426986831
	3426986832
	3426986833
	3426986834
	3426986835
	3426986836
	3426986837
	3426986838
	3426986839
	3426986840
	3426986841
	3426986842
	3426986843
	3426986844
	3426986845
	3426986846
	3426986847
	3426986848
	3426986849
	3426986850
	3426986851
	3426986852
	3426986853
	3426986854
	3426986855
	3426986856
	3426986857
	3426986858
	3426986859
	3426986860
	3426986861
	3426986862
	3426986863
	3426986864
	3426986865
	3426986866
	3426986867
	3426986868
	3426986869
	3426986870
	3426986871
	3426986872
	3426986873
	3426986874
	3426986875
	3426986876
	3426986877
	3426986878
	3426986879
	3426986880
	3426986881
	3426986882
	3426986883
	3426986884
	3426986885
	3426986886
	3426986887
	3426986888
	3426986889
	3426986890
	3426986891
	3426986892
	3426986893
	3426986894
	3426986895
	3426986896
	3426986897
	3426986898
	3426986899
	3426986900
	3426986901
	3426986902
	3426986903
	3426986904
	3426986905
	3426986906
	3426986907
	3426986908
	3426986909
	3426986910
	3426986911
	3426986912
	3426986913
	3426986914
	3426986915
	3426986916
	3426986917
	3426986918
	3426986919
	3426986920
	3426986921
	3426986922
	3426986923
	3426986924
	3426986925
	3426986926
	3426986927
	3426986928
	3426986929
	3426986930
	3426986931
	3426986932
	3426986933
	3426986934
	3426986935
	3426986936
	3426986937
	3426986938
	3426986939
	3426986940
	3426986941
	3426986942
	3426986943
	3426986944
	3426986945
	3426986946
	3426986947
	3426986948
	3426986949
	3426986950
	3426986951
	3426986952
	3426986953
	3426986954
	3426986955
	3426986956
	3426986957
	3426986958
	3426986959
	3426986960
	3426986961
	3426986962
	3426986963
	3426986964
	3426986965
	3426986966
	3426986967
	3426986968
	3426986969
	3426986970
	3426986971
	3426986972
	3426986973
	3426986974
	3426986975
	3426986976
	3426986977
	3426986978
	3426986979
	3426986980
	3426986981
	3426986982
	3426986983
	3426986984
	3426986985
	3426986986
	3426986987
	3426986988
	3426986989
	3426986990
	3426986991
	3426986992
	3426986993
	3426986994
	3426986995
	3426986996
	3426986997
	3426986998
	3426986999
	3426987000
	3426987001
	3426987002
	3426987003
	3426987004
	3426987005
	3426987006
	3426987007
	3426987008
	3426987009
	3426987010
	3426987011
	3426987012
	3426987013
	3426987014
	3426987015
	3426987016
	3426987017
	3426987018
	3426987019
	3426987020
	3426987021
	3426987022
	3426987023
	3426987024
	3426987025
	3426987026
	3426987027
	3426987028
	3426987029
	3426987030
	3426987031
	3426987032
	3426987033
	3426987034
	3426987035
	3426987036
	3426987037
	3426987038
	3426987039
	3426987040
	3426987041
	3426987042
	3426987043
	3426987044
	3426987045
	3426987046
	3426987047
	3426987048
	3426987049
	3426987050
	3426987051
	3426987052
	3426987053
	3426987054
	3426987055
	3426987056
	3426987057
	3426987058
	3426987059
	3426987060
	3426987061
	3426987062
	3426987063
	3426987064
	3426987065
	3426987066
	3426987067
	3426987068
	3426987069
	3426987070
	3426987071
	3426987072
	3426987073
	3426987074
	3426987075
	3426987076
	3426987077
	3426987078
	3426987079
	3426987080
	3426987081
	3426987082
	3426987083
	3426987084
	3426987085
	3426987086
	3426987087
	3426987088
	3426987089
	3426987090
	3426987091
	3426987092
	3426987093
	3426987094
	3426987095
	3426987096
	3426987097
	3426987098
	3426987099
	3426987100
	3426987101
	3426987102
	3426987103
	3426987104
	3426987105
	3426987106
	3426987107
	3426987108
	3426987109
	3426987110
	3426987111
	3426987112
	3426987113
	3426987114
	3426987115
	3426987116
	3426987117
	3426987118
	3426987119
	3426987120
	3426987121
	3426987122
	3426987123
	3426987124
	3426987125
	3426987126
	3426987127
	3426987128
	3426987129
	3426987130
	3426987131
	3426987132
	3426987133
	3426987134
	3426987135
	3426987136
	3426987137
	3426987138
	3426987139
	3426987140
	3426987141
	3426987142
	3426987143
	3426987144
	3426987145
	3426987146
	3426987147
	3426987148
	3426987149
	3426987150
	3426987151
	3426987152
	3426987153
	3426987154
	3426987155
	3426987156
	3426987157
	3426987158
	3426987159
	3426987160
	3426987161
	3426987162
	3426987163
	3426987164
	3426987165
	3426987166
	3426987167
	3426987168
	3426987169
	3426987170
	3426987171
	3426987172
	3426987173
	3426987174
	3426987175
	3426987176
	3426987177
	3426987178
	3426987179
	3426987180
	3426987181
	3426987182
	3426987183
	3426987184
	3426987185
	3426987186
	3426987187
	3426987188
	3426987189
	3426987190
	3426987191
	3426987192
	3426987193
	3426987194
	3426987195
	3426987196
	3426987197
	3426987198
	3426987199
	3426987200
	3426987201
	3426987202
	3426987203
	3426987204
	3426987205
	3426987206
	3426987207
	3426987208
	3426987209
	3426987210
	3426987211
	3426987212
	3426987213
	3426987214
	3426987215
	3426987216
	3426987217
	3426987218
	3426987219
	3426987220
	3426987221
	3426987222
	3426987223
	3426987224
	3426987225
	3426987226
	3426987227
	3426987228
	3426987229
	3426987230
	3426987231
	3426987232
	3426987233
	3426987234
	3426987235
	3426987236
	3426987237
	3426987238
	3426987239
	3426987240
	3426987241
	3426987242
	3426987243
	3426987244
	3426987245
	3426987246
	3426987247
	3426987248
	3426987249
	3426987250
	3426987251
	3426987252
	3426987253
	3426987254
	3426987255
	3426987256
	3426987257
	3426987258
	3426987259
	3426987260
	3426987261
	3426987262
	3426987263
	3426987264
	3426987265
	3426987266
	3426987267
	3426987268
	3426987269
	3426987270
	3426987271
	3426987272
	3426987273
	3426987274
	3426987275
	3426987276
	3426987277
	3426987278
	3426987279
	3426987280
	3426987281
	3426987282
	3426987283
	3426987284
	3426987285
	3426987286
	3426987287
	3426987288
	3426987289
	3426987290
	3426987291
	3426987292
	3426987293
	3426987294
	3426987295
	3426987296
	3426987297
	3426987298
	3426987299
	3426987300
	3426987301
	3426987302
	3426987303
	3426987304
	3426987305
	3426987306
	3426987307
	3426987308
	3426987309
	3426987310
	3426987311
	3426987312
	3426987313
	3426987314
	3426987315
	3426987316
	3426987317
	3426987318
	3426987319
	3426987320
	3426987321
	3426987322
	3426987323
	3426987324
	3426987325
	3426987326
	3426987327
	3426987328
	3426987329
	3426987330
	3426987331
	3426987332
	3426987333
	3426987334
	3426987335
	3426987336
	3426987337
	3426987338
	3426987339
	3426987340
	3426987341
	3426987342
	3426987343
	3426987344
	3426987345
	3426987346
	3426987347
	3426987348
	3426987349
	3426987350
	3426987351
	3426987352
	3426987353
	3426987354
	3426987355
	3426987356
	3426987357
	3426987358
	3426987359
	3426987360
	3426987361
	3426987362
	3426987363
	3426987364
	3426987365
	3426987366
	3426987367
	3426987368
	3426987369
	3426987370
	3426987371
	3426987372
	3426987373
	3426987374
	3426987375
	3426987376
	3426987377
	3426987378
	3426987379
	3426987380
	3426987381
	3426987382
	3426987383
	3426987384
	3426987385
	3426987386
	3426987387
	3426987388
	3426987389
	3426987390
	3426987391
	3426987392
	3426987393
	3426987394
	3426987395
	3426987396
	3426987397
	3426987398
	3426987399
	3426987400
	3426987401
	3426987402
	3426987403
	3426987404
	3426987405
	3426987406
	3426987407
	3426987408
	3426987409
	3426987410
	3426987411
	3426987412
	3426987413
	3426987414
	3426987415
	3426987416
	3426987417
	3426987418
	3426987419
	3426987420
	3426987421
	3426987422
	3426987423
	3426987424
	3426987425
	3426987426
	3426987427
	3426987428
	3426987429
	3426987430
	3426987431
	3426987432
	3426987433
	3426987434
	3426987435
	3426987436
	3426987437
	3426987438
	3426987439
	3426987440
	3426987441
	3426987442
	3426987443
	3426987444
	3426987445
	3426987446
	3426987447
	3426987448
	3426987449
	3426987450
	3426987451
	3426987452
	3426987453
	3426987454
	3426987455
	3426987456
	3426987457
	3426987458
	3426987459
	3426987460
	3426987461
	3426987462
	3426987463
	3426987464
	3426987465
	3426987466
	3426987467
	3426987468
	3426987469
	3426987470
	3426987471
	3426987472
	3426987473
	3426987474
	3426987475
	3426987476
	3426987477
	3426987478
	3426987479
	3426987480
	3426987481
	3426987482
	3426987483
	3426987484
	3426987485
	3426987486
	3426987487
	3426987488
	3426987489
	3426987490
	3426987491
	3426987492
	3426987493
	3426987494
	3426987495
	3426987496
	3426987497
	3426987498
	3426987499
	3426987500
	3426987501
	3426987502
	3426987503
	3426987504
	3426987505
	3426987506
	3426987507
	3426987508
	3426987509
	3426987510
	3426987511
	3426987512
	3426987513
	3426987514
	3426987515
	3426987516
	3426987517
	3426987518
	3426987519
	3426987520
	3426987521
	3426987522
	3426987523
	3426987524
	3426987525
	3426987526
	3426987527
	3426987528
	3426987529
	3426987530
	3426987531
	3426987532
	3426987533
	3426987534
	3426987535
	3426987536
	3426987537
	3426987538
	3426987539
	3426987540
	3426987541
	3426987542
	3426987543
	3426987544
	3426987545
	3426987546
	3426987547
	3426987548
	3426987549
	3426987550
	3426987551
	3426987552
	3426987553
	3426987554
	3426987555
	3426987556
	3426987557
	3426987558
	3426987559
	3426987560
	3426987561
	3426987562
	3426987563
	3426987564
	3426987565
	3426987566
	3426987567
	3426987568
	3426987569
	3426987570
	3426987571
	3426987572
	3426987573
	3426987574
	3426987575
	3426987576
	3426987577
	3426987578
	3426987579
	3426987580
	3426987581
	3426987582
	3426987583
	3426987584
	3426987585
	3426987586
	3426987587
	3426987588
	3426987589
	3426987590
	3426987591
	3426987592
	3426987593
	3426987594
	3426987595
	3426987596
	3426987597
	3426987598
	3426987599
	3426987600
	3426987601
	3426987602
	3426987603
	3426987604
	3426987605
	3426987606
	3426987607
	3426987608
	3426987609
	3426987610
	3426987611
	3426987612
	3426987613
	3426987614
	3426987615
	3426987616
	3426987617
	3426987618
	3426987619
	3426987620
	3426987621
	3426987622
	3426987623
	3426987624
	3426987625
	3426987626
	3426987627
	3426987628
	3426987629
	3426987630
	3426987631
	3426987632
	3426987633
	3426987634
	3426987635
	3426987636
	3426987637
	3426987638
	3426987639
	3426987640
	3426987641
	3426987642
	3426987643
	3426987644
	3426987645
	3426987646
	3426987647
	3426987648
	3426987649
	3426987650
	3426987651
	3426987652
	3426987653
	3426987654
	3426987655
	3426987656
	3426987657
	3426987658
	3426987659
	3426987660
	3426987661
	3426987662
	3426987663
	3426987664
	3426987665
	3426987666
	3426987667
	3426987668
	3426987669
	3426987670
	3426987671
	3426987672
	3426987673
	3426987674
	3426987675
	3426987676
	3426987677
	3426987678
	3426987679
	3426987680
	3426987681
	3426987682
	3426987683
	3426987684
	3426987685
	3426987686
	3426987687
	3426987688
	3426987689
	3426987690
	3426987691
	3426987692
	3426987693
	3426987694
	3426987695
	3426987696
	3426987697
	3426987698
	3426987699
	3426987700
	3426987701
	3426987702
	3426987703
	3426987704
	3426987705
	3426987706
	3426987707
	3426987708
	3426987709
	3426987710
	3426987711
	3426987712
	3426987713
	3426987714
	3426987715
	3426987716
	3426987717
	3426987718
	3426987719
	3426987720
	3426987721
	3426987722
	3426987723
	3426987724
	3426987725
	3426987726
	3426987727
	3426987728
	3426987729
	3426987730
	3426987731
	3426987732
	3426987733
	3426987734
	3426987735
	3426987736
	3426987737
	3426987738
	3426987739
	3426987740
	3426987741
	3426987742
	3426987743
	3426987744
	3426987745
	3426987746
	3426987747
	3426987748
	3426987749
	3426987750
	3426987751
	3426987752
	3426987753
	3426987754
	3426987755
	3426987756
	3426987757
	3426987758
	3426987759
	3426987760
	3426987761
	3426987762
	3426987763
	3426987764
	3426987765
	3426987766
	3426987767
	3426987768
	3426987769
	3426987770
	3426987771
	3426987772
	3426987773
	3426987774
	3426987775
	3426987776
	3426987777
	3426987778
	3426987779
	3426987780
	3426987781
	3426987782
	3426987783
	3426987784
	3426987785
	3426987786
	3426987787
	3426987788
	3426987789
	3426987790
	3426987791
	3426987792
	3426987793
	3426987794
	3426987795
	3426987796
	3426987797
	3426987798
	3426987799
	3426987800
	3426987801
	3426987802
	3426987803
	3426987804
	3426987805
	3426987806
	3426987807
	3426987808
	3426987809
	3426987810
	3426987811
	3426987812
	3426987813
	3426987814
	3426987815
	3426987816
	3426987817
	3426987818
	3426987819
	3426987820
	3426987821
	3426987822
	3426987823
	3426987824
	3426987825
	3426987826
	3426987827
	3426987828
	3426987829
	3426987830
	3426987831
	3426987832
	3426987833
	3426987834
	3426987835
	3426987836
	3426987837
	3426987838
	3426987839
	3426987840
	3426987841
	3426987842
	3426987843
	3426987844
	3426987845
	3426987846
	3426987847
	3426987848
	3426987849
	3426987850
	3426987851
	3426987852
	3426987853
	3426987854
	3426987855
	3426987856
	3426987857
	3426987858
	3426987859
	3426987860
	3426987861
	3426987862
	3426987863
	3426987864
	3426987865
	3426987866
	3426987867
	3426987868
	3426987869
	3426987870
	3426987871
	3426987872
	3426987873
	3426987874
	3426987875
	3426987876
	3426987877
	3426987878
	3426987879
	3426987880
	3426987881
	3426987882
	3426987883
	3426987884
	3426987885
	3426987886
	3426987887
	3426987888
	3426987889
	3426987890
	3426987891
	3426987892
	3426987893
	3426987894
	3426987895
	3426987896
	3426987897
	3426987898
	3426987899
	3426987900
	3426987901
	3426987902
	3426987903
	3426987904
	3426987905
	3426987906
	3426987907
	3426987908
	3426987909
	3426987910
	3426987911
	3426987912
	3426987913
	3426987914
	3426987915
	3426987916
	3426987917
	3426987918
	3426987919
	3426987920
	3426987921
	3426987922
	3426987923
	3426987924
	3426987925
	3426987926
	3426987927
	3426987928
	3426987929
	3426987930
	3426987931
	3426987932
	3426987933
	3426987934
	3426987935
	3426987936
	3426987937
	3426987938
	3426987939
	3426987940
	3426987941
	3426987942
	3426987943
	3426987944
	3426987945
	3426987946
	3426987947
	3426987948
	3426987949
	3426987950
	3426987951
	3426987952
	3426987953
	3426987954
	3426987955
	3426987956
	3426987957
	3426987958
	3426987959
	3426987960
	3426987961
	3426987962
	3426987963
	3426987964
	3426987965
	3426987966
	3426987967
	3426987968
	3426987969
	3426987970
	3426987971
	3426987972
	3426987973
	3426987974
	3426987975
	3426987976
	3426987977
	3426987978
	3426987979
	3426987980
	3426987981
	3426987982
	3426987983
	3426987984
	3426987985
	3426987986
	3426987987
	3426987988
	3426987989
	3426987990
	3426987991
	3426987992
	3426987993
	3426987994
	3426987995
	3426987996
	3426987997
	3426987998
	3426987999
	3426988000
	3426988001
	3426988002
	3426988003
	3426988004
	3426988005
	3426988006
	3426988007
	3426988008
	3426988009
	3426988010
	3426988011
	3426988012
	3426988013
	3426988014
	3426988015
	3426988016
	3426988017
	3426988018
	3426988019
	3426988020
	3426988021
	3426988022
	3426988023
	3426988024
	3426988025
	3426988026
	3426988027
	3426988028
	3426988029
	3426988030
	3426988031
	3426988032
	3426988033
	3426988034
	3426988035
	3426988036
	3426988037
	3426988038
	3426988039
	3426988040
	3426988041
	3426988042
	3426988043
	3426988044
	3426988045
	3426988046
	3426988047
	3426988048
	3426988049
	3426988050
	3426988051
	3426988052
	3426988053
	3426988054
	3426988055
	3426988056
	3426988057
	3426988058
	3426988059
	3426988060
	3426988061
	3426988062
	3426988063
	3426988064
	3426988065
	3426988066
	3426988067
	3426988068
	3426988069
	3426988070
	3426988071
	3426988072
	3426988073
	3426988074
	3426988075
	3426988076
	3426988077
	3426988078
	3426988079
	3426988080
	3426988081
	3426988082
	3426988083
	3426988084
	3426988085
	3426988086
	3426988087
	3426988088
	3426988089
	3426988090
	3426988091
	3426988092
	3426988093
	3426988094
	3426988095
	3426988096
	3426988097
	3426988098
	3426988099
	3426988100
	3426988101
	3426988102
	3426988103
	3426988104
	3426988105
	3426988106
	3426988107
	3426988108
	3426988109
	3426988110
	3426988111
	3426988112
	3426988113
	3426988114
	3426988115
	3426988116
	3426988117
	3426988118
	3426988119
	3426988120
	3426988121
	3426988122
	3426988123
	3426988124
	3426988125
	3426988126
	3426988127
	3426988128
	3426988129
	3426988130
	3426988131
	3426988132
	3426988133
	3426988134
	3426988135
	3426988136
	3426988137
	3426988138
	3426988139
	3426988140
	3426988141
	3426988142
	3426988143
	3426988144
	3426988145
	3426988146
	3426988147
	3426988148
	3426988149
	3426988150
	3426988151
	3426988152
	3426988153
	3426988154
	3426988155
	3426988156
	3426988157
	3426988158
	3426988159
	3426988160
	3426988161
	3426988162
	3426988163
	3426988164
	3426988165
	3426988166
	3426988167
	3426988168
	3426988169
	3426988170
	3426988171
	3426988172
	3426988173
	3426988174
	3426988175
	3426988176
	3426988177
	3426988178
	3426988179
	3426988180
	3426988181
	3426988182
	3426988183
	3426988184
	3426988185
	3426988186
	3426988187
	3426988188
	3426988189
	3426988190
	3426988191
	3426988192
	3426988193
	3426988194
	3426988195
	3426988196
	3426988197
	3426988198
	3426988199
	3426988200
	3426988201
	3426988202
	3426988203
	3426988204
	3426988205
	3426988206
	3426988207
	3426988208
	3426988209
	3426988210
	3426988211
	3426988212
	3426988213
	3426988214
	3426988215
	3426988216
	3426988217
	3426988218
	3426988219
	3426988220
	3426988221
	3426988222
	3426988223
	3426988224
	3426988225
	3426988226
	3426988227
	3426988228
	3426988229
	3426988230
	3426988231
	3426988232
	3426988233
	3426988234
	3426988235
	3426988236
	3426988237
	3426988238
	3426988239
	3426988240
	3426988241
	3426988242
	3426988243
	3426988244
	3426988245
	3426988246
	3426988247
	3426988248
	3426988249
	3426988250
	3426988251
	3426988252
	3426988253
	3426988254
	3426988255
	3426988256
	3426988257
	3426988258
	3426988259
	3426988260
	3426988261
	3426988262
	3426988263
	3426988264
	3426988265
	3426988266
	3426988267
	3426988268
	3426988269
	3426988270
	3426988271
	3426988272
	3426988273
	3426988274
	3426988275
	3426988276
	3426988277
	3426988278
	3426988279
	3426988280
	3426988281
	3426988282
	3426988283
	3426988284
	3426988285
	3426988286
	3426988287
	3426988288
	3426988289
	3426988290
	3426988291
	3426988292
	3426988293
	3426988294
	3426988295
	3426988296
	3426988297
	3426988298
	3426988299
	3426988300
	3426988301
	3426988302
	3426988303
	3426988304
	3426988305
	3426988306
	3426988307
	3426988308
	3426988309
	3426988310
	3426988311
	3426988312
	3426988313
	3426988314
	3426988315
	3426988316
	3426988317
	3426988318
	3426988319
	3426988320
	3426988321
	3426988322
	3426988323
	3426988324
	3426988325
	3426988326
	3426988327
	3426988328
	3426988329
	3426988330
	3426988331
	3426988332
	3426988333
	3426988334
	3426988335
	3426988336
	3426988337
	3426988338
	3426988339
	3426988340
	3426988341
	3426988342
	3426988343
	3426988344
	3426988345
	3426988346
	3426988347
	3426988348
	3426988349
	3426988350
	3426988351
	3426988352
	3426988353
	3426988354
	3426988355
	3426988356
	3426988357
	3426988358
	3426988359
	3426988360
	3426988361
	3426988362
	3426988363
	3426988364
	3426988365
	3426988366
	3426988367
	3426988368
	3426988369
	3426988370
	3426988371
	3426988372
	3426988373
	3426988374
	3426988375
	3426988376
	3426988377
	3426988378
	3426988379
	3426988380
	3426988381
	3426988382
	3426988383
	3426988384
	3426988385
	3426988386
	3426988387
	3426988388
	3426988389
	3426988390
	3426988391
	3426988392
	3426988393
	3426988394
	3426988395
	3426988396
	3426988397
	3426988398
	3426988399
	3426988400
	3426988401
	3426988402
	3426988403
	3426988404
	3426988405
	3426988406
	3426988407
	3426988408
	3426988409
	3426988410
	3426988411
	3426988412
	3426988413
	3426988414
	3426988415
	3426988416
	3426988417
	3426988418
	3426988419
	3426988420
	3426988421
	3426988422
	3426988423
	3426988424
	3426988425
	3426988426
	3426988427
	3426988428
	3426988429
	3426988430
	3426988431
	3426988432
	3426988433
	3426988434
	3426988435
	3426988436
	3426988437
	3426988438
	3426988439
	3426988440
	3426988441
	3426988442
	3426988443
	3426988444
	3426988445
	3426988446
	3426988447
	3426988448
	3426988449
	3426988450
	3426988451
	3426988452
	3426988453
	3426988454
	3426988455
	3426988456
	3426988457
	3426988458
	3426988459
	3426988460
	3426988461
	3426988462
	3426988463
	3426988464
	3426988465
	3426988466
	3426988467
	3426988468
	3426988469
	3426988470
	3426988471
	3426988472
	3426988473
	3426988474
	3426988475
	3426988476
	3426988477
	3426988478
	3426988479
	3426988480
	3426988481
	3426988482
	3426988483
	3426988484
	3426988485
	3426988486
	3426988487
	3426988488
	3426988489
	3426988490
	3426988491
	3426988492
	3426988493
	3426988494
	3426988495
	3426988496
	3426988497
	3426988498
	3426988499
	3426988500
	3426988501
	3426988502
	3426988503
	3426988504
	3426988505
	3426988506
	3426988507
	3426988508
	3426988509
	3426988510
	3426988511
	3426988512
	3426988513
	3426988514
	3426988515
	3426988516
	3426988517
	3426988518
	3426988519
	3426988520
	3426988521
	3426988522
	3426988523
	3426988524
	3426988525
	3426988526
	3426988527
	3426988528
	3426988529
	3426988530
	3426988531
	3426988532
	3426988533
	3426988534
	3426988535
	3426988536
	3426988537
	3426988538
	3426988539
	3426988540
	3426988541
	3426988542
	3426988543
	3426988544
	3426988545
	3426988546
	3426988547
	3426988548
	3426988549
	3426988550
	3426988551
	3426988552
	3426988553
	3426988554
	3426988555
	3426988556
	3426988557
	3426988558
	3426988559
	3426988560
	3426988561
	3426988562
	3426988563
	3426988564
	3426988565
	3426988566
	3426988567
	3426988568
	3426988569
	3426988570
	3426988571
	3426988572
	3426988573
	3426988574
	3426988575
	3426988576
	3426988577
	3426988578
	3426988579
	3426988580
	3426988581
	3426988582
	3426988583
	3426988584
	3426988585
	3426988586
	3426988587
	3426988588
	3426988589
	3426988590
	3426988591
	3426988592
	3426988593
	3426988594
	3426988595
	3426988596
	3426988597
	3426988598
	3426988599
	3426988600
	3426988601
	3426988602
	3426988603
	3426988604
	3426988605
	3426988606
	3426988607
	3426988608
	3426988609
	3426988610
	3426988611
	3426988612
	3426988613
	3426988614
	3426988615
	3426988616
	3426988617
	3426988618
	3426988619
	3426988620
	3426988621
	3426988622
	3426988623
	3426988624
	3426988625
	3426988626
	3426988627
	3426988628
	3426988629
	3426988630
	3426988631
	3426988632
	3426988633
	3426988634
	3426988635
	3426988636
	3426988637
	3426988638
	3426988639
	3426988640
	3426988641
	3426988642
	3426988643
	3426988644
	3426988645
	3426988646
	3426988647
	3426988648
	3426988649
	3426988650
	3426988651
	3426988652
	3426988653
	3426988654
	3426988655
	3426988656
	3426988657
	3426988658
	3426988659
	3426988660
	3426988661
	3426988662
	3426988663
	3426988664
	3426988665
	3426988666
	3426988667
	3426988668
	3426988669
	3426988670
	3426988671
	3426988672
	3426988673
	3426988674
	3426988675
	3426988676
	3426988677
	3426988678
	3426988679
	3426988680
	3426988681
	3426988682
	3426988683
	3426988684
	3426988685
	3426988686
	3426988687
	3426988688
	3426988689
	3426988690
	3426988691
	3426988692
	3426988693
	3426988694
	3426988695
	3426988696
	3426988697
	3426988698
	3426988699
	3426988700
	3426988701
	3426988702
	3426988703
	3426988704
	3426988705
	3426988706
	3426988707
	3426988708
	3426988709
	3426988710
	3426988711
	3426988712
	3426988713
	3426988714
	3426988715
	3426988716
	3426988717
	3426988718
	3426988719
	3426988720
	3426988721
	3426988722
	3426988723
	3426988724
	3426988725
	3426988726
	3426988727
	3426988728
	3426988729
	3426988730
	3426988731
	3426988732
	3426988733
	3426988734
	3426988735
	3426988736
	3426988737
	3426988738
	3426988739
	3426988740
	3426988741
	3426988742
	3426988743
	3426988744
	3426988745
	3426988746
	3426988747
	3426988748
	3426988749
	3426988750
	3426988751
	3426988752
	3426988753
	3426988754
	3426988755
	3426988756
	3426988757
	3426988758
	3426988759
	3426988760
	3426988761
	3426988762
	3426988763
	3426988764
	3426988765
	3426988766
	3426988767
	3426988768
	3426988769
	3426988770
	3426988771
	3426988772
	3426988773
	3426988774
	3426988775
	3426988776
	3426988777
	3426988778
	3426988779
	3426988780
	3426988781
	3426988782
	3426988783
	3426988784
	3426988785
	3426988786
	3426988787
	3426988788
	3426988789
	3426988790
	3426988791
	3426988792
	3426988793
	3426988794
	3426988795
	3426988796
	3426988797
	3426988798
	3426988799
	3426988800
	3426988801
	3426988802
	3426988803
	3426988804
	3426988805
	3426988806
	3426988807
	3426988808
	3426988809
	3426988810
	3426988811
	3426988812
	3426988813
	3426988814
	3426988815
	3426988816
	3426988817
	3426988818
	3426988819
	3426988820
	3426988821
	3426988822
	3426988823
	3426988824
	3426988825
	3426988826
	3426988827
	3426988828
	3426988829
	3426988830
	3426988831
	3426988832
	3426988833
	3426988834
	3426988835
	3426988836
	3426988837
	3426988838
	3426988839
	3426988840
	3426988841
	3426988842
	3426988843
	3426988844
	3426988845
	3426988846
	3426988847
	3426988848
	3426988849
	3426988850
	3426988851
	3426988852
	3426988853
	3426988854
	3426988855
	3426988856
	3426988857
	3426988858
	3426988859
	3426988860
	3426988861
	3426988862
	3426988863
	3426988864
	3426988865
	3426988866
	3426988867
	3426988868
	3426988869
	3426988870
	3426988871
	3426988872
	3426988873
	3426988874
	3426988875
	3426988876
	3426988877
	3426988878
	3426988879
	3426988880
	3426988881
	3426988882
	3426988883
	3426988884
	3426988885
	3426988886
	3426988887
	3426988888
	3426988889
	3426988890
	3426988891
	3426988892
	3426988893
	3426988894
	3426988895
	3426988896
	3426988897
	3426988898
	3426988899
	3426988900
	3426988901
	3426988902
	3426988903
	3426988904
	3426988905
	3426988906
	3426988907
	3426988908
	3426988909
	3426988910
	3426988911
	3426988912
	3426988913
	3426988914
	3426988915
	3426988916
	3426988917
	3426988918
	3426988919
	3426988920
	3426988921
	3426988922
	3426988923
	3426988924
	3426988925
	3426988926
	3426988927
	3426988928
	3426988929
	3426988930
	3426988931
	3426988932
	3426988933
	3426988934
	3426988935
	3426988936
	3426988937
	3426988938
	3426988939
	3426988940
	3426988941
	3426988942
	3426988943
	3426988944
	3426988945
	3426988946
	3426988947
	3426988948
	3426988949
	3426988950
	3426988951
	3426988952
	3426988953
	3426988954
	3426988955
	3426988956
	3426988957
	3426988958
	3426988959
	3426988960
	3426988961
	3426988962
	3426988963
	3426988964
	3426988965
	3426988966
	3426988967
	3426988968
	3426988969
	3426988970
	3426988971
	3426988972
	3426988973
	3426988974
	3426988975
	3426988976
	3426988977
	3426988978
	3426988979
	3426988980
	3426988981
	3426988982
	3426988983
	3426988984
	3426988985
	3426988986
	3426988987
	3426988988
	3426988989
	3426988990
	3426988991
	3426988992
	3426988993
	3426988994
	3426988995
	3426988996
	3426988997
	3426988998
	3426988999
	3426989000
	3426989001
	3426989002
	3426989003
	3426989004
	3426989005
	3426989006
	3426989007
	3426989008
	3426989009
	3426989010
	3426989011
	3426989012
	3426989013
	3426989014
	3426989015
	3426989016
	3426989017
	3426989018
	3426989019
	3426989020
	3426989021
	3426989022
	3426989023
	3426989024
	3426989025
	3426989026
	3426989027
	3426989028
	3426989029
	3426989030
	3426989031
	3426989032
	3426989033
	3426989034
	3426989035
	3426989036
	3426989037
	3426989038
	3426989039
	3426989040
	3426989041
	3426989042
	3426989043
	3426989044
	3426989045
	3426989046
	3426989047
	3426989048
	3426989049
	3426989050
	3426989051
	3426989052
	3426989053
	3426989054
	3426989055
	3426989056
	3426989057
	3426989058
	3426989059
	3426989060
	3426989061
	3426989062
	3426989063
	3426989064
	3426989065
	3426989066
	3426989067
	3426989068
	3426989069
	3426989070
	3426989071
	3426989072
	3426989073
	3426989074
	3426989075
	3426989076
	3426989077
	3426989078
	3426989079
	3426989080
	3426989081
	3426989082
	3426989083
	3426989084
	3426989085
	3426989086
	3426989087
	3426989088
	3426989089
	3426989090
	3426989091
	3426989092
	3426989093
	3426989094
	3426989095
	3426989096
	3426989097
	3426989098
	3426989099
	3426989100
	3426989101
	3426989102
	3426989103
	3426989104
	3426989105
	3426989106
	3426989107
	3426989108
	3426989109
	3426989110
	3426989111
	3426989112
	3426989113
	3426989114
	3426989115
	3426989116
	3426989117
	3426989118
	3426989119
	3426989120
	3426989121
	3426989122
	3426989123
	3426989124
	3426989125
	3426989126
	3426989127
	3426989128
	3426989129
	3426989130
	3426989131
	3426989132
	3426989133
	3426989134
	3426989135
	3426989136
	3426989137
	3426989138
	3426989139
	3426989140
	3426989141
	3426989142
	3426989143
	3426989144
	3426989145
	3426989146
	3426989147
	3426989148
	3426989149
	3426989150
	3426989151
	3426989152
	3426989153
	3426989154
	3426989155
	3426989156
	3426989157
	3426989158
	3426989159
	3426989160
	3426989161
	3426989162
	3426989163
	3426989164
	3426989165
	3426989166
	3426989167
	3426989168
	3426989169
	3426989170
	3426989171
	3426989172
	3426989173
	3426989174
	3426989175
	3426989176
	3426989177
	3426989178
	3426989179
	3426989180
	3426989181
	3426989182
	3426989183
	3426989184
	3426989185
	3426989186
	3426989187
	3426989188
	3426989189
	3426989190
	3426989191
	3426989192
	3426989193
	3426989194
	3426989195
	3426989196
	3426989197
	3426989198
	3426989199
	3426989200
	3426989201
	3426989202
	3426989203
	3426989204
	3426989205
	3426989206
	3426989207
	3426989208
	3426989209
	3426989210
	3426989211
	3426989212
	3426989213
	3426989214
	3426989215
	3426989216
	3426989217
	3426989218
	3426989219
	3426989220
	3426989221
	3426989222
	3426989223
	3426989224
	3426989225
	3426989226
	3426989227
	3426989228
	3426989229
	3426989230
	3426989231
	3426989232
	3426989233
	3426989234
	3426989235
	3426989236
	3426989237
	3426989238
	3426989239
	3426989240
	3426989241
	3426989242
	3426989243
	3426989244
	3426989245
	3426989246
	3426989247
	3426989248
	3426989249
	3426989250
	3426989251
	3426989252
	3426989253
	3426989254
	3426989255
	3426989256
	3426989257
	3426989258
	3426989259
	3426989260
	3426989261
	3426989262
	3426989263
	3426989264
	3426989265
	3426989266
	3426989267
	3426989268
	3426989269
	3426989270
	3426989271
	3426989272
	3426989273
	3426989274
	3426989275
	3426989276
	3426989277
	3426989278
	3426989279
	3426989280
	3426989281
	3426989282
	3426989283
	3426989284
	3426989285
	3426989286
	3426989287
	3426989288
	3426989289
	3426989290
	3426989291
	3426989292
	3426989293
	3426989294
	3426989295
	3426989296
	3426989297
	3426989298
	3426989299
	3426989300
	3426989301
	3426989302
	3426989303
	3426989304
	3426989305
	3426989306
	3426989307
	3426989308
	3426989309
	3426989310
	3426989311
	3426989312
	3426989313
	3426989314
	3426989315
	3426989316
	3426989317
	3426989318
	3426989319
	3426989320
	3426989321
	3426989322
	3426989323
	3426989324
	3426989325
	3426989326
	3426989327
	3426989328
	3426989329
	3426989330
	3426989331
	3426989332
	3426989333
	3426989334
	3426989335
	3426989336
	3426989337
	3426989338
	3426989339
	3426989340
	3426989341
	3426989342
	3426989343
	3426989344
	3426989345
	3426989346
	3426989347
	3426989348
	3426989349
	3426989350
	3426989351
	3426989352
	3426989353
	3426989354
	3426989355
	3426989356
	3426989357
	3426989358
	3426989359
	3426989360
	3426989361
	3426989362
	3426989363
	3426989364
	3426989365
	3426989366
	3426989367
	3426989368
	3426989369
	3426989370
	3426989371
	3426989372
	3426989373
	3426989374
	3426989375
	3426989376
	3426989377
	3426989378
	3426989379
	3426989380
	3426989381
	3426989382
	3426989383
	3426989384
	3426989385
	3426989386
	3426989387
	3426989388
	3426989389
	3426989390
	3426989391
	3426989392
	3426989393
	3426989394
	3426989395
	3426989396
	3426989397
	3426989398
	3426989399
	3426989400
	3426989401
	3426989402
	3426989403
	3426989404
	3426989405
	3426989406
	3426989407
	3426989408
	3426989409
	3426989410
	3426989411
	3426989412
	3426989413
	3426989414
	3426989415
	3426989416
	3426989417
	3426989418
	3426989419
	3426989420
	3426989421
	3426989422
	3426989423
	3426989424
	3426989425
	3426989426
	3426989427
	3426989428
	3426989429
	3426989430
	3426989431
	3426989432
	3426989433
	3426989434
	3426989435
	3426989436
	3426989437
	3426989438
	3426989439
	3426989440
	3426989441
	3426989442
	3426989443
	3426989444
	3426989445
	3426989446
	3426989447
	3426989448
	3426989449
	3426989450
	3426989451
	3426989452
	3426989453
	3426989454
	3426989455
	3426989456
	3426989457
	3426989458
	3426989459
	3426989460
	3426989461
	3426989462
	3426989463
	3426989464
	3426989465
	3426989466
	3426989467
	3426989468
	3426989469
	3426989470
	3426989471
	3426989472
	3426989473
	3426989474
	3426989475
	3426989476
	3426989477
	3426989478
	3426989479
	3426989480
	3426989481
	3426989482
	3426989483
	3426989484
	3426989485
	3426989486
	3426989487
	3426989488
	3426989489
	3426989490
	3426989491
	3426989492
	3426989493
	3426989494
	3426989495
	3426989496
	3426989497
	3426989498
	3426989499
	3426989500
	3426989501
	3426989502
	3426989503
	3426989504
	3426989505
	3426989506
	3426989507
	3426989508
	3426989509
	3426989510
	3426989511
	3426989512
	3426989513
	3426989514
	3426989515
	3426989516
	3426989517
	3426989518
	3426989519
	3426989520
	3426989521
	3426989522
	3426989523
	3426989524
	3426989525
	3426989526
	3426989527
	3426989528
	3426989529
	3426989530
	3426989531
	3426989532
	3426989533
	3426989534
	3426989535
	3426989536
	3426989537
	3426989538
	3426989539
	3426989540
	3426989541
	3426989542
	3426989543
	3426989544
	3426989545
	3426989546
	3426989547
	3426989548
	3426989549
	3426989550
	3426989551
	3426989552
	3426989553
	3426989554
	3426989555
	3426989556
	3426989557
	3426989558
	3426989559
	3426989560
	3426989561
	3426989562
	3426989563
	3426989564
	3426989565
	3426989566
	3426989567
	3426989568
	3426989569
	3426989570
	3426989571
	3426989572
	3426989573
	3426989574
	3426989575
	3426989576
	3426989577
	3426989578
	3426989579
	3426989580
	3426989581
	3426989582
	3426989583
	3426989584
	3426989585
	3426989586
	3426989587
	3426989588
	3426989589
	3426989590
	3426989591
	3426989592
	3426989593
	3426989594
	3426989595
	3426989596
	3426989597
	3426989598
	3426989599
	3426989600
	3426989601
	3426989602
	3426989603
	3426989604
	3426989605
	3426989606
	3426989607
	3426989608
	3426989609
	3426989610
	3426989611
	3426989612
	3426989613
	3426989614
	3426989615
	3426989616
	3426989617
	3426989618
	3426989619
	3426989620
	3426989621
	3426989622
	3426989623
	3426989624
	3426989625
	3426989626
	3426989627
	3426989628
	3426989629
	3426989630
	3426989631
	3426989632
	3426989633
	3426989634
	3426989635
	3426989636
	3426989637
	3426989638
	3426989639
	3426989640
	3426989641
	3426989642
	3426989643
	3426989644
	3426989645
	3426989646
	3426989647
	3426989648
	3426989649
	3426989650
	3426989651
	3426989652
	3426989653
	3426989654
	3426989655
	3426989656
	3426989657
	3426989658
	3426989659
	3426989660
	3426989661
	3426989662
	3426989663
	3426989664
	3426989665
	3426989666
	3426989667
	3426989668
	3426989669
	3426989670
	3426989671
	3426989672
	3426989673
	3426989674
	3426989675
	3426989676
	3426989677
	3426989678
	3426989679
	3426989680
	3426989681
	3426989682
	3426989683
	3426989684
	3426989685
	3426989686
	3426989687
	3426989688
	3426989689
	3426989690
	3426989691
	3426989692
	3426989693
	3426989694
	3426989695
	3426989696
	3426989697
	3426989698
	3426989699
	3426989700
	3426989701
	3426989702
	3426989703
	3426989704
	3426989705
	3426989706
	3426989707
	3426989708
	3426989709
	3426989710
	3426989711
	3426989712
	3426989713
	3426989714
	3426989715
	3426989716
	3426989717
	3426989718
	3426989719
	3426989720
	3426989721
	3426989722
	3426989723
	3426989724
	3426989725
	3426989726
	3426989727
	3426989728
	3426989729
	3426989730
	3426989731
	3426989732
	3426989733
	3426989734
	3426989735
	3426989736
	3426989737
	3426989738
	3426989739
	3426989740
	3426989741
	3426989742
	3426989743
	3426989744
	3426989745
	3426989746
	3426989747
	3426989748
	3426989749
	3426989750
	3426989751
	3426989752
	3426989753
	3426989754
	3426989755
	3426989756
	3426989757
	3426989758
	3426989759
	3426989760
	3426989761
	3426989762
	3426989763
	3426989764
	3426989765
	3426989766
	3426989767
	3426989768
	3426989769
	3426989770
	3426989771
	3426989772
	3426989773
	3426989774
	3426989775
	3426989776
	3426989777
	3426989778
	3426989779
	3426989780
	3426989781
	3426989782
	3426989783
	3426989784
	3426989785
	3426989786
	3426989787
	3426989788
	3426989789
	3426989790
	3426989791
	3426989792
	3426989793
	3426989794
	3426989795
	3426989796
	3426989797
	3426989798
	3426989799
	3426989800
	3426989801
	3426989802
	3426989803
	3426989804
	3426989805
	3426989806
	3426989807
	3426989808
	3426989809
	3426989810
	3426989811
	3426989812
	3426989813
	3426989814
	3426989815
	3426989816
	3426989817
	3426989818
	3426989819
	3426989820
	3426989821
	3426989822
	3426989823
	3426989824
	3426989825
	3426989826
	3426989827
	3426989828
	3426989829
	3426989830
	3426989831
	3426989832
	3426989833
	3426989834
	3426989835
	3426989836
	3426989837
	3426989838
	3426989839
	3426989840
	3426989841
	3426989842
	3426989843
	3426989844
	3426989845
	3426989846
	3426989847
	3426989848
	3426989849
	3426989850
	3426989851
	3426989852
	3426989853
	3426989854
	3426989855
	3426989856
	3426989857
	3426989858
	3426989859
	3426989860
	3426989861
	3426989862
	3426989863
	3426989864
	3426989865
	3426989866
	3426989867
	3426989868
	3426989869
	3426989870
	3426989871
	3426989872
	3426989873
	3426989874
	3426989875
	3426989876
	3426989877
	3426989878
	3426989879
	3426989880
	3426989881
	3426989882
	3426989883
	3426989884
	3426989885
	3426989886
	3426989887
	3426989888
	3426989889
	3426989890
	3426989891
	3426989892
	3426989893
	3426989894
	3426989895
	3426989896
	3426989897
	3426989898
	3426989899
	3426989900
	3426989901
	3426989902
	3426989903
	3426989904
	3426989905
	3426989906
	3426989907
	3426989908
	3426989909
	3426989910
	3426989911
	3426989912
	3426989913
	3426989914
	3426989915
	3426989916
	3426989917
	3426989918
	3426989919
	3426989920
	3426989921
	3426989922
	3426989923
	3426989924
	3426989925
	3426989926
	3426989927
	3426989928
	3426989929
	3426989930
	3426989931
	3426989932
	3426989933
	3426989934
	3426989935
	3426989936
	3426989937
	3426989938
	3426989939
	3426989940
	3426989941
	3426989942
	3426989943
	3426989944
	3426989945
	3426989946
	3426989947
	3426989948
	3426989949
	3426989950
	3426989951
	3426989952
	3426989953
	3426989954
	3426989955
	3426989956
	3426989957
	3426989958
	3426989959
	3426989960
	3426989961
	3426989962
	3426989963
	3426989964
	3426989965
	3426989966
	3426989967
	3426989968
	3426989969
	3426989970
	3426989971
	3426989972
	3426989973
	3426989974
	3426989975
	3426989976
	3426989977
	3426989978
	3426989979
	3426989980
	3426989981
	3426989982
	3426989983
	3426989984
	3426989985
	3426989986
	3426989987
	3426989988
	3426989989
	3426989990
	3426989991
	3426989992
	3426989993
	3426989994
	3426989995
	3426989996
	3426989997
	3426989998
	3426989999
	3426990000
	3426990001
	3426990002
	3426990003
	3426990004
	3426990005
	3426990006
	3426990007
	3426990008
	3426990009
	3426990010
	3426990011
	3426990012
	3426990013
	3426990014
	3426990015
	3426990016
	3426990017
	3426990018
	3426990019
	3426990020
	3426990021
	3426990022
	3426990023
	3426990024
	3426990025
	3426990026
	3426990027
	3426990028
	3426990029
	3426990030
	3426990031
	3426990032
	3426990033
	3426990034
	3426990035
	3426990036
	3426990037
	3426990038
	3426990039
	3426990040
	3426990041
	3426990042
	3426990043
	3426990044
	3426990045
	3426990046
	3426990047
	3426990048
	3426990049
	3426990050
	3426990051
	3426990052
	3426990053
	3426990054
	3426990055
	3426990056
	3426990057
	3426990058
	3426990059
	3426990060
	3426990061
	3426990062
	3426990063
	3426990064
	3426990065
	3426990066
	3426990067
	3426990068
	3426990069
	3426990070
	3426990071
	3426990072
	3426990073
	3426990074
	3426990075
	3426990076
	3426990077
	3426990078
	3426990079
	3426990080
	3426990081
	3426990082
	3426990083
	3426990084
	3426990085
	3426990086
	3426990087
	3426990088
	3426990089
	3426990090
	3426990091
	3426990092
	3426990093
	3426990094
	3426990095
	3426990096
	3426990097
	3426990098
	3426990099
	3426990100
	3426990101
	3426990102
	3426990103
	3426990104
	3426990105
	3426990106
	3426990107
	3426990108
	3426990109
	3426990110
	3426990111
	3426990112
	3426990113
	3426990114
	3426990115
	3426990116
	3426990117
	3426990118
	3426990119
	3426990120
	3426990121
	3426990122
	3426990123
	3426990124
	3426990125
	3426990126
	3426990127
	3426990128
	3426990129
	3426990130
	3426990131
	3426990132
	3426990133
	3426990134
	3426990135
	3426990136
	3426990137
	3426990138
	3426990139
	3426990140
	3426990141
	3426990142
	3426990143
	3426990144
	3426990145
	3426990146
	3426990147
	3426990148
