	3426925349
	3426925350
	3426925351
	3426925352
	3426925353
	3426925354
	3426925355
	3426925356
	3426925357
	3426925358
	3426925359
	3426925360
	3426925361
	3426925362
	3426925363
	3426925364
	3426925365
	3426925366
	3426925367
	3426925368
	3426925369
	3426925370
	3426925371
	3426925372
	3426925373
	3426925374
	3426925375
	3426925376
	3426925377
	3426925378
	3426925379
	3426925380
	3426925381
	3426925382
	3426925383
	3426925384
	3426925385
	3426925386
	3426925387
	3426925388
	3426925389
	3426925390
	3426925391
	3426925392
	3426925393
	3426925394
	3426925395
	3426925396
	3426925397
	3426925398
	3426925399
	3426925400
	3426925401
	3426925402
	3426925403
	3426925404
	3426925405
	3426925406
	3426925407
	3426925408
	3426925409
	3426925410
	3426925411
	3426925412
	3426925413
	3426925414
	3426925415
	3426925416
	3426925417
	3426925418
	3426925419
	3426925420
	3426925421
	3426925422
	3426925423
	3426925424
	3426925425
	3426925426
	3426925427
	3426925428
	3426925429
	3426925430
	3426925431
	3426925432
	3426925433
	3426925434
	3426925435
	3426925436
	3426925437
	3426925438
	3426925439
	3426925440
	3426925441
	3426925442
	3426925443
	3426925444
	3426925445
	3426925446
	3426925447
	3426925448
	3426925449
	3426925450
	3426925451
	3426925452
	3426925453
	3426925454
	3426925455
	3426925456
	3426925457
	3426925458
	3426925459
	3426925460
	3426925461
	3426925462
	3426925463
	3426925464
	3426925465
	3426925466
	3426925467
	3426925468
	3426925469
	3426925470
	3426925471
	3426925472
	3426925473
	3426925474
	3426925475
	3426925476
	3426925477
	3426925478
	3426925479
	3426925480
	3426925481
	3426925482
	3426925483
	3426925484
	3426925485
	3426925486
	3426925487
	3426925488
	3426925489
	3426925490
	3426925491
	3426925492
	3426925493
	3426925494
	3426925495
	3426925496
	3426925497
	3426925498
	3426925499
	3426925500
	3426925501
	3426925502
	3426925503
	3426925504
	3426925505
	3426925506
	3426925507
	3426925508
	3426925509
	3426925510
	3426925511
	3426925512
	3426925513
	3426925514
	3426925515
	3426925516
	3426925517
	3426925518
	3426925519
	3426925520
	3426925521
	3426925522
	3426925523
	3426925524
	3426925525
	3426925526
	3426925527
	3426925528
	3426925529
	3426925530
	3426925531
	3426925532
	3426925533
	3426925534
	3426925535
	3426925536
	3426925537
	3426925538
	3426925539
	3426925540
	3426925541
	3426925542
	3426925543
	3426925544
	3426925545
	3426925546
	3426925547
	3426925548
	3426925549
	3426925550
	3426925551
	3426925552
	3426925553
	3426925554
	3426925555
	3426925556
	3426925557
	3426925558
	3426925559
	3426925560
	3426925561
	3426925562
	3426925563
	3426925564
	3426925565
	3426925566
	3426925567
	3426925568
	3426925569
	3426925570
	3426925571
	3426925572
	3426925573
	3426925574
	3426925575
	3426925576
	3426925577
	3426925578
	3426925579
	3426925580
	3426925581
	3426925582
	3426925583
	3426925584
	3426925585
	3426925586
	3426925587
	3426925588
	3426925589
	3426925590
	3426925591
	3426925592
	3426925593
	3426925594
	3426925595
	3426925596
	3426925597
	3426925598
	3426925599
	3426925600
	3426925601
	3426925602
	3426925603
	3426925604
	3426925605
	3426925606
	3426925607
	3426925608
	3426925609
	3426925610
	3426925611
	3426925612
	3426925613
	3426925614
	3426925615
	3426925616
	3426925617
	3426925618
	3426925619
	3426925620
	3426925621
	3426925622
	3426925623
	3426925624
	3426925625
	3426925626
	3426925627
	3426925628
	3426925629
	3426925630
	3426925631
	3426925632
	3426925633
	3426925634
	3426925635
	3426925636
	3426925637
	3426925638
	3426925639
	3426925640
	3426925641
	3426925642
	3426925643
	3426925644
	3426925645
	3426925646
	3426925647
	3426925648
	3426925649
	3426925650
	3426925651
	3426925652
	3426925653
	3426925654
	3426925655
	3426925656
	3426925657
	3426925658
	3426925659
	3426925660
	3426925661
	3426925662
	3426925663
	3426925664
	3426925665
	3426925666
	3426925667
	3426925668
	3426925669
	3426925670
	3426925671
	3426925672
	3426925673
	3426925674
	3426925675
	3426925676
	3426925677
	3426925678
	3426925679
	3426925680
	3426925681
	3426925682
	3426925683
	3426925684
	3426925685
	3426925686
	3426925687
	3426925688
	3426925689
	3426925690
	3426925691
	3426925692
	3426925693
	3426925694
	3426925695
	3426925696
	3426925697
	3426925698
	3426925699
	3426925700
	3426925701
	3426925702
	3426925703
	3426925704
	3426925705
	3426925706
	3426925707
	3426925708
	3426925709
	3426925710
	3426925711
	3426925712
	3426925713
	3426925714
	3426925715
	3426925716
	3426925717
	3426925718
	3426925719
	3426925720
	3426925721
	3426925722
	3426925723
	3426925724
	3426925725
	3426925726
	3426925727
	3426925728
	3426925729
	3426925730
	3426925731
	3426925732
	3426925733
	3426925734
	3426925735
	3426925736
	3426925737
	3426925738
	3426925739
	3426925740
	3426925741
	3426925742
	3426925743
	3426925744
	3426925745
	3426925746
	3426925747
	3426925748
	3426925749
	3426925750
	3426925751
	3426925752
	3426925753
	3426925754
	3426925755
	3426925756
	3426925757
	3426925758
	3426925759
	3426925760
	3426925761
	3426925762
	3426925763
	3426925764
	3426925765
	3426925766
	3426925767
	3426925768
	3426925769
	3426925770
	3426925771
	3426925772
	3426925773
	3426925774
	3426925775
	3426925776
	3426925777
	3426925778
	3426925779
	3426925780
	3426925781
	3426925782
	3426925783
	3426925784
	3426925785
	3426925786
	3426925787
	3426925788
	3426925789
	3426925790
	3426925791
	3426925792
	3426925793
	3426925794
	3426925795
	3426925796
	3426925797
	3426925798
	3426925799
	3426925800
	3426925801
	3426925802
	3426925803
	3426925804
	3426925805
	3426925806
	3426925807
	3426925808
	3426925809
	3426925810
	3426925811
	3426925812
	3426925813
	3426925814
	3426925815
	3426925816
	3426925817
	3426925818
	3426925819
	3426925820
	3426925821
	3426925822
	3426925823
	3426925824
	3426925825
	3426925826
	3426925827
	3426925828
	3426925829
	3426925830
	3426925831
	3426925832
	3426925833
	3426925834
	3426925835
	3426925836
	3426925837
	3426925838
	3426925839
	3426925840
	3426925841
	3426925842
	3426925843
	3426925844
	3426925845
	3426925846
	3426925847
	3426925848
	3426925849
	3426925850
	3426925851
	3426925852
	3426925853
	3426925854
	3426925855
	3426925856
	3426925857
	3426925858
	3426925859
	3426925860
	3426925861
	3426925862
	3426925863
	3426925864
	3426925865
	3426925866
	3426925867
	3426925868
	3426925869
	3426925870
	3426925871
	3426925872
	3426925873
	3426925874
	3426925875
	3426925876
	3426925877
	3426925878
	3426925879
	3426925880
	3426925881
	3426925882
	3426925883
	3426925884
	3426925885
	3426925886
	3426925887
	3426925888
	3426925889
	3426925890
	3426925891
	3426925892
	3426925893
	3426925894
	3426925895
	3426925896
	3426925897
	3426925898
	3426925899
	3426925900
	3426925901
	3426925902
	3426925903
	3426925904
	3426925905
	3426925906
	3426925907
	3426925908
	3426925909
	3426925910
	3426925911
	3426925912
	3426925913
	3426925914
	3426925915
	3426925916
	3426925917
	3426925918
	3426925919
	3426925920
	3426925921
	3426925922
	3426925923
	3426925924
	3426925925
	3426925926
	3426925927
	3426925928
	3426925929
	3426925930
	3426925931
	3426925932
	3426925933
	3426925934
	3426925935
	3426925936
	3426925937
	3426925938
	3426925939
	3426925940
	3426925941
	3426925942
	3426925943
	3426925944
	3426925945
	3426925946
	3426925947
	3426925948
	3426925949
	3426925950
	3426925951
	3426925952
	3426925953
	3426925954
	3426925955
	3426925956
	3426925957
	3426925958
	3426925959
	3426925960
	3426925961
	3426925962
	3426925963
	3426925964
	3426925965
	3426925966
	3426925967
	3426925968
	3426925969
	3426925970
	3426925971
	3426925972
	3426925973
	3426925974
	3426925975
	3426925976
	3426925977
	3426925978
	3426925979
	3426925980
	3426925981
	3426925982
	3426925983
	3426925984
	3426925985
	3426925986
	3426925987
	3426925988
	3426925989
	3426925990
	3426925991
	3426925992
	3426925993
	3426925994
	3426925995
	3426925996
	3426925997
	3426925998
	3426925999
	3426926000
	3426926001
	3426926002
	3426926003
	3426926004
	3426926005
	3426926006
	3426926007
	3426926008
	3426926009
	3426926010
	3426926011
	3426926012
	3426926013
	3426926014
	3426926015
	3426926016
	3426926017
	3426926018
	3426926019
	3426926020
	3426926021
	3426926022
	3426926023
	3426926024
	3426926025
	3426926026
	3426926027
	3426926028
	3426926029
	3426926030
	3426926031
	3426926032
	3426926033
	3426926034
	3426926035
	3426926036
	3426926037
	3426926038
	3426926039
	3426926040
	3426926041
	3426926042
	3426926043
	3426926044
	3426926045
	3426926046
	3426926047
	3426926048
	3426926049
	3426926050
	3426926051
	3426926052
	3426926053
	3426926054
	3426926055
	3426926056
	3426926057
	3426926058
	3426926059
	3426926060
	3426926061
	3426926062
	3426926063
	3426926064
	3426926065
	3426926066
	3426926067
	3426926068
	3426926069
	3426926070
	3426926071
	3426926072
	3426926073
	3426926074
	3426926075
	3426926076
	3426926077
	3426926078
	3426926079
	3426926080
	3426926081
	3426926082
	3426926083
	3426926084
	3426926085
	3426926086
	3426926087
	3426926088
	3426926089
	3426926090
	3426926091
	3426926092
	3426926093
	3426926094
	3426926095
	3426926096
	3426926097
	3426926098
	3426926099
	3426926100
	3426926101
	3426926102
	3426926103
	3426926104
	3426926105
	3426926106
	3426926107
	3426926108
	3426926109
	3426926110
	3426926111
	3426926112
	3426926113
	3426926114
	3426926115
	3426926116
	3426926117
	3426926118
	3426926119
	3426926120
	3426926121
	3426926122
	3426926123
	3426926124
	3426926125
	3426926126
	3426926127
	3426926128
	3426926129
	3426926130
	3426926131
	3426926132
	3426926133
	3426926134
	3426926135
	3426926136
	3426926137
	3426926138
	3426926139
	3426926140
	3426926141
	3426926142
	3426926143
	3426926144
	3426926145
	3426926146
	3426926147
	3426926148
	3426926149
	3426926150
	3426926151
	3426926152
	3426926153
	3426926154
	3426926155
	3426926156
	3426926157
	3426926158
	3426926159
	3426926160
	3426926161
	3426926162
	3426926163
	3426926164
	3426926165
	3426926166
	3426926167
	3426926168
	3426926169
	3426926170
	3426926171
	3426926172
	3426926173
	3426926174
	3426926175
	3426926176
	3426926177
	3426926178
	3426926179
	3426926180
	3426926181
	3426926182
	3426926183
	3426926184
	3426926185
	3426926186
	3426926187
	3426926188
	3426926189
	3426926190
	3426926191
	3426926192
	3426926193
	3426926194
	3426926195
	3426926196
	3426926197
	3426926198
	3426926199
	3426926200
	3426926201
	3426926202
	3426926203
	3426926204
	3426926205
	3426926206
	3426926207
	3426926208
	3426926209
	3426926210
	3426926211
	3426926212
	3426926213
	3426926214
	3426926215
	3426926216
	3426926217
	3426926218
	3426926219
	3426926220
	3426926221
	3426926222
	3426926223
	3426926224
	3426926225
	3426926226
	3426926227
	3426926228
	3426926229
	3426926230
	3426926231
	3426926232
	3426926233
	3426926234
	3426926235
	3426926236
	3426926237
	3426926238
	3426926239
	3426926240
	3426926241
	3426926242
	3426926243
	3426926244
	3426926245
	3426926246
	3426926247
	3426926248
	3426926249
	3426926250
	3426926251
	3426926252
	3426926253
	3426926254
	3426926255
	3426926256
	3426926257
	3426926258
	3426926259
	3426926260
	3426926261
	3426926262
	3426926263
	3426926264
	3426926265
	3426926266
	3426926267
	3426926268
	3426926269
	3426926270
	3426926271
	3426926272
	3426926273
	3426926274
	3426926275
	3426926276
	3426926277
	3426926278
	3426926279
	3426926280
	3426926281
	3426926282
	3426926283
	3426926284
	3426926285
	3426926286
	3426926287
	3426926288
	3426926289
	3426926290
	3426926291
	3426926292
	3426926293
	3426926294
	3426926295
	3426926296
	3426926297
	3426926298
	3426926299
	3426926300
	3426926301
	3426926302
	3426926303
	3426926304
	3426926305
	3426926306
	3426926307
	3426926308
	3426926309
	3426926310
	3426926311
	3426926312
	3426926313
	3426926314
	3426926315
	3426926316
	3426926317
	3426926318
	3426926319
	3426926320
	3426926321
	3426926322
	3426926323
	3426926324
	3426926325
	3426926326
	3426926327
	3426926328
	3426926329
	3426926330
	3426926331
	3426926332
	3426926333
	3426926334
	3426926335
	3426926336
	3426926337
	3426926338
	3426926339
	3426926340
	3426926341
	3426926342
	3426926343
	3426926344
	3426926345
	3426926346
	3426926347
	3426926348
	3426926349
	3426926350
	3426926351
	3426926352
	3426926353
	3426926354
	3426926355
	3426926356
	3426926357
	3426926358
	3426926359
	3426926360
	3426926361
	3426926362
	3426926363
	3426926364
	3426926365
	3426926366
	3426926367
	3426926368
	3426926369
	3426926370
	3426926371
	3426926372
	3426926373
	3426926374
	3426926375
	3426926376
	3426926377
	3426926378
	3426926379
	3426926380
	3426926381
	3426926382
	3426926383
	3426926384
	3426926385
	3426926386
	3426926387
	3426926388
	3426926389
	3426926390
	3426926391
	3426926392
	3426926393
	3426926394
	3426926395
	3426926396
	3426926397
	3426926398
	3426926399
	3426926400
	3426926401
	3426926402
	3426926403
	3426926404
	3426926405
	3426926406
	3426926407
	3426926408
	3426926409
	3426926410
	3426926411
	3426926412
	3426926413
	3426926414
	3426926415
	3426926416
	3426926417
	3426926418
	3426926419
	3426926420
	3426926421
	3426926422
	3426926423
	3426926424
	3426926425
	3426926426
	3426926427
	3426926428
	3426926429
	3426926430
	3426926431
	3426926432
	3426926433
	3426926434
	3426926435
	3426926436
	3426926437
	3426926438
	3426926439
	3426926440
	3426926441
	3426926442
	3426926443
	3426926444
	3426926445
	3426926446
	3426926447
	3426926448
	3426926449
	3426926450
	3426926451
	3426926452
	3426926453
	3426926454
	3426926455
	3426926456
	3426926457
	3426926458
	3426926459
	3426926460
	3426926461
	3426926462
	3426926463
	3426926464
	3426926465
	3426926466
	3426926467
	3426926468
	3426926469
	3426926470
	3426926471
	3426926472
	3426926473
	3426926474
	3426926475
	3426926476
	3426926477
	3426926478
	3426926479
	3426926480
	3426926481
	3426926482
	3426926483
	3426926484
	3426926485
	3426926486
	3426926487
	3426926488
	3426926489
	3426926490
	3426926491
	3426926492
	3426926493
	3426926494
	3426926495
	3426926496
	3426926497
	3426926498
	3426926499
	3426926500
	3426926501
	3426926502
	3426926503
	3426926504
	3426926505
	3426926506
	3426926507
	3426926508
	3426926509
	3426926510
	3426926511
	3426926512
	3426926513
	3426926514
	3426926515
	3426926516
	3426926517
	3426926518
	3426926519
	3426926520
	3426926521
	3426926522
	3426926523
	3426926524
	3426926525
	3426926526
	3426926527
	3426926528
	3426926529
	3426926530
	3426926531
	3426926532
	3426926533
	3426926534
	3426926535
	3426926536
	3426926537
	3426926538
	3426926539
	3426926540
	3426926541
	3426926542
	3426926543
	3426926544
	3426926545
	3426926546
	3426926547
	3426926548
	3426926549
	3426926550
	3426926551
	3426926552
	3426926553
	3426926554
	3426926555
	3426926556
	3426926557
	3426926558
	3426926559
	3426926560
	3426926561
	3426926562
	3426926563
	3426926564
	3426926565
	3426926566
	3426926567
	3426926568
	3426926569
	3426926570
	3426926571
	3426926572
	3426926573
	3426926574
	3426926575
	3426926576
	3426926577
	3426926578
	3426926579
	3426926580
	3426926581
	3426926582
	3426926583
	3426926584
	3426926585
	3426926586
	3426926587
	3426926588
	3426926589
	3426926590
	3426926591
	3426926592
	3426926593
	3426926594
	3426926595
	3426926596
	3426926597
	3426926598
	3426926599
	3426926600
	3426926601
	3426926602
	3426926603
	3426926604
	3426926605
	3426926606
	3426926607
	3426926608
	3426926609
	3426926610
	3426926611
	3426926612
	3426926613
	3426926614
	3426926615
	3426926616
	3426926617
	3426926618
	3426926619
	3426926620
	3426926621
	3426926622
	3426926623
	3426926624
	3426926625
	3426926626
	3426926627
	3426926628
	3426926629
	3426926630
	3426926631
	3426926632
	3426926633
	3426926634
	3426926635
	3426926636
	3426926637
	3426926638
	3426926639
	3426926640
	3426926641
	3426926642
	3426926643
	3426926644
	3426926645
	3426926646
	3426926647
	3426926648
	3426926649
	3426926650
	3426926651
	3426926652
	3426926653
	3426926654
	3426926655
	3426926656
	3426926657
	3426926658
	3426926659
	3426926660
	3426926661
	3426926662
	3426926663
	3426926664
	3426926665
	3426926666
	3426926667
	3426926668
	3426926669
	3426926670
	3426926671
	3426926672
	3426926673
	3426926674
	3426926675
	3426926676
	3426926677
	3426926678
	3426926679
	3426926680
	3426926681
	3426926682
	3426926683
	3426926684
	3426926685
	3426926686
	3426926687
	3426926688
	3426926689
	3426926690
	3426926691
	3426926692
	3426926693
	3426926694
	3426926695
	3426926696
	3426926697
	3426926698
	3426926699
	3426926700
	3426926701
	3426926702
	3426926703
	3426926704
	3426926705
	3426926706
	3426926707
	3426926708
	3426926709
	3426926710
	3426926711
	3426926712
	3426926713
	3426926714
	3426926715
	3426926716
	3426926717
	3426926718
	3426926719
	3426926720
	3426926721
	3426926722
	3426926723
	3426926724
	3426926725
	3426926726
	3426926727
	3426926728
	3426926729
	3426926730
	3426926731
	3426926732
	3426926733
	3426926734
	3426926735
	3426926736
	3426926737
	3426926738
	3426926739
	3426926740
	3426926741
	3426926742
	3426926743
	3426926744
	3426926745
	3426926746
	3426926747
	3426926748
	3426926749
	3426926750
	3426926751
	3426926752
	3426926753
	3426926754
	3426926755
	3426926756
	3426926757
	3426926758
	3426926759
	3426926760
	3426926761
	3426926762
	3426926763
	3426926764
	3426926765
	3426926766
	3426926767
	3426926768
	3426926769
	3426926770
	3426926771
	3426926772
	3426926773
	3426926774
	3426926775
	3426926776
	3426926777
	3426926778
	3426926779
	3426926780
	3426926781
	3426926782
	3426926783
	3426926784
	3426926785
	3426926786
	3426926787
	3426926788
	3426926789
	3426926790
	3426926791
	3426926792
	3426926793
	3426926794
	3426926795
	3426926796
	3426926797
	3426926798
	3426926799
	3426926800
	3426926801
	3426926802
	3426926803
	3426926804
	3426926805
	3426926806
	3426926807
	3426926808
	3426926809
	3426926810
	3426926811
	3426926812
	3426926813
	3426926814
	3426926815
	3426926816
	3426926817
	3426926818
	3426926819
	3426926820
	3426926821
	3426926822
	3426926823
	3426926824
	3426926825
	3426926826
	3426926827
	3426926828
	3426926829
	3426926830
	3426926831
	3426926832
	3426926833
	3426926834
	3426926835
	3426926836
	3426926837
	3426926838
	3426926839
	3426926840
	3426926841
	3426926842
	3426926843
	3426926844
	3426926845
	3426926846
	3426926847
	3426926848
	3426926849
	3426926850
	3426926851
	3426926852
	3426926853
	3426926854
	3426926855
	3426926856
	3426926857
	3426926858
	3426926859
	3426926860
	3426926861
	3426926862
	3426926863
	3426926864
	3426926865
	3426926866
	3426926867
	3426926868
	3426926869
	3426926870
	3426926871
	3426926872
	3426926873
	3426926874
	3426926875
	3426926876
	3426926877
	3426926878
	3426926879
	3426926880
	3426926881
	3426926882
	3426926883
	3426926884
	3426926885
	3426926886
	3426926887
	3426926888
	3426926889
	3426926890
	3426926891
	3426926892
	3426926893
	3426926894
	3426926895
	3426926896
	3426926897
	3426926898
	3426926899
	3426926900
	3426926901
	3426926902
	3426926903
	3426926904
	3426926905
	3426926906
	3426926907
	3426926908
	3426926909
	3426926910
	3426926911
	3426926912
	3426926913
	3426926914
	3426926915
	3426926916
	3426926917
	3426926918
	3426926919
	3426926920
	3426926921
	3426926922
	3426926923
	3426926924
	3426926925
	3426926926
	3426926927
	3426926928
	3426926929
	3426926930
	3426926931
	3426926932
	3426926933
	3426926934
	3426926935
	3426926936
	3426926937
	3426926938
	3426926939
	3426926940
	3426926941
	3426926942
	3426926943
	3426926944
	3426926945
	3426926946
	3426926947
	3426926948
	3426926949
	3426926950
	3426926951
	3426926952
	3426926953
	3426926954
	3426926955
	3426926956
	3426926957
	3426926958
	3426926959
	3426926960
	3426926961
	3426926962
	3426926963
	3426926964
	3426926965
	3426926966
	3426926967
	3426926968
	3426926969
	3426926970
	3426926971
	3426926972
	3426926973
	3426926974
	3426926975
	3426926976
	3426926977
	3426926978
	3426926979
	3426926980
	3426926981
	3426926982
	3426926983
	3426926984
	3426926985
	3426926986
	3426926987
	3426926988
	3426926989
	3426926990
	3426926991
	3426926992
	3426926993
	3426926994
	3426926995
	3426926996
	3426926997
	3426926998
	3426926999
	3426927000
	3426927001
	3426927002
	3426927003
	3426927004
	3426927005
	3426927006
	3426927007
	3426927008
	3426927009
	3426927010
	3426927011
	3426927012
	3426927013
	3426927014
	3426927015
	3426927016
	3426927017
	3426927018
	3426927019
	3426927020
	3426927021
	3426927022
	3426927023
	3426927024
	3426927025
	3426927026
	3426927027
	3426927028
	3426927029
	3426927030
	3426927031
	3426927032
	3426927033
	3426927034
	3426927035
	3426927036
	3426927037
	3426927038
	3426927039
	3426927040
	3426927041
	3426927042
	3426927043
	3426927044
	3426927045
	3426927046
	3426927047
	3426927048
	3426927049
	3426927050
	3426927051
	3426927052
	3426927053
	3426927054
	3426927055
	3426927056
	3426927057
	3426927058
	3426927059
	3426927060
	3426927061
	3426927062
	3426927063
	3426927064
	3426927065
	3426927066
	3426927067
	3426927068
	3426927069
	3426927070
	3426927071
	3426927072
	3426927073
	3426927074
	3426927075
	3426927076
	3426927077
	3426927078
	3426927079
	3426927080
	3426927081
	3426927082
	3426927083
	3426927084
	3426927085
	3426927086
	3426927087
	3426927088
	3426927089
	3426927090
	3426927091
	3426927092
	3426927093
	3426927094
	3426927095
	3426927096
	3426927097
	3426927098
	3426927099
	3426927100
	3426927101
	3426927102
	3426927103
	3426927104
	3426927105
	3426927106
	3426927107
	3426927108
	3426927109
	3426927110
	3426927111
	3426927112
	3426927113
	3426927114
	3426927115
	3426927116
	3426927117
	3426927118
	3426927119
	3426927120
	3426927121
	3426927122
	3426927123
	3426927124
	3426927125
	3426927126
	3426927127
	3426927128
	3426927129
	3426927130
	3426927131
	3426927132
	3426927133
	3426927134
	3426927135
	3426927136
	3426927137
	3426927138
	3426927139
	3426927140
	3426927141
	3426927142
	3426927143
	3426927144
	3426927145
	3426927146
	3426927147
	3426927148
	3426927149
	3426927150
	3426927151
	3426927152
	3426927153
	3426927154
	3426927155
	3426927156
	3426927157
	3426927158
	3426927159
	3426927160
	3426927161
	3426927162
	3426927163
	3426927164
	3426927165
	3426927166
	3426927167
	3426927168
	3426927169
	3426927170
	3426927171
	3426927172
	3426927173
	3426927174
	3426927175
	3426927176
	3426927177
	3426927178
	3426927179
	3426927180
	3426927181
	3426927182
	3426927183
	3426927184
	3426927185
	3426927186
	3426927187
	3426927188
	3426927189
	3426927190
	3426927191
	3426927192
	3426927193
	3426927194
	3426927195
	3426927196
	3426927197
	3426927198
	3426927199
	3426927200
	3426927201
	3426927202
	3426927203
	3426927204
	3426927205
	3426927206
	3426927207
	3426927208
	3426927209
	3426927210
	3426927211
	3426927212
	3426927213
	3426927214
	3426927215
	3426927216
	3426927217
	3426927218
	3426927219
	3426927220
	3426927221
	3426927222
	3426927223
	3426927224
	3426927225
	3426927226
	3426927227
	3426927228
	3426927229
	3426927230
	3426927231
	3426927232
	3426927233
	3426927234
	3426927235
	3426927236
	3426927237
	3426927238
	3426927239
	3426927240
	3426927241
	3426927242
	3426927243
	3426927244
	3426927245
	3426927246
	3426927247
	3426927248
	3426927249
	3426927250
	3426927251
	3426927252
	3426927253
	3426927254
	3426927255
	3426927256
	3426927257
	3426927258
	3426927259
	3426927260
	3426927261
	3426927262
	3426927263
	3426927264
	3426927265
	3426927266
	3426927267
	3426927268
	3426927269
	3426927270
	3426927271
	3426927272
	3426927273
	3426927274
	3426927275
	3426927276
	3426927277
	3426927278
	3426927279
	3426927280
	3426927281
	3426927282
	3426927283
	3426927284
	3426927285
	3426927286
	3426927287
	3426927288
	3426927289
	3426927290
	3426927291
	3426927292
	3426927293
	3426927294
	3426927295
	3426927296
	3426927297
	3426927298
	3426927299
	3426927300
	3426927301
	3426927302
	3426927303
	3426927304
	3426927305
	3426927306
	3426927307
	3426927308
	3426927309
	3426927310
	3426927311
	3426927312
	3426927313
	3426927314
	3426927315
	3426927316
	3426927317
	3426927318
	3426927319
	3426927320
	3426927321
	3426927322
	3426927323
	3426927324
	3426927325
	3426927326
	3426927327
	3426927328
	3426927329
	3426927330
	3426927331
	3426927332
	3426927333
	3426927334
	3426927335
	3426927336
	3426927337
	3426927338
	3426927339
	3426927340
	3426927341
	3426927342
	3426927343
	3426927344
	3426927345
	3426927346
	3426927347
	3426927348
	3426927349
	3426927350
	3426927351
	3426927352
	3426927353
	3426927354
	3426927355
	3426927356
	3426927357
	3426927358
	3426927359
	3426927360
	3426927361
	3426927362
	3426927363
	3426927364
	3426927365
	3426927366
	3426927367
	3426927368
	3426927369
	3426927370
	3426927371
	3426927372
	3426927373
	3426927374
	3426927375
	3426927376
	3426927377
	3426927378
	3426927379
	3426927380
	3426927381
	3426927382
	3426927383
	3426927384
	3426927385
	3426927386
	3426927387
	3426927388
	3426927389
	3426927390
	3426927391
	3426927392
	3426927393
	3426927394
	3426927395
	3426927396
	3426927397
	3426927398
	3426927399
	3426927400
	3426927401
	3426927402
	3426927403
	3426927404
	3426927405
	3426927406
	3426927407
	3426927408
	3426927409
	3426927410
	3426927411
	3426927412
	3426927413
	3426927414
	3426927415
	3426927416
	3426927417
	3426927418
	3426927419
	3426927420
	3426927421
	3426927422
	3426927423
	3426927424
	3426927425
	3426927426
	3426927427
	3426927428
	3426927429
	3426927430
	3426927431
	3426927432
	3426927433
	3426927434
	3426927435
	3426927436
	3426927437
	3426927438
	3426927439
	3426927440
	3426927441
	3426927442
	3426927443
	3426927444
	3426927445
	3426927446
	3426927447
	3426927448
	3426927449
	3426927450
	3426927451
	3426927452
	3426927453
	3426927454
	3426927455
	3426927456
	3426927457
	3426927458
	3426927459
	3426927460
	3426927461
	3426927462
	3426927463
	3426927464
	3426927465
	3426927466
	3426927467
	3426927468
	3426927469
	3426927470
	3426927471
	3426927472
	3426927473
	3426927474
	3426927475
	3426927476
	3426927477
	3426927478
	3426927479
	3426927480
	3426927481
	3426927482
	3426927483
	3426927484
	3426927485
	3426927486
	3426927487
	3426927488
	3426927489
	3426927490
	3426927491
	3426927492
	3426927493
	3426927494
	3426927495
	3426927496
	3426927497
	3426927498
	3426927499
	3426927500
	3426927501
	3426927502
	3426927503
	3426927504
	3426927505
	3426927506
	3426927507
	3426927508
	3426927509
	3426927510
	3426927511
	3426927512
	3426927513
	3426927514
	3426927515
	3426927516
	3426927517
	3426927518
	3426927519
	3426927520
	3426927521
	3426927522
	3426927523
	3426927524
	3426927525
	3426927526
	3426927527
	3426927528
	3426927529
	3426927530
	3426927531
	3426927532
	3426927533
	3426927534
	3426927535
	3426927536
	3426927537
	3426927538
	3426927539
	3426927540
	3426927541
	3426927542
	3426927543
	3426927544
	3426927545
	3426927546
	3426927547
	3426927548
	3426927549
	3426927550
	3426927551
	3426927552
	3426927553
	3426927554
	3426927555
	3426927556
	3426927557
	3426927558
	3426927559
	3426927560
	3426927561
	3426927562
	3426927563
	3426927564
	3426927565
	3426927566
	3426927567
	3426927568
	3426927569
	3426927570
	3426927571
	3426927572
	3426927573
	3426927574
	3426927575
	3426927576
	3426927577
	3426927578
	3426927579
	3426927580
	3426927581
	3426927582
	3426927583
	3426927584
	3426927585
	3426927586
	3426927587
	3426927588
	3426927589
	3426927590
	3426927591
	3426927592
	3426927593
	3426927594
	3426927595
	3426927596
	3426927597
	3426927598
	3426927599
	3426927600
	3426927601
	3426927602
	3426927603
	3426927604
	3426927605
	3426927606
	3426927607
	3426927608
	3426927609
	3426927610
	3426927611
	3426927612
	3426927613
	3426927614
	3426927615
	3426927616
	3426927617
	3426927618
	3426927619
	3426927620
	3426927621
	3426927622
	3426927623
	3426927624
	3426927625
	3426927626
	3426927627
	3426927628
	3426927629
	3426927630
	3426927631
	3426927632
	3426927633
	3426927634
	3426927635
	3426927636
	3426927637
	3426927638
	3426927639
	3426927640
	3426927641
	3426927642
	3426927643
	3426927644
	3426927645
	3426927646
	3426927647
	3426927648
	3426927649
	3426927650
	3426927651
	3426927652
	3426927653
	3426927654
	3426927655
	3426927656
	3426927657
	3426927658
	3426927659
	3426927660
	3426927661
	3426927662
	3426927663
	3426927664
	3426927665
	3426927666
	3426927667
	3426927668
	3426927669
	3426927670
	3426927671
	3426927672
	3426927673
	3426927674
	3426927675
	3426927676
	3426927677
	3426927678
	3426927679
	3426927680
	3426927681
	3426927682
	3426927683
	3426927684
	3426927685
	3426927686
	3426927687
	3426927688
	3426927689
	3426927690
	3426927691
	3426927692
	3426927693
	3426927694
	3426927695
	3426927696
	3426927697
	3426927698
	3426927699
	3426927700
	3426927701
	3426927702
	3426927703
	3426927704
	3426927705
	3426927706
	3426927707
	3426927708
	3426927709
	3426927710
	3426927711
	3426927712
	3426927713
	3426927714
	3426927715
	3426927716
	3426927717
	3426927718
	3426927719
	3426927720
	3426927721
	3426927722
	3426927723
	3426927724
	3426927725
	3426927726
	3426927727
	3426927728
	3426927729
	3426927730
	3426927731
	3426927732
	3426927733
	3426927734
	3426927735
	3426927736
	3426927737
	3426927738
	3426927739
	3426927740
	3426927741
	3426927742
	3426927743
	3426927744
	3426927745
	3426927746
	3426927747
	3426927748
	3426927749
	3426927750
	3426927751
	3426927752
	3426927753
	3426927754
	3426927755
	3426927756
	3426927757
	3426927758
	3426927759
	3426927760
	3426927761
	3426927762
	3426927763
	3426927764
	3426927765
	3426927766
	3426927767
	3426927768
	3426927769
	3426927770
	3426927771
	3426927772
	3426927773
	3426927774
	3426927775
	3426927776
	3426927777
	3426927778
	3426927779
	3426927780
	3426927781
	3426927782
	3426927783
	3426927784
	3426927785
	3426927786
	3426927787
	3426927788
	3426927789
	3426927790
	3426927791
	3426927792
	3426927793
	3426927794
	3426927795
	3426927796
	3426927797
	3426927798
	3426927799
	3426927800
	3426927801
	3426927802
	3426927803
	3426927804
	3426927805
	3426927806
	3426927807
	3426927808
	3426927809
	3426927810
	3426927811
	3426927812
	3426927813
	3426927814
	3426927815
	3426927816
	3426927817
	3426927818
	3426927819
	3426927820
	3426927821
	3426927822
	3426927823
	3426927824
	3426927825
	3426927826
	3426927827
	3426927828
	3426927829
	3426927830
	3426927831
	3426927832
	3426927833
	3426927834
	3426927835
	3426927836
	3426927837
	3426927838
	3426927839
	3426927840
	3426927841
	3426927842
	3426927843
	3426927844
	3426927845
	3426927846
	3426927847
	3426927848
	3426927849
	3426927850
	3426927851
	3426927852
	3426927853
	3426927854
	3426927855
	3426927856
	3426927857
	3426927858
	3426927859
	3426927860
	3426927861
	3426927862
	3426927863
	3426927864
	3426927865
	3426927866
	3426927867
	3426927868
	3426927869
	3426927870
	3426927871
	3426927872
	3426927873
	3426927874
	3426927875
	3426927876
	3426927877
	3426927878
	3426927879
	3426927880
	3426927881
	3426927882
	3426927883
	3426927884
	3426927885
	3426927886
	3426927887
	3426927888
	3426927889
	3426927890
	3426927891
	3426927892
	3426927893
	3426927894
	3426927895
	3426927896
	3426927897
	3426927898
	3426927899
	3426927900
	3426927901
	3426927902
	3426927903
	3426927904
	3426927905
	3426927906
	3426927907
	3426927908
	3426927909
	3426927910
	3426927911
	3426927912
	3426927913
	3426927914
	3426927915
	3426927916
	3426927917
	3426927918
	3426927919
	3426927920
	3426927921
	3426927922
	3426927923
	3426927924
	3426927925
	3426927926
	3426927927
	3426927928
	3426927929
	3426927930
	3426927931
	3426927932
	3426927933
	3426927934
	3426927935
	3426927936
	3426927937
	3426927938
	3426927939
	3426927940
	3426927941
	3426927942
	3426927943
	3426927944
	3426927945
	3426927946
	3426927947
	3426927948
	3426927949
	3426927950
	3426927951
	3426927952
	3426927953
	3426927954
	3426927955
	3426927956
	3426927957
	3426927958
	3426927959
	3426927960
	3426927961
	3426927962
	3426927963
	3426927964
	3426927965
	3426927966
	3426927967
	3426927968
	3426927969
	3426927970
	3426927971
	3426927972
	3426927973
	3426927974
	3426927975
	3426927976
	3426927977
	3426927978
	3426927979
	3426927980
	3426927981
	3426927982
	3426927983
	3426927984
	3426927985
	3426927986
	3426927987
	3426927988
	3426927989
	3426927990
	3426927991
	3426927992
	3426927993
	3426927994
	3426927995
	3426927996
	3426927997
	3426927998
	3426927999
	3426928000
	3426928001
	3426928002
	3426928003
	3426928004
	3426928005
	3426928006
	3426928007
	3426928008
	3426928009
	3426928010
	3426928011
	3426928012
	3426928013
	3426928014
	3426928015
	3426928016
	3426928017
	3426928018
	3426928019
	3426928020
	3426928021
	3426928022
	3426928023
	3426928024
	3426928025
	3426928026
	3426928027
	3426928028
	3426928029
	3426928030
	3426928031
	3426928032
	3426928033
	3426928034
	3426928035
	3426928036
	3426928037
	3426928038
	3426928039
	3426928040
	3426928041
	3426928042
	3426928043
	3426928044
	3426928045
	3426928046
	3426928047
	3426928048
	3426928049
	3426928050
	3426928051
	3426928052
	3426928053
	3426928054
	3426928055
	3426928056
	3426928057
	3426928058
	3426928059
	3426928060
	3426928061
	3426928062
	3426928063
	3426928064
	3426928065
	3426928066
	3426928067
	3426928068
	3426928069
	3426928070
	3426928071
	3426928072
	3426928073
	3426928074
	3426928075
	3426928076
	3426928077
	3426928078
	3426928079
	3426928080
	3426928081
	3426928082
	3426928083
	3426928084
	3426928085
	3426928086
	3426928087
	3426928088
	3426928089
	3426928090
	3426928091
	3426928092
	3426928093
	3426928094
	3426928095
	3426928096
	3426928097
	3426928098
	3426928099
	3426928100
	3426928101
	3426928102
	3426928103
	3426928104
	3426928105
	3426928106
	3426928107
	3426928108
	3426928109
	3426928110
	3426928111
	3426928112
	3426928113
	3426928114
	3426928115
	3426928116
	3426928117
	3426928118
	3426928119
	3426928120
	3426928121
	3426928122
	3426928123
	3426928124
	3426928125
	3426928126
	3426928127
	3426928128
	3426928129
	3426928130
	3426928131
	3426928132
	3426928133
	3426928134
	3426928135
	3426928136
	3426928137
	3426928138
	3426928139
	3426928140
	3426928141
	3426928142
	3426928143
	3426928144
	3426928145
	3426928146
	3426928147
	3426928148
	3426928149
	3426928150
	3426928151
	3426928152
	3426928153
	3426928154
	3426928155
	3426928156
	3426928157
	3426928158
	3426928159
	3426928160
	3426928161
	3426928162
	3426928163
	3426928164
	3426928165
	3426928166
	3426928167
	3426928168
	3426928169
	3426928170
	3426928171
	3426928172
	3426928173
	3426928174
	3426928175
	3426928176
	3426928177
	3426928178
	3426928179
	3426928180
	3426928181
	3426928182
	3426928183
	3426928184
	3426928185
	3426928186
	3426928187
	3426928188
	3426928189
	3426928190
	3426928191
	3426928192
	3426928193
	3426928194
	3426928195
	3426928196
	3426928197
	3426928198
	3426928199
	3426928200
	3426928201
	3426928202
	3426928203
	3426928204
	3426928205
	3426928206
	3426928207
	3426928208
	3426928209
	3426928210
	3426928211
	3426928212
	3426928213
	3426928214
	3426928215
	3426928216
	3426928217
	3426928218
	3426928219
	3426928220
	3426928221
	3426928222
	3426928223
	3426928224
	3426928225
	3426928226
	3426928227
	3426928228
	3426928229
	3426928230
	3426928231
	3426928232
	3426928233
	3426928234
	3426928235
	3426928236
	3426928237
	3426928238
	3426928239
	3426928240
	3426928241
	3426928242
	3426928243
	3426928244
	3426928245
	3426928246
	3426928247
	3426928248
	3426928249
	3426928250
	3426928251
	3426928252
	3426928253
	3426928254
	3426928255
	3426928256
	3426928257
	3426928258
	3426928259
	3426928260
	3426928261
	3426928262
	3426928263
	3426928264
	3426928265
	3426928266
	3426928267
	3426928268
	3426928269
	3426928270
	3426928271
	3426928272
	3426928273
	3426928274
	3426928275
	3426928276
	3426928277
	3426928278
	3426928279
	3426928280
	3426928281
	3426928282
	3426928283
	3426928284
	3426928285
	3426928286
	3426928287
	3426928288
	3426928289
	3426928290
	3426928291
	3426928292
	3426928293
	3426928294
	3426928295
	3426928296
	3426928297
	3426928298
	3426928299
	3426928300
	3426928301
	3426928302
	3426928303
	3426928304
	3426928305
	3426928306
	3426928307
	3426928308
	3426928309
	3426928310
	3426928311
	3426928312
	3426928313
	3426928314
	3426928315
	3426928316
	3426928317
	3426928318
	3426928319
	3426928320
	3426928321
	3426928322
	3426928323
	3426928324
	3426928325
	3426928326
	3426928327
	3426928328
	3426928329
	3426928330
	3426928331
	3426928332
	3426928333
	3426928334
	3426928335
	3426928336
	3426928337
	3426928338
	3426928339
	3426928340
	3426928341
	3426928342
	3426928343
	3426928344
	3426928345
	3426928346
	3426928347
	3426928348
	3426928349
	3426928350
	3426928351
	3426928352
	3426928353
	3426928354
	3426928355
	3426928356
	3426928357
	3426928358
	3426928359
	3426928360
	3426928361
	3426928362
	3426928363
	3426928364
	3426928365
	3426928366
	3426928367
	3426928368
	3426928369
	3426928370
	3426928371
	3426928372
	3426928373
	3426928374
	3426928375
	3426928376
	3426928377
	3426928378
	3426928379
	3426928380
	3426928381
	3426928382
	3426928383
	3426928384
	3426928385
	3426928386
	3426928387
	3426928388
	3426928389
	3426928390
	3426928391
	3426928392
	3426928393
	3426928394
	3426928395
	3426928396
	3426928397
	3426928398
	3426928399
	3426928400
	3426928401
	3426928402
	3426928403
	3426928404
	3426928405
	3426928406
	3426928407
	3426928408
	3426928409
	3426928410
	3426928411
	3426928412
	3426928413
	3426928414
	3426928415
	3426928416
	3426928417
	3426928418
	3426928419
	3426928420
	3426928421
	3426928422
	3426928423
	3426928424
	3426928425
	3426928426
	3426928427
	3426928428
	3426928429
	3426928430
	3426928431
	3426928432
	3426928433
	3426928434
	3426928435
	3426928436
	3426928437
	3426928438
	3426928439
	3426928440
	3426928441
	3426928442
	3426928443
	3426928444
	3426928445
	3426928446
	3426928447
	3426928448
	3426928449
	3426928450
	3426928451
	3426928452
	3426928453
	3426928454
	3426928455
	3426928456
	3426928457
	3426928458
	3426928459
	3426928460
	3426928461
	3426928462
	3426928463
	3426928464
	3426928465
	3426928466
	3426928467
	3426928468
	3426928469
	3426928470
	3426928471
	3426928472
	3426928473
	3426928474
	3426928475
	3426928476
	3426928477
	3426928478
	3426928479
	3426928480
	3426928481
	3426928482
	3426928483
	3426928484
	3426928485
	3426928486
	3426928487
	3426928488
	3426928489
	3426928490
	3426928491
	3426928492
	3426928493
	3426928494
	3426928495
	3426928496
	3426928497
	3426928498
	3426928499
	3426928500
	3426928501
	3426928502
	3426928503
	3426928504
	3426928505
	3426928506
	3426928507
	3426928508
	3426928509
	3426928510
	3426928511
	3426928512
	3426928513
	3426928514
	3426928515
	3426928516
	3426928517
	3426928518
	3426928519
	3426928520
	3426928521
	3426928522
	3426928523
	3426928524
	3426928525
	3426928526
	3426928527
	3426928528
	3426928529
	3426928530
	3426928531
	3426928532
	3426928533
	3426928534
	3426928535
	3426928536
	3426928537
	3426928538
	3426928539
	3426928540
	3426928541
	3426928542
	3426928543
	3426928544
	3426928545
	3426928546
	3426928547
	3426928548
	3426928549
	3426928550
	3426928551
	3426928552
	3426928553
	3426928554
	3426928555
	3426928556
	3426928557
	3426928558
	3426928559
	3426928560
	3426928561
	3426928562
	3426928563
	3426928564
	3426928565
	3426928566
	3426928567
	3426928568
	3426928569
	3426928570
	3426928571
	3426928572
	3426928573
	3426928574
	3426928575
	3426928576
	3426928577
	3426928578
	3426928579
	3426928580
	3426928581
	3426928582
	3426928583
	3426928584
	3426928585
	3426928586
	3426928587
	3426928588
	3426928589
	3426928590
	3426928591
	3426928592
	3426928593
	3426928594
	3426928595
	3426928596
	3426928597
	3426928598
	3426928599
	3426928600
	3426928601
	3426928602
	3426928603
	3426928604
	3426928605
	3426928606
	3426928607
	3426928608
	3426928609
	3426928610
	3426928611
	3426928612
	3426928613
	3426928614
	3426928615
	3426928616
	3426928617
	3426928618
	3426928619
	3426928620
	3426928621
	3426928622
	3426928623
	3426928624
	3426928625
	3426928626
	3426928627
	3426928628
	3426928629
	3426928630
	3426928631
	3426928632
	3426928633
	3426928634
	3426928635
	3426928636
	3426928637
	3426928638
	3426928639
	3426928640
	3426928641
	3426928642
	3426928643
	3426928644
	3426928645
	3426928646
	3426928647
	3426928648
	3426928649
	3426928650
	3426928651
	3426928652
	3426928653
	3426928654
	3426928655
	3426928656
	3426928657
	3426928658
	3426928659
	3426928660
	3426928661
	3426928662
	3426928663
	3426928664
	3426928665
	3426928666
	3426928667
	3426928668
	3426928669
	3426928670
	3426928671
	3426928672
	3426928673
	3426928674
	3426928675
	3426928676
	3426928677
	3426928678
	3426928679
	3426928680
	3426928681
	3426928682
	3426928683
	3426928684
	3426928685
	3426928686
	3426928687
	3426928688
	3426928689
	3426928690
	3426928691
	3426928692
	3426928693
	3426928694
	3426928695
	3426928696
	3426928697
	3426928698
	3426928699
	3426928700
	3426928701
	3426928702
	3426928703
	3426928704
	3426928705
	3426928706
	3426928707
	3426928708
	3426928709
	3426928710
	3426928711
	3426928712
	3426928713
	3426928714
	3426928715
	3426928716
	3426928717
	3426928718
	3426928719
	3426928720
	3426928721
	3426928722
	3426928723
	3426928724
	3426928725
	3426928726
	3426928727
	3426928728
	3426928729
	3426928730
	3426928731
	3426928732
	3426928733
	3426928734
	3426928735
	3426928736
	3426928737
	3426928738
	3426928739
	3426928740
	3426928741
	3426928742
	3426928743
	3426928744
	3426928745
	3426928746
	3426928747
	3426928748
	3426928749
	3426928750
	3426928751
	3426928752
	3426928753
	3426928754
	3426928755
	3426928756
	3426928757
	3426928758
	3426928759
	3426928760
	3426928761
	3426928762
	3426928763
	3426928764
	3426928765
	3426928766
	3426928767
	3426928768
	3426928769
	3426928770
	3426928771
	3426928772
	3426928773
	3426928774
	3426928775
	3426928776
	3426928777
	3426928778
	3426928779
	3426928780
	3426928781
	3426928782
	3426928783
	3426928784
	3426928785
	3426928786
	3426928787
	3426928788
	3426928789
	3426928790
	3426928791
	3426928792
	3426928793
	3426928794
	3426928795
	3426928796
	3426928797
	3426928798
	3426928799
	3426928800
	3426928801
	3426928802
	3426928803
	3426928804
	3426928805
	3426928806
	3426928807
	3426928808
	3426928809
	3426928810
	3426928811
	3426928812
	3426928813
	3426928814
	3426928815
	3426928816
	3426928817
	3426928818
	3426928819
	3426928820
	3426928821
	3426928822
	3426928823
	3426928824
	3426928825
	3426928826
	3426928827
	3426928828
	3426928829
	3426928830
	3426928831
	3426928832
	3426928833
	3426928834
	3426928835
	3426928836
	3426928837
	3426928838
	3426928839
	3426928840
	3426928841
	3426928842
	3426928843
	3426928844
	3426928845
	3426928846
	3426928847
	3426928848
	3426928849
	3426928850
	3426928851
	3426928852
	3426928853
	3426928854
	3426928855
	3426928856
	3426928857
	3426928858
	3426928859
	3426928860
	3426928861
	3426928862
	3426928863
	3426928864
	3426928865
	3426928866
	3426928867
	3426928868
	3426928869
	3426928870
	3426928871
	3426928872
	3426928873
	3426928874
	3426928875
	3426928876
	3426928877
	3426928878
	3426928879
	3426928880
	3426928881
	3426928882
	3426928883
	3426928884
	3426928885
	3426928886
	3426928887
	3426928888
	3426928889
	3426928890
	3426928891
	3426928892
	3426928893
	3426928894
	3426928895
	3426928896
	3426928897
	3426928898
	3426928899
	3426928900
	3426928901
	3426928902
	3426928903
	3426928904
	3426928905
	3426928906
	3426928907
	3426928908
	3426928909
	3426928910
	3426928911
	3426928912
	3426928913
	3426928914
	3426928915
	3426928916
	3426928917
	3426928918
	3426928919
	3426928920
	3426928921
	3426928922
	3426928923
	3426928924
	3426928925
	3426928926
	3426928927
	3426928928
	3426928929
	3426928930
	3426928931
	3426928932
	3426928933
	3426928934
	3426928935
	3426928936
	3426928937
	3426928938
	3426928939
	3426928940
	3426928941
	3426928942
	3426928943
	3426928944
	3426928945
	3426928946
	3426928947
	3426928948
