	3426975749
	3426975750
	3426975751
	3426975752
	3426975753
	3426975754
	3426975755
	3426975756
	3426975757
	3426975758
	3426975759
	3426975760
	3426975761
	3426975762
	3426975763
	3426975764
	3426975765
	3426975766
	3426975767
	3426975768
	3426975769
	3426975770
	3426975771
	3426975772
	3426975773
	3426975774
	3426975775
	3426975776
	3426975777
	3426975778
	3426975779
	3426975780
	3426975781
	3426975782
	3426975783
	3426975784
	3426975785
	3426975786
	3426975787
	3426975788
	3426975789
	3426975790
	3426975791
	3426975792
	3426975793
	3426975794
	3426975795
	3426975796
	3426975797
	3426975798
	3426975799
	3426975800
	3426975801
	3426975802
	3426975803
	3426975804
	3426975805
	3426975806
	3426975807
	3426975808
	3426975809
	3426975810
	3426975811
	3426975812
	3426975813
	3426975814
	3426975815
	3426975816
	3426975817
	3426975818
	3426975819
	3426975820
	3426975821
	3426975822
	3426975823
	3426975824
	3426975825
	3426975826
	3426975827
	3426975828
	3426975829
	3426975830
	3426975831
	3426975832
	3426975833
	3426975834
	3426975835
	3426975836
	3426975837
	3426975838
	3426975839
	3426975840
	3426975841
	3426975842
	3426975843
	3426975844
	3426975845
	3426975846
	3426975847
	3426975848
	3426975849
	3426975850
	3426975851
	3426975852
	3426975853
	3426975854
	3426975855
	3426975856
	3426975857
	3426975858
	3426975859
	3426975860
	3426975861
	3426975862
	3426975863
	3426975864
	3426975865
	3426975866
	3426975867
	3426975868
	3426975869
	3426975870
	3426975871
	3426975872
	3426975873
	3426975874
	3426975875
	3426975876
	3426975877
	3426975878
	3426975879
	3426975880
	3426975881
	3426975882
	3426975883
	3426975884
	3426975885
	3426975886
	3426975887
	3426975888
	3426975889
	3426975890
	3426975891
	3426975892
	3426975893
	3426975894
	3426975895
	3426975896
	3426975897
	3426975898
	3426975899
	3426975900
	3426975901
	3426975902
	3426975903
	3426975904
	3426975905
	3426975906
	3426975907
	3426975908
	3426975909
	3426975910
	3426975911
	3426975912
	3426975913
	3426975914
	3426975915
	3426975916
	3426975917
	3426975918
	3426975919
	3426975920
	3426975921
	3426975922
	3426975923
	3426975924
	3426975925
	3426975926
	3426975927
	3426975928
	3426975929
	3426975930
	3426975931
	3426975932
	3426975933
	3426975934
	3426975935
	3426975936
	3426975937
	3426975938
	3426975939
	3426975940
	3426975941
	3426975942
	3426975943
	3426975944
	3426975945
	3426975946
	3426975947
	3426975948
	3426975949
	3426975950
	3426975951
	3426975952
	3426975953
	3426975954
	3426975955
	3426975956
	3426975957
	3426975958
	3426975959
	3426975960
	3426975961
	3426975962
	3426975963
	3426975964
	3426975965
	3426975966
	3426975967
	3426975968
	3426975969
	3426975970
	3426975971
	3426975972
	3426975973
	3426975974
	3426975975
	3426975976
	3426975977
	3426975978
	3426975979
	3426975980
	3426975981
	3426975982
	3426975983
	3426975984
	3426975985
	3426975986
	3426975987
	3426975988
	3426975989
	3426975990
	3426975991
	3426975992
	3426975993
	3426975994
	3426975995
	3426975996
	3426975997
	3426975998
	3426975999
	3426976000
	3426976001
	3426976002
	3426976003
	3426976004
	3426976005
	3426976006
	3426976007
	3426976008
	3426976009
	3426976010
	3426976011
	3426976012
	3426976013
	3426976014
	3426976015
	3426976016
	3426976017
	3426976018
	3426976019
	3426976020
	3426976021
	3426976022
	3426976023
	3426976024
	3426976025
	3426976026
	3426976027
	3426976028
	3426976029
	3426976030
	3426976031
	3426976032
	3426976033
	3426976034
	3426976035
	3426976036
	3426976037
	3426976038
	3426976039
	3426976040
	3426976041
	3426976042
	3426976043
	3426976044
	3426976045
	3426976046
	3426976047
	3426976048
	3426976049
	3426976050
	3426976051
	3426976052
	3426976053
	3426976054
	3426976055
	3426976056
	3426976057
	3426976058
	3426976059
	3426976060
	3426976061
	3426976062
	3426976063
	3426976064
	3426976065
	3426976066
	3426976067
	3426976068
	3426976069
	3426976070
	3426976071
	3426976072
	3426976073
	3426976074
	3426976075
	3426976076
	3426976077
	3426976078
	3426976079
	3426976080
	3426976081
	3426976082
	3426976083
	3426976084
	3426976085
	3426976086
	3426976087
	3426976088
	3426976089
	3426976090
	3426976091
	3426976092
	3426976093
	3426976094
	3426976095
	3426976096
	3426976097
	3426976098
	3426976099
	3426976100
	3426976101
	3426976102
	3426976103
	3426976104
	3426976105
	3426976106
	3426976107
	3426976108
	3426976109
	3426976110
	3426976111
	3426976112
	3426976113
	3426976114
	3426976115
	3426976116
	3426976117
	3426976118
	3426976119
	3426976120
	3426976121
	3426976122
	3426976123
	3426976124
	3426976125
	3426976126
	3426976127
	3426976128
	3426976129
	3426976130
	3426976131
	3426976132
	3426976133
	3426976134
	3426976135
	3426976136
	3426976137
	3426976138
	3426976139
	3426976140
	3426976141
	3426976142
	3426976143
	3426976144
	3426976145
	3426976146
	3426976147
	3426976148
	3426976149
	3426976150
	3426976151
	3426976152
	3426976153
	3426976154
	3426976155
	3426976156
	3426976157
	3426976158
	3426976159
	3426976160
	3426976161
	3426976162
	3426976163
	3426976164
	3426976165
	3426976166
	3426976167
	3426976168
	3426976169
	3426976170
	3426976171
	3426976172
	3426976173
	3426976174
	3426976175
	3426976176
	3426976177
	3426976178
	3426976179
	3426976180
	3426976181
	3426976182
	3426976183
	3426976184
	3426976185
	3426976186
	3426976187
	3426976188
	3426976189
	3426976190
	3426976191
	3426976192
	3426976193
	3426976194
	3426976195
	3426976196
	3426976197
	3426976198
	3426976199
	3426976200
	3426976201
	3426976202
	3426976203
	3426976204
	3426976205
	3426976206
	3426976207
	3426976208
	3426976209
	3426976210
	3426976211
	3426976212
	3426976213
	3426976214
	3426976215
	3426976216
	3426976217
	3426976218
	3426976219
	3426976220
	3426976221
	3426976222
	3426976223
	3426976224
	3426976225
	3426976226
	3426976227
	3426976228
	3426976229
	3426976230
	3426976231
	3426976232
	3426976233
	3426976234
	3426976235
	3426976236
	3426976237
	3426976238
	3426976239
	3426976240
	3426976241
	3426976242
	3426976243
	3426976244
	3426976245
	3426976246
	3426976247
	3426976248
	3426976249
	3426976250
	3426976251
	3426976252
	3426976253
	3426976254
	3426976255
	3426976256
	3426976257
	3426976258
	3426976259
	3426976260
	3426976261
	3426976262
	3426976263
	3426976264
	3426976265
	3426976266
	3426976267
	3426976268
	3426976269
	3426976270
	3426976271
	3426976272
	3426976273
	3426976274
	3426976275
	3426976276
	3426976277
	3426976278
	3426976279
	3426976280
	3426976281
	3426976282
	3426976283
	3426976284
	3426976285
	3426976286
	3426976287
	3426976288
	3426976289
	3426976290
	3426976291
	3426976292
	3426976293
	3426976294
	3426976295
	3426976296
	3426976297
	3426976298
	3426976299
	3426976300
	3426976301
	3426976302
	3426976303
	3426976304
	3426976305
	3426976306
	3426976307
	3426976308
	3426976309
	3426976310
	3426976311
	3426976312
	3426976313
	3426976314
	3426976315
	3426976316
	3426976317
	3426976318
	3426976319
	3426976320
	3426976321
	3426976322
	3426976323
	3426976324
	3426976325
	3426976326
	3426976327
	3426976328
	3426976329
	3426976330
	3426976331
	3426976332
	3426976333
	3426976334
	3426976335
	3426976336
	3426976337
	3426976338
	3426976339
	3426976340
	3426976341
	3426976342
	3426976343
	3426976344
	3426976345
	3426976346
	3426976347
	3426976348
	3426976349
	3426976350
	3426976351
	3426976352
	3426976353
	3426976354
	3426976355
	3426976356
	3426976357
	3426976358
	3426976359
	3426976360
	3426976361
	3426976362
	3426976363
	3426976364
	3426976365
	3426976366
	3426976367
	3426976368
	3426976369
	3426976370
	3426976371
	3426976372
	3426976373
	3426976374
	3426976375
	3426976376
	3426976377
	3426976378
	3426976379
	3426976380
	3426976381
	3426976382
	3426976383
	3426976384
	3426976385
	3426976386
	3426976387
	3426976388
	3426976389
	3426976390
	3426976391
	3426976392
	3426976393
	3426976394
	3426976395
	3426976396
	3426976397
	3426976398
	3426976399
	3426976400
	3426976401
	3426976402
	3426976403
	3426976404
	3426976405
	3426976406
	3426976407
	3426976408
	3426976409
	3426976410
	3426976411
	3426976412
	3426976413
	3426976414
	3426976415
	3426976416
	3426976417
	3426976418
	3426976419
	3426976420
	3426976421
	3426976422
	3426976423
	3426976424
	3426976425
	3426976426
	3426976427
	3426976428
	3426976429
	3426976430
	3426976431
	3426976432
	3426976433
	3426976434
	3426976435
	3426976436
	3426976437
	3426976438
	3426976439
	3426976440
	3426976441
	3426976442
	3426976443
	3426976444
	3426976445
	3426976446
	3426976447
	3426976448
	3426976449
	3426976450
	3426976451
	3426976452
	3426976453
	3426976454
	3426976455
	3426976456
	3426976457
	3426976458
	3426976459
	3426976460
	3426976461
	3426976462
	3426976463
	3426976464
	3426976465
	3426976466
	3426976467
	3426976468
	3426976469
	3426976470
	3426976471
	3426976472
	3426976473
	3426976474
	3426976475
	3426976476
	3426976477
	3426976478
	3426976479
	3426976480
	3426976481
	3426976482
	3426976483
	3426976484
	3426976485
	3426976486
	3426976487
	3426976488
	3426976489
	3426976490
	3426976491
	3426976492
	3426976493
	3426976494
	3426976495
	3426976496
	3426976497
	3426976498
	3426976499
	3426976500
	3426976501
	3426976502
	3426976503
	3426976504
	3426976505
	3426976506
	3426976507
	3426976508
	3426976509
	3426976510
	3426976511
	3426976512
	3426976513
	3426976514
	3426976515
	3426976516
	3426976517
	3426976518
	3426976519
	3426976520
	3426976521
	3426976522
	3426976523
	3426976524
	3426976525
	3426976526
	3426976527
	3426976528
	3426976529
	3426976530
	3426976531
	3426976532
	3426976533
	3426976534
	3426976535
	3426976536
	3426976537
	3426976538
	3426976539
	3426976540
	3426976541
	3426976542
	3426976543
	3426976544
	3426976545
	3426976546
	3426976547
	3426976548
	3426976549
	3426976550
	3426976551
	3426976552
	3426976553
	3426976554
	3426976555
	3426976556
	3426976557
	3426976558
	3426976559
	3426976560
	3426976561
	3426976562
	3426976563
	3426976564
	3426976565
	3426976566
	3426976567
	3426976568
	3426976569
	3426976570
	3426976571
	3426976572
	3426976573
	3426976574
	3426976575
	3426976576
	3426976577
	3426976578
	3426976579
	3426976580
	3426976581
	3426976582
	3426976583
	3426976584
	3426976585
	3426976586
	3426976587
	3426976588
	3426976589
	3426976590
	3426976591
	3426976592
	3426976593
	3426976594
	3426976595
	3426976596
	3426976597
	3426976598
	3426976599
	3426976600
	3426976601
	3426976602
	3426976603
	3426976604
	3426976605
	3426976606
	3426976607
	3426976608
	3426976609
	3426976610
	3426976611
	3426976612
	3426976613
	3426976614
	3426976615
	3426976616
	3426976617
	3426976618
	3426976619
	3426976620
	3426976621
	3426976622
	3426976623
	3426976624
	3426976625
	3426976626
	3426976627
	3426976628
	3426976629
	3426976630
	3426976631
	3426976632
	3426976633
	3426976634
	3426976635
	3426976636
	3426976637
	3426976638
	3426976639
	3426976640
	3426976641
	3426976642
	3426976643
	3426976644
	3426976645
	3426976646
	3426976647
	3426976648
	3426976649
	3426976650
	3426976651
	3426976652
	3426976653
	3426976654
	3426976655
	3426976656
	3426976657
	3426976658
	3426976659
	3426976660
	3426976661
	3426976662
	3426976663
	3426976664
	3426976665
	3426976666
	3426976667
	3426976668
	3426976669
	3426976670
	3426976671
	3426976672
	3426976673
	3426976674
	3426976675
	3426976676
	3426976677
	3426976678
	3426976679
	3426976680
	3426976681
	3426976682
	3426976683
	3426976684
	3426976685
	3426976686
	3426976687
	3426976688
	3426976689
	3426976690
	3426976691
	3426976692
	3426976693
	3426976694
	3426976695
	3426976696
	3426976697
	3426976698
	3426976699
	3426976700
	3426976701
	3426976702
	3426976703
	3426976704
	3426976705
	3426976706
	3426976707
	3426976708
	3426976709
	3426976710
	3426976711
	3426976712
	3426976713
	3426976714
	3426976715
	3426976716
	3426976717
	3426976718
	3426976719
	3426976720
	3426976721
	3426976722
	3426976723
	3426976724
	3426976725
	3426976726
	3426976727
	3426976728
	3426976729
	3426976730
	3426976731
	3426976732
	3426976733
	3426976734
	3426976735
	3426976736
	3426976737
	3426976738
	3426976739
	3426976740
	3426976741
	3426976742
	3426976743
	3426976744
	3426976745
	3426976746
	3426976747
	3426976748
	3426976749
	3426976750
	3426976751
	3426976752
	3426976753
	3426976754
	3426976755
	3426976756
	3426976757
	3426976758
	3426976759
	3426976760
	3426976761
	3426976762
	3426976763
	3426976764
	3426976765
	3426976766
	3426976767
	3426976768
	3426976769
	3426976770
	3426976771
	3426976772
	3426976773
	3426976774
	3426976775
	3426976776
	3426976777
	3426976778
	3426976779
	3426976780
	3426976781
	3426976782
	3426976783
	3426976784
	3426976785
	3426976786
	3426976787
	3426976788
	3426976789
	3426976790
	3426976791
	3426976792
	3426976793
	3426976794
	3426976795
	3426976796
	3426976797
	3426976798
	3426976799
	3426976800
	3426976801
	3426976802
	3426976803
	3426976804
	3426976805
	3426976806
	3426976807
	3426976808
	3426976809
	3426976810
	3426976811
	3426976812
	3426976813
	3426976814
	3426976815
	3426976816
	3426976817
	3426976818
	3426976819
	3426976820
	3426976821
	3426976822
	3426976823
	3426976824
	3426976825
	3426976826
	3426976827
	3426976828
	3426976829
	3426976830
	3426976831
	3426976832
	3426976833
	3426976834
	3426976835
	3426976836
	3426976837
	3426976838
	3426976839
	3426976840
	3426976841
	3426976842
	3426976843
	3426976844
	3426976845
	3426976846
	3426976847
	3426976848
	3426976849
	3426976850
	3426976851
	3426976852
	3426976853
	3426976854
	3426976855
	3426976856
	3426976857
	3426976858
	3426976859
	3426976860
	3426976861
	3426976862
	3426976863
	3426976864
	3426976865
	3426976866
	3426976867
	3426976868
	3426976869
	3426976870
	3426976871
	3426976872
	3426976873
	3426976874
	3426976875
	3426976876
	3426976877
	3426976878
	3426976879
	3426976880
	3426976881
	3426976882
	3426976883
	3426976884
	3426976885
	3426976886
	3426976887
	3426976888
	3426976889
	3426976890
	3426976891
	3426976892
	3426976893
	3426976894
	3426976895
	3426976896
	3426976897
	3426976898
	3426976899
	3426976900
	3426976901
	3426976902
	3426976903
	3426976904
	3426976905
	3426976906
	3426976907
	3426976908
	3426976909
	3426976910
	3426976911
	3426976912
	3426976913
	3426976914
	3426976915
	3426976916
	3426976917
	3426976918
	3426976919
	3426976920
	3426976921
	3426976922
	3426976923
	3426976924
	3426976925
	3426976926
	3426976927
	3426976928
	3426976929
	3426976930
	3426976931
	3426976932
	3426976933
	3426976934
	3426976935
	3426976936
	3426976937
	3426976938
	3426976939
	3426976940
	3426976941
	3426976942
	3426976943
	3426976944
	3426976945
	3426976946
	3426976947
	3426976948
	3426976949
	3426976950
	3426976951
	3426976952
	3426976953
	3426976954
	3426976955
	3426976956
	3426976957
	3426976958
	3426976959
	3426976960
	3426976961
	3426976962
	3426976963
	3426976964
	3426976965
	3426976966
	3426976967
	3426976968
	3426976969
	3426976970
	3426976971
	3426976972
	3426976973
	3426976974
	3426976975
	3426976976
	3426976977
	3426976978
	3426976979
	3426976980
	3426976981
	3426976982
	3426976983
	3426976984
	3426976985
	3426976986
	3426976987
	3426976988
	3426976989
	3426976990
	3426976991
	3426976992
	3426976993
	3426976994
	3426976995
	3426976996
	3426976997
	3426976998
	3426976999
	3426977000
	3426977001
	3426977002
	3426977003
	3426977004
	3426977005
	3426977006
	3426977007
	3426977008
	3426977009
	3426977010
	3426977011
	3426977012
	3426977013
	3426977014
	3426977015
	3426977016
	3426977017
	3426977018
	3426977019
	3426977020
	3426977021
	3426977022
	3426977023
	3426977024
	3426977025
	3426977026
	3426977027
	3426977028
	3426977029
	3426977030
	3426977031
	3426977032
	3426977033
	3426977034
	3426977035
	3426977036
	3426977037
	3426977038
	3426977039
	3426977040
	3426977041
	3426977042
	3426977043
	3426977044
	3426977045
	3426977046
	3426977047
	3426977048
	3426977049
	3426977050
	3426977051
	3426977052
	3426977053
	3426977054
	3426977055
	3426977056
	3426977057
	3426977058
	3426977059
	3426977060
	3426977061
	3426977062
	3426977063
	3426977064
	3426977065
	3426977066
	3426977067
	3426977068
	3426977069
	3426977070
	3426977071
	3426977072
	3426977073
	3426977074
	3426977075
	3426977076
	3426977077
	3426977078
	3426977079
	3426977080
	3426977081
	3426977082
	3426977083
	3426977084
	3426977085
	3426977086
	3426977087
	3426977088
	3426977089
	3426977090
	3426977091
	3426977092
	3426977093
	3426977094
	3426977095
	3426977096
	3426977097
	3426977098
	3426977099
	3426977100
	3426977101
	3426977102
	3426977103
	3426977104
	3426977105
	3426977106
	3426977107
	3426977108
	3426977109
	3426977110
	3426977111
	3426977112
	3426977113
	3426977114
	3426977115
	3426977116
	3426977117
	3426977118
	3426977119
	3426977120
	3426977121
	3426977122
	3426977123
	3426977124
	3426977125
	3426977126
	3426977127
	3426977128
	3426977129
	3426977130
	3426977131
	3426977132
	3426977133
	3426977134
	3426977135
	3426977136
	3426977137
	3426977138
	3426977139
	3426977140
	3426977141
	3426977142
	3426977143
	3426977144
	3426977145
	3426977146
	3426977147
	3426977148
	3426977149
	3426977150
	3426977151
	3426977152
	3426977153
	3426977154
	3426977155
	3426977156
	3426977157
	3426977158
	3426977159
	3426977160
	3426977161
	3426977162
	3426977163
	3426977164
	3426977165
	3426977166
	3426977167
	3426977168
	3426977169
	3426977170
	3426977171
	3426977172
	3426977173
	3426977174
	3426977175
	3426977176
	3426977177
	3426977178
	3426977179
	3426977180
	3426977181
	3426977182
	3426977183
	3426977184
	3426977185
	3426977186
	3426977187
	3426977188
	3426977189
	3426977190
	3426977191
	3426977192
	3426977193
	3426977194
	3426977195
	3426977196
	3426977197
	3426977198
	3426977199
	3426977200
	3426977201
	3426977202
	3426977203
	3426977204
	3426977205
	3426977206
	3426977207
	3426977208
	3426977209
	3426977210
	3426977211
	3426977212
	3426977213
	3426977214
	3426977215
	3426977216
	3426977217
	3426977218
	3426977219
	3426977220
	3426977221
	3426977222
	3426977223
	3426977224
	3426977225
	3426977226
	3426977227
	3426977228
	3426977229
	3426977230
	3426977231
	3426977232
	3426977233
	3426977234
	3426977235
	3426977236
	3426977237
	3426977238
	3426977239
	3426977240
	3426977241
	3426977242
	3426977243
	3426977244
	3426977245
	3426977246
	3426977247
	3426977248
	3426977249
	3426977250
	3426977251
	3426977252
	3426977253
	3426977254
	3426977255
	3426977256
	3426977257
	3426977258
	3426977259
	3426977260
	3426977261
	3426977262
	3426977263
	3426977264
	3426977265
	3426977266
	3426977267
	3426977268
	3426977269
	3426977270
	3426977271
	3426977272
	3426977273
	3426977274
	3426977275
	3426977276
	3426977277
	3426977278
	3426977279
	3426977280
	3426977281
	3426977282
	3426977283
	3426977284
	3426977285
	3426977286
	3426977287
	3426977288
	3426977289
	3426977290
	3426977291
	3426977292
	3426977293
	3426977294
	3426977295
	3426977296
	3426977297
	3426977298
	3426977299
	3426977300
	3426977301
	3426977302
	3426977303
	3426977304
	3426977305
	3426977306
	3426977307
	3426977308
	3426977309
	3426977310
	3426977311
	3426977312
	3426977313
	3426977314
	3426977315
	3426977316
	3426977317
	3426977318
	3426977319
	3426977320
	3426977321
	3426977322
	3426977323
	3426977324
	3426977325
	3426977326
	3426977327
	3426977328
	3426977329
	3426977330
	3426977331
	3426977332
	3426977333
	3426977334
	3426977335
	3426977336
	3426977337
	3426977338
	3426977339
	3426977340
	3426977341
	3426977342
	3426977343
	3426977344
	3426977345
	3426977346
	3426977347
	3426977348
	3426977349
	3426977350
	3426977351
	3426977352
	3426977353
	3426977354
	3426977355
	3426977356
	3426977357
	3426977358
	3426977359
	3426977360
	3426977361
	3426977362
	3426977363
	3426977364
	3426977365
	3426977366
	3426977367
	3426977368
	3426977369
	3426977370
	3426977371
	3426977372
	3426977373
	3426977374
	3426977375
	3426977376
	3426977377
	3426977378
	3426977379
	3426977380
	3426977381
	3426977382
	3426977383
	3426977384
	3426977385
	3426977386
	3426977387
	3426977388
	3426977389
	3426977390
	3426977391
	3426977392
	3426977393
	3426977394
	3426977395
	3426977396
	3426977397
	3426977398
	3426977399
	3426977400
	3426977401
	3426977402
	3426977403
	3426977404
	3426977405
	3426977406
	3426977407
	3426977408
	3426977409
	3426977410
	3426977411
	3426977412
	3426977413
	3426977414
	3426977415
	3426977416
	3426977417
	3426977418
	3426977419
	3426977420
	3426977421
	3426977422
	3426977423
	3426977424
	3426977425
	3426977426
	3426977427
	3426977428
	3426977429
	3426977430
	3426977431
	3426977432
	3426977433
	3426977434
	3426977435
	3426977436
	3426977437
	3426977438
	3426977439
	3426977440
	3426977441
	3426977442
	3426977443
	3426977444
	3426977445
	3426977446
	3426977447
	3426977448
	3426977449
	3426977450
	3426977451
	3426977452
	3426977453
	3426977454
	3426977455
	3426977456
	3426977457
	3426977458
	3426977459
	3426977460
	3426977461
	3426977462
	3426977463
	3426977464
	3426977465
	3426977466
	3426977467
	3426977468
	3426977469
	3426977470
	3426977471
	3426977472
	3426977473
	3426977474
	3426977475
	3426977476
	3426977477
	3426977478
	3426977479
	3426977480
	3426977481
	3426977482
	3426977483
	3426977484
	3426977485
	3426977486
	3426977487
	3426977488
	3426977489
	3426977490
	3426977491
	3426977492
	3426977493
	3426977494
	3426977495
	3426977496
	3426977497
	3426977498
	3426977499
	3426977500
	3426977501
	3426977502
	3426977503
	3426977504
	3426977505
	3426977506
	3426977507
	3426977508
	3426977509
	3426977510
	3426977511
	3426977512
	3426977513
	3426977514
	3426977515
	3426977516
	3426977517
	3426977518
	3426977519
	3426977520
	3426977521
	3426977522
	3426977523
	3426977524
	3426977525
	3426977526
	3426977527
	3426977528
	3426977529
	3426977530
	3426977531
	3426977532
	3426977533
	3426977534
	3426977535
	3426977536
	3426977537
	3426977538
	3426977539
	3426977540
	3426977541
	3426977542
	3426977543
	3426977544
	3426977545
	3426977546
	3426977547
	3426977548
	3426977549
	3426977550
	3426977551
	3426977552
	3426977553
	3426977554
	3426977555
	3426977556
	3426977557
	3426977558
	3426977559
	3426977560
	3426977561
	3426977562
	3426977563
	3426977564
	3426977565
	3426977566
	3426977567
	3426977568
	3426977569
	3426977570
	3426977571
	3426977572
	3426977573
	3426977574
	3426977575
	3426977576
	3426977577
	3426977578
	3426977579
	3426977580
	3426977581
	3426977582
	3426977583
	3426977584
	3426977585
	3426977586
	3426977587
	3426977588
	3426977589
	3426977590
	3426977591
	3426977592
	3426977593
	3426977594
	3426977595
	3426977596
	3426977597
	3426977598
	3426977599
	3426977600
	3426977601
	3426977602
	3426977603
	3426977604
	3426977605
	3426977606
	3426977607
	3426977608
	3426977609
	3426977610
	3426977611
	3426977612
	3426977613
	3426977614
	3426977615
	3426977616
	3426977617
	3426977618
	3426977619
	3426977620
	3426977621
	3426977622
	3426977623
	3426977624
	3426977625
	3426977626
	3426977627
	3426977628
	3426977629
	3426977630
	3426977631
	3426977632
	3426977633
	3426977634
	3426977635
	3426977636
	3426977637
	3426977638
	3426977639
	3426977640
	3426977641
	3426977642
	3426977643
	3426977644
	3426977645
	3426977646
	3426977647
	3426977648
	3426977649
	3426977650
	3426977651
	3426977652
	3426977653
	3426977654
	3426977655
	3426977656
	3426977657
	3426977658
	3426977659
	3426977660
	3426977661
	3426977662
	3426977663
	3426977664
	3426977665
	3426977666
	3426977667
	3426977668
	3426977669
	3426977670
	3426977671
	3426977672
	3426977673
	3426977674
	3426977675
	3426977676
	3426977677
	3426977678
	3426977679
	3426977680
	3426977681
	3426977682
	3426977683
	3426977684
	3426977685
	3426977686
	3426977687
	3426977688
	3426977689
	3426977690
	3426977691
	3426977692
	3426977693
	3426977694
	3426977695
	3426977696
	3426977697
	3426977698
	3426977699
	3426977700
	3426977701
	3426977702
	3426977703
	3426977704
	3426977705
	3426977706
	3426977707
	3426977708
	3426977709
	3426977710
	3426977711
	3426977712
	3426977713
	3426977714
	3426977715
	3426977716
	3426977717
	3426977718
	3426977719
	3426977720
	3426977721
	3426977722
	3426977723
	3426977724
	3426977725
	3426977726
	3426977727
	3426977728
	3426977729
	3426977730
	3426977731
	3426977732
	3426977733
	3426977734
	3426977735
	3426977736
	3426977737
	3426977738
	3426977739
	3426977740
	3426977741
	3426977742
	3426977743
	3426977744
	3426977745
	3426977746
	3426977747
	3426977748
	3426977749
	3426977750
	3426977751
	3426977752
	3426977753
	3426977754
	3426977755
	3426977756
	3426977757
	3426977758
	3426977759
	3426977760
	3426977761
	3426977762
	3426977763
	3426977764
	3426977765
	3426977766
	3426977767
	3426977768
	3426977769
	3426977770
	3426977771
	3426977772
	3426977773
	3426977774
	3426977775
	3426977776
	3426977777
	3426977778
	3426977779
	3426977780
	3426977781
	3426977782
	3426977783
	3426977784
	3426977785
	3426977786
	3426977787
	3426977788
	3426977789
	3426977790
	3426977791
	3426977792
	3426977793
	3426977794
	3426977795
	3426977796
	3426977797
	3426977798
	3426977799
	3426977800
	3426977801
	3426977802
	3426977803
	3426977804
	3426977805
	3426977806
	3426977807
	3426977808
	3426977809
	3426977810
	3426977811
	3426977812
	3426977813
	3426977814
	3426977815
	3426977816
	3426977817
	3426977818
	3426977819
	3426977820
	3426977821
	3426977822
	3426977823
	3426977824
	3426977825
	3426977826
	3426977827
	3426977828
	3426977829
	3426977830
	3426977831
	3426977832
	3426977833
	3426977834
	3426977835
	3426977836
	3426977837
	3426977838
	3426977839
	3426977840
	3426977841
	3426977842
	3426977843
	3426977844
	3426977845
	3426977846
	3426977847
	3426977848
	3426977849
	3426977850
	3426977851
	3426977852
	3426977853
	3426977854
	3426977855
	3426977856
	3426977857
	3426977858
	3426977859
	3426977860
	3426977861
	3426977862
	3426977863
	3426977864
	3426977865
	3426977866
	3426977867
	3426977868
	3426977869
	3426977870
	3426977871
	3426977872
	3426977873
	3426977874
	3426977875
	3426977876
	3426977877
	3426977878
	3426977879
	3426977880
	3426977881
	3426977882
	3426977883
	3426977884
	3426977885
	3426977886
	3426977887
	3426977888
	3426977889
	3426977890
	3426977891
	3426977892
	3426977893
	3426977894
	3426977895
	3426977896
	3426977897
	3426977898
	3426977899
	3426977900
	3426977901
	3426977902
	3426977903
	3426977904
	3426977905
	3426977906
	3426977907
	3426977908
	3426977909
	3426977910
	3426977911
	3426977912
	3426977913
	3426977914
	3426977915
	3426977916
	3426977917
	3426977918
	3426977919
	3426977920
	3426977921
	3426977922
	3426977923
	3426977924
	3426977925
	3426977926
	3426977927
	3426977928
	3426977929
	3426977930
	3426977931
	3426977932
	3426977933
	3426977934
	3426977935
	3426977936
	3426977937
	3426977938
	3426977939
	3426977940
	3426977941
	3426977942
	3426977943
	3426977944
	3426977945
	3426977946
	3426977947
	3426977948
	3426977949
	3426977950
	3426977951
	3426977952
	3426977953
	3426977954
	3426977955
	3426977956
	3426977957
	3426977958
	3426977959
	3426977960
	3426977961
	3426977962
	3426977963
	3426977964
	3426977965
	3426977966
	3426977967
	3426977968
	3426977969
	3426977970
	3426977971
	3426977972
	3426977973
	3426977974
	3426977975
	3426977976
	3426977977
	3426977978
	3426977979
	3426977980
	3426977981
	3426977982
	3426977983
	3426977984
	3426977985
	3426977986
	3426977987
	3426977988
	3426977989
	3426977990
	3426977991
	3426977992
	3426977993
	3426977994
	3426977995
	3426977996
	3426977997
	3426977998
	3426977999
	3426978000
	3426978001
	3426978002
	3426978003
	3426978004
	3426978005
	3426978006
	3426978007
	3426978008
	3426978009
	3426978010
	3426978011
	3426978012
	3426978013
	3426978014
	3426978015
	3426978016
	3426978017
	3426978018
	3426978019
	3426978020
	3426978021
	3426978022
	3426978023
	3426978024
	3426978025
	3426978026
	3426978027
	3426978028
	3426978029
	3426978030
	3426978031
	3426978032
	3426978033
	3426978034
	3426978035
	3426978036
	3426978037
	3426978038
	3426978039
	3426978040
	3426978041
	3426978042
	3426978043
	3426978044
	3426978045
	3426978046
	3426978047
	3426978048
	3426978049
	3426978050
	3426978051
	3426978052
	3426978053
	3426978054
	3426978055
	3426978056
	3426978057
	3426978058
	3426978059
	3426978060
	3426978061
	3426978062
	3426978063
	3426978064
	3426978065
	3426978066
	3426978067
	3426978068
	3426978069
	3426978070
	3426978071
	3426978072
	3426978073
	3426978074
	3426978075
	3426978076
	3426978077
	3426978078
	3426978079
	3426978080
	3426978081
	3426978082
	3426978083
	3426978084
	3426978085
	3426978086
	3426978087
	3426978088
	3426978089
	3426978090
	3426978091
	3426978092
	3426978093
	3426978094
	3426978095
	3426978096
	3426978097
	3426978098
	3426978099
	3426978100
	3426978101
	3426978102
	3426978103
	3426978104
	3426978105
	3426978106
	3426978107
	3426978108
	3426978109
	3426978110
	3426978111
	3426978112
	3426978113
	3426978114
	3426978115
	3426978116
	3426978117
	3426978118
	3426978119
	3426978120
	3426978121
	3426978122
	3426978123
	3426978124
	3426978125
	3426978126
	3426978127
	3426978128
	3426978129
	3426978130
	3426978131
	3426978132
	3426978133
	3426978134
	3426978135
	3426978136
	3426978137
	3426978138
	3426978139
	3426978140
	3426978141
	3426978142
	3426978143
	3426978144
	3426978145
	3426978146
	3426978147
	3426978148
	3426978149
	3426978150
	3426978151
	3426978152
	3426978153
	3426978154
	3426978155
	3426978156
	3426978157
	3426978158
	3426978159
	3426978160
	3426978161
	3426978162
	3426978163
	3426978164
	3426978165
	3426978166
	3426978167
	3426978168
	3426978169
	3426978170
	3426978171
	3426978172
	3426978173
	3426978174
	3426978175
	3426978176
	3426978177
	3426978178
	3426978179
	3426978180
	3426978181
	3426978182
	3426978183
	3426978184
	3426978185
	3426978186
	3426978187
	3426978188
	3426978189
	3426978190
	3426978191
	3426978192
	3426978193
	3426978194
	3426978195
	3426978196
	3426978197
	3426978198
	3426978199
	3426978200
	3426978201
	3426978202
	3426978203
	3426978204
	3426978205
	3426978206
	3426978207
	3426978208
	3426978209
	3426978210
	3426978211
	3426978212
	3426978213
	3426978214
	3426978215
	3426978216
	3426978217
	3426978218
	3426978219
	3426978220
	3426978221
	3426978222
	3426978223
	3426978224
	3426978225
	3426978226
	3426978227
	3426978228
	3426978229
	3426978230
	3426978231
	3426978232
	3426978233
	3426978234
	3426978235
	3426978236
	3426978237
	3426978238
	3426978239
	3426978240
	3426978241
	3426978242
	3426978243
	3426978244
	3426978245
	3426978246
	3426978247
	3426978248
	3426978249
	3426978250
	3426978251
	3426978252
	3426978253
	3426978254
	3426978255
	3426978256
	3426978257
	3426978258
	3426978259
	3426978260
	3426978261
	3426978262
	3426978263
	3426978264
	3426978265
	3426978266
	3426978267
	3426978268
	3426978269
	3426978270
	3426978271
	3426978272
	3426978273
	3426978274
	3426978275
	3426978276
	3426978277
	3426978278
	3426978279
	3426978280
	3426978281
	3426978282
	3426978283
	3426978284
	3426978285
	3426978286
	3426978287
	3426978288
	3426978289
	3426978290
	3426978291
	3426978292
	3426978293
	3426978294
	3426978295
	3426978296
	3426978297
	3426978298
	3426978299
	3426978300
	3426978301
	3426978302
	3426978303
	3426978304
	3426978305
	3426978306
	3426978307
	3426978308
	3426978309
	3426978310
	3426978311
	3426978312
	3426978313
	3426978314
	3426978315
	3426978316
	3426978317
	3426978318
	3426978319
	3426978320
	3426978321
	3426978322
	3426978323
	3426978324
	3426978325
	3426978326
	3426978327
	3426978328
	3426978329
	3426978330
	3426978331
	3426978332
	3426978333
	3426978334
	3426978335
	3426978336
	3426978337
	3426978338
	3426978339
	3426978340
	3426978341
	3426978342
	3426978343
	3426978344
	3426978345
	3426978346
	3426978347
	3426978348
	3426978349
	3426978350
	3426978351
	3426978352
	3426978353
	3426978354
	3426978355
	3426978356
	3426978357
	3426978358
	3426978359
	3426978360
	3426978361
	3426978362
	3426978363
	3426978364
	3426978365
	3426978366
	3426978367
	3426978368
	3426978369
	3426978370
	3426978371
	3426978372
	3426978373
	3426978374
	3426978375
	3426978376
	3426978377
	3426978378
	3426978379
	3426978380
	3426978381
	3426978382
	3426978383
	3426978384
	3426978385
	3426978386
	3426978387
	3426978388
	3426978389
	3426978390
	3426978391
	3426978392
	3426978393
	3426978394
	3426978395
	3426978396
	3426978397
	3426978398
	3426978399
	3426978400
	3426978401
	3426978402
	3426978403
	3426978404
	3426978405
	3426978406
	3426978407
	3426978408
	3426978409
	3426978410
	3426978411
	3426978412
	3426978413
	3426978414
	3426978415
	3426978416
	3426978417
	3426978418
	3426978419
	3426978420
	3426978421
	3426978422
	3426978423
	3426978424
	3426978425
	3426978426
	3426978427
	3426978428
	3426978429
	3426978430
	3426978431
	3426978432
	3426978433
	3426978434
	3426978435
	3426978436
	3426978437
	3426978438
	3426978439
	3426978440
	3426978441
	3426978442
	3426978443
	3426978444
	3426978445
	3426978446
	3426978447
	3426978448
	3426978449
	3426978450
	3426978451
	3426978452
	3426978453
	3426978454
	3426978455
	3426978456
	3426978457
	3426978458
	3426978459
	3426978460
	3426978461
	3426978462
	3426978463
	3426978464
	3426978465
	3426978466
	3426978467
	3426978468
	3426978469
	3426978470
	3426978471
	3426978472
	3426978473
	3426978474
	3426978475
	3426978476
	3426978477
	3426978478
	3426978479
	3426978480
	3426978481
	3426978482
	3426978483
	3426978484
	3426978485
	3426978486
	3426978487
	3426978488
	3426978489
	3426978490
	3426978491
	3426978492
	3426978493
	3426978494
	3426978495
	3426978496
	3426978497
	3426978498
	3426978499
	3426978500
	3426978501
	3426978502
	3426978503
	3426978504
	3426978505
	3426978506
	3426978507
	3426978508
	3426978509
	3426978510
	3426978511
	3426978512
	3426978513
	3426978514
	3426978515
	3426978516
	3426978517
	3426978518
	3426978519
	3426978520
	3426978521
	3426978522
	3426978523
	3426978524
	3426978525
	3426978526
	3426978527
	3426978528
	3426978529
	3426978530
	3426978531
	3426978532
	3426978533
	3426978534
	3426978535
	3426978536
	3426978537
	3426978538
	3426978539
	3426978540
	3426978541
	3426978542
	3426978543
	3426978544
	3426978545
	3426978546
	3426978547
	3426978548
	3426978549
	3426978550
	3426978551
	3426978552
	3426978553
	3426978554
	3426978555
	3426978556
	3426978557
	3426978558
	3426978559
	3426978560
	3426978561
	3426978562
	3426978563
	3426978564
	3426978565
	3426978566
	3426978567
	3426978568
	3426978569
	3426978570
	3426978571
	3426978572
	3426978573
	3426978574
	3426978575
	3426978576
	3426978577
	3426978578
	3426978579
	3426978580
	3426978581
	3426978582
	3426978583
	3426978584
	3426978585
	3426978586
	3426978587
	3426978588
	3426978589
	3426978590
	3426978591
	3426978592
	3426978593
	3426978594
	3426978595
	3426978596
	3426978597
	3426978598
	3426978599
	3426978600
	3426978601
	3426978602
	3426978603
	3426978604
	3426978605
	3426978606
	3426978607
	3426978608
	3426978609
	3426978610
	3426978611
	3426978612
	3426978613
	3426978614
	3426978615
	3426978616
	3426978617
	3426978618
	3426978619
	3426978620
	3426978621
	3426978622
	3426978623
	3426978624
	3426978625
	3426978626
	3426978627
	3426978628
	3426978629
	3426978630
	3426978631
	3426978632
	3426978633
	3426978634
	3426978635
	3426978636
	3426978637
	3426978638
	3426978639
	3426978640
	3426978641
	3426978642
	3426978643
	3426978644
	3426978645
	3426978646
	3426978647
	3426978648
	3426978649
	3426978650
	3426978651
	3426978652
	3426978653
	3426978654
	3426978655
	3426978656
	3426978657
	3426978658
	3426978659
	3426978660
	3426978661
	3426978662
	3426978663
	3426978664
	3426978665
	3426978666
	3426978667
	3426978668
	3426978669
	3426978670
	3426978671
	3426978672
	3426978673
	3426978674
	3426978675
	3426978676
	3426978677
	3426978678
	3426978679
	3426978680
	3426978681
	3426978682
	3426978683
	3426978684
	3426978685
	3426978686
	3426978687
	3426978688
	3426978689
	3426978690
	3426978691
	3426978692
	3426978693
	3426978694
	3426978695
	3426978696
	3426978697
	3426978698
	3426978699
	3426978700
	3426978701
	3426978702
	3426978703
	3426978704
	3426978705
	3426978706
	3426978707
	3426978708
	3426978709
	3426978710
	3426978711
	3426978712
	3426978713
	3426978714
	3426978715
	3426978716
	3426978717
	3426978718
	3426978719
	3426978720
	3426978721
	3426978722
	3426978723
	3426978724
	3426978725
	3426978726
	3426978727
	3426978728
	3426978729
	3426978730
	3426978731
	3426978732
	3426978733
	3426978734
	3426978735
	3426978736
	3426978737
	3426978738
	3426978739
	3426978740
	3426978741
	3426978742
	3426978743
	3426978744
	3426978745
	3426978746
	3426978747
	3426978748
	3426978749
	3426978750
	3426978751
	3426978752
	3426978753
	3426978754
	3426978755
	3426978756
	3426978757
	3426978758
	3426978759
	3426978760
	3426978761
	3426978762
	3426978763
	3426978764
	3426978765
	3426978766
	3426978767
	3426978768
	3426978769
	3426978770
	3426978771
	3426978772
	3426978773
	3426978774
	3426978775
	3426978776
	3426978777
	3426978778
	3426978779
	3426978780
	3426978781
	3426978782
	3426978783
	3426978784
	3426978785
	3426978786
	3426978787
	3426978788
	3426978789
	3426978790
	3426978791
	3426978792
	3426978793
	3426978794
	3426978795
	3426978796
	3426978797
	3426978798
	3426978799
	3426978800
	3426978801
	3426978802
	3426978803
	3426978804
	3426978805
	3426978806
	3426978807
	3426978808
	3426978809
	3426978810
	3426978811
	3426978812
	3426978813
	3426978814
	3426978815
	3426978816
	3426978817
	3426978818
	3426978819
	3426978820
	3426978821
	3426978822
	3426978823
	3426978824
	3426978825
	3426978826
	3426978827
	3426978828
	3426978829
	3426978830
	3426978831
	3426978832
	3426978833
	3426978834
	3426978835
	3426978836
	3426978837
	3426978838
	3426978839
	3426978840
	3426978841
	3426978842
	3426978843
	3426978844
	3426978845
	3426978846
	3426978847
	3426978848
	3426978849
	3426978850
	3426978851
	3426978852
	3426978853
	3426978854
	3426978855
	3426978856
	3426978857
	3426978858
	3426978859
	3426978860
	3426978861
	3426978862
	3426978863
	3426978864
	3426978865
	3426978866
	3426978867
	3426978868
	3426978869
	3426978870
	3426978871
	3426978872
	3426978873
	3426978874
	3426978875
	3426978876
	3426978877
	3426978878
	3426978879
	3426978880
	3426978881
	3426978882
	3426978883
	3426978884
	3426978885
	3426978886
	3426978887
	3426978888
	3426978889
	3426978890
	3426978891
	3426978892
	3426978893
	3426978894
	3426978895
	3426978896
	3426978897
	3426978898
	3426978899
	3426978900
	3426978901
	3426978902
	3426978903
	3426978904
	3426978905
	3426978906
	3426978907
	3426978908
	3426978909
	3426978910
	3426978911
	3426978912
	3426978913
	3426978914
	3426978915
	3426978916
	3426978917
	3426978918
	3426978919
	3426978920
	3426978921
	3426978922
	3426978923
	3426978924
	3426978925
	3426978926
	3426978927
	3426978928
	3426978929
	3426978930
	3426978931
	3426978932
	3426978933
	3426978934
	3426978935
	3426978936
	3426978937
	3426978938
	3426978939
	3426978940
	3426978941
	3426978942
	3426978943
	3426978944
	3426978945
	3426978946
	3426978947
	3426978948
	3426978949
	3426978950
	3426978951
	3426978952
	3426978953
	3426978954
	3426978955
	3426978956
	3426978957
	3426978958
	3426978959
	3426978960
	3426978961
	3426978962
	3426978963
	3426978964
	3426978965
	3426978966
	3426978967
	3426978968
	3426978969
	3426978970
	3426978971
	3426978972
	3426978973
	3426978974
	3426978975
	3426978976
	3426978977
	3426978978
	3426978979
	3426978980
	3426978981
	3426978982
	3426978983
	3426978984
	3426978985
	3426978986
	3426978987
	3426978988
	3426978989
	3426978990
	3426978991
	3426978992
	3426978993
	3426978994
	3426978995
	3426978996
	3426978997
	3426978998
	3426978999
	3426979000
	3426979001
	3426979002
	3426979003
	3426979004
	3426979005
	3426979006
	3426979007
	3426979008
	3426979009
	3426979010
	3426979011
	3426979012
	3426979013
	3426979014
	3426979015
	3426979016
	3426979017
	3426979018
	3426979019
	3426979020
	3426979021
	3426979022
	3426979023
	3426979024
	3426979025
	3426979026
	3426979027
	3426979028
	3426979029
	3426979030
	3426979031
	3426979032
	3426979033
	3426979034
	3426979035
	3426979036
	3426979037
	3426979038
	3426979039
	3426979040
	3426979041
	3426979042
	3426979043
	3426979044
	3426979045
	3426979046
	3426979047
	3426979048
	3426979049
	3426979050
	3426979051
	3426979052
	3426979053
	3426979054
	3426979055
	3426979056
	3426979057
	3426979058
	3426979059
	3426979060
	3426979061
	3426979062
	3426979063
	3426979064
	3426979065
	3426979066
	3426979067
	3426979068
	3426979069
	3426979070
	3426979071
	3426979072
	3426979073
	3426979074
	3426979075
	3426979076
	3426979077
	3426979078
	3426979079
	3426979080
	3426979081
	3426979082
	3426979083
	3426979084
	3426979085
	3426979086
	3426979087
	3426979088
	3426979089
	3426979090
	3426979091
	3426979092
	3426979093
	3426979094
	3426979095
	3426979096
	3426979097
	3426979098
	3426979099
	3426979100
	3426979101
	3426979102
	3426979103
	3426979104
	3426979105
	3426979106
	3426979107
	3426979108
	3426979109
	3426979110
	3426979111
	3426979112
	3426979113
	3426979114
	3426979115
	3426979116
	3426979117
	3426979118
	3426979119
	3426979120
	3426979121
	3426979122
	3426979123
	3426979124
	3426979125
	3426979126
	3426979127
	3426979128
	3426979129
	3426979130
	3426979131
	3426979132
	3426979133
	3426979134
	3426979135
	3426979136
	3426979137
	3426979138
	3426979139
	3426979140
	3426979141
	3426979142
	3426979143
	3426979144
	3426979145
	3426979146
	3426979147
	3426979148
	3426979149
	3426979150
	3426979151
	3426979152
	3426979153
	3426979154
	3426979155
	3426979156
	3426979157
	3426979158
	3426979159
	3426979160
	3426979161
	3426979162
	3426979163
	3426979164
	3426979165
	3426979166
	3426979167
	3426979168
	3426979169
	3426979170
	3426979171
	3426979172
	3426979173
	3426979174
	3426979175
	3426979176
	3426979177
	3426979178
	3426979179
	3426979180
	3426979181
	3426979182
	3426979183
	3426979184
	3426979185
	3426979186
	3426979187
	3426979188
	3426979189
	3426979190
	3426979191
	3426979192
	3426979193
	3426979194
	3426979195
	3426979196
	3426979197
	3426979198
	3426979199
	3426979200
	3426979201
	3426979202
	3426979203
	3426979204
	3426979205
	3426979206
	3426979207
	3426979208
	3426979209
	3426979210
	3426979211
	3426979212
	3426979213
	3426979214
	3426979215
	3426979216
	3426979217
	3426979218
	3426979219
	3426979220
	3426979221
	3426979222
	3426979223
	3426979224
	3426979225
	3426979226
	3426979227
	3426979228
	3426979229
	3426979230
	3426979231
	3426979232
	3426979233
	3426979234
	3426979235
	3426979236
	3426979237
	3426979238
	3426979239
	3426979240
	3426979241
	3426979242
	3426979243
	3426979244
	3426979245
	3426979246
	3426979247
	3426979248
	3426979249
	3426979250
	3426979251
	3426979252
	3426979253
	3426979254
	3426979255
	3426979256
	3426979257
	3426979258
	3426979259
	3426979260
	3426979261
	3426979262
	3426979263
	3426979264
	3426979265
	3426979266
	3426979267
	3426979268
	3426979269
	3426979270
	3426979271
	3426979272
	3426979273
	3426979274
	3426979275
	3426979276
	3426979277
	3426979278
	3426979279
	3426979280
	3426979281
	3426979282
	3426979283
	3426979284
	3426979285
	3426979286
	3426979287
	3426979288
	3426979289
	3426979290
	3426979291
	3426979292
	3426979293
	3426979294
	3426979295
	3426979296
	3426979297
	3426979298
	3426979299
	3426979300
	3426979301
	3426979302
	3426979303
	3426979304
	3426979305
	3426979306
	3426979307
	3426979308
	3426979309
	3426979310
	3426979311
	3426979312
	3426979313
	3426979314
	3426979315
	3426979316
	3426979317
	3426979318
	3426979319
	3426979320
	3426979321
	3426979322
	3426979323
	3426979324
	3426979325
	3426979326
	3426979327
	3426979328
	3426979329
	3426979330
	3426979331
	3426979332
	3426979333
	3426979334
	3426979335
	3426979336
	3426979337
	3426979338
	3426979339
	3426979340
	3426979341
	3426979342
	3426979343
	3426979344
	3426979345
	3426979346
	3426979347
	3426979348
