	3426776038
	3426776039
	3426776040
	3426776041
	3426776042
	3426776043
	3426776044
	3426776045
	3426776046
	3426776047
	3426776048
	3426776049
	3426776050
	3426776051
	3426776052
	3426776053
	3426776054
	3426776055
	3426776056
	3426776057
	3426776058
	3426776059
	3426776060
	3426776061
	3426776062
	3426776063
	3426776064
	3426776065
	3426776066
	3426776067
	3426776068
	3426776069
	3426776070
	3426776071
	3426776072
	3426776073
	3426776074
	3426776075
	3426776076
	3426776077
	3426776078
	3426776079
	3426776080
	3426776081
	3426776082
	3426776083
	3426776084
	3426776085
	3426776086
	3426776087
	3426776088
	3426776089
	3426776090
	3426776091
	3426776092
	3426776093
	3426776094
	3426776095
	3426776096
	3426776097
	3426776098
	3426776099
	3426776100
	3426776101
	3426776102
	3426776103
	3426776104
	3426776105
	3426776106
	3426776107
	3426776108
	3426776109
	3426776110
	3426776111
	3426776112
	3426776113
	3426776114
	3426776115
	3426776116
	3426776117
	3426776118
	3426776119
	3426776120
	3426776121
	3426776122
	3426776123
	3426776124
	3426776125
	3426776126
	3426776127
	3426776128
	3426776129
	3426776130
	3426776131
	3426776132
	3426776133
	3426776134
	3426776135
	3426776136
	3426776137
	3426776138
	3426776139
	3426776140
	3426776141
	3426776142
	3426776143
	3426776144
	3426776145
	3426776146
	3426776147
	3426776148
	3426776149
	3426776150
	3426776151
	3426776152
	3426776153
	3426776154
	3426776155
	3426776156
	3426776157
	3426776158
	3426776159
	3426776160
	3426776161
	3426776162
	3426776163
	3426776164
	3426776165
	3426776166
	3426776167
	3426776168
	3426776169
	3426776170
	3426776171
	3426776172
	3426776173
	3426776174
	3426776175
	3426776176
	3426776177
	3426776178
	3426776179
	3426776180
	3426776181
	3426776182
	3426776183
	3426776184
	3426776185
	3426776186
	3426776187
	3426776188
	3426776189
	3426776190
	3426776191
	3426776192
	3426776193
	3426776194
	3426776195
	3426776196
	3426776197
	3426776198
	3426776199
	3426776200
	3426776201
	3426776202
	3426776203
	3426776204
	3426776205
	3426776206
	3426776207
	3426776208
	3426776209
	3426776210
	3426776211
	3426776212
	3426776213
	3426776214
	3426776215
	3426776216
	3426776217
	3426776218
	3426776219
	3426776220
	3426776221
	3426776222
	3426776223
	3426776224
	3426776225
	3426776226
	3426776227
	3426776228
	3426776229
	3426776230
	3426776231
	3426776232
	3426776233
	3426776234
	3426776235
	3426776236
	3426776237
	3426776238
	3426776239
	3426776240
	3426776241
	3426776242
	3426776243
	3426776244
	3426776245
	3426776246
	3426776247
	3426776248
	3426776249
	3426776250
	3426776251
	3426776252
	3426776253
	3426776254
	3426776255
	3426776256
	3426776257
	3426776258
	3426776259
	3426776260
	3426776261
	3426776262
	3426776263
	3426776264
	3426776265
	3426776266
	3426776267
	3426776268
	3426776269
	3426776270
	3426776271
	3426776272
	3426776273
	3426776274
	3426776275
	3426776276
	3426776277
	3426776278
	3426776279
	3426776280
	3426776281
	3426776282
	3426776283
	3426776284
	3426776285
	3426776286
	3426776287
	3426776288
	3426776289
	3426776290
	3426776291
	3426776292
	3426776293
	3426776294
	3426776295
	3426776296
	3426776297
	3426776298
	3426776299
	3426776300
	3426776301
	3426776302
	3426776303
	3426776304
	3426776305
	3426776306
	3426776307
	3426776308
	3426776309
	3426776310
	3426776311
	3426776312
	3426776313
	3426776314
	3426776315
	3426776316
	3426776317
	3426776318
	3426776319
	3426776320
	3426776321
	3426776322
	3426776323
	3426776324
	3426776325
	3426776326
	3426776327
	3426776328
	3426776329
	3426776330
	3426776331
	3426776332
	3426776333
	3426776334
	3426776335
	3426776336
	3426776337
	3426776338
	3426776339
	3426776340
	3426776341
	3426776342
	3426776343
	3426776344
	3426776345
	3426776346
	3426776347
	3426776348
	3426776349
	3426776350
	3426776351
	3426776352
	3426776353
	3426776354
	3426776355
	3426776356
	3426776357
	3426776358
	3426776359
	3426776360
	3426776361
	3426776362
	3426776363
	3426776364
	3426776365
	3426776366
	3426776367
	3426776368
	3426776369
	3426776370
	3426776371
	3426776372
	3426776373
	3426776374
	3426776375
	3426776376
	3426776377
	3426776378
	3426776379
	3426776380
	3426776381
	3426776382
	3426776383
	3426776384
	3426776385
	3426776386
	3426776387
	3426776388
	3426776389
	3426776390
	3426776391
	3426776392
	3426776393
	3426776394
	3426776395
	3426776396
	3426776397
	3426776398
	3426776399
	3426776400
	3426776401
	3426776402
	3426776403
	3426776404
	3426776405
	3426776406
	3426776407
	3426776408
	3426776409
	3426776410
	3426776411
	3426776412
	3426776413
	3426776414
	3426776415
	3426776416
	3426776417
	3426776418
	3426776419
	3426776420
	3426776421
	3426776422
	3426776423
	3426776424
	3426776425
	3426776426
	3426776427
	3426776428
	3426776429
	3426776430
	3426776431
	3426776432
	3426776433
	3426776434
	3426776435
	3426776436
	3426776437
	3426776438
	3426776439
	3426776440
	3426776441
	3426776442
	3426776443
	3426776444
	3426776445
	3426776446
	3426776447
	3426776448
	3426776449
	3426776450
	3426776451
	3426776452
	3426776453
	3426776454
	3426776455
	3426776456
	3426776457
	3426776458
	3426776459
	3426776460
	3426776461
	3426776462
	3426776463
	3426776464
	3426776465
	3426776466
	3426776467
	3426776468
	3426776469
	3426776470
	3426776471
	3426776472
	3426776473
	3426776474
	3426776475
	3426776476
	3426776477
	3426776478
	3426776479
	3426776480
	3426776481
	3426776482
	3426776483
	3426776484
	3426776485
	3426776486
	3426776487
	3426776488
	3426776489
	3426776490
	3426776491
	3426776492
	3426776493
	3426776494
	3426776495
	3426776496
	3426776497
	3426776498
	3426776499
	3426776500
	3426776501
	3426776502
	3426776503
	3426776504
	3426776505
	3426776506
	3426776507
	3426776508
	3426776509
	3426776510
	3426776511
	3426776512
	3426776513
	3426776514
	3426776515
	3426776516
	3426776517
	3426776518
	3426776519
	3426776520
	3426776521
	3426776522
	3426776523
	3426776524
	3426776525
	3426776526
	3426776527
	3426776528
	3426776529
	3426776530
	3426776531
	3426776532
	3426776533
	3426776534
	3426776535
	3426776536
	3426776537
	3426776538
	3426776539
	3426776540
	3426776541
	3426776542
	3426776543
	3426776544
	3426776545
	3426776546
	3426776547
	3426776548
	3426776549
	3426776550
	3426776551
	3426776552
	3426776553
	3426776554
	3426776555
	3426776556
	3426776557
	3426776558
	3426776559
	3426776560
	3426776561
	3426776562
	3426776563
	3426776564
	3426776565
	3426776566
	3426776567
	3426776568
	3426776569
	3426776570
	3426776571
	3426776572
	3426776573
	3426776574
	3426776575
	3426776576
	3426776577
	3426776578
	3426776579
	3426776580
	3426776581
	3426776582
	3426776583
	3426776584
	3426776585
	3426776586
	3426776587
	3426776588
	3426776589
	3426776590
	3426776591
	3426776592
	3426776593
	3426776594
	3426776595
	3426776596
	3426776597
	3426776598
	3426776599
	3426776600
	3426776601
	3426776602
	3426776603
	3426776604
	3426776605
	3426776606
	3426776607
	3426776608
	3426776609
	3426776610
	3426776611
	3426776612
	3426776613
	3426776614
	3426776615
	3426776616
	3426776617
	3426776618
	3426776619
	3426776620
	3426776621
	3426776622
	3426776623
	3426776624
	3426776625
	3426776626
	3426776627
	3426776628
	3426776629
	3426776630
	3426776631
	3426776632
	3426776633
	3426776634
	3426776635
	3426776636
	3426776637
	3426776638
	3426776639
	3426776640
	3426776641
	3426776642
	3426776643
	3426776644
	3426776645
	3426776646
	3426776647
	3426776648
	3426776649
	3426776650
	3426776651
	3426776652
	3426776653
	3426776654
	3426776655
	3426776656
	3426776657
	3426776658
	3426776659
	3426776660
	3426776661
	3426776662
	3426776663
	3426776664
	3426776665
	3426776666
	3426776667
	3426776668
	3426776669
	3426776670
	3426776671
	3426776672
	3426776673
	3426776674
	3426776675
	3426776676
	3426776677
	3426776678
	3426776679
	3426776680
	3426776681
	3426776682
	3426776683
	3426776684
	3426776685
	3426776686
	3426776687
	3426776688
	3426776689
	3426776690
	3426776691
	3426776692
	3426776693
	3426776694
	3426776695
	3426776696
	3426776697
	3426776698
	3426776699
	3426776700
	3426776701
	3426776702
	3426776703
	3426776704
	3426776705
	3426776706
	3426776707
	3426776708
	3426776709
	3426776710
	3426776711
	3426776712
	3426776713
	3426776714
	3426776715
	3426776716
	3426776717
	3426776718
	3426776719
	3426776720
	3426776721
	3426776722
	3426776723
	3426776724
	3426776725
	3426776726
	3426776727
	3426776728
	3426776729
	3426776730
	3426776731
	3426776732
	3426776733
	3426776734
	3426776735
	3426776736
	3426776737
	3426776738
	3426776739
	3426776740
	3426776741
	3426776742
	3426776743
	3426776744
	3426776745
	3426776746
	3426776747
	3426776748
	3426776749
	3426776750
	3426776751
	3426776752
	3426776753
	3426776754
	3426776755
	3426776756
	3426776757
	3426776758
	3426776759
	3426776760
	3426776761
	3426776762
	3426776763
	3426776764
	3426776765
	3426776766
	3426776767
	3426776768
	3426776769
	3426776770
	3426776771
	3426776772
	3426776773
	3426776774
	3426776775
	3426776776
	3426776777
	3426776778
	3426776779
	3426776780
	3426776781
	3426776782
	3426776783
	3426776784
	3426776785
	3426776786
	3426776787
	3426776788
	3426776789
	3426776790
	3426776791
	3426776792
	3426776793
	3426776794
	3426776795
	3426776796
	3426776797
	3426776798
	3426776799
	3426776800
	3426776801
	3426776802
	3426776803
	3426776804
	3426776805
	3426776806
	3426776807
	3426776808
	3426776809
	3426776810
	3426776811
	3426776812
	3426776813
	3426776814
	3426776815
	3426776816
	3426776817
	3426776818
	3426776819
	3426776820
	3426776821
	3426776822
	3426776823
	3426776824
	3426776825
	3426776826
	3426776827
	3426776828
	3426776829
	3426776830
	3426776831
	3426776832
	3426776833
	3426776834
	3426776835
	3426776836
	3426776837
	3426776838
	3426776839
	3426776840
	3426776841
	3426776842
	3426776843
	3426776844
	3426776845
	3426776846
	3426776847
	3426776848
	3426776849
	3426776850
	3426776851
	3426776852
	3426776853
	3426776854
	3426776855
	3426776856
	3426776857
	3426776858
	3426776859
	3426776860
	3426776861
	3426776862
	3426776863
	3426776864
	3426776865
	3426776866
	3426776867
	3426776868
	3426776869
	3426776870
	3426776871
	3426776872
	3426776873
	3426776874
	3426776875
	3426776876
	3426776877
	3426776878
	3426776879
	3426776880
	3426776881
	3426776882
	3426776883
	3426776884
	3426776885
	3426776886
	3426776887
	3426776888
	3426776889
	3426776890
	3426776891
	3426776892
	3426776893
	3426776894
	3426776895
	3426776896
	3426776897
	3426776898
	3426776899
	3426776900
	3426776901
	3426776902
	3426776903
	3426776904
	3426776905
	3426776906
	3426776907
	3426776908
	3426776909
	3426776910
	3426776911
	3426776912
	3426776913
	3426776914
	3426776915
	3426776916
	3426776917
	3426776918
	3426776919
	3426776920
	3426776921
	3426776922
	3426776923
	3426776924
	3426776925
	3426776926
	3426776927
	3426776928
	3426776929
	3426776930
	3426776931
	3426776932
	3426776933
	3426776934
	3426776935
	3426776936
	3426776937
	3426776938
	3426776939
	3426776940
	3426776941
	3426776942
	3426776943
	3426776944
	3426776945
	3426776946
	3426776947
	3426776948
	3426776949
	3426776950
	3426776951
	3426776952
	3426776953
	3426776954
	3426776955
	3426776956
	3426776957
	3426776958
	3426776959
	3426776960
	3426776961
	3426776962
	3426776963
	3426776964
	3426776965
	3426776966
	3426776967
	3426776968
	3426776969
	3426776970
	3426776971
	3426776972
	3426776973
	3426776974
	3426776975
	3426776976
	3426776977
	3426776978
	3426776979
	3426776980
	3426776981
	3426776982
	3426776983
	3426776984
	3426776985
	3426776986
	3426776987
	3426776988
	3426776989
	3426776990
	3426776991
	3426776992
	3426776993
	3426776994
	3426776995
	3426776996
	3426776997
	3426776998
	3426776999
	3426777000
	3426777001
	3426777002
	3426777003
	3426777004
	3426777005
	3426777006
	3426777007
	3426777008
	3426777009
	3426777010
	3426777011
	3426777012
	3426777013
	3426777014
	3426777015
	3426777016
	3426777017
	3426777018
	3426777019
	3426777020
	3426777021
	3426777022
	3426777023
	3426777024
	3426777025
	3426777026
	3426777027
	3426777028
	3426777029
	3426777030
	3426777031
	3426777032
	3426777033
	3426777034
	3426777035
	3426777036
	3426777037
	3426777038
	3426777039
	3426777040
	3426777041
	3426777042
	3426777043
	3426777044
	3426777045
	3426777046
	3426777047
	3426777048
	3426777049
	3426777050
	3426777051
	3426777052
	3426777053
	3426777054
	3426777055
	3426777056
	3426777057
	3426777058
	3426777059
	3426777060
	3426777061
	3426777062
	3426777063
	3426777064
	3426777065
	3426777066
	3426777067
	3426777068
	3426777069
	3426777070
	3426777071
	3426777072
	3426777073
	3426777074
	3426777075
	3426777076
	3426777077
	3426777078
	3426777079
	3426777080
	3426777081
	3426777082
	3426777083
	3426777084
	3426777085
	3426777086
	3426777087
	3426777088
	3426777089
	3426777090
	3426777091
	3426777092
	3426777093
	3426777094
	3426777095
	3426777096
	3426777097
	3426777098
	3426777099
	3426777100
	3426777101
	3426777102
	3426777103
	3426777104
	3426777105
	3426777106
	3426777107
	3426777108
	3426777109
	3426777110
	3426777111
	3426777112
	3426777113
	3426777114
	3426777115
	3426777116
	3426777117
	3426777118
	3426777119
	3426777120
	3426777121
	3426777122
	3426777123
	3426777124
	3426777125
	3426777126
	3426777127
	3426777128
	3426777129
	3426777130
	3426777131
	3426777132
	3426777133
	3426777134
	3426777135
	3426777136
	3426777137
	3426777138
	3426777139
	3426777140
	3426777141
	3426777142
	3426777143
	3426777144
	3426777145
	3426777146
	3426777147
	3426777148
	3426777149
	3426777150
	3426777151
	3426777152
	3426777153
	3426777154
	3426777155
	3426777156
	3426777157
	3426777158
	3426777159
	3426777160
	3426777161
	3426777162
	3426777163
	3426777164
	3426777165
	3426777166
	3426777167
	3426777168
	3426777169
	3426777170
	3426777171
	3426777172
	3426777173
	3426777174
	3426777175
	3426777176
	3426777177
	3426777178
	3426777179
	3426777180
	3426777181
	3426777182
	3426777183
	3426777184
	3426777185
	3426777186
	3426777187
	3426777188
	3426777189
	3426777190
	3426777191
	3426777192
	3426777193
	3426777194
	3426777195
	3426777196
	3426777197
	3426777198
	3426777199
	3426777200
	3426777201
	3426777202
	3426777203
	3426777204
	3426777205
	3426777206
	3426777207
	3426777208
	3426777209
	3426777210
	3426777211
	3426777212
	3426777213
	3426777214
	3426777215
	3426777216
	3426777217
	3426777218
	3426777219
	3426777220
	3426777221
	3426777222
	3426777223
	3426777224
	3426777225
	3426777226
	3426777227
	3426777228
	3426777229
	3426777230
	3426777231
	3426777232
	3426777233
	3426777234
	3426777235
	3426777236
	3426777237
	3426777238
	3426777239
	3426777240
	3426777241
	3426777242
	3426777243
	3426777244
	3426777245
	3426777246
	3426777247
	3426777248
	3426777249
	3426777250
	3426777251
	3426777252
	3426777253
	3426777254
	3426777255
	3426777256
	3426777257
	3426777258
	3426777259
	3426777260
	3426777261
	3426777262
	3426777263
	3426777264
	3426777265
	3426777266
	3426777267
	3426777268
	3426777269
	3426777270
	3426777271
	3426777272
	3426777273
	3426777274
	3426777275
	3426777276
	3426777277
	3426777278
	3426777279
	3426777280
	3426777281
	3426777282
	3426777283
	3426777284
	3426777285
	3426777286
	3426777287
	3426777288
	3426777289
	3426777290
	3426777291
	3426777292
	3426777293
	3426777294
	3426777295
	3426777296
	3426777297
	3426777298
	3426777299
	3426777300
	3426777301
	3426777302
	3426777303
	3426777304
	3426777305
	3426777306
	3426777307
	3426777308
	3426777309
	3426777310
	3426777311
	3426777312
	3426777313
	3426777314
	3426777315
	3426777316
	3426777317
	3426777318
	3426777319
	3426777320
	3426777321
	3426777322
	3426777323
	3426777324
	3426777325
	3426777326
	3426777327
	3426777328
	3426777329
	3426777330
	3426777331
	3426777332
	3426777333
	3426777334
	3426777335
	3426777336
	3426777337
	3426777338
	3426777339
	3426777340
	3426777341
	3426777342
	3426777343
	3426777344
	3426777345
	3426777346
	3426777347
	3426777348
	3426777349
	3426777350
	3426777351
	3426777352
	3426777353
	3426777354
	3426777355
	3426777356
	3426777357
	3426777358
	3426777359
	3426777360
	3426777361
	3426777362
	3426777363
	3426777364
	3426777365
	3426777366
	3426777367
	3426777368
	3426777369
	3426777370
	3426777371
	3426777372
	3426777373
	3426777374
	3426777375
	3426777376
	3426777377
	3426777378
	3426777379
	3426777380
	3426777381
	3426777382
	3426777383
	3426777384
	3426777385
	3426777386
	3426777387
	3426777388
	3426777389
	3426777390
	3426777391
	3426777392
	3426777393
	3426777394
	3426777395
	3426777396
	3426777397
	3426777398
	3426777399
	3426777400
	3426777401
	3426777402
	3426777403
	3426777404
	3426777405
	3426777406
	3426777407
	3426777408
	3426777409
	3426777410
	3426777411
	3426777412
	3426777413
	3426777414
	3426777415
	3426777416
	3426777417
	3426777418
	3426777419
	3426777420
	3426777421
	3426777422
	3426777423
	3426777424
	3426777425
	3426777426
	3426777427
	3426777428
	3426777429
	3426777430
	3426777431
	3426777432
	3426777433
	3426777434
	3426777435
	3426777436
	3426777437
	3426777438
	3426777439
	3426777440
	3426777441
	3426777442
	3426777443
	3426777444
	3426777445
	3426777446
	3426777447
	3426777448
	3426777449
	3426777450
	3426777451
	3426777452
	3426777453
	3426777454
	3426777455
	3426777456
	3426777457
	3426777458
	3426777459
	3426777460
	3426777461
	3426777462
	3426777463
	3426777464
	3426777465
	3426777466
	3426777467
	3426777468
	3426777469
	3426777470
	3426777471
	3426777472
	3426777473
	3426777474
	3426777475
	3426777476
	3426777477
	3426777478
	3426777479
	3426777480
	3426777481
	3426777482
	3426777483
	3426777484
	3426777485
	3426777486
	3426777487
	3426777488
	3426777489
	3426777490
	3426777491
	3426777492
	3426777493
	3426777494
	3426777495
	3426777496
	3426777497
	3426777498
	3426777499
	3426777500
	3426777501
	3426777502
	3426777503
	3426777504
	3426777505
	3426777506
	3426777507
	3426777508
	3426777509
	3426777510
	3426777511
	3426777512
	3426777513
	3426777514
	3426777515
	3426777516
	3426777517
	3426777518
	3426777519
	3426777520
	3426777521
	3426777522
	3426777523
	3426777524
	3426777525
	3426777526
	3426777527
	3426777528
	3426777529
	3426777530
	3426777531
	3426777532
	3426777533
	3426777534
	3426777535
	3426777536
	3426777537
	3426777538
	3426777539
	3426777540
	3426777541
	3426777542
	3426777543
	3426777544
	3426777545
	3426777546
	3426777547
	3426777548
	3426777549
	3426777550
	3426777551
	3426777552
	3426777553
	3426777554
	3426777555
	3426777556
	3426777557
	3426777558
	3426777559
	3426777560
	3426777561
	3426777562
	3426777563
	3426777564
	3426777565
	3426777566
	3426777567
	3426777568
	3426777569
	3426777570
	3426777571
	3426777572
	3426777573
	3426777574
	3426777575
	3426777576
	3426777577
	3426777578
	3426777579
	3426777580
	3426777581
	3426777582
	3426777583
	3426777584
	3426777585
	3426777586
	3426777587
	3426777588
	3426777589
	3426777590
	3426777591
	3426777592
	3426777593
	3426777594
	3426777595
	3426777596
	3426777597
	3426777598
	3426777599
	3426777600
	3426777601
	3426777602
	3426777603
	3426777604
	3426777605
	3426777606
	3426777607
	3426777608
	3426777609
	3426777610
	3426777611
	3426777612
	3426777613
	3426777614
	3426777615
	3426777616
	3426777617
	3426777618
	3426777619
	3426777620
	3426777621
	3426777622
	3426777623
	3426777624
	3426777625
	3426777626
	3426777627
	3426777628
	3426777629
	3426777630
	3426777631
	3426777632
	3426777633
	3426777634
	3426777635
	3426777636
	3426777637
	3426777638
	3426777639
	3426777640
	3426777641
	3426777642
	3426777643
	3426777644
	3426777645
	3426777646
	3426777647
	3426777648
	3426777649
	3426777650
	3426777651
	3426777652
	3426777653
	3426777654
	3426777655
	3426777656
	3426777657
	3426777658
	3426777659
	3426777660
	3426777661
	3426777662
	3426777663
	3426777664
	3426777665
	3426777666
	3426777667
	3426777668
	3426777669
	3426777670
	3426777671
	3426777672
	3426777673
	3426777674
	3426777675
	3426777676
	3426777677
	3426777678
	3426777679
	3426777680
	3426777681
	3426777682
	3426777683
	3426777684
	3426777685
	3426777686
	3426777687
	3426777688
	3426777689
	3426777690
	3426777691
	3426777692
	3426777693
	3426777694
	3426777695
	3426777696
	3426777697
	3426777698
	3426777699
	3426777700
	3426777701
	3426777702
	3426777703
	3426777704
	3426777705
	3426777706
	3426777707
	3426777708
	3426777709
	3426777710
	3426777711
	3426777712
	3426777713
	3426777714
	3426777715
	3426777716
	3426777717
	3426777718
	3426777719
	3426777720
	3426777721
	3426777722
	3426777723
	3426777724
	3426777725
	3426777726
	3426777727
	3426777728
	3426777729
	3426777730
	3426777731
	3426777732
	3426777733
	3426777734
	3426777735
	3426777736
	3426777737
	3426777738
	3426777739
	3426777740
	3426777741
	3426777742
	3426777743
	3426777744
	3426777745
	3426777746
	3426777747
	3426777748
	3426777749
	3426777750
	3426777751
	3426777752
	3426777753
	3426777754
	3426777755
	3426777756
	3426777757
	3426777758
	3426777759
	3426777760
	3426777761
	3426777762
	3426777763
	3426777764
	3426777765
	3426777766
	3426777767
	3426777768
	3426777769
	3426777770
	3426777771
	3426777772
	3426777773
	3426777774
	3426777775
	3426777776
	3426777777
	3426777778
	3426777779
	3426777780
	3426777781
	3426777782
	3426777783
	3426777784
	3426777785
	3426777786
	3426777787
	3426777788
	3426777789
	3426777790
	3426777791
	3426777792
	3426777793
	3426777794
	3426777795
	3426777796
	3426777797
	3426777798
	3426777799
	3426777800
	3426777801
	3426777802
	3426777803
	3426777804
	3426777805
	3426777806
	3426777807
	3426777808
	3426777809
	3426777810
	3426777811
	3426777812
	3426777813
	3426777814
	3426777815
	3426777816
	3426777817
	3426777818
	3426777819
	3426777820
	3426777821
	3426777822
	3426777823
	3426777824
	3426777825
	3426777826
	3426777827
	3426777828
	3426777829
	3426777830
	3426777831
	3426777832
	3426777833
	3426777834
	3426777835
	3426777836
	3426777837
	3426777838
	3426777839
	3426777840
	3426777841
	3426777842
	3426777843
	3426777844
	3426777845
	3426777846
	3426777847
	3426777848
	3426777849
	3426777850
	3426777851
	3426777852
	3426777853
	3426777854
	3426777855
	3426777856
	3426777857
	3426777858
	3426777859
	3426777860
	3426777861
	3426777862
	3426777863
	3426777864
	3426777865
	3426777866
	3426777867
	3426777868
	3426777869
	3426777870
	3426777871
	3426777872
	3426777873
	3426777874
	3426777875
	3426777876
	3426777877
	3426777878
	3426777879
	3426777880
	3426777881
	3426777882
	3426777883
	3426777884
	3426777885
	3426777886
	3426777887
	3426777888
	3426777889
	3426777890
	3426777891
	3426777892
	3426777893
	3426777894
	3426777895
	3426777896
	3426777897
	3426777898
	3426777899
	3426777900
	3426777901
	3426777902
	3426777903
	3426777904
	3426777905
	3426777906
	3426777907
	3426777908
	3426777909
	3426777910
	3426777911
	3426777912
	3426777913
	3426777914
	3426777915
	3426777916
	3426777917
	3426777918
	3426777919
	3426777920
	3426777921
	3426777922
	3426777923
	3426777924
	3426777925
	3426777926
	3426777927
	3426777928
	3426777929
	3426777930
	3426777931
	3426777932
	3426777933
	3426777934
	3426777935
	3426777936
	3426777937
	3426777938
	3426777939
	3426777940
	3426777941
	3426777942
	3426777943
	3426777944
	3426777945
	3426777946
	3426777947
	3426777948
	3426777949
	3426777950
	3426777951
	3426777952
	3426777953
	3426777954
	3426777955
	3426777956
	3426777957
	3426777958
	3426777959
	3426777960
	3426777961
	3426777962
	3426777963
	3426777964
	3426777965
	3426777966
	3426777967
	3426777968
	3426777969
	3426777970
	3426777971
	3426777972
	3426777973
	3426777974
	3426777975
	3426777976
	3426777977
	3426777978
	3426777979
	3426777980
	3426777981
	3426777982
	3426777983
	3426777984
	3426777985
	3426777986
	3426777987
	3426777988
	3426777989
	3426777990
	3426777991
	3426777992
	3426777993
	3426777994
	3426777995
	3426777996
	3426777997
	3426777998
	3426777999
	3426778000
	3426778001
	3426778002
	3426778003
	3426778004
	3426778005
	3426778006
	3426778007
	3426778008
	3426778009
	3426778010
	3426778011
	3426778012
	3426778013
	3426778014
	3426778015
	3426778016
	3426778017
	3426778018
	3426778019
	3426778020
	3426778021
	3426778022
	3426778023
	3426778024
	3426778025
	3426778026
	3426778027
	3426778028
	3426778029
	3426778030
	3426778031
	3426778032
	3426778033
	3426778034
	3426778035
	3426778036
	3426778037
	3426778038
	3426778039
	3426778040
	3426778041
	3426778042
	3426778043
	3426778044
	3426778045
	3426778046
	3426778047
	3426778048
	3426778049
	3426778050
	3426778051
	3426778052
	3426778053
	3426778054
	3426778055
	3426778056
	3426778057
	3426778058
	3426778059
	3426778060
	3426778061
	3426778062
	3426778063
	3426778064
	3426778065
	3426778066
	3426778067
	3426778068
	3426778069
	3426778070
	3426778071
	3426778072
	3426778073
	3426778074
	3426778075
	3426778076
	3426778077
	3426778078
	3426778079
	3426778080
	3426778081
	3426778082
	3426778083
	3426778084
	3426778085
	3426778086
	3426778087
	3426778088
	3426778089
	3426778090
	3426778091
	3426778092
	3426778093
	3426778094
	3426778095
	3426778096
	3426778097
	3426778098
	3426778099
	3426778100
	3426778101
	3426778102
	3426778103
	3426778104
	3426778105
	3426778106
	3426778107
	3426778108
	3426778109
	3426778110
	3426778111
	3426778112
	3426778113
	3426778114
	3426778115
	3426778116
	3426778117
	3426778118
	3426778119
	3426778120
	3426778121
	3426778122
	3426778123
	3426778124
	3426778125
	3426778126
	3426778127
	3426778128
	3426778129
	3426778130
	3426778131
	3426778132
	3426778133
	3426778134
	3426778135
	3426778136
	3426778137
	3426778138
	3426778139
	3426778140
	3426778141
	3426778142
	3426778143
	3426778144
	3426778145
	3426778146
	3426778147
	3426778148
	3426778149
	3426778150
	3426778151
	3426778152
	3426778153
	3426778154
	3426778155
	3426778156
	3426778157
	3426778158
	3426778159
	3426778160
	3426778161
	3426778162
	3426778163
	3426778164
	3426778165
	3426778166
	3426778167
	3426778168
	3426778169
	3426778170
	3426778171
	3426778172
	3426778173
	3426778174
	3426778175
	3426778176
	3426778177
	3426778178
	3426778179
	3426778180
	3426778181
	3426778182
	3426778183
	3426778184
	3426778185
	3426778186
	3426778187
	3426778188
	3426778189
	3426778190
	3426778191
	3426778192
	3426778193
	3426778194
	3426778195
	3426778196
	3426778197
	3426778198
	3426778199
	3426778200
	3426778201
	3426778202
	3426778203
	3426778204
	3426778205
	3426778206
	3426778207
	3426778208
	3426778209
	3426778210
	3426778211
	3426778212
	3426778213
	3426778214
	3426778215
	3426778216
	3426778217
	3426778218
	3426778219
	3426778220
	3426778221
	3426778222
	3426778223
	3426778224
	3426778225
	3426778226
	3426778227
	3426778228
	3426778229
	3426778230
	3426778231
	3426778232
	3426778233
	3426778234
	3426778235
	3426778236
	3426778237
	3426778238
	3426778239
	3426778240
	3426778241
	3426778242
	3426778243
	3426778244
	3426778245
	3426778246
	3426778247
	3426778248
	3426778249
	3426778250
	3426778251
	3426778252
	3426778253
	3426778254
	3426778255
	3426778256
	3426778257
	3426778258
	3426778259
	3426778260
	3426778261
	3426778262
	3426778263
	3426778264
	3426778265
	3426778266
	3426778267
	3426778268
	3426778269
	3426778270
	3426778271
	3426778272
	3426778273
	3426778274
	3426778275
	3426778276
	3426778277
	3426778278
	3426778279
	3426778280
	3426778281
	3426778282
	3426778283
	3426778284
	3426778285
	3426778286
	3426778287
	3426778288
	3426778289
	3426778290
	3426778291
	3426778292
	3426778293
	3426778294
	3426778295
	3426778296
	3426778297
	3426778298
	3426778299
	3426778300
	3426778301
	3426778302
	3426778303
	3426778304
	3426778305
	3426778306
	3426778307
	3426778308
	3426778309
	3426778310
	3426778311
	3426778312
	3426778313
	3426778314
	3426778315
	3426778316
	3426778317
	3426778318
	3426778319
	3426778320
	3426778321
	3426778322
	3426778323
	3426778324
	3426778325
	3426778326
	3426778327
	3426778328
	3426778329
	3426778330
	3426778331
	3426778332
	3426778333
	3426778334
	3426778335
	3426778336
	3426778337
	3426778338
	3426778339
	3426778340
	3426778341
	3426778342
	3426778343
	3426778344
	3426778345
	3426778346
	3426778347
	3426778348
	3426778349
	3426778350
	3426778351
	3426778352
	3426778353
	3426778354
	3426778355
	3426778356
	3426778357
	3426778358
	3426778359
	3426778360
	3426778361
	3426778362
	3426778363
	3426778364
	3426778365
	3426778366
	3426778367
	3426778368
	3426778369
	3426778370
	3426778371
	3426778372
	3426778373
	3426778374
	3426778375
	3426778376
	3426778377
	3426778378
	3426778379
	3426778380
	3426778381
	3426778382
	3426778383
	3426778384
	3426778385
	3426778386
	3426778387
	3426778388
	3426778389
	3426778390
	3426778391
	3426778392
	3426778393
	3426778394
	3426778395
	3426778396
	3426778397
	3426778398
	3426778399
	3426778400
	3426778401
	3426778402
	3426778403
	3426778404
	3426778405
	3426778406
	3426778407
	3426778408
	3426778409
	3426778410
	3426778411
	3426778412
	3426778413
	3426778414
	3426778415
	3426778416
	3426778417
	3426778418
	3426778419
	3426778420
	3426778421
	3426778422
	3426778423
	3426778424
	3426778425
	3426778426
	3426778427
	3426778428
	3426778429
	3426778430
	3426778431
	3426778432
	3426778433
	3426778434
	3426778435
	3426778436
	3426778437
	3426778438
	3426778439
	3426778440
	3426778441
	3426778442
	3426778443
	3426778444
	3426778445
	3426778446
	3426778447
	3426778448
	3426778449
	3426778450
	3426778451
	3426778452
	3426778453
	3426778454
	3426778455
	3426778456
	3426778457
	3426778458
	3426778459
	3426778460
	3426778461
	3426778462
	3426778463
	3426778464
	3426778465
	3426778466
	3426778467
	3426778468
	3426778469
	3426778470
	3426778471
	3426778472
	3426778473
	3426778474
	3426778475
	3426778476
	3426778477
	3426778478
	3426778479
	3426778480
	3426778481
	3426778482
	3426778483
	3426778484
	3426778485
	3426778486
	3426778487
	3426778488
	3426778489
	3426778490
	3426778491
	3426778492
	3426778493
	3426778494
	3426778495
	3426778496
	3426778497
	3426778498
	3426778499
	3426778500
	3426778501
	3426778502
	3426778503
	3426778504
	3426778505
	3426778506
	3426778507
	3426778508
	3426778509
	3426778510
	3426778511
	3426778512
	3426778513
	3426778514
	3426778515
	3426778516
	3426778517
	3426778518
	3426778519
	3426778520
	3426778521
	3426778522
	3426778523
	3426778524
	3426778525
	3426778526
	3426778527
	3426778528
	3426778529
	3426778530
	3426778531
	3426778532
	3426778533
	3426778534
	3426778535
	3426778536
	3426778537
	3426778538
	3426778539
	3426778540
	3426778541
	3426778542
	3426778543
	3426778544
	3426778545
	3426778546
	3426778547
	3426778548
	3426778549
	3426778550
	3426778551
	3426778552
	3426778553
	3426778554
	3426778555
	3426778556
	3426778557
	3426778558
	3426778559
	3426778560
	3426778561
	3426778562
	3426778563
	3426778564
	3426778565
	3426778566
	3426778567
	3426778568
	3426778569
	3426778570
	3426778571
	3426778572
	3426778573
	3426778574
	3426778575
	3426778576
	3426778577
	3426778578
	3426778579
	3426778580
	3426778581
	3426778582
	3426778583
	3426778584
	3426778585
	3426778586
	3426778587
	3426778588
	3426778589
	3426778590
	3426778591
	3426778592
	3426778593
	3426778594
	3426778595
	3426778596
	3426778597
	3426778598
	3426778599
	3426778600
	3426778601
	3426778602
	3426778603
	3426778604
	3426778605
	3426778606
	3426778607
	3426778608
	3426778609
	3426778610
	3426778611
	3426778612
	3426778613
	3426778614
	3426778615
	3426778616
	3426778617
	3426778618
	3426778619
	3426778620
	3426778621
	3426778622
	3426778623
	3426778624
	3426778625
	3426778626
	3426778627
	3426778628
	3426778629
	3426778630
	3426778631
	3426778632
	3426778633
	3426778634
	3426778635
	3426778636
	3426778637
	3426778638
	3426778639
	3426778640
	3426778641
	3426778642
	3426778643
	3426778644
	3426778645
	3426778646
	3426778647
	3426778648
	3426778649
	3426778650
	3426778651
	3426778652
	3426778653
	3426778654
	3426778655
	3426778656
	3426778657
	3426778658
	3426778659
	3426778660
	3426778661
	3426778662
	3426778663
	3426778664
	3426778665
	3426778666
	3426778667
	3426778668
	3426778669
	3426778670
	3426778671
	3426778672
	3426778673
	3426778674
	3426778675
	3426778676
	3426778677
	3426778678
	3426778679
	3426778680
	3426778681
	3426778682
	3426778683
	3426778684
	3426778685
	3426778686
	3426778687
	3426778688
	3426778689
	3426778690
	3426778691
	3426778692
	3426778693
	3426778694
	3426778695
	3426778696
	3426778697
	3426778698
	3426778699
	3426778700
	3426778701
	3426778702
	3426778703
	3426778704
	3426778705
	3426778706
	3426778707
	3426778708
	3426778709
	3426778710
	3426778711
	3426778712
	3426778713
	3426778714
	3426778715
	3426778716
	3426778717
	3426778718
	3426778719
	3426778720
	3426778721
	3426778722
	3426778723
	3426778724
	3426778725
	3426778726
	3426778727
	3426778728
	3426778729
	3426778730
	3426778731
	3426778732
	3426778733
	3426778734
	3426778735
	3426778736
	3426778737
	3426778738
	3426778739
	3426778740
	3426778741
	3426778742
	3426778743
	3426778744
	3426778745
	3426778746
	3426778747
	3426778748
	3426778749
	3426778750
	3426778751
	3426778752
	3426778753
	3426778754
	3426778755
	3426778756
	3426778757
	3426778758
	3426778759
	3426778760
	3426778761
	3426778762
	3426778763
	3426778764
	3426778765
	3426778766
	3426778767
	3426778768
	3426778769
	3426778770
	3426778771
	3426778772
	3426778773
	3426778774
	3426778775
	3426778776
	3426778777
	3426778778
	3426778779
	3426778780
	3426778781
	3426778782
	3426778783
	3426778784
	3426778785
	3426778786
	3426778787
	3426778788
	3426778789
	3426778790
	3426778791
	3426778792
	3426778793
	3426778794
	3426778795
	3426778796
	3426778797
	3426778798
	3426778799
	3426778800
	3426778801
	3426778802
	3426778803
	3426778804
	3426778805
	3426778806
	3426778807
	3426778808
	3426778809
	3426778810
	3426778811
	3426778812
	3426778813
	3426778814
	3426778815
	3426778816
	3426778817
	3426778818
	3426778819
	3426778820
	3426778821
	3426778822
	3426778823
	3426778824
	3426778825
	3426778826
	3426778827
	3426778828
	3426778829
	3426778830
	3426778831
	3426778832
	3426778833
	3426778834
	3426778835
	3426778836
	3426778837
	3426778838
	3426778839
	3426778840
	3426778841
	3426778842
	3426778843
	3426778844
	3426778845
	3426778846
	3426778847
	3426778848
	3426778849
	3426778850
	3426778851
	3426778852
	3426778853
	3426778854
	3426778855
	3426778856
	3426778857
	3426778858
	3426778859
	3426778860
	3426778861
	3426778862
	3426778863
	3426778864
	3426778865
	3426778866
	3426778867
	3426778868
	3426778869
	3426778870
	3426778871
	3426778872
	3426778873
	3426778874
	3426778875
	3426778876
	3426778877
	3426778878
	3426778879
	3426778880
	3426778881
	3426778882
	3426778883
	3426778884
	3426778885
	3426778886
	3426778887
	3426778888
	3426778889
	3426778890
	3426778891
	3426778892
	3426778893
	3426778894
	3426778895
	3426778896
	3426778897
	3426778898
	3426778899
	3426778900
	3426778901
	3426778902
	3426778903
	3426778904
	3426778905
	3426778906
	3426778907
	3426778908
	3426778909
	3426778910
	3426778911
	3426778912
	3426778913
	3426778914
	3426778915
	3426778916
	3426778917
	3426778918
	3426778919
	3426778920
	3426778921
	3426778922
	3426778923
	3426778924
	3426778925
	3426778926
	3426778927
	3426778928
	3426778929
	3426778930
	3426778931
	3426778932
	3426778933
	3426778934
	3426778935
	3426778936
	3426778937
	3426778938
	3426778939
	3426778940
	3426778941
	3426778942
	3426778943
	3426778944
	3426778945
	3426778946
	3426778947
	3426778948
	3426778949
	3426778950
	3426778951
	3426778952
	3426778953
	3426778954
	3426778955
	3426778956
	3426778957
	3426778958
	3426778959
	3426778960
	3426778961
	3426778962
	3426778963
	3426778964
	3426778965
	3426778966
	3426778967
	3426778968
	3426778969
	3426778970
	3426778971
	3426778972
	3426778973
	3426778974
	3426778975
	3426778976
	3426778977
	3426778978
	3426778979
	3426778980
	3426778981
	3426778982
	3426778983
	3426778984
	3426778985
	3426778986
	3426778987
	3426778988
	3426778989
	3426778990
	3426778991
	3426778992
	3426778993
	3426778994
	3426778995
	3426778996
	3426778997
	3426778998
	3426778999
	3426779000
	3426779001
	3426779002
	3426779003
	3426779004
	3426779005
	3426779006
	3426779007
	3426779008
	3426779009
	3426779010
	3426779011
	3426779012
	3426779013
	3426779014
	3426779015
	3426779016
	3426779017
	3426779018
	3426779019
	3426779020
	3426779021
	3426779022
	3426779023
	3426779024
	3426779025
	3426779026
	3426779027
	3426779028
	3426779029
	3426779030
	3426779031
	3426779032
	3426779033
	3426779034
	3426779035
	3426779036
	3426779037
	3426779038
	3426779039
	3426779040
	3426779041
	3426779042
	3426779043
	3426779044
	3426779045
	3426779046
	3426779047
	3426779048
	3426779049
	3426779050
	3426779051
	3426779052
	3426779053
	3426779054
	3426779055
	3426779056
	3426779057
	3426779058
	3426779059
	3426779060
	3426779061
	3426779062
	3426779063
	3426779064
	3426779065
	3426779066
	3426779067
	3426779068
	3426779069
	3426779070
	3426779071
	3426779072
	3426779073
	3426779074
	3426779075
	3426779076
	3426779077
	3426779078
	3426779079
	3426779080
	3426779081
	3426779082
	3426779083
	3426779084
	3426779085
	3426779086
	3426779087
	3426779088
	3426779089
	3426779090
	3426779091
	3426779092
	3426779093
	3426779094
	3426779095
	3426779096
	3426779097
	3426779098
	3426779099
	3426779100
	3426779101
	3426779102
	3426779103
	3426779104
	3426779105
	3426779106
	3426779107
	3426779108
	3426779109
	3426779110
	3426779111
	3426779112
	3426779113
	3426779114
	3426779115
	3426779116
	3426779117
	3426779118
	3426779119
	3426779120
	3426779121
	3426779122
	3426779123
	3426779124
	3426779125
	3426779126
	3426779127
	3426779128
	3426779129
	3426779130
	3426779131
	3426779132
	3426779133
	3426779134
	3426779135
	3426779136
	3426779137
	3426779138
	3426779139
	3426779140
	3426779141
	3426779142
	3426779143
	3426779144
	3426779145
	3426779146
	3426779147
	3426779148
	3426779149
	3426779150
	3426779151
	3426779152
	3426779153
	3426779154
	3426779155
	3426779156
	3426779157
	3426779158
	3426779159
	3426779160
	3426779161
	3426779162
	3426779163
	3426779164
	3426779165
	3426779166
	3426779167
	3426779168
	3426779169
	3426779170
	3426779171
	3426779172
	3426779173
	3426779174
	3426779175
	3426779176
	3426779177
	3426779178
	3426779179
	3426779180
	3426779181
	3426779182
	3426779183
	3426779184
	3426779185
	3426779186
	3426779187
	3426779188
	3426779189
	3426779190
	3426779191
	3426779192
	3426779193
	3426779194
	3426779195
	3426779196
	3426779197
	3426779198
	3426779199
	3426779200
	3426779201
	3426779202
	3426779203
	3426779204
	3426779205
	3426779206
	3426779207
	3426779208
	3426779209
	3426779210
	3426779211
	3426779212
	3426779213
	3426779214
	3426779215
	3426779216
	3426779217
	3426779218
	3426779219
	3426779220
	3426779221
	3426779222
	3426779223
	3426779224
	3426779225
	3426779226
	3426779227
	3426779228
	3426779229
	3426779230
	3426779231
	3426779232
	3426779233
	3426779234
	3426779235
	3426779236
	3426779237
	3426779238
	3426779239
	3426779240
	3426779241
	3426779242
	3426779243
	3426779244
	3426779245
	3426779246
	3426779247
	3426779248
	3426779249
	3426779250
	3426779251
	3426779252
	3426779253
	3426779254
	3426779255
	3426779256
	3426779257
	3426779258
	3426779259
	3426779260
	3426779261
	3426779262
	3426779263
	3426779264
	3426779265
	3426779266
	3426779267
	3426779268
	3426779269
	3426779270
	3426779271
	3426779272
	3426779273
	3426779274
	3426779275
	3426779276
	3426779277
	3426779278
	3426779279
	3426779280
	3426779281
	3426779282
	3426779283
	3426779284
	3426779285
	3426779286
	3426779287
	3426779288
	3426779289
	3426779290
	3426779291
	3426779292
	3426779293
	3426779294
	3426779295
	3426779296
	3426779297
	3426779298
	3426779299
	3426779300
	3426779301
	3426779302
	3426779303
	3426779304
	3426779305
	3426779306
	3426779307
	3426779308
	3426779309
	3426779310
	3426779311
	3426779312
	3426779313
	3426779314
	3426779315
	3426779316
	3426779317
	3426779318
	3426779319
	3426779320
	3426779321
	3426779322
	3426779323
	3426779324
	3426779325
	3426779326
	3426779327
	3426779328
	3426779329
	3426779330
	3426779331
	3426779332
	3426779333
	3426779334
	3426779335
	3426779336
	3426779337
	3426779338
	3426779339
	3426779340
	3426779341
	3426779342
	3426779343
	3426779344
	3426779345
	3426779346
	3426779347
	3426779348
	3426779349
	3426779350
	3426779351
	3426779352
	3426779353
	3426779354
	3426779355
	3426779356
	3426779357
	3426779358
	3426779359
	3426779360
	3426779361
	3426779362
	3426779363
	3426779364
	3426779365
	3426779366
	3426779367
	3426779368
	3426779369
	3426779370
	3426779371
	3426779372
	3426779373
	3426779374
	3426779375
	3426779376
	3426779377
	3426779378
	3426779379
	3426779380
	3426779381
	3426779382
	3426779383
	3426779384
	3426779385
	3426779386
	3426779387
	3426779388
	3426779389
	3426779390
	3426779391
	3426779392
	3426779393
	3426779394
	3426779395
	3426779396
	3426779397
	3426779398
	3426779399
	3426779400
	3426779401
	3426779402
	3426779403
	3426779404
	3426779405
	3426779406
	3426779407
	3426779408
	3426779409
	3426779410
	3426779411
	3426779412
	3426779413
	3426779414
	3426779415
	3426779416
	3426779417
	3426779418
	3426779419
	3426779420
	3426779421
	3426779422
	3426779423
	3426779424
	3426779425
	3426779426
	3426779427
	3426779428
	3426779429
	3426779430
	3426779431
	3426779432
	3426779433
	3426779434
	3426779435
	3426779436
	3426779437
	3426779438
	3426779439
	3426779440
	3426779441
	3426779442
	3426779443
	3426779444
	3426779445
	3426779446
	3426779447
	3426779448
	3426779449
	3426779450
	3426779451
	3426779452
	3426779453
	3426779454
	3426779455
	3426779456
	3426779457
	3426779458
	3426779459
	3426779460
	3426779461
	3426779462
	3426779463
	3426779464
	3426779465
	3426779466
	3426779467
	3426779468
	3426779469
	3426779470
	3426779471
	3426779472
	3426779473
	3426779474
	3426779475
	3426779476
	3426779477
	3426779478
	3426779479
	3426779480
	3426779481
	3426779482
	3426779483
	3426779484
	3426779485
	3426779486
	3426779487
	3426779488
	3426779489
	3426779490
	3426779491
	3426779492
	3426779493
	3426779494
	3426779495
	3426779496
	3426779497
	3426779498
	3426779499
	3426779500
	3426779501
	3426779502
	3426779503
	3426779504
	3426779505
	3426779506
	3426779507
	3426779508
	3426779509
	3426779510
	3426779511
	3426779512
	3426779513
	3426779514
	3426779515
	3426779516
	3426779517
	3426779518
	3426779519
	3426779520
	3426779521
	3426779522
	3426779523
	3426779524
	3426779525
	3426779526
	3426779527
	3426779528
	3426779529
	3426779530
	3426779531
	3426779532
	3426779533
	3426779534
	3426779535
	3426779536
	3426779537
	3426779538
	3426779539
	3426779540
	3426779541
	3426779542
	3426779543
	3426779544
	3426779545
	3426779546
	3426779547
	3426779548
	3426779549
	3426779550
	3426779551
	3426779552
	3426779553
	3426779554
	3426779555
	3426779556
	3426779557
	3426779558
	3426779559
	3426779560
	3426779561
	3426779562
	3426779563
	3426779564
	3426779565
	3426779566
	3426779567
	3426779568
	3426779569
	3426779570
	3426779571
	3426779572
	3426779573
	3426779574
	3426779575
	3426779576
	3426779577
	3426779578
	3426779579
	3426779580
	3426779581
	3426779582
	3426779583
	3426779584
	3426779585
	3426779586
	3426779587
	3426779588
	3426779589
	3426779590
	3426779591
	3426779592
	3426779593
	3426779594
	3426779595
	3426779596
	3426779597
	3426779598
	3426779599
	3426779600
	3426779601
	3426779602
	3426779603
	3426779604
	3426779605
	3426779606
	3426779607
	3426779608
	3426779609
	3426779610
	3426779611
	3426779612
	3426779613
	3426779614
	3426779615
	3426779616
	3426779617
	3426779618
	3426779619
	3426779620
	3426779621
	3426779622
	3426779623
	3426779624
	3426779625
	3426779626
	3426779627
	3426779628
	3426779629
	3426779630
	3426779631
	3426779632
	3426779633
	3426779634
	3426779635
	3426779636
	3426779637
