	3426713979
	3426713980
	3426713981
	3426713982
	3426713983
	3426713984
	3426713985
	3426713986
	3426713987
	3426713988
	3426713989
	3426713990
	3426713991
	3426713992
	3426713993
	3426713994
	3426713995
	3426713996
	3426713997
	3426713998
	3426713999
	3426714000
	3426714001
	3426714002
	3426714003
	3426714004
	3426714005
	3426714006
	3426714007
	3426714008
	3426714009
	3426714010
	3426714011
	3426714012
	3426714013
	3426714014
	3426714015
	3426714016
	3426714017
	3426714018
	3426714019
	3426714020
	3426714021
	3426714022
	3426714023
	3426714024
	3426714025
	3426714026
	3426714027
	3426714028
	3426714029
	3426714030
	3426714031
	3426714032
	3426714033
	3426714034
	3426714035
	3426714036
	3426714037
	3426714038
	3426714039
	3426714040
	3426714041
	3426714042
	3426714043
	3426714044
	3426714045
	3426714046
	3426714047
	3426714048
	3426714049
	3426714050
	3426714051
	3426714052
	3426714053
	3426714054
	3426714055
	3426714056
	3426714057
	3426714058
	3426714059
	3426714060
	3426714061
	3426714062
	3426714063
	3426714064
	3426714065
	3426714066
	3426714067
	3426714068
	3426714069
	3426714070
	3426714071
	3426714072
	3426714073
	3426714074
	3426714075
	3426714076
	3426714077
	3426714078
	3426714079
	3426714080
	3426714081
	3426714082
	3426714083
	3426714084
	3426714085
	3426714086
	3426714087
	3426714088
	3426714089
	3426714090
	3426714091
	3426714092
	3426714093
	3426714094
	3426714095
	3426714096
	3426714097
	3426714098
	3426714099
	3426714100
	3426714101
	3426714102
	3426714103
	3426714104
	3426714105
	3426714106
	3426714107
	3426714108
	3426714109
	3426714110
	3426714111
	3426714112
	3426714113
	3426714114
	3426714115
	3426714116
	3426714117
	3426714118
	3426714119
	3426714120
	3426714121
	3426714122
	3426714123
	3426714124
	3426714125
	3426714126
	3426714127
	3426714128
	3426714129
	3426714130
	3426714131
	3426714132
	3426714133
	3426714134
	3426714135
	3426714136
	3426714137
	3426714138
	3426714139
	3426714140
	3426714141
	3426714142
	3426714143
	3426714144
	3426714145
	3426714146
	3426714147
	3426714148
	3426714149
	3426714150
	3426714151
	3426714152
	3426714153
	3426714154
	3426714155
	3426714156
	3426714157
	3426714158
	3426714159
	3426714160
	3426714161
	3426714162
	3426714163
	3426714164
	3426714165
	3426714166
	3426714167
	3426714168
	3426714169
	3426714170
	3426714171
	3426714172
	3426714173
	3426714174
	3426714175
	3426714176
	3426714177
	3426714178
	3426714179
	3426714180
	3426714181
	3426714182
	3426714183
	3426714184
	3426714185
	3426714186
	3426714187
	3426714188
	3426714189
	3426714190
	3426714191
	3426714192
	3426714193
	3426714194
	3426714195
	3426714196
	3426714197
	3426714198
	3426714199
	3426714200
	3426714201
	3426714202
	3426714203
	3426714204
	3426714205
	3426714206
	3426714207
	3426714208
	3426714209
	3426714210
	3426714211
	3426714212
	3426714213
	3426714214
	3426714215
	3426714216
	3426714217
	3426714218
	3426714219
	3426714220
	3426714221
	3426714222
	3426714223
	3426714224
	3426714225
	3426714226
	3426714227
	3426714228
	3426714229
	3426714230
	3426714231
	3426714232
	3426714233
	3426714234
	3426714235
	3426714236
	3426714237
	3426714238
	3426714239
	3426714240
	3426714241
	3426714242
	3426714243
	3426714244
	3426714245
	3426714246
	3426714247
	3426714248
	3426714249
	3426714250
	3426714251
	3426714252
	3426714253
	3426714254
	3426714255
	3426714256
	3426714257
	3426714258
	3426714259
	3426714260
	3426714261
	3426714262
	3426714263
	3426714264
	3426714265
	3426714266
	3426714267
	3426714268
	3426714269
	3426714270
	3426714271
	3426714272
	3426714273
	3426714274
	3426714275
	3426714276
	3426714277
	3426714278
	3426714279
	3426714280
	3426714281
	3426714282
	3426714283
	3426714284
	3426714285
	3426714286
	3426714287
	3426714288
	3426714289
	3426714290
	3426714291
	3426714292
	3426714293
	3426714294
	3426714295
	3426714296
	3426714297
	3426714298
	3426714299
	3426714300
	3426714301
	3426714302
	3426714303
	3426714304
	3426714305
	3426714306
	3426714307
	3426714308
	3426714309
	3426714310
	3426714311
	3426714312
	3426714313
	3426714314
	3426714315
	3426714316
	3426714317
	3426714318
	3426714319
	3426714320
	3426714321
	3426714322
	3426714323
	3426714324
	3426714325
	3426714326
	3426714327
	3426714328
	3426714329
	3426714330
	3426714331
	3426714332
	3426714333
	3426714334
	3426714335
	3426714336
	3426714337
	3426714338
	3426714339
	3426714340
	3426714341
	3426714342
	3426714343
	3426714344
	3426714345
	3426714346
	3426714347
	3426714348
	3426714349
	3426714350
	3426714351
	3426714352
	3426714353
	3426714354
	3426714355
	3426714356
	3426714357
	3426714358
	3426714359
	3426714360
	3426714361
	3426714362
	3426714363
	3426714364
	3426714365
	3426714366
	3426714367
	3426714368
	3426714369
	3426714370
	3426714371
	3426714372
	3426714373
	3426714374
	3426714375
	3426714376
	3426714377
	3426714378
	3426714379
	3426714380
	3426714381
	3426714382
	3426714383
	3426714384
	3426714385
	3426714386
	3426714387
	3426714388
	3426714389
	3426714390
	3426714391
	3426714392
	3426714393
	3426714394
	3426714395
	3426714396
	3426714397
	3426714398
	3426714399
	3426714400
	3426714401
	3426714402
	3426714403
	3426714404
	3426714405
	3426714406
	3426714407
	3426714408
	3426714409
	3426714410
	3426714411
	3426714412
	3426714413
	3426714414
	3426714415
	3426714416
	3426714417
	3426714418
	3426714419
	3426714420
	3426714421
	3426714422
	3426714423
	3426714424
	3426714425
	3426714426
	3426714427
	3426714428
	3426714429
	3426714430
	3426714431
	3426714432
	3426714433
	3426714434
	3426714435
	3426714436
	3426714437
	3426714438
	3426714439
	3426714440
	3426714441
	3426714442
	3426714443
	3426714444
	3426714445
	3426714446
	3426714447
	3426714448
	3426714449
	3426714450
	3426714451
	3426714452
	3426714453
	3426714454
	3426714455
	3426714456
	3426714457
	3426714458
	3426714459
	3426714460
	3426714461
	3426714462
	3426714463
	3426714464
	3426714465
	3426714466
	3426714467
	3426714468
	3426714469
	3426714470
	3426714471
	3426714472
	3426714473
	3426714474
	3426714475
	3426714476
	3426714477
	3426714478
	3426714479
	3426714480
	3426714481
	3426714482
	3426714483
	3426714484
	3426714485
	3426714486
	3426714487
	3426714488
	3426714489
	3426714490
	3426714491
	3426714492
	3426714493
	3426714494
	3426714495
	3426714496
	3426714497
	3426714498
	3426714499
	3426714500
	3426714501
	3426714502
	3426714503
	3426714504
	3426714505
	3426714506
	3426714507
	3426714508
	3426714509
	3426714510
	3426714511
	3426714512
	3426714513
	3426714514
	3426714515
	3426714516
	3426714517
	3426714518
	3426714519
	3426714520
	3426714521
	3426714522
	3426714523
	3426714524
	3426714525
	3426714526
	3426714527
	3426714528
	3426714529
	3426714530
	3426714531
	3426714532
	3426714533
	3426714534
	3426714535
	3426714536
	3426714537
	3426714538
	3426714539
	3426714540
	3426714541
	3426714542
	3426714543
	3426714544
	3426714545
	3426714546
	3426714547
	3426714548
	3426714549
	3426714550
	3426714551
	3426714552
	3426714553
	3426714554
	3426714555
	3426714556
	3426714557
	3426714558
	3426714559
	3426714560
	3426714561
	3426714562
	3426714563
	3426714564
	3426714565
	3426714566
	3426714567
	3426714568
	3426714569
	3426714570
	3426714571
	3426714572
	3426714573
	3426714574
	3426714575
	3426714576
	3426714577
	3426714578
	3426714579
	3426714580
	3426714581
	3426714582
	3426714583
	3426714584
	3426714585
	3426714586
	3426714587
	3426714588
	3426714589
	3426714590
	3426714591
	3426714592
	3426714593
	3426714594
	3426714595
	3426714596
	3426714597
	3426714598
	3426714599
	3426714600
	3426714601
	3426714602
	3426714603
	3426714604
	3426714605
	3426714606
	3426714607
	3426714608
	3426714609
	3426714610
	3426714611
	3426714612
	3426714613
	3426714614
	3426714615
	3426714616
	3426714617
	3426714618
	3426714619
	3426714620
	3426714621
	3426714622
	3426714623
	3426714624
	3426714625
	3426714626
	3426714627
	3426714628
	3426714629
	3426714630
	3426714631
	3426714632
	3426714633
	3426714634
	3426714635
	3426714636
	3426714637
	3426714638
	3426714639
	3426714640
	3426714641
	3426714642
	3426714643
	3426714644
	3426714645
	3426714646
	3426714647
	3426714648
	3426714649
	3426714650
	3426714651
	3426714652
	3426714653
	3426714654
	3426714655
	3426714656
	3426714657
	3426714658
	3426714659
	3426714660
	3426714661
	3426714662
	3426714663
	3426714664
	3426714665
	3426714666
	3426714667
	3426714668
	3426714669
	3426714670
	3426714671
	3426714672
	3426714673
	3426714674
	3426714675
	3426714676
	3426714677
	3426714678
	3426714679
	3426714680
	3426714681
	3426714682
	3426714683
	3426714684
	3426714685
	3426714686
	3426714687
	3426714688
	3426714689
	3426714690
	3426714691
	3426714692
	3426714693
	3426714694
	3426714695
	3426714696
	3426714697
	3426714698
	3426714699
	3426714700
	3426714701
	3426714702
	3426714703
	3426714704
	3426714705
	3426714706
	3426714707
	3426714708
	3426714709
	3426714710
	3426714711
	3426714712
	3426714713
	3426714714
	3426714715
	3426714716
	3426714717
	3426714718
	3426714719
	3426714720
	3426714721
	3426714722
	3426714723
	3426714724
	3426714725
	3426714726
	3426714727
	3426714728
	3426714729
	3426714730
	3426714731
	3426714732
	3426714733
	3426714734
	3426714735
	3426714736
	3426714737
	3426714738
	3426714739
	3426714740
	3426714741
	3426714742
	3426714743
	3426714744
	3426714745
	3426714746
	3426714747
	3426714748
	3426714749
	3426714750
	3426714751
	3426714752
	3426714753
	3426714754
	3426714755
	3426714756
	3426714757
	3426714758
	3426714759
	3426714760
	3426714761
	3426714762
	3426714763
	3426714764
	3426714765
	3426714766
	3426714767
	3426714768
	3426714769
	3426714770
	3426714771
	3426714772
	3426714773
	3426714774
	3426714775
	3426714776
	3426714777
	3426714778
	3426714779
	3426714780
	3426714781
	3426714782
	3426714783
	3426714784
	3426714785
	3426714786
	3426714787
	3426714788
	3426714789
	3426714790
	3426714791
	3426714792
	3426714793
	3426714794
	3426714795
	3426714796
	3426714797
	3426714798
	3426714799
	3426714800
	3426714801
	3426714802
	3426714803
	3426714804
	3426714805
	3426714806
	3426714807
	3426714808
	3426714809
	3426714810
	3426714811
	3426714812
	3426714813
	3426714814
	3426714815
	3426714816
	3426714817
	3426714818
	3426714819
	3426714820
	3426714821
	3426714822
	3426714823
	3426714824
	3426714825
	3426714826
	3426714827
	3426714828
	3426714829
	3426714830
	3426714831
	3426714832
	3426714833
	3426714834
	3426714835
	3426714836
	3426714837
	3426714838
	3426714839
	3426714840
	3426714841
	3426714842
	3426714843
	3426714844
	3426714845
	3426714846
	3426714847
	3426714848
	3426714849
	3426714850
	3426714851
	3426714852
	3426714853
	3426714854
	3426714855
	3426714856
	3426714857
	3426714858
	3426714859
	3426714860
	3426714861
	3426714862
	3426714863
	3426714864
	3426714865
	3426714866
	3426714867
	3426714868
	3426714869
	3426714870
	3426714871
	3426714872
	3426714873
	3426714874
	3426714875
	3426714876
	3426714877
	3426714878
	3426714879
	3426714880
	3426714881
	3426714882
	3426714883
	3426714884
	3426714885
	3426714886
	3426714887
	3426714888
	3426714889
	3426714890
	3426714891
	3426714892
	3426714893
	3426714894
	3426714895
	3426714896
	3426714897
	3426714898
	3426714899
	3426714900
	3426714901
	3426714902
	3426714903
	3426714904
	3426714905
	3426714906
	3426714907
	3426714908
	3426714909
	3426714910
	3426714911
	3426714912
	3426714913
	3426714914
	3426714915
	3426714916
	3426714917
	3426714918
	3426714919
	3426714920
	3426714921
	3426714922
	3426714923
	3426714924
	3426714925
	3426714926
	3426714927
	3426714928
	3426714929
	3426714930
	3426714931
	3426714932
	3426714933
	3426714934
	3426714935
	3426714936
	3426714937
	3426714938
	3426714939
	3426714940
	3426714941
	3426714942
	3426714943
	3426714944
	3426714945
	3426714946
	3426714947
	3426714948
	3426714949
	3426714950
	3426714951
	3426714952
	3426714953
	3426714954
	3426714955
	3426714956
	3426714957
	3426714958
	3426714959
	3426714960
	3426714961
	3426714962
	3426714963
	3426714964
	3426714965
	3426714966
	3426714967
	3426714968
	3426714969
	3426714970
	3426714971
	3426714972
	3426714973
	3426714974
	3426714975
	3426714976
	3426714977
	3426714978
	3426714979
	3426714980
	3426714981
	3426714982
	3426714983
	3426714984
	3426714985
	3426714986
	3426714987
	3426714988
	3426714989
	3426714990
	3426714991
	3426714992
	3426714993
	3426714994
	3426714995
	3426714996
	3426714997
	3426714998
	3426714999
	3426715000
	3426715001
	3426715002
	3426715003
	3426715004
	3426715005
	3426715006
	3426715007
	3426715008
	3426715009
	3426715010
	3426715011
	3426715012
	3426715013
	3426715014
	3426715015
	3426715016
	3426715017
	3426715018
	3426715019
	3426715020
	3426715021
	3426715022
	3426715023
	3426715024
	3426715025
	3426715026
	3426715027
	3426715028
	3426715029
	3426715030
	3426715031
	3426715032
	3426715033
	3426715034
	3426715035
	3426715036
	3426715037
	3426715038
	3426715039
	3426715040
	3426715041
	3426715042
	3426715043
	3426715044
	3426715045
	3426715046
	3426715047
	3426715048
	3426715049
	3426715050
	3426715051
	3426715052
	3426715053
	3426715054
	3426715055
	3426715056
	3426715057
	3426715058
	3426715059
	3426715060
	3426715061
	3426715062
	3426715063
	3426715064
	3426715065
	3426715066
	3426715067
	3426715068
	3426715069
	3426715070
	3426715071
	3426715072
	3426715073
	3426715074
	3426715075
	3426715076
	3426715077
	3426715078
	3426715079
	3426715080
	3426715081
	3426715082
	3426715083
	3426715084
	3426715085
	3426715086
	3426715087
	3426715088
	3426715089
	3426715090
	3426715091
	3426715092
	3426715093
	3426715094
	3426715095
	3426715096
	3426715097
	3426715098
	3426715099
	3426715100
	3426715101
	3426715102
	3426715103
	3426715104
	3426715105
	3426715106
	3426715107
	3426715108
	3426715109
	3426715110
	3426715111
	3426715112
	3426715113
	3426715114
	3426715115
	3426715116
	3426715117
	3426715118
	3426715119
	3426715120
	3426715121
	3426715122
	3426715123
	3426715124
	3426715125
	3426715126
	3426715127
	3426715128
	3426715129
	3426715130
	3426715131
	3426715132
	3426715133
	3426715134
	3426715135
	3426715136
	3426715137
	3426715138
	3426715139
	3426715140
	3426715141
	3426715142
	3426715143
	3426715144
	3426715145
	3426715146
	3426715147
	3426715148
	3426715149
	3426715150
	3426715151
	3426715152
	3426715153
	3426715154
	3426715155
	3426715156
	3426715157
	3426715158
	3426715159
	3426715160
	3426715161
	3426715162
	3426715163
	3426715164
	3426715165
	3426715166
	3426715167
	3426715168
	3426715169
	3426715170
	3426715171
	3426715172
	3426715173
	3426715174
	3426715175
	3426715176
	3426715177
	3426715178
	3426715179
	3426715180
	3426715181
	3426715182
	3426715183
	3426715184
	3426715185
	3426715186
	3426715187
	3426715188
	3426715189
	3426715190
	3426715191
	3426715192
	3426715193
	3426715194
	3426715195
	3426715196
	3426715197
	3426715198
	3426715199
	3426715200
	3426715201
	3426715202
	3426715203
	3426715204
	3426715205
	3426715206
	3426715207
	3426715208
	3426715209
	3426715210
	3426715211
	3426715212
	3426715213
	3426715214
	3426715215
	3426715216
	3426715217
	3426715218
	3426715219
	3426715220
	3426715221
	3426715222
	3426715223
	3426715224
	3426715225
	3426715226
	3426715227
	3426715228
	3426715229
	3426715230
	3426715231
	3426715232
	3426715233
	3426715234
	3426715235
	3426715236
	3426715237
	3426715238
	3426715239
	3426715240
	3426715241
	3426715242
	3426715243
	3426715244
	3426715245
	3426715246
	3426715247
	3426715248
	3426715249
	3426715250
	3426715251
	3426715252
	3426715253
	3426715254
	3426715255
	3426715256
	3426715257
	3426715258
	3426715259
	3426715260
	3426715261
	3426715262
	3426715263
	3426715264
	3426715265
	3426715266
	3426715267
	3426715268
	3426715269
	3426715270
	3426715271
	3426715272
	3426715273
	3426715274
	3426715275
	3426715276
	3426715277
	3426715278
	3426715279
	3426715280
	3426715281
	3426715282
	3426715283
	3426715284
	3426715285
	3426715286
	3426715287
	3426715288
	3426715289
	3426715290
	3426715291
	3426715292
	3426715293
	3426715294
	3426715295
	3426715296
	3426715297
	3426715298
	3426715299
	3426715300
	3426715301
	3426715302
	3426715303
	3426715304
	3426715305
	3426715306
	3426715307
	3426715308
	3426715309
	3426715310
	3426715311
	3426715312
	3426715313
	3426715314
	3426715315
	3426715316
	3426715317
	3426715318
	3426715319
	3426715320
	3426715321
	3426715322
	3426715323
	3426715324
	3426715325
	3426715326
	3426715327
	3426715328
	3426715329
	3426715330
	3426715331
	3426715332
	3426715333
	3426715334
	3426715335
	3426715336
	3426715337
	3426715338
	3426715339
	3426715340
	3426715341
	3426715342
	3426715343
	3426715344
	3426715345
	3426715346
	3426715347
	3426715348
	3426715349
	3426715350
	3426715351
	3426715352
	3426715353
	3426715354
	3426715355
	3426715356
	3426715357
	3426715358
	3426715359
	3426715360
	3426715361
	3426715362
	3426715363
	3426715364
	3426715365
	3426715366
	3426715367
	3426715368
	3426715369
	3426715370
	3426715371
	3426715372
	3426715373
	3426715374
	3426715375
	3426715376
	3426715377
	3426715378
	3426715379
	3426715380
	3426715381
	3426715382
	3426715383
	3426715384
	3426715385
	3426715386
	3426715387
	3426715388
	3426715389
	3426715390
	3426715391
	3426715392
	3426715393
	3426715394
	3426715395
	3426715396
	3426715397
	3426715398
	3426715399
	3426715400
	3426715401
	3426715402
	3426715403
	3426715404
	3426715405
	3426715406
	3426715407
	3426715408
	3426715409
	3426715410
	3426715411
	3426715412
	3426715413
	3426715414
	3426715415
	3426715416
	3426715417
	3426715418
	3426715419
	3426715420
	3426715421
	3426715422
	3426715423
	3426715424
	3426715425
	3426715426
	3426715427
	3426715428
	3426715429
	3426715430
	3426715431
	3426715432
	3426715433
	3426715434
	3426715435
	3426715436
	3426715437
	3426715438
	3426715439
	3426715440
	3426715441
	3426715442
	3426715443
	3426715444
	3426715445
	3426715446
	3426715447
	3426715448
	3426715449
	3426715450
	3426715451
	3426715452
	3426715453
	3426715454
	3426715455
	3426715456
	3426715457
	3426715458
	3426715459
	3426715460
	3426715461
	3426715462
	3426715463
	3426715464
	3426715465
	3426715466
	3426715467
	3426715468
	3426715469
	3426715470
	3426715471
	3426715472
	3426715473
	3426715474
	3426715475
	3426715476
	3426715477
	3426715478
	3426715479
	3426715480
	3426715481
	3426715482
	3426715483
	3426715484
	3426715485
	3426715486
	3426715487
	3426715488
	3426715489
	3426715490
	3426715491
	3426715492
	3426715493
	3426715494
	3426715495
	3426715496
	3426715497
	3426715498
	3426715499
	3426715500
	3426715501
	3426715502
	3426715503
	3426715504
	3426715505
	3426715506
	3426715507
	3426715508
	3426715509
	3426715510
	3426715511
	3426715512
	3426715513
	3426715514
	3426715515
	3426715516
	3426715517
	3426715518
	3426715519
	3426715520
	3426715521
	3426715522
	3426715523
	3426715524
	3426715525
	3426715526
	3426715527
	3426715528
	3426715529
	3426715530
	3426715531
	3426715532
	3426715533
	3426715534
	3426715535
	3426715536
	3426715537
	3426715538
	3426715539
	3426715540
	3426715541
	3426715542
	3426715543
	3426715544
	3426715545
	3426715546
	3426715547
	3426715548
	3426715549
	3426715550
	3426715551
	3426715552
	3426715553
	3426715554
	3426715555
	3426715556
	3426715557
	3426715558
	3426715559
	3426715560
	3426715561
	3426715562
	3426715563
	3426715564
	3426715565
	3426715566
	3426715567
	3426715568
	3426715569
	3426715570
	3426715571
	3426715572
	3426715573
	3426715574
	3426715575
	3426715576
	3426715577
	3426715578
	3426715579
	3426715580
	3426715581
	3426715582
	3426715583
	3426715584
	3426715585
	3426715586
	3426715587
	3426715588
	3426715589
	3426715590
	3426715591
	3426715592
	3426715593
	3426715594
	3426715595
	3426715596
	3426715597
	3426715598
	3426715599
	3426715600
	3426715601
	3426715602
	3426715603
	3426715604
	3426715605
	3426715606
	3426715607
	3426715608
	3426715609
	3426715610
	3426715611
	3426715612
	3426715613
	3426715614
	3426715615
	3426715616
	3426715617
	3426715618
	3426715619
	3426715620
	3426715621
	3426715622
	3426715623
	3426715624
	3426715625
	3426715626
	3426715627
	3426715628
	3426715629
	3426715630
	3426715631
	3426715632
	3426715633
	3426715634
	3426715635
	3426715636
	3426715637
	3426715638
	3426715639
	3426715640
	3426715641
	3426715642
	3426715643
	3426715644
	3426715645
	3426715646
	3426715647
	3426715648
	3426715649
	3426715650
	3426715651
	3426715652
	3426715653
	3426715654
	3426715655
	3426715656
	3426715657
	3426715658
	3426715659
	3426715660
	3426715661
	3426715662
	3426715663
	3426715664
	3426715665
	3426715666
	3426715667
	3426715668
	3426715669
	3426715670
	3426715671
	3426715672
	3426715673
	3426715674
	3426715675
	3426715676
	3426715677
	3426715678
	3426715679
	3426715680
	3426715681
	3426715682
	3426715683
	3426715684
	3426715685
	3426715686
	3426715687
	3426715688
	3426715689
	3426715690
	3426715691
	3426715692
	3426715693
	3426715694
	3426715695
	3426715696
	3426715697
	3426715698
	3426715699
	3426715700
	3426715701
	3426715702
	3426715703
	3426715704
	3426715705
	3426715706
	3426715707
	3426715708
	3426715709
	3426715710
	3426715711
	3426715712
	3426715713
	3426715714
	3426715715
	3426715716
	3426715717
	3426715718
	3426715719
	3426715720
	3426715721
	3426715722
	3426715723
	3426715724
	3426715725
	3426715726
	3426715727
	3426715728
	3426715729
	3426715730
	3426715731
	3426715732
	3426715733
	3426715734
	3426715735
	3426715736
	3426715737
	3426715738
	3426715739
	3426715740
	3426715741
	3426715742
	3426715743
	3426715744
	3426715745
	3426715746
	3426715747
	3426715748
	3426715749
	3426715750
	3426715751
	3426715752
	3426715753
	3426715754
	3426715755
	3426715756
	3426715757
	3426715758
	3426715759
	3426715760
	3426715761
	3426715762
	3426715763
	3426715764
	3426715765
	3426715766
	3426715767
	3426715768
	3426715769
	3426715770
	3426715771
	3426715772
	3426715773
	3426715774
	3426715775
	3426715776
	3426715777
	3426715778
	3426715779
	3426715780
	3426715781
	3426715782
	3426715783
	3426715784
	3426715785
	3426715786
	3426715787
	3426715788
	3426715789
	3426715790
	3426715791
	3426715792
	3426715793
	3426715794
	3426715795
	3426715796
	3426715797
	3426715798
	3426715799
	3426715800
	3426715801
	3426715802
	3426715803
	3426715804
	3426715805
	3426715806
	3426715807
	3426715808
	3426715809
	3426715810
	3426715811
	3426715812
	3426715813
	3426715814
	3426715815
	3426715816
	3426715817
	3426715818
	3426715819
	3426715820
	3426715821
	3426715822
	3426715823
	3426715824
	3426715825
	3426715826
	3426715827
	3426715828
	3426715829
	3426715830
	3426715831
	3426715832
	3426715833
	3426715834
	3426715835
	3426715836
	3426715837
	3426715838
	3426715839
	3426715840
	3426715841
	3426715842
	3426715843
	3426715844
	3426715845
	3426715846
	3426715847
	3426715848
	3426715849
	3426715850
	3426715851
	3426715852
	3426715853
	3426715854
	3426715855
	3426715856
	3426715857
	3426715858
	3426715859
	3426715860
	3426715861
	3426715862
	3426715863
	3426715864
	3426715865
	3426715866
	3426715867
	3426715868
	3426715869
	3426715870
	3426715871
	3426715872
	3426715873
	3426715874
	3426715875
	3426715876
	3426715877
	3426715878
	3426715879
	3426715880
	3426715881
	3426715882
	3426715883
	3426715884
	3426715885
	3426715886
	3426715887
	3426715888
	3426715889
	3426715890
	3426715891
	3426715892
	3426715893
	3426715894
	3426715895
	3426715896
	3426715897
	3426715898
	3426715899
	3426715900
	3426715901
	3426715902
	3426715903
	3426715904
	3426715905
	3426715906
	3426715907
	3426715908
	3426715909
	3426715910
	3426715911
	3426715912
	3426715913
	3426715914
	3426715915
	3426715916
	3426715917
	3426715918
	3426715919
	3426715920
	3426715921
	3426715922
	3426715923
	3426715924
	3426715925
	3426715926
	3426715927
	3426715928
	3426715929
	3426715930
	3426715931
	3426715932
	3426715933
	3426715934
	3426715935
	3426715936
	3426715937
	3426715938
	3426715939
	3426715940
	3426715941
	3426715942
	3426715943
	3426715944
	3426715945
	3426715946
	3426715947
	3426715948
	3426715949
	3426715950
	3426715951
	3426715952
	3426715953
	3426715954
	3426715955
	3426715956
	3426715957
	3426715958
	3426715959
	3426715960
	3426715961
	3426715962
	3426715963
	3426715964
	3426715965
	3426715966
	3426715967
	3426715968
	3426715969
	3426715970
	3426715971
	3426715972
	3426715973
	3426715974
	3426715975
	3426715976
	3426715977
	3426715978
	3426715979
	3426715980
	3426715981
	3426715982
	3426715983
	3426715984
	3426715985
	3426715986
	3426715987
	3426715988
	3426715989
	3426715990
	3426715991
	3426715992
	3426715993
	3426715994
	3426715995
	3426715996
	3426715997
	3426715998
	3426715999
	3426716000
	3426716001
	3426716002
	3426716003
	3426716004
	3426716005
	3426716006
	3426716007
	3426716008
	3426716009
	3426716010
	3426716011
	3426716012
	3426716013
	3426716014
	3426716015
	3426716016
	3426716017
	3426716018
	3426716019
	3426716020
	3426716021
	3426716022
	3426716023
	3426716024
	3426716025
	3426716026
	3426716027
	3426716028
	3426716029
	3426716030
	3426716031
	3426716032
	3426716033
	3426716034
	3426716035
	3426716036
	3426716037
	3426716038
	3426716039
	3426716040
	3426716041
	3426716042
	3426716043
	3426716044
	3426716045
	3426716046
	3426716047
	3426716048
	3426716049
	3426716050
	3426716051
	3426716052
	3426716053
	3426716054
	3426716055
	3426716056
	3426716057
	3426716058
	3426716059
	3426716060
	3426716061
	3426716062
	3426716063
	3426716064
	3426716065
	3426716066
	3426716067
	3426716068
	3426716069
	3426716070
	3426716071
	3426716072
	3426716073
	3426716074
	3426716075
	3426716076
	3426716077
	3426716078
	3426716079
	3426716080
	3426716081
	3426716082
	3426716083
	3426716084
	3426716085
	3426716086
	3426716087
	3426716088
	3426716089
	3426716090
	3426716091
	3426716092
	3426716093
	3426716094
	3426716095
	3426716096
	3426716097
	3426716098
	3426716099
	3426716100
	3426716101
	3426716102
	3426716103
	3426716104
	3426716105
	3426716106
	3426716107
	3426716108
	3426716109
	3426716110
	3426716111
	3426716112
	3426716113
	3426716114
	3426716115
	3426716116
	3426716117
	3426716118
	3426716119
	3426716120
	3426716121
	3426716122
	3426716123
	3426716124
	3426716125
	3426716126
	3426716127
	3426716128
	3426716129
	3426716130
	3426716131
	3426716132
	3426716133
	3426716134
	3426716135
	3426716136
	3426716137
	3426716138
	3426716139
	3426716140
	3426716141
	3426716142
	3426716143
	3426716144
	3426716145
	3426716146
	3426716147
	3426716148
	3426716149
	3426716150
	3426716151
	3426716152
	3426716153
	3426716154
	3426716155
	3426716156
	3426716157
	3426716158
	3426716159
	3426716160
	3426716161
	3426716162
	3426716163
	3426716164
	3426716165
	3426716166
	3426716167
	3426716168
	3426716169
	3426716170
	3426716171
	3426716172
	3426716173
	3426716174
	3426716175
	3426716176
	3426716177
	3426716178
	3426716179
	3426716180
	3426716181
	3426716182
	3426716183
	3426716184
	3426716185
	3426716186
	3426716187
	3426716188
	3426716189
	3426716190
	3426716191
	3426716192
	3426716193
	3426716194
	3426716195
	3426716196
	3426716197
	3426716198
	3426716199
	3426716200
	3426716201
	3426716202
	3426716203
	3426716204
	3426716205
	3426716206
	3426716207
	3426716208
	3426716209
	3426716210
	3426716211
	3426716212
	3426716213
	3426716214
	3426716215
	3426716216
	3426716217
	3426716218
	3426716219
	3426716220
	3426716221
	3426716222
	3426716223
	3426716224
	3426716225
	3426716226
	3426716227
	3426716228
	3426716229
	3426716230
	3426716231
	3426716232
	3426716233
	3426716234
	3426716235
	3426716236
	3426716237
	3426716238
	3426716239
	3426716240
	3426716241
	3426716242
	3426716243
	3426716244
	3426716245
	3426716246
	3426716247
	3426716248
	3426716249
	3426716250
	3426716251
	3426716252
	3426716253
	3426716254
	3426716255
	3426716256
	3426716257
	3426716258
	3426716259
	3426716260
	3426716261
	3426716262
	3426716263
	3426716264
	3426716265
	3426716266
	3426716267
	3426716268
	3426716269
	3426716270
	3426716271
	3426716272
	3426716273
	3426716274
	3426716275
	3426716276
	3426716277
	3426716278
	3426716279
	3426716280
	3426716281
	3426716282
	3426716283
	3426716284
	3426716285
	3426716286
	3426716287
	3426716288
	3426716289
	3426716290
	3426716291
	3426716292
	3426716293
	3426716294
	3426716295
	3426716296
	3426716297
	3426716298
	3426716299
	3426716300
	3426716301
	3426716302
	3426716303
	3426716304
	3426716305
	3426716306
	3426716307
	3426716308
	3426716309
	3426716310
	3426716311
	3426716312
	3426716313
	3426716314
	3426716315
	3426716316
	3426716317
	3426716318
	3426716319
	3426716320
	3426716321
	3426716322
	3426716323
	3426716324
	3426716325
	3426716326
	3426716327
	3426716328
	3426716329
	3426716330
	3426716331
	3426716332
	3426716333
	3426716334
	3426716335
	3426716336
	3426716337
	3426716338
	3426716339
	3426716340
	3426716341
	3426716342
	3426716343
	3426716344
	3426716345
	3426716346
	3426716347
	3426716348
	3426716349
	3426716350
	3426716351
	3426716352
	3426716353
	3426716354
	3426716355
	3426716356
	3426716357
	3426716358
	3426716359
	3426716360
	3426716361
	3426716362
	3426716363
	3426716364
	3426716365
	3426716366
	3426716367
	3426716368
	3426716369
	3426716370
	3426716371
	3426716372
	3426716373
	3426716374
	3426716375
	3426716376
	3426716377
	3426716378
	3426716379
	3426716380
	3426716381
	3426716382
	3426716383
	3426716384
	3426716385
	3426716386
	3426716387
	3426716388
	3426716389
	3426716390
	3426716391
	3426716392
	3426716393
	3426716394
	3426716395
	3426716396
	3426716397
	3426716398
	3426716399
	3426716400
	3426716401
	3426716402
	3426716403
	3426716404
	3426716405
	3426716406
	3426716407
	3426716408
	3426716409
	3426716410
	3426716411
	3426716412
	3426716413
	3426716414
	3426716415
	3426716416
	3426716417
	3426716418
	3426716419
	3426716420
	3426716421
	3426716422
	3426716423
	3426716424
	3426716425
	3426716426
	3426716427
	3426716428
	3426716429
	3426716430
	3426716431
	3426716432
	3426716433
	3426716434
	3426716435
	3426716436
	3426716437
	3426716438
	3426716439
	3426716440
	3426716441
	3426716442
	3426716443
	3426716444
	3426716445
	3426716446
	3426716447
	3426716448
	3426716449
	3426716450
	3426716451
	3426716452
	3426716453
	3426716454
	3426716455
	3426716456
	3426716457
	3426716458
	3426716459
	3426716460
	3426716461
	3426716462
	3426716463
	3426716464
	3426716465
	3426716466
	3426716467
	3426716468
	3426716469
	3426716470
	3426716471
	3426716472
	3426716473
	3426716474
	3426716475
	3426716476
	3426716477
	3426716478
	3426716479
	3426716480
	3426716481
	3426716482
	3426716483
	3426716484
	3426716485
	3426716486
	3426716487
	3426716488
	3426716489
	3426716490
	3426716491
	3426716492
	3426716493
	3426716494
	3426716495
	3426716496
	3426716497
	3426716498
	3426716499
	3426716500
	3426716501
	3426716502
	3426716503
	3426716504
	3426716505
	3426716506
	3426716507
	3426716508
	3426716509
	3426716510
	3426716511
	3426716512
	3426716513
	3426716514
	3426716515
	3426716516
	3426716517
	3426716518
	3426716519
	3426716520
	3426716521
	3426716522
	3426716523
	3426716524
	3426716525
	3426716526
	3426716527
	3426716528
	3426716529
	3426716530
	3426716531
	3426716532
	3426716533
	3426716534
	3426716535
	3426716536
	3426716537
	3426716538
	3426716539
	3426716540
	3426716541
	3426716542
	3426716543
	3426716544
	3426716545
	3426716546
	3426716547
	3426716548
	3426716549
	3426716550
	3426716551
	3426716552
	3426716553
	3426716554
	3426716555
	3426716556
	3426716557
	3426716558
	3426716559
	3426716560
	3426716561
	3426716562
	3426716563
	3426716564
	3426716565
	3426716566
	3426716567
	3426716568
	3426716569
	3426716570
	3426716571
	3426716572
	3426716573
	3426716574
	3426716575
	3426716576
	3426716577
	3426716578
	3426716579
	3426716580
	3426716581
	3426716582
	3426716583
	3426716584
	3426716585
	3426716586
	3426716587
	3426716588
	3426716589
	3426716590
	3426716591
	3426716592
	3426716593
	3426716594
	3426716595
	3426716596
	3426716597
	3426716598
	3426716599
	3426716600
	3426716601
	3426716602
	3426716603
	3426716604
	3426716605
	3426716606
	3426716607
	3426716608
	3426716609
	3426716610
	3426716611
	3426716612
	3426716613
	3426716614
	3426716615
	3426716616
	3426716617
	3426716618
	3426716619
	3426716620
	3426716621
	3426716622
	3426716623
	3426716624
	3426716625
	3426716626
	3426716627
	3426716628
	3426716629
	3426716630
	3426716631
	3426716632
	3426716633
	3426716634
	3426716635
	3426716636
	3426716637
	3426716638
	3426716639
	3426716640
	3426716641
	3426716642
	3426716643
	3426716644
	3426716645
	3426716646
	3426716647
	3426716648
	3426716649
	3426716650
	3426716651
	3426716652
	3426716653
	3426716654
	3426716655
	3426716656
	3426716657
	3426716658
	3426716659
	3426716660
	3426716661
	3426716662
	3426716663
	3426716664
	3426716665
	3426716666
	3426716667
	3426716668
	3426716669
	3426716670
	3426716671
	3426716672
	3426716673
	3426716674
	3426716675
	3426716676
	3426716677
	3426716678
	3426716679
	3426716680
	3426716681
	3426716682
	3426716683
	3426716684
	3426716685
	3426716686
	3426716687
	3426716688
	3426716689
	3426716690
	3426716691
	3426716692
	3426716693
	3426716694
	3426716695
	3426716696
	3426716697
	3426716698
	3426716699
	3426716700
	3426716701
	3426716702
	3426716703
	3426716704
	3426716705
	3426716706
	3426716707
	3426716708
	3426716709
	3426716710
	3426716711
	3426716712
	3426716713
	3426716714
	3426716715
	3426716716
	3426716717
	3426716718
	3426716719
	3426716720
	3426716721
	3426716722
	3426716723
	3426716724
	3426716725
	3426716726
	3426716727
	3426716728
	3426716729
	3426716730
	3426716731
	3426716732
	3426716733
	3426716734
	3426716735
	3426716736
	3426716737
	3426716738
	3426716739
	3426716740
	3426716741
	3426716742
	3426716743
	3426716744
	3426716745
	3426716746
	3426716747
	3426716748
	3426716749
	3426716750
	3426716751
	3426716752
	3426716753
	3426716754
	3426716755
	3426716756
	3426716757
	3426716758
	3426716759
	3426716760
	3426716761
	3426716762
	3426716763
	3426716764
	3426716765
	3426716766
	3426716767
	3426716768
	3426716769
	3426716770
	3426716771
	3426716772
	3426716773
	3426716774
	3426716775
	3426716776
	3426716777
	3426716778
	3426716779
	3426716780
	3426716781
	3426716782
	3426716783
	3426716784
	3426716785
	3426716786
	3426716787
	3426716788
	3426716789
	3426716790
	3426716791
	3426716792
	3426716793
	3426716794
	3426716795
	3426716796
	3426716797
	3426716798
	3426716799
	3426716800
	3426716801
	3426716802
	3426716803
	3426716804
	3426716805
	3426716806
	3426716807
	3426716808
	3426716809
	3426716810
	3426716811
	3426716812
	3426716813
	3426716814
	3426716815
	3426716816
	3426716817
	3426716818
	3426716819
	3426716820
	3426716821
	3426716822
	3426716823
	3426716824
	3426716825
	3426716826
	3426716827
	3426716828
	3426716829
	3426716830
	3426716831
	3426716832
	3426716833
	3426716834
	3426716835
	3426716836
	3426716837
	3426716838
	3426716839
	3426716840
	3426716841
	3426716842
	3426716843
	3426716844
	3426716845
	3426716846
	3426716847
	3426716848
	3426716849
	3426716850
	3426716851
	3426716852
	3426716853
	3426716854
	3426716855
	3426716856
	3426716857
	3426716858
	3426716859
	3426716860
	3426716861
	3426716862
	3426716863
	3426716864
	3426716865
	3426716866
	3426716867
	3426716868
	3426716869
	3426716870
	3426716871
	3426716872
	3426716873
	3426716874
	3426716875
	3426716876
	3426716877
	3426716878
	3426716879
	3426716880
	3426716881
	3426716882
	3426716883
	3426716884
	3426716885
	3426716886
	3426716887
	3426716888
	3426716889
	3426716890
	3426716891
	3426716892
	3426716893
	3426716894
	3426716895
	3426716896
	3426716897
	3426716898
	3426716899
	3426716900
	3426716901
	3426716902
	3426716903
	3426716904
	3426716905
	3426716906
	3426716907
	3426716908
	3426716909
	3426716910
	3426716911
	3426716912
	3426716913
	3426716914
	3426716915
	3426716916
	3426716917
	3426716918
	3426716919
	3426716920
	3426716921
	3426716922
	3426716923
	3426716924
	3426716925
	3426716926
	3426716927
	3426716928
	3426716929
	3426716930
	3426716931
	3426716932
	3426716933
	3426716934
	3426716935
	3426716936
	3426716937
	3426716938
	3426716939
	3426716940
	3426716941
	3426716942
	3426716943
	3426716944
	3426716945
	3426716946
	3426716947
	3426716948
	3426716949
	3426716950
	3426716951
	3426716952
	3426716953
	3426716954
	3426716955
	3426716956
	3426716957
	3426716958
	3426716959
	3426716960
	3426716961
	3426716962
	3426716963
	3426716964
	3426716965
	3426716966
	3426716967
	3426716968
	3426716969
	3426716970
	3426716971
	3426716972
	3426716973
	3426716974
	3426716975
	3426716976
	3426716977
	3426716978
	3426716979
	3426716980
	3426716981
	3426716982
	3426716983
	3426716984
	3426716985
	3426716986
	3426716987
	3426716988
	3426716989
	3426716990
	3426716991
	3426716992
	3426716993
	3426716994
	3426716995
	3426716996
	3426716997
	3426716998
	3426716999
	3426717000
	3426717001
	3426717002
	3426717003
	3426717004
	3426717005
	3426717006
	3426717007
	3426717008
	3426717009
	3426717010
	3426717011
	3426717012
	3426717013
	3426717014
	3426717015
	3426717016
	3426717017
	3426717018
	3426717019
	3426717020
	3426717021
	3426717022
	3426717023
	3426717024
	3426717025
	3426717026
	3426717027
	3426717028
	3426717029
	3426717030
	3426717031
	3426717032
	3426717033
	3426717034
	3426717035
	3426717036
	3426717037
	3426717038
	3426717039
	3426717040
	3426717041
	3426717042
	3426717043
	3426717044
	3426717045
	3426717046
	3426717047
	3426717048
	3426717049
	3426717050
	3426717051
	3426717052
	3426717053
	3426717054
	3426717055
	3426717056
	3426717057
	3426717058
	3426717059
	3426717060
	3426717061
	3426717062
	3426717063
	3426717064
	3426717065
	3426717066
	3426717067
	3426717068
	3426717069
	3426717070
	3426717071
	3426717072
	3426717073
	3426717074
	3426717075
	3426717076
	3426717077
	3426717078
	3426717079
	3426717080
	3426717081
	3426717082
	3426717083
	3426717084
	3426717085
	3426717086
	3426717087
	3426717088
	3426717089
	3426717090
	3426717091
	3426717092
	3426717093
	3426717094
	3426717095
	3426717096
	3426717097
	3426717098
	3426717099
	3426717100
	3426717101
	3426717102
	3426717103
	3426717104
	3426717105
	3426717106
	3426717107
	3426717108
	3426717109
	3426717110
	3426717111
	3426717112
	3426717113
	3426717114
	3426717115
	3426717116
	3426717117
	3426717118
	3426717119
	3426717120
	3426717121
	3426717122
	3426717123
	3426717124
	3426717125
	3426717126
	3426717127
	3426717128
	3426717129
	3426717130
	3426717131
	3426717132
	3426717133
	3426717134
	3426717135
	3426717136
	3426717137
	3426717138
	3426717139
	3426717140
	3426717141
	3426717142
	3426717143
	3426717144
	3426717145
	3426717146
	3426717147
	3426717148
	3426717149
	3426717150
	3426717151
	3426717152
	3426717153
	3426717154
	3426717155
	3426717156
	3426717157
	3426717158
	3426717159
	3426717160
	3426717161
	3426717162
	3426717163
	3426717164
	3426717165
	3426717166
	3426717167
	3426717168
	3426717169
	3426717170
	3426717171
	3426717172
	3426717173
	3426717174
	3426717175
	3426717176
	3426717177
	3426717178
	3426717179
	3426717180
	3426717181
	3426717182
	3426717183
	3426717184
	3426717185
	3426717186
	3426717187
	3426717188
	3426717189
	3426717190
	3426717191
	3426717192
	3426717193
	3426717194
	3426717195
	3426717196
	3426717197
	3426717198
	3426717199
	3426717200
	3426717201
	3426717202
	3426717203
	3426717204
	3426717205
	3426717206
	3426717207
	3426717208
	3426717209
	3426717210
	3426717211
	3426717212
	3426717213
	3426717214
	3426717215
	3426717216
	3426717217
	3426717218
	3426717219
	3426717220
	3426717221
	3426717222
	3426717223
	3426717224
	3426717225
	3426717226
	3426717227
	3426717228
	3426717229
	3426717230
	3426717231
	3426717232
	3426717233
	3426717234
	3426717235
	3426717236
	3426717237
	3426717238
	3426717239
	3426717240
	3426717241
	3426717242
	3426717243
	3426717244
	3426717245
	3426717246
	3426717247
	3426717248
	3426717249
	3426717250
	3426717251
	3426717252
	3426717253
	3426717254
	3426717255
	3426717256
	3426717257
	3426717258
	3426717259
	3426717260
	3426717261
	3426717262
	3426717263
	3426717264
	3426717265
	3426717266
	3426717267
	3426717268
	3426717269
	3426717270
	3426717271
	3426717272
	3426717273
	3426717274
	3426717275
	3426717276
	3426717277
	3426717278
	3426717279
	3426717280
	3426717281
	3426717282
	3426717283
	3426717284
	3426717285
	3426717286
	3426717287
	3426717288
	3426717289
	3426717290
	3426717291
	3426717292
	3426717293
	3426717294
	3426717295
	3426717296
	3426717297
	3426717298
	3426717299
	3426717300
	3426717301
	3426717302
	3426717303
	3426717304
	3426717305
	3426717306
	3426717307
	3426717308
	3426717309
	3426717310
	3426717311
	3426717312
	3426717313
	3426717314
	3426717315
	3426717316
	3426717317
	3426717318
	3426717319
	3426717320
	3426717321
	3426717322
	3426717323
	3426717324
	3426717325
	3426717326
	3426717327
	3426717328
	3426717329
	3426717330
	3426717331
	3426717332
	3426717333
	3426717334
	3426717335
	3426717336
	3426717337
	3426717338
	3426717339
	3426717340
	3426717341
	3426717342
	3426717343
	3426717344
	3426717345
	3426717346
	3426717347
	3426717348
	3426717349
	3426717350
	3426717351
	3426717352
	3426717353
	3426717354
	3426717355
	3426717356
	3426717357
	3426717358
	3426717359
	3426717360
	3426717361
	3426717362
	3426717363
	3426717364
	3426717365
	3426717366
	3426717367
	3426717368
	3426717369
	3426717370
	3426717371
	3426717372
	3426717373
	3426717374
	3426717375
	3426717376
	3426717377
	3426717378
	3426717379
	3426717380
	3426717381
	3426717382
	3426717383
	3426717384
	3426717385
	3426717386
	3426717387
	3426717388
	3426717389
	3426717390
	3426717391
	3426717392
	3426717393
	3426717394
	3426717395
	3426717396
	3426717397
	3426717398
	3426717399
	3426717400
	3426717401
	3426717402
	3426717403
	3426717404
	3426717405
	3426717406
	3426717407
	3426717408
	3426717409
	3426717410
	3426717411
	3426717412
	3426717413
	3426717414
	3426717415
	3426717416
	3426717417
	3426717418
	3426717419
	3426717420
	3426717421
	3426717422
	3426717423
	3426717424
	3426717425
	3426717426
	3426717427
	3426717428
	3426717429
	3426717430
	3426717431
	3426717432
	3426717433
	3426717434
	3426717435
	3426717436
	3426717437
	3426717438
	3426717439
	3426717440
	3426717441
	3426717442
	3426717443
	3426717444
	3426717445
	3426717446
	3426717447
	3426717448
	3426717449
	3426717450
	3426717451
	3426717452
	3426717453
	3426717454
	3426717455
	3426717456
	3426717457
	3426717458
	3426717459
	3426717460
	3426717461
	3426717462
	3426717463
	3426717464
	3426717465
	3426717466
	3426717467
	3426717468
	3426717469
	3426717470
	3426717471
	3426717472
	3426717473
	3426717474
	3426717475
	3426717476
	3426717477
	3426717478
	3426717479
	3426717480
	3426717481
	3426717482
	3426717483
	3426717484
	3426717485
	3426717486
	3426717487
	3426717488
	3426717489
	3426717490
	3426717491
	3426717492
	3426717493
	3426717494
	3426717495
	3426717496
	3426717497
	3426717498
	3426717499
	3426717500
	3426717501
	3426717502
	3426717503
	3426717504
	3426717505
	3426717506
	3426717507
	3426717508
	3426717509
	3426717510
	3426717511
	3426717512
	3426717513
	3426717514
	3426717515
	3426717516
	3426717517
	3426717518
	3426717519
	3426717520
	3426717521
	3426717522
	3426717523
	3426717524
	3426717525
	3426717526
	3426717527
	3426717528
	3426717529
	3426717530
	3426717531
	3426717532
	3426717533
	3426717534
	3426717535
	3426717536
	3426717537
	3426717538
	3426717539
	3426717540
	3426717541
	3426717542
	3426717543
	3426717544
	3426717545
	3426717546
	3426717547
	3426717548
	3426717549
	3426717550
	3426717551
	3426717552
	3426717553
	3426717554
	3426717555
	3426717556
	3426717557
	3426717558
	3426717559
	3426717560
	3426717561
	3426717562
	3426717563
	3426717564
	3426717565
	3426717566
	3426717567
	3426717568
	3426717569
	3426717570
	3426717571
	3426717572
	3426717573
	3426717574
	3426717575
	3426717576
	3426717577
	3426717578
