	3426906491
	3426906492
	3426906493
	3426906494
	3426906495
	3426906496
	3426906497
	3426906498
	3426906499
	3426906500
	3426906501
	3426906502
	3426906503
	3426906504
	3426906505
	3426906506
	3426906507
	3426906508
	3426906509
	3426906510
	3426906511
	3426906512
	3426906513
	3426906514
	3426906515
	3426906516
	3426906517
	3426906518
	3426906519
	3426906520
	3426906521
	3426906522
	3426906523
	3426906524
	3426906525
	3426906526
	3426906527
	3426906528
	3426906529
	3426906530
	3426906531
	3426906532
	3426906533
	3426906534
	3426906535
	3426906536
	3426906537
	3426906538
	3426906539
	3426906540
	3426906541
	3426906542
	3426906543
	3426906544
	3426906545
	3426906546
	3426906547
	3426906548
	3426906549
	3426906550
	3426906551
	3426906552
	3426906553
	3426906554
	3426906555
	3426906556
	3426906557
	3426906558
	3426906559
	3426906560
	3426906561
	3426906562
	3426906563
	3426906564
	3426906565
	3426906566
	3426906567
	3426906568
	3426906569
	3426906570
	3426906571
	3426906572
	3426906573
	3426906574
	3426906575
	3426906576
	3426906577
	3426906578
	3426906579
	3426906580
	3426906581
	3426906582
	3426906583
	3426906584
	3426906585
	3426906586
	3426906587
	3426906588
	3426906589
	3426906590
	3426906591
	3426906592
	3426906593
	3426906594
	3426906595
	3426906596
	3426906597
	3426906598
	3426906599
	3426906600
	3426906601
	3426906602
	3426906603
	3426906604
	3426906605
	3426906606
	3426906607
	3426906608
	3426906609
	3426906610
	3426906611
	3426906612
	3426906613
	3426906614
	3426906615
	3426906616
	3426906617
	3426906618
	3426906619
	3426906620
	3426906621
	3426906622
	3426906623
	3426906624
	3426906625
	3426906626
	3426906627
	3426906628
	3426906629
	3426906630
	3426906631
	3426906632
	3426906633
	3426906634
	3426906635
	3426906636
	3426906637
	3426906638
	3426906639
	3426906640
	3426906641
	3426906642
	3426906643
	3426906644
	3426906645
	3426906646
	3426906647
	3426906648
	3426906649
	3426906650
	3426906651
	3426906652
	3426906653
	3426906654
	3426906655
	3426906656
	3426906657
	3426906658
	3426906659
	3426906660
	3426906661
	3426906662
	3426906663
	3426906664
	3426906665
	3426906666
	3426906667
	3426906668
	3426906669
	3426906670
	3426906671
	3426906672
	3426906673
	3426906674
	3426906675
	3426906676
	3426906677
	3426906678
	3426906679
	3426906680
	3426906681
	3426906682
	3426906683
	3426906684
	3426906685
	3426906686
	3426906687
	3426906688
	3426906689
	3426906690
	3426906691
	3426906692
	3426906693
	3426906694
	3426906695
	3426906696
	3426906697
	3426906698
	3426906699
	3426906700
	3426906701
	3426906702
	3426906703
	3426906704
	3426906705
	3426906706
	3426906707
	3426906708
	3426906709
	3426906710
	3426906711
	3426906712
	3426906713
	3426906714
	3426906715
	3426906716
	3426906717
	3426906718
	3426906719
	3426906720
	3426906721
	3426906722
	3426906723
	3426906724
	3426906725
	3426906726
	3426906727
	3426906728
	3426906729
	3426906730
	3426906731
	3426906732
	3426906733
	3426906734
	3426906735
	3426906736
	3426906737
	3426906738
	3426906739
	3426906740
	3426906741
	3426906742
	3426906743
	3426906744
	3426906745
	3426906746
	3426906747
	3426906748
	3426906749
	3426906750
	3426906751
	3426906752
	3426906753
	3426906754
	3426906755
	3426906756
	3426906757
	3426906758
	3426906759
	3426906760
	3426906761
	3426906762
	3426906763
	3426906764
	3426906765
	3426906766
	3426906767
	3426906768
	3426906769
	3426906770
	3426906771
	3426906772
	3426906773
	3426906774
	3426906775
	3426906776
	3426906777
	3426906778
	3426906779
	3426906780
	3426906781
	3426906782
	3426906783
	3426906784
	3426906785
	3426906786
	3426906787
	3426906788
	3426906789
	3426906790
	3426906791
	3426906792
	3426906793
	3426906794
	3426906795
	3426906796
	3426906797
	3426906798
	3426906799
	3426906800
	3426906801
	3426906802
	3426906803
	3426906804
	3426906805
	3426906806
	3426906807
	3426906808
	3426906809
	3426906810
	3426906811
	3426906812
	3426906813
	3426906814
	3426906815
	3426906816
	3426906817
	3426906818
	3426906819
	3426906820
	3426906821
	3426906822
	3426906823
	3426906824
	3426906825
	3426906826
	3426906827
	3426906828
	3426906829
	3426906830
	3426906831
	3426906832
	3426906833
	3426906834
	3426906835
	3426906836
	3426906837
	3426906838
	3426906839
	3426906840
	3426906841
	3426906842
	3426906843
	3426906844
	3426906845
	3426906846
	3426906847
	3426906848
	3426906849
	3426906850
	3426906851
	3426906852
	3426906853
	3426906854
	3426906855
	3426906856
	3426906857
	3426906858
	3426906859
	3426906860
	3426906861
	3426906862
	3426906863
	3426906864
	3426906865
	3426906866
	3426906867
	3426906868
	3426906869
	3426906870
	3426906871
	3426906872
	3426906873
	3426906874
	3426906875
	3426906876
	3426906877
	3426906878
	3426906879
	3426906880
	3426906881
	3426906882
	3426906883
	3426906884
	3426906885
	3426906886
	3426906887
	3426906888
	3426906889
	3426906890
	3426906891
	3426906892
	3426906893
	3426906894
	3426906895
	3426906896
	3426906897
	3426906898
	3426906899
	3426906900
	3426906901
	3426906902
	3426906903
	3426906904
	3426906905
	3426906906
	3426906907
	3426906908
	3426906909
	3426906910
	3426906911
	3426906912
	3426906913
	3426906914
	3426906915
	3426906916
	3426906917
	3426906918
	3426906919
	3426906920
	3426906921
	3426906922
	3426906923
	3426906924
	3426906925
	3426906926
	3426906927
	3426906928
	3426906929
	3426906930
	3426906931
	3426906932
	3426906933
	3426906934
	3426906935
	3426906936
	3426906937
	3426906938
	3426906939
	3426906940
	3426906941
	3426906942
	3426906943
	3426906944
	3426906945
	3426906946
	3426906947
	3426906948
	3426906949
	3426906950
	3426906951
	3426906952
	3426906953
	3426906954
	3426906955
	3426906956
	3426906957
	3426906958
	3426906959
	3426906960
	3426906961
	3426906962
	3426906963
	3426906964
	3426906965
	3426906966
	3426906967
	3426906968
	3426906969
	3426906970
	3426906971
	3426906972
	3426906973
	3426906974
	3426906975
	3426906976
	3426906977
	3426906978
	3426906979
	3426906980
	3426906981
	3426906982
	3426906983
	3426906984
	3426906985
	3426906986
	3426906987
	3426906988
	3426906989
	3426906990
	3426906991
	3426906992
	3426906993
	3426906994
	3426906995
	3426906996
	3426906997
	3426906998
	3426906999
	3426907000
	3426907001
	3426907002
	3426907003
	3426907004
	3426907005
	3426907006
	3426907007
	3426907008
	3426907009
	3426907010
	3426907011
	3426907012
	3426907013
	3426907014
	3426907015
	3426907016
	3426907017
	3426907018
	3426907019
	3426907020
	3426907021
	3426907022
	3426907023
	3426907024
	3426907025
	3426907026
	3426907027
	3426907028
	3426907029
	3426907030
	3426907031
	3426907032
	3426907033
	3426907034
	3426907035
	3426907036
	3426907037
	3426907038
	3426907039
	3426907040
	3426907041
	3426907042
	3426907043
	3426907044
	3426907045
	3426907046
	3426907047
	3426907048
	3426907049
	3426907050
	3426907051
	3426907052
	3426907053
	3426907054
	3426907055
	3426907056
	3426907057
	3426907058
	3426907059
	3426907060
	3426907061
	3426907062
	3426907063
	3426907064
	3426907065
	3426907066
	3426907067
	3426907068
	3426907069
	3426907070
	3426907071
	3426907072
	3426907073
	3426907074
	3426907075
	3426907076
	3426907077
	3426907078
	3426907079
	3426907080
	3426907081
	3426907082
	3426907083
	3426907084
	3426907085
	3426907086
	3426907087
	3426907088
	3426907089
	3426907090
	3426907091
	3426907092
	3426907093
	3426907094
	3426907095
	3426907096
	3426907097
	3426907098
	3426907099
	3426907100
	3426907101
	3426907102
	3426907103
	3426907104
	3426907105
	3426907106
	3426907107
	3426907108
	3426907109
	3426907110
	3426907111
	3426907112
	3426907113
	3426907114
	3426907115
	3426907116
	3426907117
	3426907118
	3426907119
	3426907120
	3426907121
	3426907122
	3426907123
	3426907124
	3426907125
	3426907126
	3426907127
	3426907128
	3426907129
	3426907130
	3426907131
	3426907132
	3426907133
	3426907134
	3426907135
	3426907136
	3426907137
	3426907138
	3426907139
	3426907140
	3426907141
	3426907142
	3426907143
	3426907144
	3426907145
	3426907146
	3426907147
	3426907148
	3426907149
	3426907150
	3426907151
	3426907152
	3426907153
	3426907154
	3426907155
	3426907156
	3426907157
	3426907158
	3426907159
	3426907160
	3426907161
	3426907162
	3426907163
	3426907164
	3426907165
	3426907166
	3426907167
	3426907168
	3426907169
	3426907170
	3426907171
	3426907172
	3426907173
	3426907174
	3426907175
	3426907176
	3426907177
	3426907178
	3426907179
	3426907180
	3426907181
	3426907182
	3426907183
	3426907184
	3426907185
	3426907186
	3426907187
	3426907188
	3426907189
	3426907190
	3426907191
	3426907192
	3426907193
	3426907194
	3426907195
	3426907196
	3426907197
	3426907198
	3426907199
	3426907200
	3426907201
	3426907202
	3426907203
	3426907204
	3426907205
	3426907206
	3426907207
	3426907208
	3426907209
	3426907210
	3426907211
	3426907212
	3426907213
	3426907214
	3426907215
	3426907216
	3426907217
	3426907218
	3426907219
	3426907220
	3426907221
	3426907222
	3426907223
	3426907224
	3426907225
	3426907226
	3426907227
	3426907228
	3426907229
	3426907230
	3426907231
	3426907232
	3426907233
	3426907234
	3426907235
	3426907236
	3426907237
	3426907238
	3426907239
	3426907240
	3426907241
	3426907242
	3426907243
	3426907244
	3426907245
	3426907246
	3426907247
	3426907248
	3426907249
	3426907250
	3426907251
	3426907252
	3426907253
	3426907254
	3426907255
	3426907256
	3426907257
	3426907258
	3426907259
	3426907260
	3426907261
	3426907262
	3426907263
	3426907264
	3426907265
	3426907266
	3426907267
	3426907268
	3426907269
	3426907270
	3426907271
	3426907272
	3426907273
	3426907274
	3426907275
	3426907276
	3426907277
	3426907278
	3426907279
	3426907280
	3426907281
	3426907282
	3426907283
	3426907284
	3426907285
	3426907286
	3426907287
	3426907288
	3426907289
	3426907290
	3426907291
	3426907292
	3426907293
	3426907294
	3426907295
	3426907296
	3426907297
	3426907298
	3426907299
	3426907300
	3426907301
	3426907302
	3426907303
	3426907304
	3426907305
	3426907306
	3426907307
	3426907308
	3426907309
	3426907310
	3426907311
	3426907312
	3426907313
	3426907314
	3426907315
	3426907316
	3426907317
	3426907318
	3426907319
	3426907320
	3426907321
	3426907322
	3426907323
	3426907324
	3426907325
	3426907326
	3426907327
	3426907328
	3426907329
	3426907330
	3426907331
	3426907332
	3426907333
	3426907334
	3426907335
	3426907336
	3426907337
	3426907338
	3426907339
	3426907340
	3426907341
	3426907342
	3426907343
	3426907344
	3426907345
	3426907346
	3426907347
	3426907348
	3426907349
	3426907350
	3426907351
	3426907352
	3426907353
	3426907354
	3426907355
	3426907356
	3426907357
	3426907358
	3426907359
	3426907360
	3426907361
	3426907362
	3426907363
	3426907364
	3426907365
	3426907366
	3426907367
	3426907368
	3426907369
	3426907370
	3426907371
	3426907372
	3426907373
	3426907374
	3426907375
	3426907376
	3426907377
	3426907378
	3426907379
	3426907380
	3426907381
	3426907382
	3426907383
	3426907384
	3426907385
	3426907386
	3426907387
	3426907388
	3426907389
	3426907390
	3426907391
	3426907392
	3426907393
	3426907394
	3426907395
	3426907396
	3426907397
	3426907398
	3426907399
	3426907400
	3426907401
	3426907402
	3426907403
	3426907404
	3426907405
	3426907406
	3426907407
	3426907408
	3426907409
	3426907410
	3426907411
	3426907412
	3426907413
	3426907414
	3426907415
	3426907416
	3426907417
	3426907418
	3426907419
	3426907420
	3426907421
	3426907422
	3426907423
	3426907424
	3426907425
	3426907426
	3426907427
	3426907428
	3426907429
	3426907430
	3426907431
	3426907432
	3426907433
	3426907434
	3426907435
	3426907436
	3426907437
	3426907438
	3426907439
	3426907440
	3426907441
	3426907442
	3426907443
	3426907444
	3426907445
	3426907446
	3426907447
	3426907448
	3426907449
	3426907450
	3426907451
	3426907452
	3426907453
	3426907454
	3426907455
	3426907456
	3426907457
	3426907458
	3426907459
	3426907460
	3426907461
	3426907462
	3426907463
	3426907464
	3426907465
	3426907466
	3426907467
	3426907468
	3426907469
	3426907470
	3426907471
	3426907472
	3426907473
	3426907474
	3426907475
	3426907476
	3426907477
	3426907478
	3426907479
	3426907480
	3426907481
	3426907482
	3426907483
	3426907484
	3426907485
	3426907486
	3426907487
	3426907488
	3426907489
	3426907490
	3426907491
	3426907492
	3426907493
	3426907494
	3426907495
	3426907496
	3426907497
	3426907498
	3426907499
	3426907500
	3426907501
	3426907502
	3426907503
	3426907504
	3426907505
	3426907506
	3426907507
	3426907508
	3426907509
	3426907510
	3426907511
	3426907512
	3426907513
	3426907514
	3426907515
	3426907516
	3426907517
	3426907518
	3426907519
	3426907520
	3426907521
	3426907522
	3426907523
	3426907524
	3426907525
	3426907526
	3426907527
	3426907528
	3426907529
	3426907530
	3426907531
	3426907532
	3426907533
	3426907534
	3426907535
	3426907536
	3426907537
	3426907538
	3426907539
	3426907540
	3426907541
	3426907542
	3426907543
	3426907544
	3426907545
	3426907546
	3426907547
	3426907548
	3426907549
	3426907550
	3426907551
	3426907552
	3426907553
	3426907554
	3426907555
	3426907556
	3426907557
	3426907558
	3426907559
	3426907560
	3426907561
	3426907562
	3426907563
	3426907564
	3426907565
	3426907566
	3426907567
	3426907568
	3426907569
	3426907570
	3426907571
	3426907572
	3426907573
	3426907574
	3426907575
	3426907576
	3426907577
	3426907578
	3426907579
	3426907580
	3426907581
	3426907582
	3426907583
	3426907584
	3426907585
	3426907586
	3426907587
	3426907588
	3426907589
	3426907590
	3426907591
	3426907592
	3426907593
	3426907594
	3426907595
	3426907596
	3426907597
	3426907598
	3426907599
	3426907600
	3426907601
	3426907602
	3426907603
	3426907604
	3426907605
	3426907606
	3426907607
	3426907608
	3426907609
	3426907610
	3426907611
	3426907612
	3426907613
	3426907614
	3426907615
	3426907616
	3426907617
	3426907618
	3426907619
	3426907620
	3426907621
	3426907622
	3426907623
	3426907624
	3426907625
	3426907626
	3426907627
	3426907628
	3426907629
	3426907630
	3426907631
	3426907632
	3426907633
	3426907634
	3426907635
	3426907636
	3426907637
	3426907638
	3426907639
	3426907640
	3426907641
	3426907642
	3426907643
	3426907644
	3426907645
	3426907646
	3426907647
	3426907648
	3426907649
	3426907650
	3426907651
	3426907652
	3426907653
	3426907654
	3426907655
	3426907656
	3426907657
	3426907658
	3426907659
	3426907660
	3426907661
	3426907662
	3426907663
	3426907664
	3426907665
	3426907666
	3426907667
	3426907668
	3426907669
	3426907670
	3426907671
	3426907672
	3426907673
	3426907674
	3426907675
	3426907676
	3426907677
	3426907678
	3426907679
	3426907680
	3426907681
	3426907682
	3426907683
	3426907684
	3426907685
	3426907686
	3426907687
	3426907688
	3426907689
	3426907690
	3426907691
	3426907692
	3426907693
	3426907694
	3426907695
	3426907696
	3426907697
	3426907698
	3426907699
	3426907700
	3426907701
	3426907702
	3426907703
	3426907704
	3426907705
	3426907706
	3426907707
	3426907708
	3426907709
	3426907710
	3426907711
	3426907712
	3426907713
	3426907714
	3426907715
	3426907716
	3426907717
	3426907718
	3426907719
	3426907720
	3426907721
	3426907722
	3426907723
	3426907724
	3426907725
	3426907726
	3426907727
	3426907728
	3426907729
	3426907730
	3426907731
	3426907732
	3426907733
	3426907734
	3426907735
	3426907736
	3426907737
	3426907738
	3426907739
	3426907740
	3426907741
	3426907742
	3426907743
	3426907744
	3426907745
	3426907746
	3426907747
	3426907748
	3426907749
	3426907750
	3426907751
	3426907752
	3426907753
	3426907754
	3426907755
	3426907756
	3426907757
	3426907758
	3426907759
	3426907760
	3426907761
	3426907762
	3426907763
	3426907764
	3426907765
	3426907766
	3426907767
	3426907768
	3426907769
	3426907770
	3426907771
	3426907772
	3426907773
	3426907774
	3426907775
	3426907776
	3426907777
	3426907778
	3426907779
	3426907780
	3426907781
	3426907782
	3426907783
	3426907784
	3426907785
	3426907786
	3426907787
	3426907788
	3426907789
	3426907790
	3426907791
	3426907792
	3426907793
	3426907794
	3426907795
	3426907796
	3426907797
	3426907798
	3426907799
	3426907800
	3426907801
	3426907802
	3426907803
	3426907804
	3426907805
	3426907806
	3426907807
	3426907808
	3426907809
	3426907810
	3426907811
	3426907812
	3426907813
	3426907814
	3426907815
	3426907816
	3426907817
	3426907818
	3426907819
	3426907820
	3426907821
	3426907822
	3426907823
	3426907824
	3426907825
	3426907826
	3426907827
	3426907828
	3426907829
	3426907830
	3426907831
	3426907832
	3426907833
	3426907834
	3426907835
	3426907836
	3426907837
	3426907838
	3426907839
	3426907840
	3426907841
	3426907842
	3426907843
	3426907844
	3426907845
	3426907846
	3426907847
	3426907848
	3426907849
	3426907850
	3426907851
	3426907852
	3426907853
	3426907854
	3426907855
	3426907856
	3426907857
	3426907858
	3426907859
	3426907860
	3426907861
	3426907862
	3426907863
	3426907864
	3426907865
	3426907866
	3426907867
	3426907868
	3426907869
	3426907870
	3426907871
	3426907872
	3426907873
	3426907874
	3426907875
	3426907876
	3426907877
	3426907878
	3426907879
	3426907880
	3426907881
	3426907882
	3426907883
	3426907884
	3426907885
	3426907886
	3426907887
	3426907888
	3426907889
	3426907890
	3426907891
	3426907892
	3426907893
	3426907894
	3426907895
	3426907896
	3426907897
	3426907898
	3426907899
	3426907900
	3426907901
	3426907902
	3426907903
	3426907904
	3426907905
	3426907906
	3426907907
	3426907908
	3426907909
	3426907910
	3426907911
	3426907912
	3426907913
	3426907914
	3426907915
	3426907916
	3426907917
	3426907918
	3426907919
	3426907920
	3426907921
	3426907922
	3426907923
	3426907924
	3426907925
	3426907926
	3426907927
	3426907928
	3426907929
	3426907930
	3426907931
	3426907932
	3426907933
	3426907934
	3426907935
	3426907936
	3426907937
	3426907938
	3426907939
	3426907940
	3426907941
	3426907942
	3426907943
	3426907944
	3426907945
	3426907946
	3426907947
	3426907948
	3426907949
	3426907950
	3426907951
	3426907952
	3426907953
	3426907954
	3426907955
	3426907956
	3426907957
	3426907958
	3426907959
	3426907960
	3426907961
	3426907962
	3426907963
	3426907964
	3426907965
	3426907966
	3426907967
	3426907968
	3426907969
	3426907970
	3426907971
	3426907972
	3426907973
	3426907974
	3426907975
	3426907976
	3426907977
	3426907978
	3426907979
	3426907980
	3426907981
	3426907982
	3426907983
	3426907984
	3426907985
	3426907986
	3426907987
	3426907988
	3426907989
	3426907990
	3426907991
	3426907992
	3426907993
	3426907994
	3426907995
	3426907996
	3426907997
	3426907998
	3426907999
	3426908000
	3426908001
	3426908002
	3426908003
	3426908004
	3426908005
	3426908006
	3426908007
	3426908008
	3426908009
	3426908010
	3426908011
	3426908012
	3426908013
	3426908014
	3426908015
	3426908016
	3426908017
	3426908018
	3426908019
	3426908020
	3426908021
	3426908022
	3426908023
	3426908024
	3426908025
	3426908026
	3426908027
	3426908028
	3426908029
	3426908030
	3426908031
	3426908032
	3426908033
	3426908034
	3426908035
	3426908036
	3426908037
	3426908038
	3426908039
	3426908040
	3426908041
	3426908042
	3426908043
	3426908044
	3426908045
	3426908046
	3426908047
	3426908048
	3426908049
	3426908050
	3426908051
	3426908052
	3426908053
	3426908054
	3426908055
	3426908056
	3426908057
	3426908058
	3426908059
	3426908060
	3426908061
	3426908062
	3426908063
	3426908064
	3426908065
	3426908066
	3426908067
	3426908068
	3426908069
	3426908070
	3426908071
	3426908072
	3426908073
	3426908074
	3426908075
	3426908076
	3426908077
	3426908078
	3426908079
	3426908080
	3426908081
	3426908082
	3426908083
	3426908084
	3426908085
	3426908086
	3426908087
	3426908088
	3426908089
	3426908090
	3426908091
	3426908092
	3426908093
	3426908094
	3426908095
	3426908096
	3426908097
	3426908098
	3426908099
	3426908100
	3426908101
	3426908102
	3426908103
	3426908104
	3426908105
	3426908106
	3426908107
	3426908108
	3426908109
	3426908110
	3426908111
	3426908112
	3426908113
	3426908114
	3426908115
	3426908116
	3426908117
	3426908118
	3426908119
	3426908120
	3426908121
	3426908122
	3426908123
	3426908124
	3426908125
	3426908126
	3426908127
	3426908128
	3426908129
	3426908130
	3426908131
	3426908132
	3426908133
	3426908134
	3426908135
	3426908136
	3426908137
	3426908138
	3426908139
	3426908140
	3426908141
	3426908142
	3426908143
	3426908144
	3426908145
	3426908146
	3426908147
	3426908148
	3426908149
	3426908150
	3426908151
	3426908152
	3426908153
	3426908154
	3426908155
	3426908156
	3426908157
	3426908158
	3426908159
	3426908160
	3426908161
	3426908162
	3426908163
	3426908164
	3426908165
	3426908166
	3426908167
	3426908168
	3426908169
	3426908170
	3426908171
	3426908172
	3426908173
	3426908174
	3426908175
	3426908176
	3426908177
	3426908178
	3426908179
	3426908180
	3426908181
	3426908182
	3426908183
	3426908184
	3426908185
	3426908186
	3426908187
	3426908188
	3426908189
	3426908190
	3426908191
	3426908192
	3426908193
	3426908194
	3426908195
	3426908196
	3426908197
	3426908198
	3426908199
	3426908200
	3426908201
	3426908202
	3426908203
	3426908204
	3426908205
	3426908206
	3426908207
	3426908208
	3426908209
	3426908210
	3426908211
	3426908212
	3426908213
	3426908214
	3426908215
	3426908216
	3426908217
	3426908218
	3426908219
	3426908220
	3426908221
	3426908222
	3426908223
	3426908224
	3426908225
	3426908226
	3426908227
	3426908228
	3426908229
	3426908230
	3426908231
	3426908232
	3426908233
	3426908234
	3426908235
	3426908236
	3426908237
	3426908238
	3426908239
	3426908240
	3426908241
	3426908242
	3426908243
	3426908244
	3426908245
	3426908246
	3426908247
	3426908248
	3426908249
	3426908250
	3426908251
	3426908252
	3426908253
	3426908254
	3426908255
	3426908256
	3426908257
	3426908258
	3426908259
	3426908260
	3426908261
	3426908262
	3426908263
	3426908264
	3426908265
	3426908266
	3426908267
	3426908268
	3426908269
	3426908270
	3426908271
	3426908272
	3426908273
	3426908274
	3426908275
	3426908276
	3426908277
	3426908278
	3426908279
	3426908280
	3426908281
	3426908282
	3426908283
	3426908284
	3426908285
	3426908286
	3426908287
	3426908288
	3426908289
	3426908290
	3426908291
	3426908292
	3426908293
	3426908294
	3426908295
	3426908296
	3426908297
	3426908298
	3426908299
	3426908300
	3426908301
	3426908302
	3426908303
	3426908304
	3426908305
	3426908306
	3426908307
	3426908308
	3426908309
	3426908310
	3426908311
	3426908312
	3426908313
	3426908314
	3426908315
	3426908316
	3426908317
	3426908318
	3426908319
	3426908320
	3426908321
	3426908322
	3426908323
	3426908324
	3426908325
	3426908326
	3426908327
	3426908328
	3426908329
	3426908330
	3426908331
	3426908332
	3426908333
	3426908334
	3426908335
	3426908336
	3426908337
	3426908338
	3426908339
	3426908340
	3426908341
	3426908342
	3426908343
	3426908344
	3426908345
	3426908346
	3426908347
	3426908348
	3426908349
	3426908350
	3426908351
	3426908352
	3426908353
	3426908354
	3426908355
	3426908356
	3426908357
	3426908358
	3426908359
	3426908360
	3426908361
	3426908362
	3426908363
	3426908364
	3426908365
	3426908366
	3426908367
	3426908368
	3426908369
	3426908370
	3426908371
	3426908372
	3426908373
	3426908374
	3426908375
	3426908376
	3426908377
	3426908378
	3426908379
	3426908380
	3426908381
	3426908382
	3426908383
	3426908384
	3426908385
	3426908386
	3426908387
	3426908388
	3426908389
	3426908390
	3426908391
	3426908392
	3426908393
	3426908394
	3426908395
	3426908396
	3426908397
	3426908398
	3426908399
	3426908400
	3426908401
	3426908402
	3426908403
	3426908404
	3426908405
	3426908406
	3426908407
	3426908408
	3426908409
	3426908410
	3426908411
	3426908412
	3426908413
	3426908414
	3426908415
	3426908416
	3426908417
	3426908418
	3426908419
	3426908420
	3426908421
	3426908422
	3426908423
	3426908424
	3426908425
	3426908426
	3426908427
	3426908428
	3426908429
	3426908430
	3426908431
	3426908432
	3426908433
	3426908434
	3426908435
	3426908436
	3426908437
	3426908438
	3426908439
	3426908440
	3426908441
	3426908442
	3426908443
	3426908444
	3426908445
	3426908446
	3426908447
	3426908448
	3426908449
	3426908450
	3426908451
	3426908452
	3426908453
	3426908454
	3426908455
	3426908456
	3426908457
	3426908458
	3426908459
	3426908460
	3426908461
	3426908462
	3426908463
	3426908464
	3426908465
	3426908466
	3426908467
	3426908468
	3426908469
	3426908470
	3426908471
	3426908472
	3426908473
	3426908474
	3426908475
	3426908476
	3426908477
	3426908478
	3426908479
	3426908480
	3426908481
	3426908482
	3426908483
	3426908484
	3426908485
	3426908486
	3426908487
	3426908488
	3426908489
	3426908490
	3426908491
	3426908492
	3426908493
	3426908494
	3426908495
	3426908496
	3426908497
	3426908498
	3426908499
	3426908500
	3426908501
	3426908502
	3426908503
	3426908504
	3426908505
	3426908506
	3426908507
	3426908508
	3426908509
	3426908510
	3426908511
	3426908512
	3426908513
	3426908514
	3426908515
	3426908516
	3426908517
	3426908518
	3426908519
	3426908520
	3426908521
	3426908522
	3426908523
	3426908524
	3426908525
	3426908526
	3426908527
	3426908528
	3426908529
	3426908530
	3426908531
	3426908532
	3426908533
	3426908534
	3426908535
	3426908536
	3426908537
	3426908538
	3426908539
	3426908540
	3426908541
	3426908542
	3426908543
	3426908544
	3426908545
	3426908546
	3426908547
	3426908548
	3426908549
	3426908550
	3426908551
	3426908552
	3426908553
	3426908554
	3426908555
	3426908556
	3426908557
	3426908558
	3426908559
	3426908560
	3426908561
	3426908562
	3426908563
	3426908564
	3426908565
	3426908566
	3426908567
	3426908568
	3426908569
	3426908570
	3426908571
	3426908572
	3426908573
	3426908574
	3426908575
	3426908576
	3426908577
	3426908578
	3426908579
	3426908580
	3426908581
	3426908582
	3426908583
	3426908584
	3426908585
	3426908586
	3426908587
	3426908588
	3426908589
	3426908590
	3426908591
	3426908592
	3426908593
	3426908594
	3426908595
	3426908596
	3426908597
	3426908598
	3426908599
	3426908600
	3426908601
	3426908602
	3426908603
	3426908604
	3426908605
	3426908606
	3426908607
	3426908608
	3426908609
	3426908610
	3426908611
	3426908612
	3426908613
	3426908614
	3426908615
	3426908616
	3426908617
	3426908618
	3426908619
	3426908620
	3426908621
	3426908622
	3426908623
	3426908624
	3426908625
	3426908626
	3426908627
	3426908628
	3426908629
	3426908630
	3426908631
	3426908632
	3426908633
	3426908634
	3426908635
	3426908636
	3426908637
	3426908638
	3426908639
	3426908640
	3426908641
	3426908642
	3426908643
	3426908644
	3426908645
	3426908646
	3426908647
	3426908648
	3426908649
	3426908650
	3426908651
	3426908652
	3426908653
	3426908654
	3426908655
	3426908656
	3426908657
	3426908658
	3426908659
	3426908660
	3426908661
	3426908662
	3426908663
	3426908664
	3426908665
	3426908666
	3426908667
	3426908668
	3426908669
	3426908670
	3426908671
	3426908672
	3426908673
	3426908674
	3426908675
	3426908676
	3426908677
	3426908678
	3426908679
	3426908680
	3426908681
	3426908682
	3426908683
	3426908684
	3426908685
	3426908686
	3426908687
	3426908688
	3426908689
	3426908690
	3426908691
	3426908692
	3426908693
	3426908694
	3426908695
	3426908696
	3426908697
	3426908698
	3426908699
	3426908700
	3426908701
	3426908702
	3426908703
	3426908704
	3426908705
	3426908706
	3426908707
	3426908708
	3426908709
	3426908710
	3426908711
	3426908712
	3426908713
	3426908714
	3426908715
	3426908716
	3426908717
	3426908718
	3426908719
	3426908720
	3426908721
	3426908722
	3426908723
	3426908724
	3426908725
	3426908726
	3426908727
	3426908728
	3426908729
	3426908730
	3426908731
	3426908732
	3426908733
	3426908734
	3426908735
	3426908736
	3426908737
	3426908738
	3426908739
	3426908740
	3426908741
	3426908742
	3426908743
	3426908744
	3426908745
	3426908746
	3426908747
	3426908748
	3426908749
	3426908750
	3426908751
	3426908752
	3426908753
	3426908754
	3426908755
	3426908756
	3426908757
	3426908758
	3426908759
	3426908760
	3426908761
	3426908762
	3426908763
	3426908764
	3426908765
	3426908766
	3426908767
	3426908768
	3426908769
	3426908770
	3426908771
	3426908772
	3426908773
	3426908774
	3426908775
	3426908776
	3426908777
	3426908778
	3426908779
	3426908780
	3426908781
	3426908782
	3426908783
	3426908784
	3426908785
	3426908786
	3426908787
	3426908788
	3426908789
	3426908790
	3426908791
	3426908792
	3426908793
	3426908794
	3426908795
	3426908796
	3426908797
	3426908798
	3426908799
	3426908800
	3426908801
	3426908802
	3426908803
	3426908804
	3426908805
	3426908806
	3426908807
	3426908808
	3426908809
	3426908810
	3426908811
	3426908812
	3426908813
	3426908814
	3426908815
	3426908816
	3426908817
	3426908818
	3426908819
	3426908820
	3426908821
	3426908822
	3426908823
	3426908824
	3426908825
	3426908826
	3426908827
	3426908828
	3426908829
	3426908830
	3426908831
	3426908832
	3426908833
	3426908834
	3426908835
	3426908836
	3426908837
	3426908838
	3426908839
	3426908840
	3426908841
	3426908842
	3426908843
	3426908844
	3426908845
	3426908846
	3426908847
	3426908848
	3426908849
	3426908850
	3426908851
	3426908852
	3426908853
	3426908854
	3426908855
	3426908856
	3426908857
	3426908858
	3426908859
	3426908860
	3426908861
	3426908862
	3426908863
	3426908864
	3426908865
	3426908866
	3426908867
	3426908868
	3426908869
	3426908870
	3426908871
	3426908872
	3426908873
	3426908874
	3426908875
	3426908876
	3426908877
	3426908878
	3426908879
	3426908880
	3426908881
	3426908882
	3426908883
	3426908884
	3426908885
	3426908886
	3426908887
	3426908888
	3426908889
	3426908890
	3426908891
	3426908892
	3426908893
	3426908894
	3426908895
	3426908896
	3426908897
	3426908898
	3426908899
	3426908900
	3426908901
	3426908902
	3426908903
	3426908904
	3426908905
	3426908906
	3426908907
	3426908908
	3426908909
	3426908910
	3426908911
	3426908912
	3426908913
	3426908914
	3426908915
	3426908916
	3426908917
	3426908918
	3426908919
	3426908920
	3426908921
	3426908922
	3426908923
	3426908924
	3426908925
	3426908926
	3426908927
	3426908928
	3426908929
	3426908930
	3426908931
	3426908932
	3426908933
	3426908934
	3426908935
	3426908936
	3426908937
	3426908938
	3426908939
	3426908940
	3426908941
	3426908942
	3426908943
	3426908944
	3426908945
	3426908946
	3426908947
	3426908948
	3426908949
	3426908950
	3426908951
	3426908952
	3426908953
	3426908954
	3426908955
	3426908956
	3426908957
	3426908958
	3426908959
	3426908960
	3426908961
	3426908962
	3426908963
	3426908964
	3426908965
	3426908966
	3426908967
	3426908968
	3426908969
	3426908970
	3426908971
	3426908972
	3426908973
	3426908974
	3426908975
	3426908976
	3426908977
	3426908978
	3426908979
	3426908980
	3426908981
	3426908982
	3426908983
	3426908984
	3426908985
	3426908986
	3426908987
	3426908988
	3426908989
	3426908990
	3426908991
	3426908992
	3426908993
	3426908994
	3426908995
	3426908996
	3426908997
	3426908998
	3426908999
	3426909000
	3426909001
	3426909002
	3426909003
	3426909004
	3426909005
	3426909006
	3426909007
	3426909008
	3426909009
	3426909010
	3426909011
	3426909012
	3426909013
	3426909014
	3426909015
	3426909016
	3426909017
	3426909018
	3426909019
	3426909020
	3426909021
	3426909022
	3426909023
	3426909024
	3426909025
	3426909026
	3426909027
	3426909028
	3426909029
	3426909030
	3426909031
	3426909032
	3426909033
	3426909034
	3426909035
	3426909036
	3426909037
	3426909038
	3426909039
	3426909040
	3426909041
	3426909042
	3426909043
	3426909044
	3426909045
	3426909046
	3426909047
	3426909048
	3426909049
	3426909050
	3426909051
	3426909052
	3426909053
	3426909054
	3426909055
	3426909056
	3426909057
	3426909058
	3426909059
	3426909060
	3426909061
	3426909062
	3426909063
	3426909064
	3426909065
	3426909066
	3426909067
	3426909068
	3426909069
	3426909070
	3426909071
	3426909072
	3426909073
	3426909074
	3426909075
	3426909076
	3426909077
	3426909078
	3426909079
	3426909080
	3426909081
	3426909082
	3426909083
	3426909084
	3426909085
	3426909086
	3426909087
	3426909088
	3426909089
	3426909090
	3426909091
	3426909092
	3426909093
	3426909094
	3426909095
	3426909096
	3426909097
	3426909098
	3426909099
	3426909100
	3426909101
	3426909102
	3426909103
	3426909104
	3426909105
	3426909106
	3426909107
	3426909108
	3426909109
	3426909110
	3426909111
	3426909112
	3426909113
	3426909114
	3426909115
	3426909116
	3426909117
	3426909118
	3426909119
	3426909120
	3426909121
	3426909122
	3426909123
	3426909124
	3426909125
	3426909126
	3426909127
	3426909128
	3426909129
	3426909130
	3426909131
	3426909132
	3426909133
	3426909134
	3426909135
	3426909136
	3426909137
	3426909138
	3426909139
	3426909140
	3426909141
	3426909142
	3426909143
	3426909144
	3426909145
	3426909146
	3426909147
	3426909148
	3426909149
	3426909150
	3426909151
	3426909152
	3426909153
	3426909154
	3426909155
	3426909156
	3426909157
	3426909158
	3426909159
	3426909160
	3426909161
	3426909162
	3426909163
	3426909164
	3426909165
	3426909166
	3426909167
	3426909168
	3426909169
	3426909170
	3426909171
	3426909172
	3426909173
	3426909174
	3426909175
	3426909176
	3426909177
	3426909178
	3426909179
	3426909180
	3426909181
	3426909182
	3426909183
	3426909184
	3426909185
	3426909186
	3426909187
	3426909188
	3426909189
	3426909190
	3426909191
	3426909192
	3426909193
	3426909194
	3426909195
	3426909196
	3426909197
	3426909198
	3426909199
	3426909200
	3426909201
	3426909202
	3426909203
	3426909204
	3426909205
	3426909206
	3426909207
	3426909208
	3426909209
	3426909210
	3426909211
	3426909212
	3426909213
	3426909214
	3426909215
	3426909216
	3426909217
	3426909218
	3426909219
	3426909220
	3426909221
	3426909222
	3426909223
	3426909224
	3426909225
	3426909226
	3426909227
	3426909228
	3426909229
	3426909230
	3426909231
	3426909232
	3426909233
	3426909234
	3426909235
	3426909236
	3426909237
	3426909238
	3426909239
	3426909240
	3426909241
	3426909242
	3426909243
	3426909244
	3426909245
	3426909246
	3426909247
	3426909248
	3426909249
	3426909250
	3426909251
	3426909252
	3426909253
	3426909254
	3426909255
	3426909256
	3426909257
	3426909258
	3426909259
	3426909260
	3426909261
	3426909262
	3426909263
	3426909264
	3426909265
	3426909266
	3426909267
	3426909268
	3426909269
	3426909270
	3426909271
	3426909272
	3426909273
	3426909274
	3426909275
	3426909276
	3426909277
	3426909278
	3426909279
	3426909280
	3426909281
	3426909282
	3426909283
	3426909284
	3426909285
	3426909286
	3426909287
	3426909288
	3426909289
	3426909290
	3426909291
	3426909292
	3426909293
	3426909294
	3426909295
	3426909296
	3426909297
	3426909298
	3426909299
	3426909300
	3426909301
	3426909302
	3426909303
	3426909304
	3426909305
	3426909306
	3426909307
	3426909308
	3426909309
	3426909310
	3426909311
	3426909312
	3426909313
	3426909314
	3426909315
	3426909316
	3426909317
	3426909318
	3426909319
	3426909320
	3426909321
	3426909322
	3426909323
	3426909324
	3426909325
	3426909326
	3426909327
	3426909328
	3426909329
	3426909330
	3426909331
	3426909332
	3426909333
	3426909334
	3426909335
	3426909336
	3426909337
	3426909338
	3426909339
	3426909340
	3426909341
	3426909342
	3426909343
	3426909344
	3426909345
	3426909346
	3426909347
	3426909348
	3426909349
	3426909350
	3426909351
	3426909352
	3426909353
	3426909354
	3426909355
	3426909356
	3426909357
	3426909358
	3426909359
	3426909360
	3426909361
	3426909362
	3426909363
	3426909364
	3426909365
	3426909366
	3426909367
	3426909368
	3426909369
	3426909370
	3426909371
	3426909372
	3426909373
	3426909374
	3426909375
	3426909376
	3426909377
	3426909378
	3426909379
	3426909380
	3426909381
	3426909382
	3426909383
	3426909384
	3426909385
	3426909386
	3426909387
	3426909388
	3426909389
	3426909390
	3426909391
	3426909392
	3426909393
	3426909394
	3426909395
	3426909396
	3426909397
	3426909398
	3426909399
	3426909400
	3426909401
	3426909402
	3426909403
	3426909404
	3426909405
	3426909406
	3426909407
	3426909408
	3426909409
	3426909410
	3426909411
	3426909412
	3426909413
	3426909414
	3426909415
	3426909416
	3426909417
	3426909418
	3426909419
	3426909420
	3426909421
	3426909422
	3426909423
	3426909424
	3426909425
	3426909426
	3426909427
	3426909428
	3426909429
	3426909430
	3426909431
	3426909432
	3426909433
	3426909434
	3426909435
	3426909436
	3426909437
	3426909438
	3426909439
	3426909440
	3426909441
	3426909442
	3426909443
	3426909444
	3426909445
	3426909446
	3426909447
	3426909448
	3426909449
	3426909450
	3426909451
	3426909452
	3426909453
	3426909454
	3426909455
	3426909456
	3426909457
	3426909458
	3426909459
	3426909460
	3426909461
	3426909462
	3426909463
	3426909464
	3426909465
	3426909466
	3426909467
	3426909468
	3426909469
	3426909470
	3426909471
	3426909472
	3426909473
	3426909474
	3426909475
	3426909476
	3426909477
	3426909478
	3426909479
	3426909480
	3426909481
	3426909482
	3426909483
	3426909484
	3426909485
	3426909486
	3426909487
	3426909488
	3426909489
	3426909490
	3426909491
	3426909492
	3426909493
	3426909494
	3426909495
	3426909496
	3426909497
	3426909498
	3426909499
	3426909500
	3426909501
	3426909502
	3426909503
	3426909504
	3426909505
	3426909506
	3426909507
	3426909508
	3426909509
	3426909510
	3426909511
	3426909512
	3426909513
	3426909514
	3426909515
	3426909516
	3426909517
	3426909518
	3426909519
	3426909520
	3426909521
	3426909522
	3426909523
	3426909524
	3426909525
	3426909526
	3426909527
	3426909528
	3426909529
	3426909530
	3426909531
	3426909532
	3426909533
	3426909534
	3426909535
	3426909536
	3426909537
	3426909538
	3426909539
	3426909540
	3426909541
	3426909542
	3426909543
	3426909544
	3426909545
	3426909546
	3426909547
	3426909548
	3426909549
	3426909550
	3426909551
	3426909552
	3426909553
	3426909554
	3426909555
	3426909556
	3426909557
	3426909558
	3426909559
	3426909560
	3426909561
	3426909562
	3426909563
	3426909564
	3426909565
	3426909566
	3426909567
	3426909568
	3426909569
	3426909570
	3426909571
	3426909572
	3426909573
	3426909574
	3426909575
	3426909576
	3426909577
	3426909578
	3426909579
	3426909580
	3426909581
	3426909582
	3426909583
	3426909584
	3426909585
	3426909586
	3426909587
	3426909588
	3426909589
	3426909590
	3426909591
	3426909592
	3426909593
	3426909594
	3426909595
	3426909596
	3426909597
	3426909598
	3426909599
	3426909600
	3426909601
	3426909602
	3426909603
	3426909604
	3426909605
	3426909606
	3426909607
	3426909608
	3426909609
	3426909610
	3426909611
	3426909612
	3426909613
	3426909614
	3426909615
	3426909616
	3426909617
	3426909618
	3426909619
	3426909620
	3426909621
	3426909622
	3426909623
	3426909624
	3426909625
	3426909626
	3426909627
	3426909628
	3426909629
	3426909630
	3426909631
	3426909632
	3426909633
	3426909634
	3426909635
	3426909636
	3426909637
	3426909638
	3426909639
	3426909640
	3426909641
	3426909642
	3426909643
	3426909644
	3426909645
	3426909646
	3426909647
	3426909648
	3426909649
	3426909650
	3426909651
	3426909652
	3426909653
	3426909654
	3426909655
	3426909656
	3426909657
	3426909658
	3426909659
	3426909660
	3426909661
	3426909662
	3426909663
	3426909664
	3426909665
	3426909666
	3426909667
	3426909668
	3426909669
	3426909670
	3426909671
	3426909672
	3426909673
	3426909674
	3426909675
	3426909676
	3426909677
	3426909678
	3426909679
	3426909680
	3426909681
	3426909682
	3426909683
	3426909684
	3426909685
	3426909686
	3426909687
	3426909688
	3426909689
	3426909690
	3426909691
	3426909692
	3426909693
	3426909694
	3426909695
	3426909696
	3426909697
	3426909698
	3426909699
	3426909700
	3426909701
	3426909702
	3426909703
	3426909704
	3426909705
	3426909706
	3426909707
	3426909708
	3426909709
	3426909710
	3426909711
	3426909712
	3426909713
	3426909714
	3426909715
	3426909716
	3426909717
	3426909718
	3426909719
	3426909720
	3426909721
	3426909722
	3426909723
	3426909724
	3426909725
	3426909726
	3426909727
	3426909728
	3426909729
	3426909730
	3426909731
	3426909732
	3426909733
	3426909734
	3426909735
	3426909736
	3426909737
	3426909738
	3426909739
	3426909740
	3426909741
	3426909742
	3426909743
	3426909744
	3426909745
	3426909746
	3426909747
	3426909748
	3426909749
	3426909750
	3426909751
	3426909752
	3426909753
	3426909754
	3426909755
	3426909756
	3426909757
	3426909758
	3426909759
	3426909760
	3426909761
	3426909762
	3426909763
	3426909764
	3426909765
	3426909766
	3426909767
	3426909768
	3426909769
	3426909770
	3426909771
	3426909772
	3426909773
	3426909774
	3426909775
	3426909776
	3426909777
	3426909778
	3426909779
	3426909780
	3426909781
	3426909782
	3426909783
	3426909784
	3426909785
	3426909786
	3426909787
	3426909788
	3426909789
	3426909790
	3426909791
	3426909792
	3426909793
	3426909794
	3426909795
	3426909796
	3426909797
	3426909798
	3426909799
	3426909800
	3426909801
	3426909802
	3426909803
	3426909804
	3426909805
	3426909806
	3426909807
	3426909808
	3426909809
	3426909810
	3426909811
	3426909812
	3426909813
	3426909814
	3426909815
	3426909816
	3426909817
	3426909818
	3426909819
	3426909820
	3426909821
	3426909822
	3426909823
	3426909824
	3426909825
	3426909826
	3426909827
	3426909828
	3426909829
	3426909830
	3426909831
	3426909832
	3426909833
	3426909834
	3426909835
	3426909836
	3426909837
	3426909838
	3426909839
	3426909840
	3426909841
	3426909842
	3426909843
	3426909844
	3426909845
	3426909846
	3426909847
	3426909848
	3426909849
	3426909850
	3426909851
	3426909852
	3426909853
	3426909854
	3426909855
	3426909856
	3426909857
	3426909858
	3426909859
	3426909860
	3426909861
	3426909862
	3426909863
	3426909864
	3426909865
	3426909866
	3426909867
	3426909868
	3426909869
	3426909870
	3426909871
	3426909872
	3426909873
	3426909874
	3426909875
	3426909876
	3426909877
	3426909878
	3426909879
	3426909880
	3426909881
	3426909882
	3426909883
	3426909884
	3426909885
	3426909886
	3426909887
	3426909888
	3426909889
	3426909890
	3426909891
	3426909892
	3426909893
	3426909894
	3426909895
	3426909896
	3426909897
	3426909898
	3426909899
	3426909900
	3426909901
	3426909902
	3426909903
	3426909904
	3426909905
	3426909906
	3426909907
	3426909908
	3426909909
	3426909910
	3426909911
	3426909912
	3426909913
	3426909914
	3426909915
	3426909916
	3426909917
	3426909918
	3426909919
	3426909920
	3426909921
	3426909922
	3426909923
	3426909924
	3426909925
	3426909926
	3426909927
	3426909928
	3426909929
	3426909930
	3426909931
	3426909932
	3426909933
	3426909934
	3426909935
	3426909936
	3426909937
	3426909938
	3426909939
	3426909940
	3426909941
	3426909942
	3426909943
	3426909944
	3426909945
	3426909946
	3426909947
	3426909948
	3426909949
	3426909950
	3426909951
	3426909952
	3426909953
	3426909954
	3426909955
	3426909956
	3426909957
	3426909958
	3426909959
	3426909960
	3426909961
	3426909962
	3426909963
	3426909964
	3426909965
	3426909966
	3426909967
	3426909968
	3426909969
	3426909970
	3426909971
	3426909972
	3426909973
	3426909974
	3426909975
	3426909976
	3426909977
	3426909978
	3426909979
	3426909980
	3426909981
	3426909982
	3426909983
	3426909984
	3426909985
	3426909986
	3426909987
	3426909988
	3426909989
	3426909990
	3426909991
	3426909992
	3426909993
	3426909994
	3426909995
	3426909996
	3426909997
	3426909998
	3426909999
	3426910000
	3426910001
	3426910002
	3426910003
	3426910004
	3426910005
	3426910006
	3426910007
	3426910008
	3426910009
	3426910010
	3426910011
	3426910012
	3426910013
	3426910014
	3426910015
	3426910016
	3426910017
	3426910018
	3426910019
	3426910020
	3426910021
	3426910022
	3426910023
	3426910024
	3426910025
	3426910026
	3426910027
	3426910028
	3426910029
	3426910030
	3426910031
	3426910032
	3426910033
	3426910034
	3426910035
	3426910036
	3426910037
	3426910038
	3426910039
	3426910040
	3426910041
	3426910042
	3426910043
	3426910044
	3426910045
	3426910046
	3426910047
	3426910048
	3426910049
	3426910050
	3426910051
	3426910052
	3426910053
	3426910054
	3426910055
	3426910056
	3426910057
	3426910058
	3426910059
	3426910060
	3426910061
	3426910062
	3426910063
	3426910064
	3426910065
	3426910066
	3426910067
	3426910068
	3426910069
	3426910070
	3426910071
	3426910072
	3426910073
	3426910074
	3426910075
	3426910076
	3426910077
	3426910078
	3426910079
	3426910080
	3426910081
	3426910082
	3426910083
	3426910084
	3426910085
	3426910086
	3426910087
	3426910088
	3426910089
	3426910090
