	3426838091
	3426838092
	3426838093
	3426838094
	3426838095
	3426838096
	3426838097
	3426838098
	3426838099
	3426838100
	3426838101
	3426838102
	3426838103
	3426838104
	3426838105
	3426838106
	3426838107
	3426838108
	3426838109
	3426838110
	3426838111
	3426838112
	3426838113
	3426838114
	3426838115
	3426838116
	3426838117
	3426838118
	3426838119
	3426838120
	3426838121
	3426838122
	3426838123
	3426838124
	3426838125
	3426838126
	3426838127
	3426838128
	3426838129
	3426838130
	3426838131
	3426838132
	3426838133
	3426838134
	3426838135
	3426838136
	3426838137
	3426838138
	3426838139
	3426838140
	3426838141
	3426838142
	3426838143
	3426838144
	3426838145
	3426838146
	3426838147
	3426838148
	3426838149
	3426838150
	3426838151
	3426838152
	3426838153
	3426838154
	3426838155
	3426838156
	3426838157
	3426838158
	3426838159
	3426838160
	3426838161
	3426838162
	3426838163
	3426838164
	3426838165
	3426838166
	3426838167
	3426838168
	3426838169
	3426838170
	3426838171
	3426838172
	3426838173
	3426838174
	3426838175
	3426838176
	3426838177
	3426838178
	3426838179
	3426838180
	3426838181
	3426838182
	3426838183
	3426838184
	3426838185
	3426838186
	3426838187
	3426838188
	3426838189
	3426838190
	3426838191
	3426838192
	3426838193
	3426838194
	3426838195
	3426838196
	3426838197
	3426838198
	3426838199
	3426838200
	3426838201
	3426838202
	3426838203
	3426838204
	3426838205
	3426838206
	3426838207
	3426838208
	3426838209
	3426838210
	3426838211
	3426838212
	3426838213
	3426838214
	3426838215
	3426838216
	3426838217
	3426838218
	3426838219
	3426838220
	3426838221
	3426838222
	3426838223
	3426838224
	3426838225
	3426838226
	3426838227
	3426838228
	3426838229
	3426838230
	3426838231
	3426838232
	3426838233
	3426838234
	3426838235
	3426838236
	3426838237
	3426838238
	3426838239
	3426838240
	3426838241
	3426838242
	3426838243
	3426838244
	3426838245
	3426838246
	3426838247
	3426838248
	3426838249
	3426838250
	3426838251
	3426838252
	3426838253
	3426838254
	3426838255
	3426838256
	3426838257
	3426838258
	3426838259
	3426838260
	3426838261
	3426838262
	3426838263
	3426838264
	3426838265
	3426838266
	3426838267
	3426838268
	3426838269
	3426838270
	3426838271
	3426838272
	3426838273
	3426838274
	3426838275
	3426838276
	3426838277
	3426838278
	3426838279
	3426838280
	3426838281
	3426838282
	3426838283
	3426838284
	3426838285
	3426838286
	3426838287
	3426838288
	3426838289
	3426838290
	3426838291
	3426838292
	3426838293
	3426838294
	3426838295
	3426838296
	3426838297
	3426838298
	3426838299
	3426838300
	3426838301
	3426838302
	3426838303
	3426838304
	3426838305
	3426838306
	3426838307
	3426838308
	3426838309
	3426838310
	3426838311
	3426838312
	3426838313
	3426838314
	3426838315
	3426838316
	3426838317
	3426838318
	3426838319
	3426838320
	3426838321
	3426838322
	3426838323
	3426838324
	3426838325
	3426838326
	3426838327
	3426838328
	3426838329
	3426838330
	3426838331
	3426838332
	3426838333
	3426838334
	3426838335
	3426838336
	3426838337
	3426838338
	3426838339
	3426838340
	3426838341
	3426838342
	3426838343
	3426838344
	3426838345
	3426838346
	3426838347
	3426838348
	3426838349
	3426838350
	3426838351
	3426838352
	3426838353
	3426838354
	3426838355
	3426838356
	3426838357
	3426838358
	3426838359
	3426838360
	3426838361
	3426838362
	3426838363
	3426838364
	3426838365
	3426838366
	3426838367
	3426838368
	3426838369
	3426838370
	3426838371
	3426838372
	3426838373
	3426838374
	3426838375
	3426838376
	3426838377
	3426838378
	3426838379
	3426838380
	3426838381
	3426838382
	3426838383
	3426838384
	3426838385
	3426838386
	3426838387
	3426838388
	3426838389
	3426838390
	3426838391
	3426838392
	3426838393
	3426838394
	3426838395
	3426838396
	3426838397
	3426838398
	3426838399
	3426838400
	3426838401
	3426838402
	3426838403
	3426838404
	3426838405
	3426838406
	3426838407
	3426838408
	3426838409
	3426838410
	3426838411
	3426838412
	3426838413
	3426838414
	3426838415
	3426838416
	3426838417
	3426838418
	3426838419
	3426838420
	3426838421
	3426838422
	3426838423
	3426838424
	3426838425
	3426838426
	3426838427
	3426838428
	3426838429
	3426838430
	3426838431
	3426838432
	3426838433
	3426838434
	3426838435
	3426838436
	3426838437
	3426838438
	3426838439
	3426838440
	3426838441
	3426838442
	3426838443
	3426838444
	3426838445
	3426838446
	3426838447
	3426838448
	3426838449
	3426838450
	3426838451
	3426838452
	3426838453
	3426838454
	3426838455
	3426838456
	3426838457
	3426838458
	3426838459
	3426838460
	3426838461
	3426838462
	3426838463
	3426838464
	3426838465
	3426838466
	3426838467
	3426838468
	3426838469
	3426838470
	3426838471
	3426838472
	3426838473
	3426838474
	3426838475
	3426838476
	3426838477
	3426838478
	3426838479
	3426838480
	3426838481
	3426838482
	3426838483
	3426838484
	3426838485
	3426838486
	3426838487
	3426838488
	3426838489
	3426838490
	3426838491
	3426838492
	3426838493
	3426838494
	3426838495
	3426838496
	3426838497
	3426838498
	3426838499
	3426838500
	3426838501
	3426838502
	3426838503
	3426838504
	3426838505
	3426838506
	3426838507
	3426838508
	3426838509
	3426838510
	3426838511
	3426838512
	3426838513
	3426838514
	3426838515
	3426838516
	3426838517
	3426838518
	3426838519
	3426838520
	3426838521
	3426838522
	3426838523
	3426838524
	3426838525
	3426838526
	3426838527
	3426838528
	3426838529
	3426838530
	3426838531
	3426838532
	3426838533
	3426838534
	3426838535
	3426838536
	3426838537
	3426838538
	3426838539
	3426838540
	3426838541
	3426838542
	3426838543
	3426838544
	3426838545
	3426838546
	3426838547
	3426838548
	3426838549
	3426838550
	3426838551
	3426838552
	3426838553
	3426838554
	3426838555
	3426838556
	3426838557
	3426838558
	3426838559
	3426838560
	3426838561
	3426838562
	3426838563
	3426838564
	3426838565
	3426838566
	3426838567
	3426838568
	3426838569
	3426838570
	3426838571
	3426838572
	3426838573
	3426838574
	3426838575
	3426838576
	3426838577
	3426838578
	3426838579
	3426838580
	3426838581
	3426838582
	3426838583
	3426838584
	3426838585
	3426838586
	3426838587
	3426838588
	3426838589
	3426838590
	3426838591
	3426838592
	3426838593
	3426838594
	3426838595
	3426838596
	3426838597
	3426838598
	3426838599
	3426838600
	3426838601
	3426838602
	3426838603
	3426838604
	3426838605
	3426838606
	3426838607
	3426838608
	3426838609
	3426838610
	3426838611
	3426838612
	3426838613
	3426838614
	3426838615
	3426838616
	3426838617
	3426838618
	3426838619
	3426838620
	3426838621
	3426838622
	3426838623
	3426838624
	3426838625
	3426838626
	3426838627
	3426838628
	3426838629
	3426838630
	3426838631
	3426838632
	3426838633
	3426838634
	3426838635
	3426838636
	3426838637
	3426838638
	3426838639
	3426838640
	3426838641
	3426838642
	3426838643
	3426838644
	3426838645
	3426838646
	3426838647
	3426838648
	3426838649
	3426838650
	3426838651
	3426838652
	3426838653
	3426838654
	3426838655
	3426838656
	3426838657
	3426838658
	3426838659
	3426838660
	3426838661
	3426838662
	3426838663
	3426838664
	3426838665
	3426838666
	3426838667
	3426838668
	3426838669
	3426838670
	3426838671
	3426838672
	3426838673
	3426838674
	3426838675
	3426838676
	3426838677
	3426838678
	3426838679
	3426838680
	3426838681
	3426838682
	3426838683
	3426838684
	3426838685
	3426838686
	3426838687
	3426838688
	3426838689
	3426838690
	3426838691
	3426838692
	3426838693
	3426838694
	3426838695
	3426838696
	3426838697
	3426838698
	3426838699
	3426838700
	3426838701
	3426838702
	3426838703
	3426838704
	3426838705
	3426838706
	3426838707
	3426838708
	3426838709
	3426838710
	3426838711
	3426838712
	3426838713
	3426838714
	3426838715
	3426838716
	3426838717
	3426838718
	3426838719
	3426838720
	3426838721
	3426838722
	3426838723
	3426838724
	3426838725
	3426838726
	3426838727
	3426838728
	3426838729
	3426838730
	3426838731
	3426838732
	3426838733
	3426838734
	3426838735
	3426838736
	3426838737
	3426838738
	3426838739
	3426838740
	3426838741
	3426838742
	3426838743
	3426838744
	3426838745
	3426838746
	3426838747
	3426838748
	3426838749
	3426838750
	3426838751
	3426838752
	3426838753
	3426838754
	3426838755
	3426838756
	3426838757
	3426838758
	3426838759
	3426838760
	3426838761
	3426838762
	3426838763
	3426838764
	3426838765
	3426838766
	3426838767
	3426838768
	3426838769
	3426838770
	3426838771
	3426838772
	3426838773
	3426838774
	3426838775
	3426838776
	3426838777
	3426838778
	3426838779
	3426838780
	3426838781
	3426838782
	3426838783
	3426838784
	3426838785
	3426838786
	3426838787
	3426838788
	3426838789
	3426838790
	3426838791
	3426838792
	3426838793
	3426838794
	3426838795
	3426838796
	3426838797
	3426838798
	3426838799
	3426838800
	3426838801
	3426838802
	3426838803
	3426838804
	3426838805
	3426838806
	3426838807
	3426838808
	3426838809
	3426838810
	3426838811
	3426838812
	3426838813
	3426838814
	3426838815
	3426838816
	3426838817
	3426838818
	3426838819
	3426838820
	3426838821
	3426838822
	3426838823
	3426838824
	3426838825
	3426838826
	3426838827
	3426838828
	3426838829
	3426838830
	3426838831
	3426838832
	3426838833
	3426838834
	3426838835
	3426838836
	3426838837
	3426838838
	3426838839
	3426838840
	3426838841
	3426838842
	3426838843
	3426838844
	3426838845
	3426838846
	3426838847
	3426838848
	3426838849
	3426838850
	3426838851
	3426838852
	3426838853
	3426838854
	3426838855
	3426838856
	3426838857
	3426838858
	3426838859
	3426838860
	3426838861
	3426838862
	3426838863
	3426838864
	3426838865
	3426838866
	3426838867
	3426838868
	3426838869
	3426838870
	3426838871
	3426838872
	3426838873
	3426838874
	3426838875
	3426838876
	3426838877
	3426838878
	3426838879
	3426838880
	3426838881
	3426838882
	3426838883
	3426838884
	3426838885
	3426838886
	3426838887
	3426838888
	3426838889
	3426838890
	3426838891
	3426838892
	3426838893
	3426838894
	3426838895
	3426838896
	3426838897
	3426838898
	3426838899
	3426838900
	3426838901
	3426838902
	3426838903
	3426838904
	3426838905
	3426838906
	3426838907
	3426838908
	3426838909
	3426838910
	3426838911
	3426838912
	3426838913
	3426838914
	3426838915
	3426838916
	3426838917
	3426838918
	3426838919
	3426838920
	3426838921
	3426838922
	3426838923
	3426838924
	3426838925
	3426838926
	3426838927
	3426838928
	3426838929
	3426838930
	3426838931
	3426838932
	3426838933
	3426838934
	3426838935
	3426838936
	3426838937
	3426838938
	3426838939
	3426838940
	3426838941
	3426838942
	3426838943
	3426838944
	3426838945
	3426838946
	3426838947
	3426838948
	3426838949
	3426838950
	3426838951
	3426838952
	3426838953
	3426838954
	3426838955
	3426838956
	3426838957
	3426838958
	3426838959
	3426838960
	3426838961
	3426838962
	3426838963
	3426838964
	3426838965
	3426838966
	3426838967
	3426838968
	3426838969
	3426838970
	3426838971
	3426838972
	3426838973
	3426838974
	3426838975
	3426838976
	3426838977
	3426838978
	3426838979
	3426838980
	3426838981
	3426838982
	3426838983
	3426838984
	3426838985
	3426838986
	3426838987
	3426838988
	3426838989
	3426838990
	3426838991
	3426838992
	3426838993
	3426838994
	3426838995
	3426838996
	3426838997
	3426838998
	3426838999
	3426839000
	3426839001
	3426839002
	3426839003
	3426839004
	3426839005
	3426839006
	3426839007
	3426839008
	3426839009
	3426839010
	3426839011
	3426839012
	3426839013
	3426839014
	3426839015
	3426839016
	3426839017
	3426839018
	3426839019
	3426839020
	3426839021
	3426839022
	3426839023
	3426839024
	3426839025
	3426839026
	3426839027
	3426839028
	3426839029
	3426839030
	3426839031
	3426839032
	3426839033
	3426839034
	3426839035
	3426839036
	3426839037
	3426839038
	3426839039
	3426839040
	3426839041
	3426839042
	3426839043
	3426839044
	3426839045
	3426839046
	3426839047
	3426839048
	3426839049
	3426839050
	3426839051
	3426839052
	3426839053
	3426839054
	3426839055
	3426839056
	3426839057
	3426839058
	3426839059
	3426839060
	3426839061
	3426839062
	3426839063
	3426839064
	3426839065
	3426839066
	3426839067
	3426839068
	3426839069
	3426839070
	3426839071
	3426839072
	3426839073
	3426839074
	3426839075
	3426839076
	3426839077
	3426839078
	3426839079
	3426839080
	3426839081
	3426839082
	3426839083
	3426839084
	3426839085
	3426839086
	3426839087
	3426839088
	3426839089
	3426839090
	3426839091
	3426839092
	3426839093
	3426839094
	3426839095
	3426839096
	3426839097
	3426839098
	3426839099
	3426839100
	3426839101
	3426839102
	3426839103
	3426839104
	3426839105
	3426839106
	3426839107
	3426839108
	3426839109
	3426839110
	3426839111
	3426839112
	3426839113
	3426839114
	3426839115
	3426839116
	3426839117
	3426839118
	3426839119
	3426839120
	3426839121
	3426839122
	3426839123
	3426839124
	3426839125
	3426839126
	3426839127
	3426839128
	3426839129
	3426839130
	3426839131
	3426839132
	3426839133
	3426839134
	3426839135
	3426839136
	3426839137
	3426839138
	3426839139
	3426839140
	3426839141
	3426839142
	3426839143
	3426839144
	3426839145
	3426839146
	3426839147
	3426839148
	3426839149
	3426839150
	3426839151
	3426839152
	3426839153
	3426839154
	3426839155
	3426839156
	3426839157
	3426839158
	3426839159
	3426839160
	3426839161
	3426839162
	3426839163
	3426839164
	3426839165
	3426839166
	3426839167
	3426839168
	3426839169
	3426839170
	3426839171
	3426839172
	3426839173
	3426839174
	3426839175
	3426839176
	3426839177
	3426839178
	3426839179
	3426839180
	3426839181
	3426839182
	3426839183
	3426839184
	3426839185
	3426839186
	3426839187
	3426839188
	3426839189
	3426839190
	3426839191
	3426839192
	3426839193
	3426839194
	3426839195
	3426839196
	3426839197
	3426839198
	3426839199
	3426839200
	3426839201
	3426839202
	3426839203
	3426839204
	3426839205
	3426839206
	3426839207
	3426839208
	3426839209
	3426839210
	3426839211
	3426839212
	3426839213
	3426839214
	3426839215
	3426839216
	3426839217
	3426839218
	3426839219
	3426839220
	3426839221
	3426839222
	3426839223
	3426839224
	3426839225
	3426839226
	3426839227
	3426839228
	3426839229
	3426839230
	3426839231
	3426839232
	3426839233
	3426839234
	3426839235
	3426839236
	3426839237
	3426839238
	3426839239
	3426839240
	3426839241
	3426839242
	3426839243
	3426839244
	3426839245
	3426839246
	3426839247
	3426839248
	3426839249
	3426839250
	3426839251
	3426839252
	3426839253
	3426839254
	3426839255
	3426839256
	3426839257
	3426839258
	3426839259
	3426839260
	3426839261
	3426839262
	3426839263
	3426839264
	3426839265
	3426839266
	3426839267
	3426839268
	3426839269
	3426839270
	3426839271
	3426839272
	3426839273
	3426839274
	3426839275
	3426839276
	3426839277
	3426839278
	3426839279
	3426839280
	3426839281
	3426839282
	3426839283
	3426839284
	3426839285
	3426839286
	3426839287
	3426839288
	3426839289
	3426839290
	3426839291
	3426839292
	3426839293
	3426839294
	3426839295
	3426839296
	3426839297
	3426839298
	3426839299
	3426839300
	3426839301
	3426839302
	3426839303
	3426839304
	3426839305
	3426839306
	3426839307
	3426839308
	3426839309
	3426839310
	3426839311
	3426839312
	3426839313
	3426839314
	3426839315
	3426839316
	3426839317
	3426839318
	3426839319
	3426839320
	3426839321
	3426839322
	3426839323
	3426839324
	3426839325
	3426839326
	3426839327
	3426839328
	3426839329
	3426839330
	3426839331
	3426839332
	3426839333
	3426839334
	3426839335
	3426839336
	3426839337
	3426839338
	3426839339
	3426839340
	3426839341
	3426839342
	3426839343
	3426839344
	3426839345
	3426839346
	3426839347
	3426839348
	3426839349
	3426839350
	3426839351
	3426839352
	3426839353
	3426839354
	3426839355
	3426839356
	3426839357
	3426839358
	3426839359
	3426839360
	3426839361
	3426839362
	3426839363
	3426839364
	3426839365
	3426839366
	3426839367
	3426839368
	3426839369
	3426839370
	3426839371
	3426839372
	3426839373
	3426839374
	3426839375
	3426839376
	3426839377
	3426839378
	3426839379
	3426839380
	3426839381
	3426839382
	3426839383
	3426839384
	3426839385
	3426839386
	3426839387
	3426839388
	3426839389
	3426839390
	3426839391
	3426839392
	3426839393
	3426839394
	3426839395
	3426839396
	3426839397
	3426839398
	3426839399
	3426839400
	3426839401
	3426839402
	3426839403
	3426839404
	3426839405
	3426839406
	3426839407
	3426839408
	3426839409
	3426839410
	3426839411
	3426839412
	3426839413
	3426839414
	3426839415
	3426839416
	3426839417
	3426839418
	3426839419
	3426839420
	3426839421
	3426839422
	3426839423
	3426839424
	3426839425
	3426839426
	3426839427
	3426839428
	3426839429
	3426839430
	3426839431
	3426839432
	3426839433
	3426839434
	3426839435
	3426839436
	3426839437
	3426839438
	3426839439
	3426839440
	3426839441
	3426839442
	3426839443
	3426839444
	3426839445
	3426839446
	3426839447
	3426839448
	3426839449
	3426839450
	3426839451
	3426839452
	3426839453
	3426839454
	3426839455
	3426839456
	3426839457
	3426839458
	3426839459
	3426839460
	3426839461
	3426839462
	3426839463
	3426839464
	3426839465
	3426839466
	3426839467
	3426839468
	3426839469
	3426839470
	3426839471
	3426839472
	3426839473
	3426839474
	3426839475
	3426839476
	3426839477
	3426839478
	3426839479
	3426839480
	3426839481
	3426839482
	3426839483
	3426839484
	3426839485
	3426839486
	3426839487
	3426839488
	3426839489
	3426839490
	3426839491
	3426839492
	3426839493
	3426839494
	3426839495
	3426839496
	3426839497
	3426839498
	3426839499
	3426839500
	3426839501
	3426839502
	3426839503
	3426839504
	3426839505
	3426839506
	3426839507
	3426839508
	3426839509
	3426839510
	3426839511
	3426839512
	3426839513
	3426839514
	3426839515
	3426839516
	3426839517
	3426839518
	3426839519
	3426839520
	3426839521
	3426839522
	3426839523
	3426839524
	3426839525
	3426839526
	3426839527
	3426839528
	3426839529
	3426839530
	3426839531
	3426839532
	3426839533
	3426839534
	3426839535
	3426839536
	3426839537
	3426839538
	3426839539
	3426839540
	3426839541
	3426839542
	3426839543
	3426839544
	3426839545
	3426839546
	3426839547
	3426839548
	3426839549
	3426839550
	3426839551
	3426839552
	3426839553
	3426839554
	3426839555
	3426839556
	3426839557
	3426839558
	3426839559
	3426839560
	3426839561
	3426839562
	3426839563
	3426839564
	3426839565
	3426839566
	3426839567
	3426839568
	3426839569
	3426839570
	3426839571
	3426839572
	3426839573
	3426839574
	3426839575
	3426839576
	3426839577
	3426839578
	3426839579
	3426839580
	3426839581
	3426839582
	3426839583
	3426839584
	3426839585
	3426839586
	3426839587
	3426839588
	3426839589
	3426839590
	3426839591
	3426839592
	3426839593
	3426839594
	3426839595
	3426839596
	3426839597
	3426839598
	3426839599
	3426839600
	3426839601
	3426839602
	3426839603
	3426839604
	3426839605
	3426839606
	3426839607
	3426839608
	3426839609
	3426839610
	3426839611
	3426839612
	3426839613
	3426839614
	3426839615
	3426839616
	3426839617
	3426839618
	3426839619
	3426839620
	3426839621
	3426839622
	3426839623
	3426839624
	3426839625
	3426839626
	3426839627
	3426839628
	3426839629
	3426839630
	3426839631
	3426839632
	3426839633
	3426839634
	3426839635
	3426839636
	3426839637
	3426839638
	3426839639
	3426839640
	3426839641
	3426839642
	3426839643
	3426839644
	3426839645
	3426839646
	3426839647
	3426839648
	3426839649
	3426839650
	3426839651
	3426839652
	3426839653
	3426839654
	3426839655
	3426839656
	3426839657
	3426839658
	3426839659
	3426839660
	3426839661
	3426839662
	3426839663
	3426839664
	3426839665
	3426839666
	3426839667
	3426839668
	3426839669
	3426839670
	3426839671
	3426839672
	3426839673
	3426839674
	3426839675
	3426839676
	3426839677
	3426839678
	3426839679
	3426839680
	3426839681
	3426839682
	3426839683
	3426839684
	3426839685
	3426839686
	3426839687
	3426839688
	3426839689
	3426839690
	3426839691
	3426839692
	3426839693
	3426839694
	3426839695
	3426839696
	3426839697
	3426839698
	3426839699
	3426839700
	3426839701
	3426839702
	3426839703
	3426839704
	3426839705
	3426839706
	3426839707
	3426839708
	3426839709
	3426839710
	3426839711
	3426839712
	3426839713
	3426839714
	3426839715
	3426839716
	3426839717
	3426839718
	3426839719
	3426839720
	3426839721
	3426839722
	3426839723
	3426839724
	3426839725
	3426839726
	3426839727
	3426839728
	3426839729
	3426839730
	3426839731
	3426839732
	3426839733
	3426839734
	3426839735
	3426839736
	3426839737
	3426839738
	3426839739
	3426839740
	3426839741
	3426839742
	3426839743
	3426839744
	3426839745
	3426839746
	3426839747
	3426839748
	3426839749
	3426839750
	3426839751
	3426839752
	3426839753
	3426839754
	3426839755
	3426839756
	3426839757
	3426839758
	3426839759
	3426839760
	3426839761
	3426839762
	3426839763
	3426839764
	3426839765
	3426839766
	3426839767
	3426839768
	3426839769
	3426839770
	3426839771
	3426839772
	3426839773
	3426839774
	3426839775
	3426839776
	3426839777
	3426839778
	3426839779
	3426839780
	3426839781
	3426839782
	3426839783
	3426839784
	3426839785
	3426839786
	3426839787
	3426839788
	3426839789
	3426839790
	3426839791
	3426839792
	3426839793
	3426839794
	3426839795
	3426839796
	3426839797
	3426839798
	3426839799
	3426839800
	3426839801
	3426839802
	3426839803
	3426839804
	3426839805
	3426839806
	3426839807
	3426839808
	3426839809
	3426839810
	3426839811
	3426839812
	3426839813
	3426839814
	3426839815
	3426839816
	3426839817
	3426839818
	3426839819
	3426839820
	3426839821
	3426839822
	3426839823
	3426839824
	3426839825
	3426839826
	3426839827
	3426839828
	3426839829
	3426839830
	3426839831
	3426839832
	3426839833
	3426839834
	3426839835
	3426839836
	3426839837
	3426839838
	3426839839
	3426839840
	3426839841
	3426839842
	3426839843
	3426839844
	3426839845
	3426839846
	3426839847
	3426839848
	3426839849
	3426839850
	3426839851
	3426839852
	3426839853
	3426839854
	3426839855
	3426839856
	3426839857
	3426839858
	3426839859
	3426839860
	3426839861
	3426839862
	3426839863
	3426839864
	3426839865
	3426839866
	3426839867
	3426839868
	3426839869
	3426839870
	3426839871
	3426839872
	3426839873
	3426839874
	3426839875
	3426839876
	3426839877
	3426839878
	3426839879
	3426839880
	3426839881
	3426839882
	3426839883
	3426839884
	3426839885
	3426839886
	3426839887
	3426839888
	3426839889
	3426839890
	3426839891
	3426839892
	3426839893
	3426839894
	3426839895
	3426839896
	3426839897
	3426839898
	3426839899
	3426839900
	3426839901
	3426839902
	3426839903
	3426839904
	3426839905
	3426839906
	3426839907
	3426839908
	3426839909
	3426839910
	3426839911
	3426839912
	3426839913
	3426839914
	3426839915
	3426839916
	3426839917
	3426839918
	3426839919
	3426839920
	3426839921
	3426839922
	3426839923
	3426839924
	3426839925
	3426839926
	3426839927
	3426839928
	3426839929
	3426839930
	3426839931
	3426839932
	3426839933
	3426839934
	3426839935
	3426839936
	3426839937
	3426839938
	3426839939
	3426839940
	3426839941
	3426839942
	3426839943
	3426839944
	3426839945
	3426839946
	3426839947
	3426839948
	3426839949
	3426839950
	3426839951
	3426839952
	3426839953
	3426839954
	3426839955
	3426839956
	3426839957
	3426839958
	3426839959
	3426839960
	3426839961
	3426839962
	3426839963
	3426839964
	3426839965
	3426839966
	3426839967
	3426839968
	3426839969
	3426839970
	3426839971
	3426839972
	3426839973
	3426839974
	3426839975
	3426839976
	3426839977
	3426839978
	3426839979
	3426839980
	3426839981
	3426839982
	3426839983
	3426839984
	3426839985
	3426839986
	3426839987
	3426839988
	3426839989
	3426839990
	3426839991
	3426839992
	3426839993
	3426839994
	3426839995
	3426839996
	3426839997
	3426839998
	3426839999
	3426840000
	3426840001
	3426840002
	3426840003
	3426840004
	3426840005
	3426840006
	3426840007
	3426840008
	3426840009
	3426840010
	3426840011
	3426840012
	3426840013
	3426840014
	3426840015
	3426840016
	3426840017
	3426840018
	3426840019
	3426840020
	3426840021
	3426840022
	3426840023
	3426840024
	3426840025
	3426840026
	3426840027
	3426840028
	3426840029
	3426840030
	3426840031
	3426840032
	3426840033
	3426840034
	3426840035
	3426840036
	3426840037
	3426840038
	3426840039
	3426840040
	3426840041
	3426840042
	3426840043
	3426840044
	3426840045
	3426840046
	3426840047
	3426840048
	3426840049
	3426840050
	3426840051
	3426840052
	3426840053
	3426840054
	3426840055
	3426840056
	3426840057
	3426840058
	3426840059
	3426840060
	3426840061
	3426840062
	3426840063
	3426840064
	3426840065
	3426840066
	3426840067
	3426840068
	3426840069
	3426840070
	3426840071
	3426840072
	3426840073
	3426840074
	3426840075
	3426840076
	3426840077
	3426840078
	3426840079
	3426840080
	3426840081
	3426840082
	3426840083
	3426840084
	3426840085
	3426840086
	3426840087
	3426840088
	3426840089
	3426840090
	3426840091
	3426840092
	3426840093
	3426840094
	3426840095
	3426840096
	3426840097
	3426840098
	3426840099
	3426840100
	3426840101
	3426840102
	3426840103
	3426840104
	3426840105
	3426840106
	3426840107
	3426840108
	3426840109
	3426840110
	3426840111
	3426840112
	3426840113
	3426840114
	3426840115
	3426840116
	3426840117
	3426840118
	3426840119
	3426840120
	3426840121
	3426840122
	3426840123
	3426840124
	3426840125
	3426840126
	3426840127
	3426840128
	3426840129
	3426840130
	3426840131
	3426840132
	3426840133
	3426840134
	3426840135
	3426840136
	3426840137
	3426840138
	3426840139
	3426840140
	3426840141
	3426840142
	3426840143
	3426840144
	3426840145
	3426840146
	3426840147
	3426840148
	3426840149
	3426840150
	3426840151
	3426840152
	3426840153
	3426840154
	3426840155
	3426840156
	3426840157
	3426840158
	3426840159
	3426840160
	3426840161
	3426840162
	3426840163
	3426840164
	3426840165
	3426840166
	3426840167
	3426840168
	3426840169
	3426840170
	3426840171
	3426840172
	3426840173
	3426840174
	3426840175
	3426840176
	3426840177
	3426840178
	3426840179
	3426840180
	3426840181
	3426840182
	3426840183
	3426840184
	3426840185
	3426840186
	3426840187
	3426840188
	3426840189
	3426840190
	3426840191
	3426840192
	3426840193
	3426840194
	3426840195
	3426840196
	3426840197
	3426840198
	3426840199
	3426840200
	3426840201
	3426840202
	3426840203
	3426840204
	3426840205
	3426840206
	3426840207
	3426840208
	3426840209
	3426840210
	3426840211
	3426840212
	3426840213
	3426840214
	3426840215
	3426840216
	3426840217
	3426840218
	3426840219
	3426840220
	3426840221
	3426840222
	3426840223
	3426840224
	3426840225
	3426840226
	3426840227
	3426840228
	3426840229
	3426840230
	3426840231
	3426840232
	3426840233
	3426840234
	3426840235
	3426840236
	3426840237
	3426840238
	3426840239
	3426840240
	3426840241
	3426840242
	3426840243
	3426840244
	3426840245
	3426840246
	3426840247
	3426840248
	3426840249
	3426840250
	3426840251
	3426840252
	3426840253
	3426840254
	3426840255
	3426840256
	3426840257
	3426840258
	3426840259
	3426840260
	3426840261
	3426840262
	3426840263
	3426840264
	3426840265
	3426840266
	3426840267
	3426840268
	3426840269
	3426840270
	3426840271
	3426840272
	3426840273
	3426840274
	3426840275
	3426840276
	3426840277
	3426840278
	3426840279
	3426840280
	3426840281
	3426840282
	3426840283
	3426840284
	3426840285
	3426840286
	3426840287
	3426840288
	3426840289
	3426840290
	3426840291
	3426840292
	3426840293
	3426840294
	3426840295
	3426840296
	3426840297
	3426840298
	3426840299
	3426840300
	3426840301
	3426840302
	3426840303
	3426840304
	3426840305
	3426840306
	3426840307
	3426840308
	3426840309
	3426840310
	3426840311
	3426840312
	3426840313
	3426840314
	3426840315
	3426840316
	3426840317
	3426840318
	3426840319
	3426840320
	3426840321
	3426840322
	3426840323
	3426840324
	3426840325
	3426840326
	3426840327
	3426840328
	3426840329
	3426840330
	3426840331
	3426840332
	3426840333
	3426840334
	3426840335
	3426840336
	3426840337
	3426840338
	3426840339
	3426840340
	3426840341
	3426840342
	3426840343
	3426840344
	3426840345
	3426840346
	3426840347
	3426840348
	3426840349
	3426840350
	3426840351
	3426840352
	3426840353
	3426840354
	3426840355
	3426840356
	3426840357
	3426840358
	3426840359
	3426840360
	3426840361
	3426840362
	3426840363
	3426840364
	3426840365
	3426840366
	3426840367
	3426840368
	3426840369
	3426840370
	3426840371
	3426840372
	3426840373
	3426840374
	3426840375
	3426840376
	3426840377
	3426840378
	3426840379
	3426840380
	3426840381
	3426840382
	3426840383
	3426840384
	3426840385
	3426840386
	3426840387
	3426840388
	3426840389
	3426840390
	3426840391
	3426840392
	3426840393
	3426840394
	3426840395
	3426840396
	3426840397
	3426840398
	3426840399
	3426840400
	3426840401
	3426840402
	3426840403
	3426840404
	3426840405
	3426840406
	3426840407
	3426840408
	3426840409
	3426840410
	3426840411
	3426840412
	3426840413
	3426840414
	3426840415
	3426840416
	3426840417
	3426840418
	3426840419
	3426840420
	3426840421
	3426840422
	3426840423
	3426840424
	3426840425
	3426840426
	3426840427
	3426840428
	3426840429
	3426840430
	3426840431
	3426840432
	3426840433
	3426840434
	3426840435
	3426840436
	3426840437
	3426840438
	3426840439
	3426840440
	3426840441
	3426840442
	3426840443
	3426840444
	3426840445
	3426840446
	3426840447
	3426840448
	3426840449
	3426840450
	3426840451
	3426840452
	3426840453
	3426840454
	3426840455
	3426840456
	3426840457
	3426840458
	3426840459
	3426840460
	3426840461
	3426840462
	3426840463
	3426840464
	3426840465
	3426840466
	3426840467
	3426840468
	3426840469
	3426840470
	3426840471
	3426840472
	3426840473
	3426840474
	3426840475
	3426840476
	3426840477
	3426840478
	3426840479
	3426840480
	3426840481
	3426840482
	3426840483
	3426840484
	3426840485
	3426840486
	3426840487
	3426840488
	3426840489
	3426840490
	3426840491
	3426840492
	3426840493
	3426840494
	3426840495
	3426840496
	3426840497
	3426840498
	3426840499
	3426840500
	3426840501
	3426840502
	3426840503
	3426840504
	3426840505
	3426840506
	3426840507
	3426840508
	3426840509
	3426840510
	3426840511
	3426840512
	3426840513
	3426840514
	3426840515
	3426840516
	3426840517
	3426840518
	3426840519
	3426840520
	3426840521
	3426840522
	3426840523
	3426840524
	3426840525
	3426840526
	3426840527
	3426840528
	3426840529
	3426840530
	3426840531
	3426840532
	3426840533
	3426840534
	3426840535
	3426840536
	3426840537
	3426840538
	3426840539
	3426840540
	3426840541
	3426840542
	3426840543
	3426840544
	3426840545
	3426840546
	3426840547
	3426840548
	3426840549
	3426840550
	3426840551
	3426840552
	3426840553
	3426840554
	3426840555
	3426840556
	3426840557
	3426840558
	3426840559
	3426840560
	3426840561
	3426840562
	3426840563
	3426840564
	3426840565
	3426840566
	3426840567
	3426840568
	3426840569
	3426840570
	3426840571
	3426840572
	3426840573
	3426840574
	3426840575
	3426840576
	3426840577
	3426840578
	3426840579
	3426840580
	3426840581
	3426840582
	3426840583
	3426840584
	3426840585
	3426840586
	3426840587
	3426840588
	3426840589
	3426840590
	3426840591
	3426840592
	3426840593
	3426840594
	3426840595
	3426840596
	3426840597
	3426840598
	3426840599
	3426840600
	3426840601
	3426840602
	3426840603
	3426840604
	3426840605
	3426840606
	3426840607
	3426840608
	3426840609
	3426840610
	3426840611
	3426840612
	3426840613
	3426840614
	3426840615
	3426840616
	3426840617
	3426840618
	3426840619
	3426840620
	3426840621
	3426840622
	3426840623
	3426840624
	3426840625
	3426840626
	3426840627
	3426840628
	3426840629
	3426840630
	3426840631
	3426840632
	3426840633
	3426840634
	3426840635
	3426840636
	3426840637
	3426840638
	3426840639
	3426840640
	3426840641
	3426840642
	3426840643
	3426840644
	3426840645
	3426840646
	3426840647
	3426840648
	3426840649
	3426840650
	3426840651
	3426840652
	3426840653
	3426840654
	3426840655
	3426840656
	3426840657
	3426840658
	3426840659
	3426840660
	3426840661
	3426840662
	3426840663
	3426840664
	3426840665
	3426840666
	3426840667
	3426840668
	3426840669
	3426840670
	3426840671
	3426840672
	3426840673
	3426840674
	3426840675
	3426840676
	3426840677
	3426840678
	3426840679
	3426840680
	3426840681
	3426840682
	3426840683
	3426840684
	3426840685
	3426840686
	3426840687
	3426840688
	3426840689
	3426840690
	3426840691
	3426840692
	3426840693
	3426840694
	3426840695
	3426840696
	3426840697
	3426840698
	3426840699
	3426840700
	3426840701
	3426840702
	3426840703
	3426840704
	3426840705
	3426840706
	3426840707
	3426840708
	3426840709
	3426840710
	3426840711
	3426840712
	3426840713
	3426840714
	3426840715
	3426840716
	3426840717
	3426840718
	3426840719
	3426840720
	3426840721
	3426840722
	3426840723
	3426840724
	3426840725
	3426840726
	3426840727
	3426840728
	3426840729
	3426840730
	3426840731
	3426840732
	3426840733
	3426840734
	3426840735
	3426840736
	3426840737
	3426840738
	3426840739
	3426840740
	3426840741
	3426840742
	3426840743
	3426840744
	3426840745
	3426840746
	3426840747
	3426840748
	3426840749
	3426840750
	3426840751
	3426840752
	3426840753
	3426840754
	3426840755
	3426840756
	3426840757
	3426840758
	3426840759
	3426840760
	3426840761
	3426840762
	3426840763
	3426840764
	3426840765
	3426840766
	3426840767
	3426840768
	3426840769
	3426840770
	3426840771
	3426840772
	3426840773
	3426840774
	3426840775
	3426840776
	3426840777
	3426840778
	3426840779
	3426840780
	3426840781
	3426840782
	3426840783
	3426840784
	3426840785
	3426840786
	3426840787
	3426840788
	3426840789
	3426840790
	3426840791
	3426840792
	3426840793
	3426840794
	3426840795
	3426840796
	3426840797
	3426840798
	3426840799
	3426840800
	3426840801
	3426840802
	3426840803
	3426840804
	3426840805
	3426840806
	3426840807
	3426840808
	3426840809
	3426840810
	3426840811
	3426840812
	3426840813
	3426840814
	3426840815
	3426840816
	3426840817
	3426840818
	3426840819
	3426840820
	3426840821
	3426840822
	3426840823
	3426840824
	3426840825
	3426840826
	3426840827
	3426840828
	3426840829
	3426840830
	3426840831
	3426840832
	3426840833
	3426840834
	3426840835
	3426840836
	3426840837
	3426840838
	3426840839
	3426840840
	3426840841
	3426840842
	3426840843
	3426840844
	3426840845
	3426840846
	3426840847
	3426840848
	3426840849
	3426840850
	3426840851
	3426840852
	3426840853
	3426840854
	3426840855
	3426840856
	3426840857
	3426840858
	3426840859
	3426840860
	3426840861
	3426840862
	3426840863
	3426840864
	3426840865
	3426840866
	3426840867
	3426840868
	3426840869
	3426840870
	3426840871
	3426840872
	3426840873
	3426840874
	3426840875
	3426840876
	3426840877
	3426840878
	3426840879
	3426840880
	3426840881
	3426840882
	3426840883
	3426840884
	3426840885
	3426840886
	3426840887
	3426840888
	3426840889
	3426840890
	3426840891
	3426840892
	3426840893
	3426840894
	3426840895
	3426840896
	3426840897
	3426840898
	3426840899
	3426840900
	3426840901
	3426840902
	3426840903
	3426840904
	3426840905
	3426840906
	3426840907
	3426840908
	3426840909
	3426840910
	3426840911
	3426840912
	3426840913
	3426840914
	3426840915
	3426840916
	3426840917
	3426840918
	3426840919
	3426840920
	3426840921
	3426840922
	3426840923
	3426840924
	3426840925
	3426840926
	3426840927
	3426840928
	3426840929
	3426840930
	3426840931
	3426840932
	3426840933
	3426840934
	3426840935
	3426840936
	3426840937
	3426840938
	3426840939
	3426840940
	3426840941
	3426840942
	3426840943
	3426840944
	3426840945
	3426840946
	3426840947
	3426840948
	3426840949
	3426840950
	3426840951
	3426840952
	3426840953
	3426840954
	3426840955
	3426840956
	3426840957
	3426840958
	3426840959
	3426840960
	3426840961
	3426840962
	3426840963
	3426840964
	3426840965
	3426840966
	3426840967
	3426840968
	3426840969
	3426840970
	3426840971
	3426840972
	3426840973
	3426840974
	3426840975
	3426840976
	3426840977
	3426840978
	3426840979
	3426840980
	3426840981
	3426840982
	3426840983
	3426840984
	3426840985
	3426840986
	3426840987
	3426840988
	3426840989
	3426840990
	3426840991
	3426840992
	3426840993
	3426840994
	3426840995
	3426840996
	3426840997
	3426840998
	3426840999
	3426841000
	3426841001
	3426841002
	3426841003
	3426841004
	3426841005
	3426841006
	3426841007
	3426841008
	3426841009
	3426841010
	3426841011
	3426841012
	3426841013
	3426841014
	3426841015
	3426841016
	3426841017
	3426841018
	3426841019
	3426841020
	3426841021
	3426841022
	3426841023
	3426841024
	3426841025
	3426841026
	3426841027
	3426841028
	3426841029
	3426841030
	3426841031
	3426841032
	3426841033
	3426841034
	3426841035
	3426841036
	3426841037
	3426841038
	3426841039
	3426841040
	3426841041
	3426841042
	3426841043
	3426841044
	3426841045
	3426841046
	3426841047
	3426841048
	3426841049
	3426841050
	3426841051
	3426841052
	3426841053
	3426841054
	3426841055
	3426841056
	3426841057
	3426841058
	3426841059
	3426841060
	3426841061
	3426841062
	3426841063
	3426841064
	3426841065
	3426841066
	3426841067
	3426841068
	3426841069
	3426841070
	3426841071
	3426841072
	3426841073
	3426841074
	3426841075
	3426841076
	3426841077
	3426841078
	3426841079
	3426841080
	3426841081
	3426841082
	3426841083
	3426841084
	3426841085
	3426841086
	3426841087
	3426841088
	3426841089
	3426841090
	3426841091
	3426841092
	3426841093
	3426841094
	3426841095
	3426841096
	3426841097
	3426841098
	3426841099
	3426841100
	3426841101
	3426841102
	3426841103
	3426841104
	3426841105
	3426841106
	3426841107
	3426841108
	3426841109
	3426841110
	3426841111
	3426841112
	3426841113
	3426841114
	3426841115
	3426841116
	3426841117
	3426841118
	3426841119
	3426841120
	3426841121
	3426841122
	3426841123
	3426841124
	3426841125
	3426841126
	3426841127
	3426841128
	3426841129
	3426841130
	3426841131
	3426841132
	3426841133
	3426841134
	3426841135
	3426841136
	3426841137
	3426841138
	3426841139
	3426841140
	3426841141
	3426841142
	3426841143
	3426841144
	3426841145
	3426841146
	3426841147
	3426841148
	3426841149
	3426841150
	3426841151
	3426841152
	3426841153
	3426841154
	3426841155
	3426841156
	3426841157
	3426841158
	3426841159
	3426841160
	3426841161
	3426841162
	3426841163
	3426841164
	3426841165
	3426841166
	3426841167
	3426841168
	3426841169
	3426841170
	3426841171
	3426841172
	3426841173
	3426841174
	3426841175
	3426841176
	3426841177
	3426841178
	3426841179
	3426841180
	3426841181
	3426841182
	3426841183
	3426841184
	3426841185
	3426841186
	3426841187
	3426841188
	3426841189
	3426841190
	3426841191
	3426841192
	3426841193
	3426841194
	3426841195
	3426841196
	3426841197
	3426841198
	3426841199
	3426841200
	3426841201
	3426841202
	3426841203
	3426841204
	3426841205
	3426841206
	3426841207
	3426841208
	3426841209
	3426841210
	3426841211
	3426841212
	3426841213
	3426841214
	3426841215
	3426841216
	3426841217
	3426841218
	3426841219
	3426841220
	3426841221
	3426841222
	3426841223
	3426841224
	3426841225
	3426841226
	3426841227
	3426841228
	3426841229
	3426841230
	3426841231
	3426841232
	3426841233
	3426841234
	3426841235
	3426841236
	3426841237
	3426841238
	3426841239
	3426841240
	3426841241
	3426841242
	3426841243
	3426841244
	3426841245
	3426841246
	3426841247
	3426841248
	3426841249
	3426841250
	3426841251
	3426841252
	3426841253
	3426841254
	3426841255
	3426841256
	3426841257
	3426841258
	3426841259
	3426841260
	3426841261
	3426841262
	3426841263
	3426841264
	3426841265
	3426841266
	3426841267
	3426841268
	3426841269
	3426841270
	3426841271
	3426841272
	3426841273
	3426841274
	3426841275
	3426841276
	3426841277
	3426841278
	3426841279
	3426841280
	3426841281
	3426841282
	3426841283
	3426841284
	3426841285
	3426841286
	3426841287
	3426841288
	3426841289
	3426841290
	3426841291
	3426841292
	3426841293
	3426841294
	3426841295
	3426841296
	3426841297
	3426841298
	3426841299
	3426841300
	3426841301
	3426841302
	3426841303
	3426841304
	3426841305
	3426841306
	3426841307
	3426841308
	3426841309
	3426841310
	3426841311
	3426841312
	3426841313
	3426841314
	3426841315
	3426841316
	3426841317
	3426841318
	3426841319
	3426841320
	3426841321
	3426841322
	3426841323
	3426841324
	3426841325
	3426841326
	3426841327
	3426841328
	3426841329
	3426841330
	3426841331
	3426841332
	3426841333
	3426841334
	3426841335
	3426841336
	3426841337
	3426841338
	3426841339
	3426841340
	3426841341
	3426841342
	3426841343
	3426841344
	3426841345
	3426841346
	3426841347
	3426841348
	3426841349
	3426841350
	3426841351
	3426841352
	3426841353
	3426841354
	3426841355
	3426841356
	3426841357
	3426841358
	3426841359
	3426841360
	3426841361
	3426841362
	3426841363
	3426841364
	3426841365
	3426841366
	3426841367
	3426841368
	3426841369
	3426841370
	3426841371
	3426841372
	3426841373
	3426841374
	3426841375
	3426841376
	3426841377
	3426841378
	3426841379
	3426841380
	3426841381
	3426841382
	3426841383
	3426841384
	3426841385
	3426841386
	3426841387
	3426841388
	3426841389
	3426841390
	3426841391
	3426841392
	3426841393
	3426841394
	3426841395
	3426841396
	3426841397
	3426841398
	3426841399
	3426841400
	3426841401
	3426841402
	3426841403
	3426841404
	3426841405
	3426841406
	3426841407
	3426841408
	3426841409
	3426841410
	3426841411
	3426841412
	3426841413
	3426841414
	3426841415
	3426841416
	3426841417
	3426841418
	3426841419
	3426841420
	3426841421
	3426841422
	3426841423
	3426841424
	3426841425
	3426841426
	3426841427
	3426841428
	3426841429
	3426841430
	3426841431
	3426841432
	3426841433
	3426841434
	3426841435
	3426841436
	3426841437
	3426841438
	3426841439
	3426841440
	3426841441
	3426841442
	3426841443
	3426841444
	3426841445
	3426841446
	3426841447
	3426841448
	3426841449
	3426841450
	3426841451
	3426841452
	3426841453
	3426841454
	3426841455
	3426841456
	3426841457
	3426841458
	3426841459
	3426841460
	3426841461
	3426841462
	3426841463
	3426841464
	3426841465
	3426841466
	3426841467
	3426841468
	3426841469
	3426841470
	3426841471
	3426841472
	3426841473
	3426841474
	3426841475
	3426841476
	3426841477
	3426841478
	3426841479
	3426841480
	3426841481
	3426841482
	3426841483
	3426841484
	3426841485
	3426841486
	3426841487
	3426841488
	3426841489
	3426841490
	3426841491
	3426841492
	3426841493
	3426841494
	3426841495
	3426841496
	3426841497
	3426841498
	3426841499
	3426841500
	3426841501
	3426841502
	3426841503
	3426841504
	3426841505
	3426841506
	3426841507
	3426841508
	3426841509
	3426841510
	3426841511
	3426841512
	3426841513
	3426841514
	3426841515
	3426841516
	3426841517
	3426841518
	3426841519
	3426841520
	3426841521
	3426841522
	3426841523
	3426841524
	3426841525
	3426841526
	3426841527
	3426841528
	3426841529
	3426841530
	3426841531
	3426841532
	3426841533
	3426841534
	3426841535
	3426841536
	3426841537
	3426841538
	3426841539
	3426841540
	3426841541
	3426841542
	3426841543
	3426841544
	3426841545
	3426841546
	3426841547
	3426841548
	3426841549
	3426841550
	3426841551
	3426841552
	3426841553
	3426841554
	3426841555
	3426841556
	3426841557
	3426841558
	3426841559
	3426841560
	3426841561
	3426841562
	3426841563
	3426841564
	3426841565
	3426841566
	3426841567
	3426841568
	3426841569
	3426841570
	3426841571
	3426841572
	3426841573
	3426841574
	3426841575
	3426841576
	3426841577
	3426841578
	3426841579
	3426841580
	3426841581
	3426841582
	3426841583
	3426841584
	3426841585
	3426841586
	3426841587
	3426841588
	3426841589
	3426841590
	3426841591
	3426841592
	3426841593
	3426841594
	3426841595
	3426841596
	3426841597
	3426841598
	3426841599
	3426841600
	3426841601
	3426841602
	3426841603
	3426841604
	3426841605
	3426841606
	3426841607
	3426841608
	3426841609
	3426841610
	3426841611
	3426841612
	3426841613
	3426841614
	3426841615
	3426841616
	3426841617
	3426841618
	3426841619
	3426841620
	3426841621
	3426841622
	3426841623
	3426841624
	3426841625
	3426841626
	3426841627
	3426841628
	3426841629
	3426841630
	3426841631
	3426841632
	3426841633
	3426841634
	3426841635
	3426841636
	3426841637
	3426841638
	3426841639
	3426841640
	3426841641
	3426841642
	3426841643
	3426841644
	3426841645
	3426841646
	3426841647
	3426841648
	3426841649
	3426841650
	3426841651
	3426841652
	3426841653
	3426841654
	3426841655
	3426841656
	3426841657
	3426841658
	3426841659
	3426841660
	3426841661
	3426841662
	3426841663
	3426841664
	3426841665
	3426841666
	3426841667
	3426841668
	3426841669
	3426841670
	3426841671
	3426841672
	3426841673
	3426841674
	3426841675
	3426841676
	3426841677
	3426841678
	3426841679
	3426841680
	3426841681
	3426841682
	3426841683
	3426841684
	3426841685
	3426841686
	3426841687
	3426841688
	3426841689
	3426841690
