	3426659979
	3426659980
	3426659981
	3426659982
	3426659983
	3426659984
	3426659985
	3426659986
	3426659987
	3426659988
	3426659989
	3426659990
	3426659991
	3426659992
	3426659993
	3426659994
	3426659995
	3426659996
	3426659997
	3426659998
	3426659999
	3426660000
	3426660001
	3426660002
	3426660003
	3426660004
	3426660005
	3426660006
	3426660007
	3426660008
	3426660009
	3426660010
	3426660011
	3426660012
	3426660013
	3426660014
	3426660015
	3426660016
	3426660017
	3426660018
	3426660019
	3426660020
	3426660021
	3426660022
	3426660023
	3426660024
	3426660025
	3426660026
	3426660027
	3426660028
	3426660029
	3426660030
	3426660031
	3426660032
	3426660033
	3426660034
	3426660035
	3426660036
	3426660037
	3426660038
	3426660039
	3426660040
	3426660041
	3426660042
	3426660043
	3426660044
	3426660045
	3426660046
	3426660047
	3426660048
	3426660049
	3426660050
	3426660051
	3426660052
	3426660053
	3426660054
	3426660055
	3426660056
	3426660057
	3426660058
	3426660059
	3426660060
	3426660061
	3426660062
	3426660063
	3426660064
	3426660065
	3426660066
	3426660067
	3426660068
	3426660069
	3426660070
	3426660071
	3426660072
	3426660073
	3426660074
	3426660075
	3426660076
	3426660077
	3426660078
	3426660079
	3426660080
	3426660081
	3426660082
	3426660083
	3426660084
	3426660085
	3426660086
	3426660087
	3426660088
	3426660089
	3426660090
	3426660091
	3426660092
	3426660093
	3426660094
	3426660095
	3426660096
	3426660097
	3426660098
	3426660099
	3426660100
	3426660101
	3426660102
	3426660103
	3426660104
	3426660105
	3426660106
	3426660107
	3426660108
	3426660109
	3426660110
	3426660111
	3426660112
	3426660113
	3426660114
	3426660115
	3426660116
	3426660117
	3426660118
	3426660119
	3426660120
	3426660121
	3426660122
	3426660123
	3426660124
	3426660125
	3426660126
	3426660127
	3426660128
	3426660129
	3426660130
	3426660131
	3426660132
	3426660133
	3426660134
	3426660135
	3426660136
	3426660137
	3426660138
	3426660139
	3426660140
	3426660141
	3426660142
	3426660143
	3426660144
	3426660145
	3426660146
	3426660147
	3426660148
	3426660149
	3426660150
	3426660151
	3426660152
	3426660153
	3426660154
	3426660155
	3426660156
	3426660157
	3426660158
	3426660159
	3426660160
	3426660161
	3426660162
	3426660163
	3426660164
	3426660165
	3426660166
	3426660167
	3426660168
	3426660169
	3426660170
	3426660171
	3426660172
	3426660173
	3426660174
	3426660175
	3426660176
	3426660177
	3426660178
	3426660179
	3426660180
	3426660181
	3426660182
	3426660183
	3426660184
	3426660185
	3426660186
	3426660187
	3426660188
	3426660189
	3426660190
	3426660191
	3426660192
	3426660193
	3426660194
	3426660195
	3426660196
	3426660197
	3426660198
	3426660199
	3426660200
	3426660201
	3426660202
	3426660203
	3426660204
	3426660205
	3426660206
	3426660207
	3426660208
	3426660209
	3426660210
	3426660211
	3426660212
	3426660213
	3426660214
	3426660215
	3426660216
	3426660217
	3426660218
	3426660219
	3426660220
	3426660221
	3426660222
	3426660223
	3426660224
	3426660225
	3426660226
	3426660227
	3426660228
	3426660229
	3426660230
	3426660231
	3426660232
	3426660233
	3426660234
	3426660235
	3426660236
	3426660237
	3426660238
	3426660239
	3426660240
	3426660241
	3426660242
	3426660243
	3426660244
	3426660245
	3426660246
	3426660247
	3426660248
	3426660249
	3426660250
	3426660251
	3426660252
	3426660253
	3426660254
	3426660255
	3426660256
	3426660257
	3426660258
	3426660259
	3426660260
	3426660261
	3426660262
	3426660263
	3426660264
	3426660265
	3426660266
	3426660267
	3426660268
	3426660269
	3426660270
	3426660271
	3426660272
	3426660273
	3426660274
	3426660275
	3426660276
	3426660277
	3426660278
	3426660279
	3426660280
	3426660281
	3426660282
	3426660283
	3426660284
	3426660285
	3426660286
	3426660287
	3426660288
	3426660289
	3426660290
	3426660291
	3426660292
	3426660293
	3426660294
	3426660295
	3426660296
	3426660297
	3426660298
	3426660299
	3426660300
	3426660301
	3426660302
	3426660303
	3426660304
	3426660305
	3426660306
	3426660307
	3426660308
	3426660309
	3426660310
	3426660311
	3426660312
	3426660313
	3426660314
	3426660315
	3426660316
	3426660317
	3426660318
	3426660319
	3426660320
	3426660321
	3426660322
	3426660323
	3426660324
	3426660325
	3426660326
	3426660327
	3426660328
	3426660329
	3426660330
	3426660331
	3426660332
	3426660333
	3426660334
	3426660335
	3426660336
	3426660337
	3426660338
	3426660339
	3426660340
	3426660341
	3426660342
	3426660343
	3426660344
	3426660345
	3426660346
	3426660347
	3426660348
	3426660349
	3426660350
	3426660351
	3426660352
	3426660353
	3426660354
	3426660355
	3426660356
	3426660357
	3426660358
	3426660359
	3426660360
	3426660361
	3426660362
	3426660363
	3426660364
	3426660365
	3426660366
	3426660367
	3426660368
	3426660369
	3426660370
	3426660371
	3426660372
	3426660373
	3426660374
	3426660375
	3426660376
	3426660377
	3426660378
	3426660379
	3426660380
	3426660381
	3426660382
	3426660383
	3426660384
	3426660385
	3426660386
	3426660387
	3426660388
	3426660389
	3426660390
	3426660391
	3426660392
	3426660393
	3426660394
	3426660395
	3426660396
	3426660397
	3426660398
	3426660399
	3426660400
	3426660401
	3426660402
	3426660403
	3426660404
	3426660405
	3426660406
	3426660407
	3426660408
	3426660409
	3426660410
	3426660411
	3426660412
	3426660413
	3426660414
	3426660415
	3426660416
	3426660417
	3426660418
	3426660419
	3426660420
	3426660421
	3426660422
	3426660423
	3426660424
	3426660425
	3426660426
	3426660427
	3426660428
	3426660429
	3426660430
	3426660431
	3426660432
	3426660433
	3426660434
	3426660435
	3426660436
	3426660437
	3426660438
	3426660439
	3426660440
	3426660441
	3426660442
	3426660443
	3426660444
	3426660445
	3426660446
	3426660447
	3426660448
	3426660449
	3426660450
	3426660451
	3426660452
	3426660453
	3426660454
	3426660455
	3426660456
	3426660457
	3426660458
	3426660459
	3426660460
	3426660461
	3426660462
	3426660463
	3426660464
	3426660465
	3426660466
	3426660467
	3426660468
	3426660469
	3426660470
	3426660471
	3426660472
	3426660473
	3426660474
	3426660475
	3426660476
	3426660477
	3426660478
	3426660479
	3426660480
	3426660481
	3426660482
	3426660483
	3426660484
	3426660485
	3426660486
	3426660487
	3426660488
	3426660489
	3426660490
	3426660491
	3426660492
	3426660493
	3426660494
	3426660495
	3426660496
	3426660497
	3426660498
	3426660499
	3426660500
	3426660501
	3426660502
	3426660503
	3426660504
	3426660505
	3426660506
	3426660507
	3426660508
	3426660509
	3426660510
	3426660511
	3426660512
	3426660513
	3426660514
	3426660515
	3426660516
	3426660517
	3426660518
	3426660519
	3426660520
	3426660521
	3426660522
	3426660523
	3426660524
	3426660525
	3426660526
	3426660527
	3426660528
	3426660529
	3426660530
	3426660531
	3426660532
	3426660533
	3426660534
	3426660535
	3426660536
	3426660537
	3426660538
	3426660539
	3426660540
	3426660541
	3426660542
	3426660543
	3426660544
	3426660545
	3426660546
	3426660547
	3426660548
	3426660549
	3426660550
	3426660551
	3426660552
	3426660553
	3426660554
	3426660555
	3426660556
	3426660557
	3426660558
	3426660559
	3426660560
	3426660561
	3426660562
	3426660563
	3426660564
	3426660565
	3426660566
	3426660567
	3426660568
	3426660569
	3426660570
	3426660571
	3426660572
	3426660573
	3426660574
	3426660575
	3426660576
	3426660577
	3426660578
	3426660579
	3426660580
	3426660581
	3426660582
	3426660583
	3426660584
	3426660585
	3426660586
	3426660587
	3426660588
	3426660589
	3426660590
	3426660591
	3426660592
	3426660593
	3426660594
	3426660595
	3426660596
	3426660597
	3426660598
	3426660599
	3426660600
	3426660601
	3426660602
	3426660603
	3426660604
	3426660605
	3426660606
	3426660607
	3426660608
	3426660609
	3426660610
	3426660611
	3426660612
	3426660613
	3426660614
	3426660615
	3426660616
	3426660617
	3426660618
	3426660619
	3426660620
	3426660621
	3426660622
	3426660623
	3426660624
	3426660625
	3426660626
	3426660627
	3426660628
	3426660629
	3426660630
	3426660631
	3426660632
	3426660633
	3426660634
	3426660635
	3426660636
	3426660637
	3426660638
	3426660639
	3426660640
	3426660641
	3426660642
	3426660643
	3426660644
	3426660645
	3426660646
	3426660647
	3426660648
	3426660649
	3426660650
	3426660651
	3426660652
	3426660653
	3426660654
	3426660655
	3426660656
	3426660657
	3426660658
	3426660659
	3426660660
	3426660661
	3426660662
	3426660663
	3426660664
	3426660665
	3426660666
	3426660667
	3426660668
	3426660669
	3426660670
	3426660671
	3426660672
	3426660673
	3426660674
	3426660675
	3426660676
	3426660677
	3426660678
	3426660679
	3426660680
	3426660681
	3426660682
	3426660683
	3426660684
	3426660685
	3426660686
	3426660687
	3426660688
	3426660689
	3426660690
	3426660691
	3426660692
	3426660693
	3426660694
	3426660695
	3426660696
	3426660697
	3426660698
	3426660699
	3426660700
	3426660701
	3426660702
	3426660703
	3426660704
	3426660705
	3426660706
	3426660707
	3426660708
	3426660709
	3426660710
	3426660711
	3426660712
	3426660713
	3426660714
	3426660715
	3426660716
	3426660717
	3426660718
	3426660719
	3426660720
	3426660721
	3426660722
	3426660723
	3426660724
	3426660725
	3426660726
	3426660727
	3426660728
	3426660729
	3426660730
	3426660731
	3426660732
	3426660733
	3426660734
	3426660735
	3426660736
	3426660737
	3426660738
	3426660739
	3426660740
	3426660741
	3426660742
	3426660743
	3426660744
	3426660745
	3426660746
	3426660747
	3426660748
	3426660749
	3426660750
	3426660751
	3426660752
	3426660753
	3426660754
	3426660755
	3426660756
	3426660757
	3426660758
	3426660759
	3426660760
	3426660761
	3426660762
	3426660763
	3426660764
	3426660765
	3426660766
	3426660767
	3426660768
	3426660769
	3426660770
	3426660771
	3426660772
	3426660773
	3426660774
	3426660775
	3426660776
	3426660777
	3426660778
	3426660779
	3426660780
	3426660781
	3426660782
	3426660783
	3426660784
	3426660785
	3426660786
	3426660787
	3426660788
	3426660789
	3426660790
	3426660791
	3426660792
	3426660793
	3426660794
	3426660795
	3426660796
	3426660797
	3426660798
	3426660799
	3426660800
	3426660801
	3426660802
	3426660803
	3426660804
	3426660805
	3426660806
	3426660807
	3426660808
	3426660809
	3426660810
	3426660811
	3426660812
	3426660813
	3426660814
	3426660815
	3426660816
	3426660817
	3426660818
	3426660819
	3426660820
	3426660821
	3426660822
	3426660823
	3426660824
	3426660825
	3426660826
	3426660827
	3426660828
	3426660829
	3426660830
	3426660831
	3426660832
	3426660833
	3426660834
	3426660835
	3426660836
	3426660837
	3426660838
	3426660839
	3426660840
	3426660841
	3426660842
	3426660843
	3426660844
	3426660845
	3426660846
	3426660847
	3426660848
	3426660849
	3426660850
	3426660851
	3426660852
	3426660853
	3426660854
	3426660855
	3426660856
	3426660857
	3426660858
	3426660859
	3426660860
	3426660861
	3426660862
	3426660863
	3426660864
	3426660865
	3426660866
	3426660867
	3426660868
	3426660869
	3426660870
	3426660871
	3426660872
	3426660873
	3426660874
	3426660875
	3426660876
	3426660877
	3426660878
	3426660879
	3426660880
	3426660881
	3426660882
	3426660883
	3426660884
	3426660885
	3426660886
	3426660887
	3426660888
	3426660889
	3426660890
	3426660891
	3426660892
	3426660893
	3426660894
	3426660895
	3426660896
	3426660897
	3426660898
	3426660899
	3426660900
	3426660901
	3426660902
	3426660903
	3426660904
	3426660905
	3426660906
	3426660907
	3426660908
	3426660909
	3426660910
	3426660911
	3426660912
	3426660913
	3426660914
	3426660915
	3426660916
	3426660917
	3426660918
	3426660919
	3426660920
	3426660921
	3426660922
	3426660923
	3426660924
	3426660925
	3426660926
	3426660927
	3426660928
	3426660929
	3426660930
	3426660931
	3426660932
	3426660933
	3426660934
	3426660935
	3426660936
	3426660937
	3426660938
	3426660939
	3426660940
	3426660941
	3426660942
	3426660943
	3426660944
	3426660945
	3426660946
	3426660947
	3426660948
	3426660949
	3426660950
	3426660951
	3426660952
	3426660953
	3426660954
	3426660955
	3426660956
	3426660957
	3426660958
	3426660959
	3426660960
	3426660961
	3426660962
	3426660963
	3426660964
	3426660965
	3426660966
	3426660967
	3426660968
	3426660969
	3426660970
	3426660971
	3426660972
	3426660973
	3426660974
	3426660975
	3426660976
	3426660977
	3426660978
	3426660979
	3426660980
	3426660981
	3426660982
	3426660983
	3426660984
	3426660985
	3426660986
	3426660987
	3426660988
	3426660989
	3426660990
	3426660991
	3426660992
	3426660993
	3426660994
	3426660995
	3426660996
	3426660997
	3426660998
	3426660999
	3426661000
	3426661001
	3426661002
	3426661003
	3426661004
	3426661005
	3426661006
	3426661007
	3426661008
	3426661009
	3426661010
	3426661011
	3426661012
	3426661013
	3426661014
	3426661015
	3426661016
	3426661017
	3426661018
	3426661019
	3426661020
	3426661021
	3426661022
	3426661023
	3426661024
	3426661025
	3426661026
	3426661027
	3426661028
	3426661029
	3426661030
	3426661031
	3426661032
	3426661033
	3426661034
	3426661035
	3426661036
	3426661037
	3426661038
	3426661039
	3426661040
	3426661041
	3426661042
	3426661043
	3426661044
	3426661045
	3426661046
	3426661047
	3426661048
	3426661049
	3426661050
	3426661051
	3426661052
	3426661053
	3426661054
	3426661055
	3426661056
	3426661057
	3426661058
	3426661059
	3426661060
	3426661061
	3426661062
	3426661063
	3426661064
	3426661065
	3426661066
	3426661067
	3426661068
	3426661069
	3426661070
	3426661071
	3426661072
	3426661073
	3426661074
	3426661075
	3426661076
	3426661077
	3426661078
	3426661079
	3426661080
	3426661081
	3426661082
	3426661083
	3426661084
	3426661085
	3426661086
	3426661087
	3426661088
	3426661089
	3426661090
	3426661091
	3426661092
	3426661093
	3426661094
	3426661095
	3426661096
	3426661097
	3426661098
	3426661099
	3426661100
	3426661101
	3426661102
	3426661103
	3426661104
	3426661105
	3426661106
	3426661107
	3426661108
	3426661109
	3426661110
	3426661111
	3426661112
	3426661113
	3426661114
	3426661115
	3426661116
	3426661117
	3426661118
	3426661119
	3426661120
	3426661121
	3426661122
	3426661123
	3426661124
	3426661125
	3426661126
	3426661127
	3426661128
	3426661129
	3426661130
	3426661131
	3426661132
	3426661133
	3426661134
	3426661135
	3426661136
	3426661137
	3426661138
	3426661139
	3426661140
	3426661141
	3426661142
	3426661143
	3426661144
	3426661145
	3426661146
	3426661147
	3426661148
	3426661149
	3426661150
	3426661151
	3426661152
	3426661153
	3426661154
	3426661155
	3426661156
	3426661157
	3426661158
	3426661159
	3426661160
	3426661161
	3426661162
	3426661163
	3426661164
	3426661165
	3426661166
	3426661167
	3426661168
	3426661169
	3426661170
	3426661171
	3426661172
	3426661173
	3426661174
	3426661175
	3426661176
	3426661177
	3426661178
	3426661179
	3426661180
	3426661181
	3426661182
	3426661183
	3426661184
	3426661185
	3426661186
	3426661187
	3426661188
	3426661189
	3426661190
	3426661191
	3426661192
	3426661193
	3426661194
	3426661195
	3426661196
	3426661197
	3426661198
	3426661199
	3426661200
	3426661201
	3426661202
	3426661203
	3426661204
	3426661205
	3426661206
	3426661207
	3426661208
	3426661209
	3426661210
	3426661211
	3426661212
	3426661213
	3426661214
	3426661215
	3426661216
	3426661217
	3426661218
	3426661219
	3426661220
	3426661221
	3426661222
	3426661223
	3426661224
	3426661225
	3426661226
	3426661227
	3426661228
	3426661229
	3426661230
	3426661231
	3426661232
	3426661233
	3426661234
	3426661235
	3426661236
	3426661237
	3426661238
	3426661239
	3426661240
	3426661241
	3426661242
	3426661243
	3426661244
	3426661245
	3426661246
	3426661247
	3426661248
	3426661249
	3426661250
	3426661251
	3426661252
	3426661253
	3426661254
	3426661255
	3426661256
	3426661257
	3426661258
	3426661259
	3426661260
	3426661261
	3426661262
	3426661263
	3426661264
	3426661265
	3426661266
	3426661267
	3426661268
	3426661269
	3426661270
	3426661271
	3426661272
	3426661273
	3426661274
	3426661275
	3426661276
	3426661277
	3426661278
	3426661279
	3426661280
	3426661281
	3426661282
	3426661283
	3426661284
	3426661285
	3426661286
	3426661287
	3426661288
	3426661289
	3426661290
	3426661291
	3426661292
	3426661293
	3426661294
	3426661295
	3426661296
	3426661297
	3426661298
	3426661299
	3426661300
	3426661301
	3426661302
	3426661303
	3426661304
	3426661305
	3426661306
	3426661307
	3426661308
	3426661309
	3426661310
	3426661311
	3426661312
	3426661313
	3426661314
	3426661315
	3426661316
	3426661317
	3426661318
	3426661319
	3426661320
	3426661321
	3426661322
	3426661323
	3426661324
	3426661325
	3426661326
	3426661327
	3426661328
	3426661329
	3426661330
	3426661331
	3426661332
	3426661333
	3426661334
	3426661335
	3426661336
	3426661337
	3426661338
	3426661339
	3426661340
	3426661341
	3426661342
	3426661343
	3426661344
	3426661345
	3426661346
	3426661347
	3426661348
	3426661349
	3426661350
	3426661351
	3426661352
	3426661353
	3426661354
	3426661355
	3426661356
	3426661357
	3426661358
	3426661359
	3426661360
	3426661361
	3426661362
	3426661363
	3426661364
	3426661365
	3426661366
	3426661367
	3426661368
	3426661369
	3426661370
	3426661371
	3426661372
	3426661373
	3426661374
	3426661375
	3426661376
	3426661377
	3426661378
	3426661379
	3426661380
	3426661381
	3426661382
	3426661383
	3426661384
	3426661385
	3426661386
	3426661387
	3426661388
	3426661389
	3426661390
	3426661391
	3426661392
	3426661393
	3426661394
	3426661395
	3426661396
	3426661397
	3426661398
	3426661399
	3426661400
	3426661401
	3426661402
	3426661403
	3426661404
	3426661405
	3426661406
	3426661407
	3426661408
	3426661409
	3426661410
	3426661411
	3426661412
	3426661413
	3426661414
	3426661415
	3426661416
	3426661417
	3426661418
	3426661419
	3426661420
	3426661421
	3426661422
	3426661423
	3426661424
	3426661425
	3426661426
	3426661427
	3426661428
	3426661429
	3426661430
	3426661431
	3426661432
	3426661433
	3426661434
	3426661435
	3426661436
	3426661437
	3426661438
	3426661439
	3426661440
	3426661441
	3426661442
	3426661443
	3426661444
	3426661445
	3426661446
	3426661447
	3426661448
	3426661449
	3426661450
	3426661451
	3426661452
	3426661453
	3426661454
	3426661455
	3426661456
	3426661457
	3426661458
	3426661459
	3426661460
	3426661461
	3426661462
	3426661463
	3426661464
	3426661465
	3426661466
	3426661467
	3426661468
	3426661469
	3426661470
	3426661471
	3426661472
	3426661473
	3426661474
	3426661475
	3426661476
	3426661477
	3426661478
	3426661479
	3426661480
	3426661481
	3426661482
	3426661483
	3426661484
	3426661485
	3426661486
	3426661487
	3426661488
	3426661489
	3426661490
	3426661491
	3426661492
	3426661493
	3426661494
	3426661495
	3426661496
	3426661497
	3426661498
	3426661499
	3426661500
	3426661501
	3426661502
	3426661503
	3426661504
	3426661505
	3426661506
	3426661507
	3426661508
	3426661509
	3426661510
	3426661511
	3426661512
	3426661513
	3426661514
	3426661515
	3426661516
	3426661517
	3426661518
	3426661519
	3426661520
	3426661521
	3426661522
	3426661523
	3426661524
	3426661525
	3426661526
	3426661527
	3426661528
	3426661529
	3426661530
	3426661531
	3426661532
	3426661533
	3426661534
	3426661535
	3426661536
	3426661537
	3426661538
	3426661539
	3426661540
	3426661541
	3426661542
	3426661543
	3426661544
	3426661545
	3426661546
	3426661547
	3426661548
	3426661549
	3426661550
	3426661551
	3426661552
	3426661553
	3426661554
	3426661555
	3426661556
	3426661557
	3426661558
	3426661559
	3426661560
	3426661561
	3426661562
	3426661563
	3426661564
	3426661565
	3426661566
	3426661567
	3426661568
	3426661569
	3426661570
	3426661571
	3426661572
	3426661573
	3426661574
	3426661575
	3426661576
	3426661577
	3426661578
	3426661579
	3426661580
	3426661581
	3426661582
	3426661583
	3426661584
	3426661585
	3426661586
	3426661587
	3426661588
	3426661589
	3426661590
	3426661591
	3426661592
	3426661593
	3426661594
	3426661595
	3426661596
	3426661597
	3426661598
	3426661599
	3426661600
	3426661601
	3426661602
	3426661603
	3426661604
	3426661605
	3426661606
	3426661607
	3426661608
	3426661609
	3426661610
	3426661611
	3426661612
	3426661613
	3426661614
	3426661615
	3426661616
	3426661617
	3426661618
	3426661619
	3426661620
	3426661621
	3426661622
	3426661623
	3426661624
	3426661625
	3426661626
	3426661627
	3426661628
	3426661629
	3426661630
	3426661631
	3426661632
	3426661633
	3426661634
	3426661635
	3426661636
	3426661637
	3426661638
	3426661639
	3426661640
	3426661641
	3426661642
	3426661643
	3426661644
	3426661645
	3426661646
	3426661647
	3426661648
	3426661649
	3426661650
	3426661651
	3426661652
	3426661653
	3426661654
	3426661655
	3426661656
	3426661657
	3426661658
	3426661659
	3426661660
	3426661661
	3426661662
	3426661663
	3426661664
	3426661665
	3426661666
	3426661667
	3426661668
	3426661669
	3426661670
	3426661671
	3426661672
	3426661673
	3426661674
	3426661675
	3426661676
	3426661677
	3426661678
	3426661679
	3426661680
	3426661681
	3426661682
	3426661683
	3426661684
	3426661685
	3426661686
	3426661687
	3426661688
	3426661689
	3426661690
	3426661691
	3426661692
	3426661693
	3426661694
	3426661695
	3426661696
	3426661697
	3426661698
	3426661699
	3426661700
	3426661701
	3426661702
	3426661703
	3426661704
	3426661705
	3426661706
	3426661707
	3426661708
	3426661709
	3426661710
	3426661711
	3426661712
	3426661713
	3426661714
	3426661715
	3426661716
	3426661717
	3426661718
	3426661719
	3426661720
	3426661721
	3426661722
	3426661723
	3426661724
	3426661725
	3426661726
	3426661727
	3426661728
	3426661729
	3426661730
	3426661731
	3426661732
	3426661733
	3426661734
	3426661735
	3426661736
	3426661737
	3426661738
	3426661739
	3426661740
	3426661741
	3426661742
	3426661743
	3426661744
	3426661745
	3426661746
	3426661747
	3426661748
	3426661749
	3426661750
	3426661751
	3426661752
	3426661753
	3426661754
	3426661755
	3426661756
	3426661757
	3426661758
	3426661759
	3426661760
	3426661761
	3426661762
	3426661763
	3426661764
	3426661765
	3426661766
	3426661767
	3426661768
	3426661769
	3426661770
	3426661771
	3426661772
	3426661773
	3426661774
	3426661775
	3426661776
	3426661777
	3426661778
	3426661779
	3426661780
	3426661781
	3426661782
	3426661783
	3426661784
	3426661785
	3426661786
	3426661787
	3426661788
	3426661789
	3426661790
	3426661791
	3426661792
	3426661793
	3426661794
	3426661795
	3426661796
	3426661797
	3426661798
	3426661799
	3426661800
	3426661801
	3426661802
	3426661803
	3426661804
	3426661805
	3426661806
	3426661807
	3426661808
	3426661809
	3426661810
	3426661811
	3426661812
	3426661813
	3426661814
	3426661815
	3426661816
	3426661817
	3426661818
	3426661819
	3426661820
	3426661821
	3426661822
	3426661823
	3426661824
	3426661825
	3426661826
	3426661827
	3426661828
	3426661829
	3426661830
	3426661831
	3426661832
	3426661833
	3426661834
	3426661835
	3426661836
	3426661837
	3426661838
	3426661839
	3426661840
	3426661841
	3426661842
	3426661843
	3426661844
	3426661845
	3426661846
	3426661847
	3426661848
	3426661849
	3426661850
	3426661851
	3426661852
	3426661853
	3426661854
	3426661855
	3426661856
	3426661857
	3426661858
	3426661859
	3426661860
	3426661861
	3426661862
	3426661863
	3426661864
	3426661865
	3426661866
	3426661867
	3426661868
	3426661869
	3426661870
	3426661871
	3426661872
	3426661873
	3426661874
	3426661875
	3426661876
	3426661877
	3426661878
	3426661879
	3426661880
	3426661881
	3426661882
	3426661883
	3426661884
	3426661885
	3426661886
	3426661887
	3426661888
	3426661889
	3426661890
	3426661891
	3426661892
	3426661893
	3426661894
	3426661895
	3426661896
	3426661897
	3426661898
	3426661899
	3426661900
	3426661901
	3426661902
	3426661903
	3426661904
	3426661905
	3426661906
	3426661907
	3426661908
	3426661909
	3426661910
	3426661911
	3426661912
	3426661913
	3426661914
	3426661915
	3426661916
	3426661917
	3426661918
	3426661919
	3426661920
	3426661921
	3426661922
	3426661923
	3426661924
	3426661925
	3426661926
	3426661927
	3426661928
	3426661929
	3426661930
	3426661931
	3426661932
	3426661933
	3426661934
	3426661935
	3426661936
	3426661937
	3426661938
	3426661939
	3426661940
	3426661941
	3426661942
	3426661943
	3426661944
	3426661945
	3426661946
	3426661947
	3426661948
	3426661949
	3426661950
	3426661951
	3426661952
	3426661953
	3426661954
	3426661955
	3426661956
	3426661957
	3426661958
	3426661959
	3426661960
	3426661961
	3426661962
	3426661963
	3426661964
	3426661965
	3426661966
	3426661967
	3426661968
	3426661969
	3426661970
	3426661971
	3426661972
	3426661973
	3426661974
	3426661975
	3426661976
	3426661977
	3426661978
	3426661979
	3426661980
	3426661981
	3426661982
	3426661983
	3426661984
	3426661985
	3426661986
	3426661987
	3426661988
	3426661989
	3426661990
	3426661991
	3426661992
	3426661993
	3426661994
	3426661995
	3426661996
	3426661997
	3426661998
	3426661999
	3426662000
	3426662001
	3426662002
	3426662003
	3426662004
	3426662005
	3426662006
	3426662007
	3426662008
	3426662009
	3426662010
	3426662011
	3426662012
	3426662013
	3426662014
	3426662015
	3426662016
	3426662017
	3426662018
	3426662019
	3426662020
	3426662021
	3426662022
	3426662023
	3426662024
	3426662025
	3426662026
	3426662027
	3426662028
	3426662029
	3426662030
	3426662031
	3426662032
	3426662033
	3426662034
	3426662035
	3426662036
	3426662037
	3426662038
	3426662039
	3426662040
	3426662041
	3426662042
	3426662043
	3426662044
	3426662045
	3426662046
	3426662047
	3426662048
	3426662049
	3426662050
	3426662051
	3426662052
	3426662053
	3426662054
	3426662055
	3426662056
	3426662057
	3426662058
	3426662059
	3426662060
	3426662061
	3426662062
	3426662063
	3426662064
	3426662065
	3426662066
	3426662067
	3426662068
	3426662069
	3426662070
	3426662071
	3426662072
	3426662073
	3426662074
	3426662075
	3426662076
	3426662077
	3426662078
	3426662079
	3426662080
	3426662081
	3426662082
	3426662083
	3426662084
	3426662085
	3426662086
	3426662087
	3426662088
	3426662089
	3426662090
	3426662091
	3426662092
	3426662093
	3426662094
	3426662095
	3426662096
	3426662097
	3426662098
	3426662099
	3426662100
	3426662101
	3426662102
	3426662103
	3426662104
	3426662105
	3426662106
	3426662107
	3426662108
	3426662109
	3426662110
	3426662111
	3426662112
	3426662113
	3426662114
	3426662115
	3426662116
	3426662117
	3426662118
	3426662119
	3426662120
	3426662121
	3426662122
	3426662123
	3426662124
	3426662125
	3426662126
	3426662127
	3426662128
	3426662129
	3426662130
	3426662131
	3426662132
	3426662133
	3426662134
	3426662135
	3426662136
	3426662137
	3426662138
	3426662139
	3426662140
	3426662141
	3426662142
	3426662143
	3426662144
	3426662145
	3426662146
	3426662147
	3426662148
	3426662149
	3426662150
	3426662151
	3426662152
	3426662153
	3426662154
	3426662155
	3426662156
	3426662157
	3426662158
	3426662159
	3426662160
	3426662161
	3426662162
	3426662163
	3426662164
	3426662165
	3426662166
	3426662167
	3426662168
	3426662169
	3426662170
	3426662171
	3426662172
	3426662173
	3426662174
	3426662175
	3426662176
	3426662177
	3426662178
	3426662179
	3426662180
	3426662181
	3426662182
	3426662183
	3426662184
	3426662185
	3426662186
	3426662187
	3426662188
	3426662189
	3426662190
	3426662191
	3426662192
	3426662193
	3426662194
	3426662195
	3426662196
	3426662197
	3426662198
	3426662199
	3426662200
	3426662201
	3426662202
	3426662203
	3426662204
	3426662205
	3426662206
	3426662207
	3426662208
	3426662209
	3426662210
	3426662211
	3426662212
	3426662213
	3426662214
	3426662215
	3426662216
	3426662217
	3426662218
	3426662219
	3426662220
	3426662221
	3426662222
	3426662223
	3426662224
	3426662225
	3426662226
	3426662227
	3426662228
	3426662229
	3426662230
	3426662231
	3426662232
	3426662233
	3426662234
	3426662235
	3426662236
	3426662237
	3426662238
	3426662239
	3426662240
	3426662241
	3426662242
	3426662243
	3426662244
	3426662245
	3426662246
	3426662247
	3426662248
	3426662249
	3426662250
	3426662251
	3426662252
	3426662253
	3426662254
	3426662255
	3426662256
	3426662257
	3426662258
	3426662259
	3426662260
	3426662261
	3426662262
	3426662263
	3426662264
	3426662265
	3426662266
	3426662267
	3426662268
	3426662269
	3426662270
	3426662271
	3426662272
	3426662273
	3426662274
	3426662275
	3426662276
	3426662277
	3426662278
	3426662279
	3426662280
	3426662281
	3426662282
	3426662283
	3426662284
	3426662285
	3426662286
	3426662287
	3426662288
	3426662289
	3426662290
	3426662291
	3426662292
	3426662293
	3426662294
	3426662295
	3426662296
	3426662297
	3426662298
	3426662299
	3426662300
	3426662301
	3426662302
	3426662303
	3426662304
	3426662305
	3426662306
	3426662307
	3426662308
	3426662309
	3426662310
	3426662311
	3426662312
	3426662313
	3426662314
	3426662315
	3426662316
	3426662317
	3426662318
	3426662319
	3426662320
	3426662321
	3426662322
	3426662323
	3426662324
	3426662325
	3426662326
	3426662327
	3426662328
	3426662329
	3426662330
	3426662331
	3426662332
	3426662333
	3426662334
	3426662335
	3426662336
	3426662337
	3426662338
	3426662339
	3426662340
	3426662341
	3426662342
	3426662343
	3426662344
	3426662345
	3426662346
	3426662347
	3426662348
	3426662349
	3426662350
	3426662351
	3426662352
	3426662353
	3426662354
	3426662355
	3426662356
	3426662357
	3426662358
	3426662359
	3426662360
	3426662361
	3426662362
	3426662363
	3426662364
	3426662365
	3426662366
	3426662367
	3426662368
	3426662369
	3426662370
	3426662371
	3426662372
	3426662373
	3426662374
	3426662375
	3426662376
	3426662377
	3426662378
	3426662379
	3426662380
	3426662381
	3426662382
	3426662383
	3426662384
	3426662385
	3426662386
	3426662387
	3426662388
	3426662389
	3426662390
	3426662391
	3426662392
	3426662393
	3426662394
	3426662395
	3426662396
	3426662397
	3426662398
	3426662399
	3426662400
	3426662401
	3426662402
	3426662403
	3426662404
	3426662405
	3426662406
	3426662407
	3426662408
	3426662409
	3426662410
	3426662411
	3426662412
	3426662413
	3426662414
	3426662415
	3426662416
	3426662417
	3426662418
	3426662419
	3426662420
	3426662421
	3426662422
	3426662423
	3426662424
	3426662425
	3426662426
	3426662427
	3426662428
	3426662429
	3426662430
	3426662431
	3426662432
	3426662433
	3426662434
	3426662435
	3426662436
	3426662437
	3426662438
	3426662439
	3426662440
	3426662441
	3426662442
	3426662443
	3426662444
	3426662445
	3426662446
	3426662447
	3426662448
	3426662449
	3426662450
	3426662451
	3426662452
	3426662453
	3426662454
	3426662455
	3426662456
	3426662457
	3426662458
	3426662459
	3426662460
	3426662461
	3426662462
	3426662463
	3426662464
	3426662465
	3426662466
	3426662467
	3426662468
	3426662469
	3426662470
	3426662471
	3426662472
	3426662473
	3426662474
	3426662475
	3426662476
	3426662477
	3426662478
	3426662479
	3426662480
	3426662481
	3426662482
	3426662483
	3426662484
	3426662485
	3426662486
	3426662487
	3426662488
	3426662489
	3426662490
	3426662491
	3426662492
	3426662493
	3426662494
	3426662495
	3426662496
	3426662497
	3426662498
	3426662499
	3426662500
	3426662501
	3426662502
	3426662503
	3426662504
	3426662505
	3426662506
	3426662507
	3426662508
	3426662509
	3426662510
	3426662511
	3426662512
	3426662513
	3426662514
	3426662515
	3426662516
	3426662517
	3426662518
	3426662519
	3426662520
	3426662521
	3426662522
	3426662523
	3426662524
	3426662525
	3426662526
	3426662527
	3426662528
	3426662529
	3426662530
	3426662531
	3426662532
	3426662533
	3426662534
	3426662535
	3426662536
	3426662537
	3426662538
	3426662539
	3426662540
	3426662541
	3426662542
	3426662543
	3426662544
	3426662545
	3426662546
	3426662547
	3426662548
	3426662549
	3426662550
	3426662551
	3426662552
	3426662553
	3426662554
	3426662555
	3426662556
	3426662557
	3426662558
	3426662559
	3426662560
	3426662561
	3426662562
	3426662563
	3426662564
	3426662565
	3426662566
	3426662567
	3426662568
	3426662569
	3426662570
	3426662571
	3426662572
	3426662573
	3426662574
	3426662575
	3426662576
	3426662577
	3426662578
	3426662579
	3426662580
	3426662581
	3426662582
	3426662583
	3426662584
	3426662585
	3426662586
	3426662587
	3426662588
	3426662589
	3426662590
	3426662591
	3426662592
	3426662593
	3426662594
	3426662595
	3426662596
	3426662597
	3426662598
	3426662599
	3426662600
	3426662601
	3426662602
	3426662603
	3426662604
	3426662605
	3426662606
	3426662607
	3426662608
	3426662609
	3426662610
	3426662611
	3426662612
	3426662613
	3426662614
	3426662615
	3426662616
	3426662617
	3426662618
	3426662619
	3426662620
	3426662621
	3426662622
	3426662623
	3426662624
	3426662625
	3426662626
	3426662627
	3426662628
	3426662629
	3426662630
	3426662631
	3426662632
	3426662633
	3426662634
	3426662635
	3426662636
	3426662637
	3426662638
	3426662639
	3426662640
	3426662641
	3426662642
	3426662643
	3426662644
	3426662645
	3426662646
	3426662647
	3426662648
	3426662649
	3426662650
	3426662651
	3426662652
	3426662653
	3426662654
	3426662655
	3426662656
	3426662657
	3426662658
	3426662659
	3426662660
	3426662661
	3426662662
	3426662663
	3426662664
	3426662665
	3426662666
	3426662667
	3426662668
	3426662669
	3426662670
	3426662671
	3426662672
	3426662673
	3426662674
	3426662675
	3426662676
	3426662677
	3426662678
	3426662679
	3426662680
	3426662681
	3426662682
	3426662683
	3426662684
	3426662685
	3426662686
	3426662687
	3426662688
	3426662689
	3426662690
	3426662691
	3426662692
	3426662693
	3426662694
	3426662695
	3426662696
	3426662697
	3426662698
	3426662699
	3426662700
	3426662701
	3426662702
	3426662703
	3426662704
	3426662705
	3426662706
	3426662707
	3426662708
	3426662709
	3426662710
	3426662711
	3426662712
	3426662713
	3426662714
	3426662715
	3426662716
	3426662717
	3426662718
	3426662719
	3426662720
	3426662721
	3426662722
	3426662723
	3426662724
	3426662725
	3426662726
	3426662727
	3426662728
	3426662729
	3426662730
	3426662731
	3426662732
	3426662733
	3426662734
	3426662735
	3426662736
	3426662737
	3426662738
	3426662739
	3426662740
	3426662741
	3426662742
	3426662743
	3426662744
	3426662745
	3426662746
	3426662747
	3426662748
	3426662749
	3426662750
	3426662751
	3426662752
	3426662753
	3426662754
	3426662755
	3426662756
	3426662757
	3426662758
	3426662759
	3426662760
	3426662761
	3426662762
	3426662763
	3426662764
	3426662765
	3426662766
	3426662767
	3426662768
	3426662769
	3426662770
	3426662771
	3426662772
	3426662773
	3426662774
	3426662775
	3426662776
	3426662777
	3426662778
	3426662779
	3426662780
	3426662781
	3426662782
	3426662783
	3426662784
	3426662785
	3426662786
	3426662787
	3426662788
	3426662789
	3426662790
	3426662791
	3426662792
	3426662793
	3426662794
	3426662795
	3426662796
	3426662797
	3426662798
	3426662799
	3426662800
	3426662801
	3426662802
	3426662803
	3426662804
	3426662805
	3426662806
	3426662807
	3426662808
	3426662809
	3426662810
	3426662811
	3426662812
	3426662813
	3426662814
	3426662815
	3426662816
	3426662817
	3426662818
	3426662819
	3426662820
	3426662821
	3426662822
	3426662823
	3426662824
	3426662825
	3426662826
	3426662827
	3426662828
	3426662829
	3426662830
	3426662831
	3426662832
	3426662833
	3426662834
	3426662835
	3426662836
	3426662837
	3426662838
	3426662839
	3426662840
	3426662841
	3426662842
	3426662843
	3426662844
	3426662845
	3426662846
	3426662847
	3426662848
	3426662849
	3426662850
	3426662851
	3426662852
	3426662853
	3426662854
	3426662855
	3426662856
	3426662857
	3426662858
	3426662859
	3426662860
	3426662861
	3426662862
	3426662863
	3426662864
	3426662865
	3426662866
	3426662867
	3426662868
	3426662869
	3426662870
	3426662871
	3426662872
	3426662873
	3426662874
	3426662875
	3426662876
	3426662877
	3426662878
	3426662879
	3426662880
	3426662881
	3426662882
	3426662883
	3426662884
	3426662885
	3426662886
	3426662887
	3426662888
	3426662889
	3426662890
	3426662891
	3426662892
	3426662893
	3426662894
	3426662895
	3426662896
	3426662897
	3426662898
	3426662899
	3426662900
	3426662901
	3426662902
	3426662903
	3426662904
	3426662905
	3426662906
	3426662907
	3426662908
	3426662909
	3426662910
	3426662911
	3426662912
	3426662913
	3426662914
	3426662915
	3426662916
	3426662917
	3426662918
	3426662919
	3426662920
	3426662921
	3426662922
	3426662923
	3426662924
	3426662925
	3426662926
	3426662927
	3426662928
	3426662929
	3426662930
	3426662931
	3426662932
	3426662933
	3426662934
	3426662935
	3426662936
	3426662937
	3426662938
	3426662939
	3426662940
	3426662941
	3426662942
	3426662943
	3426662944
	3426662945
	3426662946
	3426662947
	3426662948
	3426662949
	3426662950
	3426662951
	3426662952
	3426662953
	3426662954
	3426662955
	3426662956
	3426662957
	3426662958
	3426662959
	3426662960
	3426662961
	3426662962
	3426662963
	3426662964
	3426662965
	3426662966
	3426662967
	3426662968
	3426662969
	3426662970
	3426662971
	3426662972
	3426662973
	3426662974
	3426662975
	3426662976
	3426662977
	3426662978
	3426662979
	3426662980
	3426662981
	3426662982
	3426662983
	3426662984
	3426662985
	3426662986
	3426662987
	3426662988
	3426662989
	3426662990
	3426662991
	3426662992
	3426662993
	3426662994
	3426662995
	3426662996
	3426662997
	3426662998
	3426662999
	3426663000
	3426663001
	3426663002
	3426663003
	3426663004
	3426663005
	3426663006
	3426663007
	3426663008
	3426663009
	3426663010
	3426663011
	3426663012
	3426663013
	3426663014
	3426663015
	3426663016
	3426663017
	3426663018
	3426663019
	3426663020
	3426663021
	3426663022
	3426663023
	3426663024
	3426663025
	3426663026
	3426663027
	3426663028
	3426663029
	3426663030
	3426663031
	3426663032
	3426663033
	3426663034
	3426663035
	3426663036
	3426663037
	3426663038
	3426663039
	3426663040
	3426663041
	3426663042
	3426663043
	3426663044
	3426663045
	3426663046
	3426663047
	3426663048
	3426663049
	3426663050
	3426663051
	3426663052
	3426663053
	3426663054
	3426663055
	3426663056
	3426663057
	3426663058
	3426663059
	3426663060
	3426663061
	3426663062
	3426663063
	3426663064
	3426663065
	3426663066
	3426663067
	3426663068
	3426663069
	3426663070
	3426663071
	3426663072
	3426663073
	3426663074
	3426663075
	3426663076
	3426663077
	3426663078
	3426663079
	3426663080
	3426663081
	3426663082
	3426663083
	3426663084
	3426663085
	3426663086
	3426663087
	3426663088
	3426663089
	3426663090
	3426663091
	3426663092
	3426663093
	3426663094
	3426663095
	3426663096
	3426663097
	3426663098
	3426663099
	3426663100
	3426663101
	3426663102
	3426663103
	3426663104
	3426663105
	3426663106
	3426663107
	3426663108
	3426663109
	3426663110
	3426663111
	3426663112
	3426663113
	3426663114
	3426663115
	3426663116
	3426663117
	3426663118
	3426663119
	3426663120
	3426663121
	3426663122
	3426663123
	3426663124
	3426663125
	3426663126
	3426663127
	3426663128
	3426663129
	3426663130
	3426663131
	3426663132
	3426663133
	3426663134
	3426663135
	3426663136
	3426663137
	3426663138
	3426663139
	3426663140
	3426663141
	3426663142
	3426663143
	3426663144
	3426663145
	3426663146
	3426663147
	3426663148
	3426663149
	3426663150
	3426663151
	3426663152
	3426663153
	3426663154
	3426663155
	3426663156
	3426663157
	3426663158
	3426663159
	3426663160
	3426663161
	3426663162
	3426663163
	3426663164
	3426663165
	3426663166
	3426663167
	3426663168
	3426663169
	3426663170
	3426663171
	3426663172
	3426663173
	3426663174
	3426663175
	3426663176
	3426663177
	3426663178
	3426663179
	3426663180
	3426663181
	3426663182
	3426663183
	3426663184
	3426663185
	3426663186
	3426663187
	3426663188
	3426663189
	3426663190
	3426663191
	3426663192
	3426663193
	3426663194
	3426663195
	3426663196
	3426663197
	3426663198
	3426663199
	3426663200
	3426663201
	3426663202
	3426663203
	3426663204
	3426663205
	3426663206
	3426663207
	3426663208
	3426663209
	3426663210
	3426663211
	3426663212
	3426663213
	3426663214
	3426663215
	3426663216
	3426663217
	3426663218
	3426663219
	3426663220
	3426663221
	3426663222
	3426663223
	3426663224
	3426663225
	3426663226
	3426663227
	3426663228
	3426663229
	3426663230
	3426663231
	3426663232
	3426663233
	3426663234
	3426663235
	3426663236
	3426663237
	3426663238
	3426663239
	3426663240
	3426663241
	3426663242
	3426663243
	3426663244
	3426663245
	3426663246
	3426663247
	3426663248
	3426663249
	3426663250
	3426663251
	3426663252
	3426663253
	3426663254
	3426663255
	3426663256
	3426663257
	3426663258
	3426663259
	3426663260
	3426663261
	3426663262
	3426663263
	3426663264
	3426663265
	3426663266
	3426663267
	3426663268
	3426663269
	3426663270
	3426663271
	3426663272
	3426663273
	3426663274
	3426663275
	3426663276
	3426663277
	3426663278
	3426663279
	3426663280
	3426663281
	3426663282
	3426663283
	3426663284
	3426663285
	3426663286
	3426663287
	3426663288
	3426663289
	3426663290
	3426663291
	3426663292
	3426663293
	3426663294
	3426663295
	3426663296
	3426663297
	3426663298
	3426663299
	3426663300
	3426663301
	3426663302
	3426663303
	3426663304
	3426663305
	3426663306
	3426663307
	3426663308
	3426663309
	3426663310
	3426663311
	3426663312
	3426663313
	3426663314
	3426663315
	3426663316
	3426663317
	3426663318
	3426663319
	3426663320
	3426663321
	3426663322
	3426663323
	3426663324
	3426663325
	3426663326
	3426663327
	3426663328
	3426663329
	3426663330
	3426663331
	3426663332
	3426663333
	3426663334
	3426663335
	3426663336
	3426663337
	3426663338
	3426663339
	3426663340
	3426663341
	3426663342
	3426663343
	3426663344
	3426663345
	3426663346
	3426663347
	3426663348
	3426663349
	3426663350
	3426663351
	3426663352
	3426663353
	3426663354
	3426663355
	3426663356
	3426663357
	3426663358
	3426663359
	3426663360
	3426663361
	3426663362
	3426663363
	3426663364
	3426663365
	3426663366
	3426663367
	3426663368
	3426663369
	3426663370
	3426663371
	3426663372
	3426663373
	3426663374
	3426663375
	3426663376
	3426663377
	3426663378
	3426663379
	3426663380
	3426663381
	3426663382
	3426663383
	3426663384
	3426663385
	3426663386
	3426663387
	3426663388
	3426663389
	3426663390
	3426663391
	3426663392
	3426663393
	3426663394
	3426663395
	3426663396
	3426663397
	3426663398
	3426663399
	3426663400
	3426663401
	3426663402
	3426663403
	3426663404
	3426663405
	3426663406
	3426663407
	3426663408
	3426663409
	3426663410
	3426663411
	3426663412
	3426663413
	3426663414
	3426663415
	3426663416
	3426663417
	3426663418
	3426663419
	3426663420
	3426663421
	3426663422
	3426663423
	3426663424
	3426663425
	3426663426
	3426663427
	3426663428
	3426663429
	3426663430
	3426663431
	3426663432
	3426663433
	3426663434
	3426663435
	3426663436
	3426663437
	3426663438
	3426663439
	3426663440
	3426663441
	3426663442
	3426663443
	3426663444
	3426663445
	3426663446
	3426663447
	3426663448
	3426663449
	3426663450
	3426663451
	3426663452
	3426663453
	3426663454
	3426663455
	3426663456
	3426663457
	3426663458
	3426663459
	3426663460
	3426663461
	3426663462
	3426663463
	3426663464
	3426663465
	3426663466
	3426663467
	3426663468
	3426663469
	3426663470
	3426663471
	3426663472
	3426663473
	3426663474
	3426663475
	3426663476
	3426663477
	3426663478
	3426663479
	3426663480
	3426663481
	3426663482
	3426663483
	3426663484
	3426663485
	3426663486
	3426663487
	3426663488
	3426663489
	3426663490
	3426663491
	3426663492
	3426663493
	3426663494
	3426663495
	3426663496
	3426663497
	3426663498
	3426663499
	3426663500
	3426663501
	3426663502
	3426663503
	3426663504
	3426663505
	3426663506
	3426663507
	3426663508
	3426663509
	3426663510
	3426663511
	3426663512
	3426663513
	3426663514
	3426663515
	3426663516
	3426663517
	3426663518
	3426663519
	3426663520
	3426663521
	3426663522
	3426663523
	3426663524
	3426663525
	3426663526
	3426663527
	3426663528
	3426663529
	3426663530
	3426663531
	3426663532
	3426663533
	3426663534
	3426663535
	3426663536
	3426663537
	3426663538
	3426663539
	3426663540
	3426663541
	3426663542
	3426663543
	3426663544
	3426663545
	3426663546
	3426663547
	3426663548
	3426663549
	3426663550
	3426663551
	3426663552
	3426663553
	3426663554
	3426663555
	3426663556
	3426663557
	3426663558
	3426663559
	3426663560
	3426663561
	3426663562
	3426663563
	3426663564
	3426663565
	3426663566
	3426663567
	3426663568
	3426663569
	3426663570
	3426663571
	3426663572
	3426663573
	3426663574
	3426663575
	3426663576
	3426663577
	3426663578
